#HEADER
CATT-Acoustic v8.0b    Copyright © CATT 1988-2003

 Project                : Restaurante

 GEOMETRICAL INFORMATION
 Src id and loc     [m] :   H2           3,620        3,600        1,400
 Rec id and loc     [m] :   04           6,110        6,740        1,500

 04       11,6761

 VARIABLE SOURCE DATA
 Directivity
   Type (library)       :  Voz.SD0
   Dir. Index (DI) [dB] :       1,1      2,0      3,0      0,7      2,3      5,1
 Level
   On axis 1m      [dB] :      51,2     57,2     59,8     53,5     48,8     43,8
   Total power     [dB] :      61,1     66,2     67,8     63,8     57,5     49,7
 Aim
   Horizontal angle [°] :      -0,0
   Vertical   angle [°] :       0,0
   Point            [m] :                3,620        2,950        1,400
   Roll angle       [°] :       0,0
   Auxiliary delay [ms] :       0,0

 VARIABLE AIR DATA
 Temperature       [°C] :      20
 Relative humidity  [%] :      70
 Density        [kg/m³] :       1,2
 Sound speed      [m/s] :     343
 Impedance      [Ns/m³] :     412
 Diss. coeff. [0.001/m] :      0,08     0,26     0,64     1,15     2,08     5,31      (estimated)

#DATAFIELDS
 TYPE DELAY ORDER AZIMUTH ELEVATION SPL125 SPL250 SPL500 SPL1K SPL2K SPL4K
#DATA
d	     0,0000	 0	 74,39	 89,50	  37,1	  38,7	  41,9	  35,1	  27,4	  19,8
*	     2,1297	 1	 81,64	 97,72	  15,0	  17,5	  20,6	  12,5	   5,1	  -5,6
*	     5,1112	 1	 79,25	 96,09	  10,5	  12,5	  17,8	   9,9	   9,1	  -2,2
*	     4,5303	 1	 85,53	 96,60	   9,9	  11,9	  17,3	   9,3	   7,7	  -4,1
*	     2,2167	 1	 81,93	 98,17	   6,1	   8,6	  11,6	   3,6	  -4,0	 -14,7
s	     2,5633	 1	 74,00	 53,13	  35,0	  36,6	  37,4	  29,2	  16,7	   0,3
*	    29,3633	 1	147,32	 77,88	  -7,6	  -0,8	   3,5	   1,1	  -5,5	 -13,7
*	    23,5804	 1	159,70	 75,18	  -3,6	   3,3	   6,9	   6,2	  -4,3	 -10,5
*	    20,8016	 1	180,10	 72,31	  -1,1	   5,8	   8,4	   8,3	  -3,5	 -10,2
*	    21,9541	 1	208,49	 71,87	  -1,4	   3,7	   7,0	   6,2	  -5,7	 -13,4
*	    21,6519	 1	131,15	 75,85	  -1,9	   4,8	   8,9	   6,2	   0,9	  -8,6
*	    14,4938	 1	140,06	 70,67	   4,2	  11,0	  14,6	  13,5	   3,7	  -2,7
*	    10,6537	 1	161,85	 61,07	   9,2	  15,6	  18,2	  17,9	   6,1	  -1,0
*	    11,8960	 1	214,49	 55,67	   9,4	  13,4	  17,2	  15,0	   3,3	  -4,6
*	    16,4569	 1	111,38	 74,88	   4,2	  10,8	  14,4	  12,0	   5,6	  -3,5
*	     7,9732	 1	110,60	 68,11	  12,7	  19,2	  22,4	  20,7	  11,9	   5,1
*	     3,6715	 1	107,86	 49,40	  18,8	  23,7	  27,0	  25,9	  13,9	   6,2
*	     5,3355	 1	312,72	 17,20	  19,7	  22,3	  26,1	  22,4	  10,6	   2,0
*	    15,2918	 1	 91,94	 75,58	   7,9	  13,9	  16,3	  15,3	   5,6	  -0,2
*	     6,0656	 1	 82,16	 70,58	  21,3	  26,3	  26,9	  25,4	  17,0	   9,3
*	     3,3222	 1	 59,81	 62,15	  20,8	  23,8	  27,3	  26,2	  11,6	   0,2
*	     6,9072	 1	 12,58	 58,15	  13,4	  17,2	  19,7	  16,7	   2,9	  -7,7
*	     2,7376	 1	 78,56	103,14	  10,8	  12,1	   9,9	   1,7	 -10,0	 -20,7
s	     2,9910	 1	 61,39	 89,38	  34,3	  36,7	  39,0	  31,8	  23,5	   9,9
*	     7,7899	 1	 22,90	 73,39	   5,6	   9,4	  12,8	  11,4	   0,7	  -7,4
*	     6,9778	 1	 23,39	 88,29	   6,6	  10,2	  11,8	  11,5	   0,3	  -5,6
*	     5,8668	 1	 37,92	 73,49	   9,2	  12,2	  16,8	  14,8	   4,7	  -4,2
*	     4,9228	 1	 38,33	 87,88	  10,2	  13,3	  15,7	  14,7	   4,2	  -1,5
*	     4,7311	 1	 51,10	 74,47	  12,9	  16,1	  21,1	  20,3	   9,7	   0,5
*	     3,5602	 1	 51,40	 87,63	  14,3	  16,8	  21,1	  18,3	   9,6	   3,9
*	     4,6045	 1	 61,70	 75,84	  15,7	  20,9	  25,2	  25,4	  16,2	   9,5
*	     3,0289	 1	 61,90	 87,53	  19,9	  24,4	  29,5	  29,1	  20,2	  13,7
*	     3,9367	 1	 62,09	 99,27	  16,6	  22,6	  24,5	  26,9	   8,7	   1,0
*	     6,1021	 1	 69,88	 77,22	  15,9	  21,9	  25,0	  24,7	  18,8	  12,6
*	     4,4632	 1	 70,01	 87,50	  19,7	  26,9	  32,5	  31,6	  28,2	  20,9
*	     9,2699	 1	 76,15	 78,47	  10,2	  16,8	  20,4	  20,5	  16,0	   8,8
*	     8,1178	 1	 76,23	 87,51	  12,7	  19,9	  24,7	  23,5	  19,3	  12,6
*	    13,2877	 1	 81,00	 79,53	   4,6	  11,2	  15,2	  15,3	   9,2	   3,9
*	    12,4568	 1	 81,04	 87,54	   6,0	  13,3	  17,9	  15,4	  11,1	   6,0
*	    12,9235	 1	 81,09	 95,56	   4,9	  12,0	  16,7	  15,7	  11,7	   5,7
s	     3,4263	 2	 61,61	102,08	  32,7	  35,0	  36,9	  30,2	  20,6	   6,1
s	     5,1034	 2	 60,83	 59,17	  32,8	  35,1	  35,5	  28,4	  16,2	   1,1
s	     5,1065	 2	 74,92	134,00	  32,5	  34,4	  35,1	  27,0	  15,1	  -0,4
*	     5,8373	 1	111,94	 89,75	   4,8	   6,1	  10,7	   2,2	  -0,5	 -10,9
*	     6,6866	 1	131,42	 90,48	   6,7	   8,0	  11,5	   4,2	  -1,0	 -11,2
s	     7,4090	 1	315,18	 92,28	  32,0	  33,1	  33,2	  25,3	  15,9	   3,3
*	    23,6907	 1	223,63	 80,73	  -1,6	   3,0	   8,0	   7,6	  -1,2	  -7,9
*	    16,3514	 1	234,26	 80,21	  -4,8	   2,6	   3,4	  -2,1	  -6,8	 -18,2
*	    19,0414	 1	229,10	 81,79	  -7,7	   0,1	   0,7	  -4,1	  -9,1	 -20,4
*	    11,6229	 1	251,88	 75,56	   1,3	   8,2	   8,7	   2,6	  -2,1	 -13,2
*	    13,8972	 1	241,33	 78,19	  -1,8	   5,2	   6,0	   0,2	  -4,5	 -15,8
*	     8,5336	 1	285,51	 70,81	   6,0	  12,3	  12,2	   5,6	   0,8	  -9,8
*	     9,9041	 1	265,48	 72,93	   4,0	  10,6	  10,8	   4,5	  -0,2	 -11,1
*	     7,9260	 1	325,37	 73,01	   5,1	  12,2	  10,2	   5,4	  -1,3	 -12,2
*	     7,8920	 1	306,83	 70,89	   6,3	  12,9	  12,0	   6,1	   0,5	 -10,2
*	     9,4931	 1	347,37	 78,15	   0,4	   9,2	   6,2	   1,9	  -5,7	 -18,2
*	     8,4807	 1	338,28	 75,95	   3,0	  10,8	   8,0	   3,9	  -3,7	 -15,0
*	    12,4972	 1	358,20	 81,18	  -3,6	   4,6	   1,7	  -2,5	 -10,1	 -21,9
*	    10,8555	 1	353,69	 79,85	  -1,9	   7,2	   4,2	  -0,2	  -7,8	 -20,7
*	     8,5127	 1	 84,49	 89,06	  14,6	  15,9	  19,9	   8,5	   7,4	  -1,5
s	     9,0764	 2	314,56	 68,28	  31,0	  31,8	  32,1	  22,2	  10,1	  -6,7
s	     9,3722	 2	325,84	 91,92	  30,9	  31,4	  33,1	  24,5	  16,3	   3,4
*	     9,8064	 1	102,26	 92,34	   0,6	   1,9	   6,7	  -3,5	  -3,1	 -16,4
s	    10,6943	 3	 62,44	137,28	  31,0	  33,8	  33,6	  26,6	  14,6	  -0,5
s	    10,8951	 3	325,18	 69,95	  29,9	  30,5	  31,0	  22,0	  10,0	  -6,1
s	    11,1270	 3	 46,97	 97,65	  23,2	  27,3	  27,2	  24,9	  14,6	   7,5
s	    12,3715	 3	 47,26	109,10	  24,1	  28,8	  27,6	  25,9	  12,4	   5,3
*	    13,5266	 1	144,52	104,62	  -6,0	  -4,7	  -1,0	  -8,5	 -14,0	 -24,0
*	    14,5347	 1	145,49	 90,22	  -6,0	  -4,8	  -0,4	  -8,3	 -12,3	 -22,4
*	    14,9460	 1	145,20	100,23	  -6,4	  -5,1	  -1,0	  -8,9	 -13,2	 -23,4
*	    15,6636	 1	122,66	 89,37	  -3,4	  -2,1	   2,9	  -7,4	  -5,8	 -19,5
s	    15,6954	 3	 73,15	 23,32	  29,0	  31,5	  29,7	  20,7	   6,6	 -10,2
*	    15,8981	 1	138,12	 93,78	  -8,5	  -7,2	  -2,3	 -11,5	 -13,0	 -23,7
s	    19,3035	 1	 99,27	 88,56	  31,1	  36,7	  39,4	  32,2	  27,9	  22,3
*	    21,9856	 1	 84,19	 83,39	   0,7	   7,9	  12,3	  10,4	   5,7	   0,7
*	    20,9931	 1	 87,51	 83,26	   1,4	   8,7	  12,9	  10,7	   5,9	   1,8
*	    20,2548	 1	 90,99	 83,12	   1,6	   8,8	  12,8	  11,2	   6,1	   2,4
*	    20,3217	 1	 94,68	 79,14	   1,5	   8,6	  12,3	  11,5	   5,8	   1,9
*	    19,7854	 1	 94,67	 83,02	   1,9	   9,2	  13,2	  11,5	   6,4	   2,7
*	    19,5257	 1	 94,66	 86,94	   2,3	   9,6	  14,1	  11,8	   6,8	   3,0
*	    28,3323	 1	134,61	 79,89	  -7,3	  -0,2	   5,3	   4,2	   1,5	  -7,0
*	    27,9499	 1	134,52	 83,69	  -7,2	   0,1	   5,7	   4,4	   1,9	  -6,7
*	    27,7698	 1	134,43	 87,53	  -7,1	   0,2	   5,9	   4,6	   2,0	  -6,6
*	    19,8226	 1	 91,94	 88,44	   6,1	   7,9	  14,3	   4,1	   3,3	  -5,4
*	    20,0156	 1	 91,94	 84,04	   5,8	   7,6	  13,4	   3,9	   3,0	  -5,6
*	    20,6088	 1	 87,94	 88,43	   6,1	   7,9	  14,3	   3,5	   3,3	  -6,0
*	    20,7983	 1	 87,93	 84,15	   5,7	   7,5	  13,4	   3,3	   2,9	  -6,2
*	    21,7306	 1	 84,18	 88,41	   5,3	   7,1	  13,5	   2,9	   2,9	  -7,1
*	    21,9136	 1	 84,16	 84,29	   5,0	   6,7	  12,8	   2,9	   2,6	  -7,4
*	    22,3199	 1	 84,87	 79,45	   2,1	  12,9	  12,2	   7,8	   5,9	  -3,8
*	    19,4613	 1	100,49	 92,63	   5,6	  16,6	  16,5	  10,4	   9,7	   0,1
*	    19,5624	 1	100,55	 83,26	   5,2	  16,3	  15,9	  10,2	   9,1	  -0,3
*	    20,5199	 1	110,57	 83,22	   3,3	  14,3	  14,3	   9,6	   9,0	  -2,5
*	    22,7735	 1	120,64	 83,45	   0,4	  11,5	  12,2	   7,4	   7,7	  -5,4
*	    25,9584	 1	129,93	 93,01	  -2,7	   8,4	   9,3	   4,5	   5,3	  -8,0
*	    26,0203	 1	130,14	 83,84	  -2,7	   8,4	   9,2	   4,4	   5,2	  -8,1
*	    30,1037	 1	138,85	 84,33	  -5,9	   5,2	   6,1	   1,2	   2,5	 -10,9
s	    19,6055	 1	185,78	 90,74	  28,1	  33,4	  35,3	  32,9	  23,6	  16,8
*	    32,8538	 1	143,04	 80,61	 -10,9	  -3,7	   1,9	   0,7	  -1,8	 -10,1
*	    32,5212	 1	142,95	 83,97	 -10,7	  -3,5	   2,1	   0,9	  -1,5	  -9,9
*	    32,3517	 1	142,85	 87,37	 -10,7	  -3,4	   2,3	   1,0	  -1,3	  -9,8
*	    31,0881	 1	144,85	 80,23	  -9,8	  -2,6	   2,9	   2,0	  -1,2	  -8,9
*	    30,7420	 1	144,74	 83,77	  -9,7	  -2,4	   3,2	   2,2	  -0,9	  -8,7
*	    30,5656	 1	144,64	 87,34	  -9,6	  -2,3	   3,3	   2,3	  -0,7	  -8,5
*	    26,4004	 1	151,64	 78,89	  -6,8	   0,4	   6,0	   5,7	   0,4	  -5,2
*	    26,0121	 1	151,51	 83,05	  -6,6	   0,7	   6,3	   6,0	   0,8	  -4,8
*	    25,8144	 1	151,38	 87,28	  -6,5	   0,8	   6,5	   6,1	   1,0	  -4,7
*	    25,8104	 1	151,25	 91,51	  -6,5	   0,8	   6,5	   6,1	   1,0	  -4,7
*	    27,9807	 1	148,17	 83,87	  -4,6	   6,5	   7,4	   3,2	   2,6	  -8,8
*	    24,1500	 1	155,51	 83,28	  -1,9	   9,2	   9,7	   6,5	   3,6	  -6,4
*	    21,3459	 1	165,86	 82,64	   0,3	  11,5	  11,3	   9,4	   3,8	  -5,6
*	    19,9551	 1	179,52	 82,19	   1,8	  13,0	  12,0	  10,2	   4,6	  -5,6
*	    20,1078	 1	196,30	 82,15	   2,1	  12,3	  11,7	   9,3	   3,7	  -7,1
*	    21,8770	 1	214,19	 82,81	   1,0	  10,0	  10,0	   6,8	   1,3	 -10,0
s	    20,3577	 2	 99,36	 73,28	  29,4	  34,2	  34,9	  28,4	  20,2	  13,4
s	    20,5501	 2	 91,97	 88,52	  29,8	  35,1	  36,6	  28,6	  24,4	  11,9
s	    20,6499	 2	186,32	 75,60	  26,6	  31,5	  30,9	  24,6	  13,1	  -1,0
s	    21,5647	 3	 91,99	 73,80	  28,4	  32,9	  32,6	  24,8	  16,8	   3,1
s	    22,3568	 3	139,79	 94,80	  23,2	  27,3	  28,9	  22,3	  18,3	  11,0
s	    23,0579	 2	233,32	 92,08	  26,9	  30,2	  32,8	  30,0	  20,5	  12,8
s	    23,2029	 3	139,57	102,72	  21,8	  27,1	  28,6	  23,9	  19,3	  12,0
*	    23,3413	 1	157,48	104,91	   4,9	  12,2	  13,7	  11,5	   3,1	  -3,2
s	    23,6529	 2	187,78	 90,74	  26,4	  31,7	  32,2	  28,4	  19,2	   6,4
s	    24,0013	 3	233,61	 78,39	  25,5	  28,7	  28,9	  21,8	  10,1	  -4,7
*	    24,1391	 1	144,25	 89,75	  -3,1	  -1,8	   3,1	  -6,5	  -6,7	 -18,5
s	    24,5808	 3	188,25	 77,28	  25,3	  29,9	  29,0	  24,1	  12,0	  -2,2
s	    26,7432	 3	230,13	 91,97	  25,4	  29,1	  30,3	  25,7	  16,5	   2,9
s	    27,6223	 2	303,46	 92,09	  28,6	  33,9	  36,5	  30,1	  25,2	  19,8
s	    28,4586	 3	303,23	 79,95	  27,2	  31,9	  32,4	  26,0	  17,8	  11,3
s	    30,7732	 2	157,61	 89,63	  26,2	  31,8	  35,4	  30,1	  26,8	  17,2
s	    30,9256	 3	157,47	 94,10	  24,8	  30,1	  33,8	  28,4	  25,5	  15,9
s	    31,5486	 3	157,98	 78,37	  25,2	  30,1	  32,1	  25,9	  19,5	   8,8
s	    33,8381	 3	161,37	 89,73	  24,7	  30,3	  32,7	  25,3	  22,6	   6,9
s	    37,1765	 3	255,03	 92,27	  24,8	  30,1	  32,0	  25,2	  21,5	   6,7
s	    37,8060	 2	 33,45	 89,23	  23,9	  29,2	  31,0	  29,4	  19,8	  13,3
s	    38,4727	 3	 33,16	 79,54	  22,8	  27,5	  27,9	  25,2	  12,6	   4,8
s	    41,9490	 3	 32,62	 89,23	  22,5	  27,8	  28,5	  24,7	  15,5	   3,0
s	    45,5242	 3	 54,57	 88,66	  22,5	  27,5	  30,9	  26,9	  23,8	  14,0
s	    45,6989	 2	105,55	 88,36	  21,7	  24,0	  22,0	  16,1	   4,9	  -9,2
s	    46,2749	 3	105,63	 79,98	  20,8	  22,9	  21,1	  16,1	   1,5	  -8,5
s	    46,6702	 3	  5,20	 90,10	  21,8	  26,5	  26,9	  23,6	  14,1	   1,0
s	    52,6209	 3	140,54	 88,99	  21,0	  21,4	  22,3	  13,9	   5,3	  -7,6
s	    60,1982	 3	195,48	 90,77	  20,0	  25,3	  26,1	  22,3	  13,1	   0,7
s	    66,5468	 3	107,49	 88,31	  21,6	  26,9	  28,2	  20,1	  15,2	   3,9
#END
