
10.00       70.63       -8.98
11.22       72.15       -14.66
12.59       75.19       -24.08
14.13       78.52       -35.60
15.85       82.31       -51.37
17.78       86.18       -66.40
19.95       90.21       -82.29
22.39       94.03       -100.45
25.12       97.48       -121.05
28.18       100.81      -144.83
31.62       103.57      -171.01
35.48       106.04      161.25
39.81       108.18      139.26
44.67       110.21      119.00
50.12       112.12      97.64
56.23       113.65      76.34
63.10       114.84      54.29
70.79       115.67      33.97
79.43       116.24      12.22
89.13       116.64      -11.66
100.00      116.83      -35.01
112.20      116.76      -57.66
125.89      116.43      -78.65
141.25      115.75      -99.41
158.49      114.78      -117.96
177.83      113.69      -134.98
199.53      112.72      -150.25
223.87      111.92      -165.03
251.19      111.20      -178.39
281.84      110.57      169.82
316.23      109.82      156.54
354.81      108.97      144.75
398.11      108.54      131.97
446.68      107.30      123.43
501.19      106.10      123.87
562.34      108.38      112.35
630.96      109.19      89.53
707.95      108.53      70.17
794.33      108.22      53.57
891.25      108.80      37.25
1000.00     110.16      8.95
1122.02     109.89      -29.99
1258.93     108.28      -63.25
1412.54     108.01      -97.52
1584.89     106.43      -153.57
1778.28     101.42      167.37
1995.26     98.09       147.67
2238.72     94.47       126.88
2511.89     91.05       116.63
2818.38     94.74       54.43
3162.28     95.07       -74.58
3548.13     93.32       140.94
3981.07     94.16       -0.95
4466.84     96.81       -152.10
5011.87     96.87       119.49
5623.41     93.43       -134.07
6309.57     88.24       -33.13
7079.46     86.05       -38.41
7943.28     88.58       25.62
8912.51     89.35       121.64
10000.00    85.72       148.62
11220.19    73.86       77.69
12589.26    79.60       -50.77
14125.38    79.04       -87.80
15848.94    64.61       4.54
17782.80    70.20       60.38
19952.63    70.58       46.02
22387.22    66.58       41.44
