
10.00       51.33       71.88
11.22       52.31       85.89
12.59       59.83       97.28
14.13       65.68       108.79
15.85       71.02       116.92
17.78       75.55       107.76
19.95       79.92       96.54
22.39       83.62       82.35
25.12       86.55       66.96
28.18       88.89       50.28
31.62       90.35       33.85
35.48       91.02       17.97
39.81       90.56       9.67
44.67       90.22       20.68
50.12       94.24       42.98
56.23       99.97       50.74
63.10       104.94      41.16
70.79       108.69      24.32
79.43       111.79      3.78
89.13       114.36      -18.28
100.00      116.34      -40.33
112.20      117.86      -61.89
125.89      118.86      -81.70
141.25      119.36      -101.14
158.49      119.41      -118.11
177.83      119.27      -133.55
199.53      119.10      -147.63
223.87      118.90      -160.89
251.19      118.63      -173.00
281.84      118.30      176.55
316.23      117.83      166.05
354.81      117.36      156.54
398.11      116.94      147.24
446.68      116.29      139.56
501.19      115.99      134.14
562.34      116.27      123.80
630.96      116.07      110.34
707.95      115.35      98.13
794.33      114.62      85.96
891.25      113.50      75.33
1000.00     112.44      68.07
1122.02     112.31      60.50
1258.93     112.36      50.30
1412.54     112.84      36.67
1584.89     113.33      15.71
1778.28     113.12      -8.65
1995.26     112.32      -31.89
2238.72     111.91      -57.42
2511.89     112.03      -90.76
2818.38     110.81      -132.14
3162.28     108.30      -169.84
3548.13     106.26      150.30
3981.07     103.69      104.19
4466.84     99.48       40.56
5011.87     91.18       3.61
5623.41     93.76       26.63
6309.57     97.16       -10.53
7079.46     95.60       -97.75
7943.28     90.46       179.52
8912.51     86.21       38.00
10000.00    79.88       -41.49
11220.19    79.61       -30.07
12589.26    80.92       -21.57
14125.38    81.19       55.94
15848.94    81.64       172.07
17782.80    80.61       -135.64
19952.63    75.79       -95.82
22387.22    66.57       -71.52
