
10.00       62.85       9.40
11.22       62.61       4.99
12.59       62.45       -2.14
14.13       62.30       -6.74
15.85       61.98       -10.64
17.78       61.68       -15.59
19.95       61.15       -23.05
22.39       60.30       -29.82
25.12       59.85       -35.14
28.18       59.82       -48.69
31.62       57.96       -79.22
35.48       54.35       -147.60
39.81       60.44       131.12
44.67       68.35       82.94
50.12       71.95       38.57
56.23       72.14       -2.78
63.10       72.48       -13.07
70.79       76.44       -30.69
79.43       78.19       -63.23
89.13       80.15       -87.11
100.00      82.47       -116.57
112.20      82.63       -152.32
125.89      84.47       178.84
141.25      86.39       139.76
158.49      86.25       101.85
177.83      86.39       62.34
199.53      85.95       21.26
223.87      85.48       -6.33
251.19      86.66       -50.91
281.84      86.09       -100.65
316.23      84.62       -135.45
354.81      87.10       176.38
398.11      87.61       107.16
446.68      84.82       40.28
501.19      84.37       -15.63
562.34      86.45       -90.63
630.96      86.02       173.83
707.95      84.05       74.64
794.33      84.40       -22.77
891.25      84.76       -134.42
1000.00     84.47       95.55
1122.02     84.10       -52.73
1258.93     82.82       -131.89
1412.54     81.16       -32.35
1584.89     80.75       137.96
1778.28     81.12       -77.57
1995.26     81.43       32.35
2238.72     81.68       105.56
2511.89     81.82       143.62
2818.38     82.08       142.01
3162.28     81.52       101.40
3548.13     80.02       8.47
3981.07     78.95       -46.99
4466.84     78.62       48.46
5011.87     79.12       172.31
5623.41     80.23       -157.13
6309.57     80.80       132.26
7079.46     80.23       64.63
7943.28     79.60       118.39
8912.51     79.62       145.54
10000.00    79.72       108.66
11220.19    80.34       101.32
12589.26    80.92       94.35
14125.38    80.98       96.07
15848.94    80.48       68.08
17782.80    79.29       79.96
19952.63    78.22       129.03
22387.22    77.96       134.00
