
10.00       62.52       13.79
11.22       61.77       12.00
12.59       60.46       0.92
14.13       59.33       -3.52
15.85       57.66       5.29
17.78       59.09       23.09
19.95       62.76       48.98
22.39       66.11       60.01
25.12       68.81       55.78
28.18       70.87       44.57
31.62       71.90       36.71
35.48       72.65       38.85
39.81       75.02       52.59
44.67       80.47       68.21
50.12       85.37       64.85
56.23       89.60       53.44
63.10       93.84       40.36
70.79       97.12       21.48
79.43       99.89       -0.18
89.13       102.34      -23.15
100.00      104.19      -46.43
112.20      105.65      -68.18
125.89      106.64      -89.67
141.25      106.92      -111.63
158.49      106.72      -129.04
177.83      106.59      -144.13
199.53      106.68      -158.47
223.87      106.75      -174.67
251.19      106.49      169.88
281.84      106.08      157.96
316.23      105.66      145.45
354.81      105.41      133.53
398.11      105.17      121.14
446.68      104.63      109.78
501.19      104.91      99.73
562.34      105.55      81.17
630.96      105.20      59.46
707.95      104.26      39.75
794.33      103.33      19.26
891.25      101.55      2.40
1000.00     99.34       -5.29
1122.02     99.22       -10.22
1258.93     98.63       -30.49
1412.54     96.21       -15.50
1584.89     98.52       44.25
1778.28     106.99      39.35
1995.26     110.54      -4.81
2238.72     112.99      -33.53
2511.89     115.53      -60.60
2818.38     117.53      -89.64
3162.28     118.83      -120.41
3548.13     119.76      -151.32
3981.07     120.25      178.21
4466.84     120.29      151.24
5011.87     120.25      123.36
5623.41     120.41      95.90
6309.57     120.66      65.25
7079.46     120.59      31.61
7943.28     120.12      -1.45
8912.51     119.60      -34.28
10000.00    119.66      -68.60
11220.19    120.06      -112.73
12589.26    119.77      -169.65
14125.38    118.15      130.05
15848.94    115.65      70.76
17782.80    114.31      5.52
19952.63    112.83      -83.85
22387.22    111.11      -132.64
