#HEADER
CATT-Acoustic v8.0b    Copyright © CATT 1988-2003

 Project                : Auditorio

 GEOMETRICAL INFORMATION
 Src id and loc     [m] :   A1          -9,000        0,000        0,000
 Rec id and loc     [m] :   42          -1,050        3,000       -0,350

 42       24,7708

 VARIABLE SOURCE DATA
 Directivity
   Type (library)       :  OMNI.SD0
   Dir. Index (DI) [dB] :       0,0      0,0      0,0      0,0      0,0      0,0
 Level
   On axis 1m      [dB] :      58,0     64,0     70,3     70,7     65,9     59,9
   Total power     [dB] :      68,9     74,9     81,2     81,6     76,8     70,8
   Auxiliary delay [ms] :       0,0

 VARIABLE AIR DATA
 Temperature       [°C] :      20
 Relative humidity  [%] :      50
 Density        [kg/m³] :       1,2
 Sound speed      [m/s] :     343
 Impedance      [Ns/m³] :     412
 Diss. coeff. [0.001/m] :      0,10     0,30     0,63     1,07     2,28     6,83      (estimated)

#DATAFIELDS
 TYPE DELAY ORDER AZIMUTH ELEVATION SPL125 SPL250 SPL500 SPL1K SPL2K SPL4K
#DATA
d	     0,0000	 0	 90,00	 90,00	  39,4	  45,4	  51,7	  52,1	  47,2	  41,1
s	     0,3507	 1	 90,00	102,23	  37,5	  43,2	  48,8	  47,2	  41,0	  34,6
*	    26,1816	 1	125,71	 95,89	 -12,8	  -5,7	   1,6	   2,2	  -2,6	  -8,9
*	    18,9325	 1	121,05	 96,47	  -8,3	  -1,3	   6,1	   6,7	   1,9	  -4,4
*	    20,7380	 1	115,02	 96,19	  -8,7	  -1,6	   5,7	   6,3	   1,5	  -4,8
*	    12,1408	 1	115,19	 97,13	  -3,2	   3,9	  11,2	  11,8	   7,0	   0,8
*	    13,9103	 1	109,12	 96,69	  -3,1	   4,0	  11,3	  11,9	   7,1	   0,9
*	     6,2006	 1	107,75	 97,86	   2,5	   9,6	  17,0	  17,6	  12,8	   6,6
*	     7,6865	 1	102,00	 97,19	   4,2	  11,2	  18,6	  19,2	  14,4	   8,2
*	    11,8221	 1	 97,61	 96,62	   1,4	   8,5	  15,8	  16,4	  11,6	   5,4
*	     2,0562	 1	 98,42	 98,59	   7,2	  14,3	  21,6	  22,3	  17,4	  11,3
*	     3,0133	 1	 93,54	 97,64	  12,4	  19,4	  26,8	  27,4	  22,6	  16,4
*	     7,7388	 1	 90,01	 96,91	   7,7	  14,7	  22,1	  22,7	  17,9	  11,7
*	     1,0048	 1	 87,04	 99,16	   7,1	  14,2	  21,6	  22,2	  17,4	  11,2
*	     2,6116	 1	 83,80	 97,95	  10,0	  17,1	  24,5	  25,1	  20,3	  14,1
*	     7,3783	 1	 81,55	 97,09	   6,0	  13,1	  20,4	  21,1	  16,3	  10,1
*	     2,7795	 1	 74,05	 99,38	   3,6	  10,7	  18,0	  18,7	  13,9	   7,7
*	     5,3455	 1	 73,14	 98,03	   3,3	  10,3	  17,7	  18,3	  13,5	   7,3
*	     6,3611	 1	 60,54	 99,13	  -0,5	   6,6	  14,0	  14,6	   9,8	   3,6
*	     9,3649	 1	 62,21	 97,84	  -2,0	   5,1	  12,4	  13,0	   8,2	   2,0
*	    11,2139	 1	 47,95	 98,42	  -4,5	   2,5	   9,9	  10,5	   5,7	  -0,5
*	    14,2925	 1	 51,77	 97,38	  -6,3	   0,8	   8,1	   8,7	   3,9	  -2,3
*	    17,0122	 1	 37,19	 97,50	  -8,5	  -1,4	   5,9	   6,5	   1,7	  -4,6
s	     2,9319	 1	230,85	 86,06	  36,6	  42,3	  48,0	  46,4	  40,2	  33,8
*	     8,4483	 1	321,28	 89,54	  12,0	  17,9	  23,8	  26,2	  21,9	  15,1
*	     5,8015	 1	310,70	 89,81	  18,1	  24,0	  29,9	  32,3	  28,0	  21,2
*	     3,6035	 1	280,15	 90,53	  26,1	  32,0	  37,9	  40,2	  36,0	  29,2
*	     2,9998	 1	216,76	 91,39	  26,1	  32,1	  38,0	  40,3	  36,0	  29,3
*	     3,9529	 1	187,42	 91,26	  18,8	  24,7	  30,6	  33,0	  28,7	  21,9
*	     5,3628	 1	177,17	 91,13	  13,4	  19,3	  25,2	  27,6	  23,3	  16,5
*	     6,9950	 1	172,30	 91,06	   9,5	  15,4	  21,3	  23,6	  19,4	  12,6
*	     8,8043	 1	169,50	 91,02	   6,4	  12,3	  18,2	  20,5	  16,3	   9,5
*	    10,7771	 1	167,69	 90,99	   3,8	   9,7	  15,6	  17,9	  13,7	   6,9
*	    12,9058	 1	166,41	 90,96	   1,6	   7,5	  13,4	  15,7	  11,4	   4,6
*	    15,1835	 1	165,48	 90,95	  -0,5	   5,4	  11,3	  13,7	   9,4	   2,5
*	    17,6027	 1	164,76	 90,93	  -2,3	   3,6	   9,5	  11,8	   7,5	   0,7
*	    20,1545	 1	164,20	 90,92	  -4,1	   1,8	   7,7	  10,0	   5,8	  -1,1
*	    22,8292	 1	163,74	 90,91	  -5,7	   0,2	   6,1	   8,4	   4,1	  -2,8
*	    25,6167	 1	163,36	 90,91	  -7,3	  -1,4	   4,5	   6,8	   2,5	  -4,4
*	     5,2348	 1	 11,87	 98,18	  -2,2	   3,7	   9,6	  11,9	   7,7	   0,9
*	     6,4791	 1	344,93	 93,34	  -5,9	   0,0	   5,9	   8,2	   4,0	  -2,8
s	     6,7307	 1	 83,56	 90,49	  35,5	  36,3	  28,6	  29,0	  24,1	  31,2
*	    24,8638	 1	 83,95	 59,82	   2,9	   3,6	  -4,1	  -3,7	  -8,6	  -1,7
*	    24,5548	 1	 77,07	 58,69	   2,8	   3,5	  -4,2	  -3,8	  -8,7	  -1,8
*	    19,7318	 1	 83,92	 65,32	   6,5	   7,2	  -0,5	  -0,1	  -5,0	   2,0
*	    19,5178	 1	 77,00	 64,30	   6,2	   6,9	  -0,8	  -0,4	  -5,3	   1,7
*	    14,9976	 1	 83,89	 71,42	  10,7	  11,5	   3,8	   4,2	  -0,7	   6,2
*	    14,9649	 1	 76,93	 70,56	  10,0	  10,7	   3,0	   3,4	  -1,5	   5,5
*	    10,8224	 1	 83,86	 78,04	  15,9	  16,7	   9,0	   9,3	   4,5	  11,5
*	    11,1254	 1	 76,86	 77,41	  14,1	  14,9	   7,2	   7,5	   2,7	   9,7
*	     7,6550	 1	 83,83	 85,08	  21,8	  22,6	  14,9	  15,2	  10,4	  17,4
*	     8,4817	 1	 76,79	 84,72	  17,8	  18,6	  10,9	  11,3	   6,4	  13,4
*	     6,8461	 1	 83,79	 92,35	  23,6	  24,4	  16,7	  17,1	  12,2	  19,3
*	     7,8494	 1	 76,72	 92,30	  18,7	  19,5	  11,8	  12,2	   7,3	  14,3
*	    29,9988	 1	 75,44	 53,49	  -0,4	   0,4	  -7,3	  -7,0	 -11,9	  -5,0
*	    30,1376	 1	 82,41	 54,61	  -0,3	   0,5	  -7,2	  -6,8	 -11,7	  -4,9
*	    35,6498	 1	 75,52	 49,13	  -3,2	  -2,4	 -10,1	  -9,7	 -14,6	  -7,8
*	    35,8315	 1	 82,45	 50,27	  -3,1	  -2,4	 -10,1	  -9,7	 -14,6	  -7,8
*	    28,6024	 1	 98,85	 61,36	  -4,8	   2,2	   9,6	  10,2	   5,3	  -1,0
*	    27,0177	 1	 93,47	 60,50	  -4,0	   3,1	  10,4	  11,0	   6,2	  -0,1
*	    26,1865	 1	 87,74	 59,85	  -3,6	   3,5	  10,8	  11,4	   6,6	   0,3
*	    24,3832	 1	 98,89	 65,78	  -2,1	   4,9	  12,3	  12,9	   8,0	   1,7
*	    22,6264	 1	 93,48	 65,01	  -1,0	   6,0	  13,4	  14,0	   9,1	   2,8
*	    21,7243	 1	 87,73	 64,41	  -0,6	   6,5	  13,8	  14,4	   9,6	   3,3
*	    20,4981	 1	 98,92	 70,58	   0,8	   7,8	  15,2	  15,8	  11,0	   4,7
*	    18,5184	 1	 93,49	 69,92	   2,3	   9,3	  16,7	  17,3	  12,4	   6,2
*	    17,5278	 1	 87,72	 69,39	   2,9	   9,9	  17,3	  17,9	  13,1	   6,8
*	    17,0614	 1	 98,96	 75,71	   3,9	  11,0	  18,3	  18,9	  14,1	   7,8
*	    14,7796	 1	 93,51	 75,19	   6,1	  13,1	  20,5	  21,1	  16,3	  10,0
*	    13,6690	 1	 87,71	 74,78	   7,0	  14,0	  21,4	  22,0	  17,2	  10,9
*	    14,2771	 1	 99,00	 81,15	   7,1	  14,1	  21,5	  22,1	  17,3	  11,0
*	    11,5836	 1	 93,52	 80,78	  10,4	  17,5	  24,8	  25,5	  20,6	  14,4
*	    10,2940	 1	 87,70	 80,50	  11,9	  19,0	  26,3	  26,9	  22,1	  15,9
*	    12,5083	 1	 99,03	 86,78	   9,5	  16,5	  23,9	  24,5	  19,7	  13,5
*	     9,3658	 1	 93,54	 86,61	  14,6	  21,6	  29,0	  29,6	  24,8	  18,6
*	     7,8293	 1	 87,69	 86,47	  17,2	  24,3	  31,7	  32,3	  27,5	  21,3
*	    12,2008	 1	 99,07	 92,52	   9,9	  16,9	  24,3	  24,9	  20,1	  13,8
*	     8,9790	 1	 93,55	 92,56	  15,3	  22,3	  29,7	  30,3	  25,5	  19,3
*	     7,3888	 1	 87,68	 92,56	  18,3	  25,3	  32,7	  33,3	  28,5	  22,3
*	    51,2863	 1	 99,48	 45,57	 -12,8	  -6,8	  -0,7	  -0,5	  -5,2	 -11,7
*	    50,4274	 1	 95,90	 44,86	 -12,5	  -6,5	  -0,4	  -0,2	  -4,9	 -11,4
*	    49,7982	 1	 92,16	 44,25	 -12,3	  -6,3	  -0,2	   0,0	  -4,7	 -11,2
*	    49,4041	 1	 88,28	 43,77	 -12,1	  -6,2	  -0,1	   0,2	  -4,6	 -11,0
*	    47,7642	 1	 99,51	 47,50	 -11,5	  -5,5	   0,6	   0,8	  -3,9	 -10,3
*	    46,8635	 1	 95,92	 46,78	 -11,2	  -5,2	   0,9	   1,2	  -3,6	 -10,0
*	    46,2046	 1	 92,16	 46,18	 -10,9	  -4,9	   1,2	   1,4	  -3,3	  -9,8
*	    45,7937	 1	 88,27	 45,68	 -10,8	  -4,8	   1,3	   1,5	  -3,2	  -9,6
*	    44,3019	 1	 99,53	 49,55	 -10,1	  -4,1	   2,0	   2,2	  -2,5	  -9,0
*	    43,3556	 1	 95,94	 48,85	  -9,8	  -3,8	   2,3	   2,6	  -2,2	  -8,6
*	    42,6642	 1	 92,17	 48,23	  -9,5	  -3,5	   2,6	   2,8	  -1,9	  -8,3
*	    42,2353	 1	 88,27	 47,74	  -9,3	  -3,4	   2,7	   3,0	  -1,7	  -8,2
*	    40,9072	 1	 99,56	 51,76	  -8,7	  -2,7	   3,4	   3,6	  -1,1	  -7,5
*	    39,9105	 1	 95,95	 51,06	  -8,3	  -2,3	   3,8	   4,0	  -0,7	  -7,1
*	    39,1835	 1	 92,18	 50,45	  -8,0	  -2,0	   4,1	   4,3	  -0,4	  -6,8
*	    38,7352	 1	 88,26	 49,96	  -7,8	  -1,9	   4,3	   4,5	  -0,2	  -6,6
*	    37,5888	 1	 99,59	 54,12	  -7,2	  -1,2	   4,9	   5,1	   0,4	  -6,0
*	    36,5361	 1	 95,97	 53,42	  -6,8	  -0,8	   5,3	   5,6	   0,9	  -5,5
*	    35,7699	 1	 92,18	 52,82	  -6,4	  -0,4	   5,7	   5,9	   1,2	  -5,2
*	    35,3008	 1	 88,26	 52,34	  -6,2	  -0,3	   5,8	   6,1	   1,4	  -5,0
*	    34,3570	 1	 99,61	 56,64	  -5,7	   0,3	   6,4	   6,7	   2,0	  -4,4
*	    33,2418	 1	 95,99	 55,96	  -5,1	   0,8	   7,0	   7,2	   2,5	  -3,9
*	    32,4318	 1	 92,19	 55,38	  -4,8	   1,2	   7,3	   7,6	   2,9	  -3,5
*	    31,9402	 1	 88,25	 54,91	  -4,6	   1,4	   7,5	   7,8	   3,1	  -3,3
*	    12,1035	 1	298,19	 84,79	  12,7	  18,6	  24,5	  26,8	  22,5	  15,7
*	    10,0155	 1	283,66	 83,79	  15,9	  21,9	  27,8	  30,1	  25,8	  19,0
*	     8,5413	 1	261,80	 83,05	  18,4	  24,3	  30,2	  32,6	  28,3	  21,5
*	     7,9725	 1	235,80	 83,44	  18,6	  24,6	  30,4	  32,8	  28,5	  21,7
*	     8,3093	 1	214,26	 84,79	  16,6	  22,6	  28,4	  30,8	  26,5	  19,7
*	     9,2705	 1	200,00	 86,09	  13,9	  19,8	  25,7	  28,0	  23,7	  16,9
*	    10,6214	 1	190,94	 87,05	  11,1	  17,0	  22,9	  25,3	  21,0	  14,2
*	    12,2409	 1	184,93	 87,73	   8,6	  14,6	  20,5	  22,8	  18,5	  11,7
*	    14,0708	 1	180,75	 88,23	   6,4	  12,3	  18,2	  20,6	  16,3	   9,5
*	    16,0800	 1	177,70	 88,59	   4,4	  10,3	  16,2	  18,6	  14,3	   7,4
*	    18,2496	 1	175,40	 88,87	   2,6	   8,5	  14,4	  16,7	  12,4	   5,6
*	    20,5656	 1	173,60	 89,08	   0,8	   6,8	  12,6	  15,0	  10,7	   3,8
*	    23,0162	 1	172,15	 89,26	  -0,8	   5,1	  11,0	  13,3	   9,0	   2,1
*	    25,5906	 1	170,97	 89,41	  -2,3	   3,6	   9,5	  11,8	   7,5	   0,6
*	    28,2786	 1	169,98	 89,53	  -3,8	   2,1	   8,0	  10,3	   6,0	  -0,9
*	    13,3678	 1	 57,16	 97,29	   4,5	  11,6	  18,9	  19,5	  14,7	   8,5
*	    11,4916	 1	 64,09	 97,27	   6,8	  13,8	  21,2	  21,8	  17,0	  10,8
*	    10,2050	 1	 70,55	 97,16	   9,2	  16,3	  23,6	  24,3	  19,4	  13,2
*	    12,9011	 1	 57,33	 90,08	   4,9	  12,0	  19,3	  19,9	  15,1	   8,9
*	    10,9389	 1	 64,22	 90,28	   7,4	  14,4	  21,8	  22,4	  17,6	  11,4
*	     9,5289	 1	 70,64	 90,46	  10,2	  17,2	  24,6	  25,2	  20,4	  14,1
*	    13,4680	 1	 57,49	 82,93	   4,5	  11,5	  18,9	  19,5	  14,7	   8,5
*	    11,5636	 1	 64,34	 83,34	   6,8	  13,9	  21,2	  21,9	  17,0	  10,8
*	    10,2378	 1	 70,73	 83,80	   9,4	  16,4	  23,8	  24,4	  19,6	  13,4
*	    15,0187	 1	 57,64	 76,06	   3,4	  10,4	  17,8	  18,4	  13,5	   7,3
*	    13,2866	 1	 64,47	 76,66	   5,3	  12,4	  19,7	  20,3	  15,5	   9,3
*	    12,1897	 1	 70,82	 77,36	   7,2	  14,3	  21,7	  22,3	  17,4	  11,2
*	    17,4237	 1	 57,80	 69,62	   1,7	   8,7	  16,1	  16,7	  11,8	   5,6
*	    15,9117	 1	 64,59	 70,37	   3,2	  10,2	  17,6	  18,2	  13,4	   7,1
*	    15,0698	 1	 70,91	 71,29	   4,5	  11,6	  19,0	  19,6	  14,7	   8,5
*	    20,5257	 1	 57,96	 63,73	  -0,3	   6,7	  14,1	  14,7	   9,8	   3,5
*	    19,2292	 1	 64,71	 64,58	   0,8	   7,9	  15,2	  15,8	  11,0	   4,7
*	    18,6051	 1	 71,00	 65,67	   1,7	   8,8	  16,1	  16,7	  11,9	   5,6
*	    24,1778	 1	 58,11	 58,43	  -2,5	   4,5	  11,9	  12,5	   7,7	   1,4
*	    23,0692	 1	 64,83	 59,36	  -1,6	   5,4	  12,8	  13,4	   8,6	   2,3
*	    22,6123	 1	 71,09	 60,56	  -1,0	   6,0	  13,4	  14,0	   9,2	   2,9
*	    28,2595	 1	 58,26	 53,70	  -4,7	   2,3	   9,7	  10,3	   5,5	  -0,9
*	    27,3063	 1	 64,95	 54,67	  -4,0	   3,0	  10,4	  11,0	   6,1	  -0,2
*	    26,9727	 1	 71,18	 55,94	  -3,6	   3,4	  10,8	  11,4	   6,5	   0,2
*	    48,6377	 1	 70,05	 40,58	 -11,0	  -5,0	   1,1	   1,3	  -3,4	  -9,9
*	    48,7276	 1	 65,83	 39,70	 -11,1	  -5,1	   1,0	   1,2	  -3,5	 -10,0
*	    49,0410	 1	 61,38	 38,99	 -11,2	  -5,3	   0,9	   1,1	  -3,6	 -10,1
*	    49,5736	 1	 56,73	 38,45	 -11,4	  -5,5	   0,6	   0,9	  -3,9	 -10,3
*	    45,0381	 1	 69,99	 42,45	  -9,7	  -3,7	   2,4	   2,7	  -2,1	  -8,5
*	    45,1438	 1	 65,75	 41,57	  -9,8	  -3,8	   2,3	   2,6	  -2,2	  -8,6
*	    45,4832	 1	 61,28	 40,84	  -9,9	  -3,9	   2,2	   2,4	  -2,3	  -8,8
*	    46,0510	 1	 56,62	 40,29	 -10,2	  -4,2	   1,9	   2,2	  -2,6	  -9,0
*	    41,4973	 1	 69,93	 44,48	  -8,3	  -2,3	   3,8	   4,1	  -0,7	  -7,1
*	    41,6222	 1	 65,67	 43,60	  -8,4	  -2,4	   3,7	   4,0	  -0,8	  -7,2
*	    41,9915	 1	 61,19	 42,87	  -8,6	  -2,6	   3,5	   3,8	  -1,0	  -7,4
*	    42,5988	 1	 56,51	 42,31	  -8,8	  -2,9	   3,2	   3,5	  -1,2	  -7,7
*	    38,0241	 1	 69,86	 46,69	  -6,8	  -0,8	   5,3	   5,5	   0,8	  -5,6
*	    38,1725	 1	 65,60	 45,81	  -6,9	  -1,0	   5,2	   5,4	   0,7	  -5,7
*	    38,5765	 1	 61,10	 45,07	  -7,2	  -1,2	   4,9	   5,2	   0,4	  -5,9
*	    39,2284	 1	 56,40	 44,50	  -7,5	  -1,5	   4,6	   4,8	   0,1	  -6,3
*	    34,6291	 1	 69,80	 49,09	  -5,3	   0,7	   6,8	   7,1	   2,4	  -4,0
*	    34,8062	 1	 65,52	 48,20	  -5,4	   0,5	   6,7	   6,9	   2,2	  -4,2
*	    35,2506	 1	 61,00	 47,46	  -5,7	   0,3	   6,4	   6,6	   1,9	  -4,5
*	    35,9530	 1	 56,29	 46,90	  -6,1	  -0,1	   6,0	   6,2	   1,5	  -4,8
*	    31,3250	 1	 69,73	 51,69	  -3,7	   2,3	   8,4	   8,7	   4,0	  -2,4
*	    31,5373	 1	 65,44	 50,82	  -3,9	   2,1	   8,2	   8,4	   3,7	  -2,6
*	    32,0291	 1	 60,91	 50,08	  -4,2	   1,8	   7,9	   8,1	   3,4	  -2,9
*	    32,7886	 1	 56,18	 49,51	  -4,7	   1,3	   7,4	   7,7	   3,0	  -3,4
*	     9,7531	 1	 16,34	 97,28	  -7,0	  -1,1	   4,8	   7,1	   2,8	  -4,0
s	     9,7550	 2	236,30	 86,34	  34,0	  34,5	  26,3	  26,0	  20,7	  27,3
*	     9,8514	 1	 26,16	 98,72	  -6,0	  -0,1	   5,8	   8,1	   3,9	  -3,0
s	    10,1944	 2	233,20	 86,44	  32,6	  39,4	  46,2	  46,2	  41,0	  34,3
*	    10,2448	 1	  3,05	 94,98	  -9,1	  -3,1	   2,7	   5,1	   0,8	  -6,0
*	    11,4971	 1	346,57	 91,72	 -13,8	  -7,9	  -2,0	   0,4	  -3,9	 -10,7
*	    13,3636	 1	331,37	 96,06	  -7,8	  -1,9	   4,0	   6,3	   2,0	  -4,8
*	    13,6200	 1	331,14	102,44	   2,8	   8,7	  14,6	  17,0	  12,7	   5,8
*	    13,7547	 1	328,49	 94,53	   4,4	  10,3	  16,2	  18,5	  14,3	   7,4
*	    18,0898	 1	 38,76	 97,21	   8,5	   9,3	   1,6	   2,0	  -2,9	   4,0
*	    15,7594	 1	 47,56	 97,30	  10,2	  11,0	   3,3	   3,6	  -1,2	   5,7
*	    17,7599	 1	 39,05	 88,16	   8,7	   9,5	   1,8	   2,2	  -2,7	   4,2
*	    15,3869	 1	 47,80	 88,53	  10,5	  11,2	   3,5	   3,9	  -1,0	   6,0
*	    18,5807	 1	 39,34	 79,27	   8,2	   9,0	   1,3	   1,7	  -3,2	   3,7
*	    16,2536	 1	 48,04	 79,90	   9,9	  10,7	   3,0	   3,3	  -1,5	   5,4
*	    20,4903	 1	 39,63	 70,95	   7,1	   7,9	   0,2	   0,5	  -4,3	   2,6
*	    18,2835	 1	 48,28	 71,79	   8,6	   9,4	   1,7	   2,0	  -2,8	   4,1
*	    23,3591	 1	 39,91	 63,44	   5,5	   6,3	  -1,4	  -1,1	  -6,0	   0,9
*	    21,3165	 1	 48,52	 64,43	   6,8	   7,6	  -0,1	   0,2	  -4,7	   2,3
*	    27,0276	 1	 40,19	 56,83	   3,6	   4,4	  -3,4	  -3,0	  -7,9	  -1,0
*	    25,1636	 1	 48,76	 57,93	   4,7	   5,4	  -2,3	  -1,9	  -6,8	   0,1
*	    31,3387	 1	 40,47	 51,14	   1,5	   2,3	  -5,4	  -5,1	 -10,0	  -3,1
*	    29,6479	 1	 48,99	 52,29	   2,4	   3,1	  -4,6	  -4,2	  -9,1	  -2,2
*	    44,2022	 1	 51,47	 40,73	  -3,8	  -3,1	 -10,8	 -10,4	 -15,4	  -8,6
*	    45,3539	 1	 43,24	 39,47	  -4,3	  -3,6	 -11,3	 -10,9	 -15,8	  -9,1
*	    38,5895	 1	 51,26	 44,42	  -1,6	  -0,8	  -8,6	  -8,2	 -13,1	  -6,3
*	    39,8592	 1	 42,98	 43,14	  -2,2	  -1,4	  -9,1	  -8,8	 -13,7	  -6,9
*	    33,2793	 1	 51,04	 48,73	   0,7	   1,5	  -6,2	  -5,9	 -10,8	  -4,0
*	    34,6859	 1	 42,71	 47,45	  -0,0	   0,8	  -6,9	  -6,6	 -11,5	  -4,7
*	    16,3838	 1	104,93	 96,38	  12,7	  13,5	   5,8	   6,2	   1,3	   8,2
*	    20,2884	 1	111,07	 96,18	   9,0	   9,8	   2,1	   2,4	  -2,5	   4,5
*	    15,7967	 1	104,86	 89,91	  13,4	  14,2	   6,5	   6,9	   2,0	   9,0
*	    19,8274	 1	110,97	 89,90	   9,4	  10,2	   2,5	   2,9	  -2,0	   4,9
*	    16,8550	 1	104,79	 83,49	  12,4	  13,1	   5,4	   5,8	   0,9	   7,9
*	    20,7102	 1	110,88	 83,68	   8,7	   9,5	   1,8	   2,2	  -2,7	   4,2
*	    19,3240	 1	104,72	 77,29	  10,0	  10,8	   3,1	   3,5	  -1,4	   5,5
*	    22,8162	 1	110,79	 77,65	   7,1	   7,9	   0,2	   0,6	  -4,3	   2,6
*	    22,8093	 1	104,66	 71,43	   7,2	   8,0	   0,3	   0,6	  -4,3	   2,6
*	    25,9074	 1	110,70	 71,94	   5,0	   5,8	  -1,9	  -1,6	  -6,5	   0,4
*	    27,0030	 1	104,59	 65,98	   4,3	   5,1	  -2,6	  -2,2	  -7,1	  -0,2
*	    29,7490	 1	110,61	 66,62	   2,7	   3,4	  -4,3	  -3,9	  -8,8	  -1,9
*	    31,7087	 1	104,52	 61,01	   1,6	   2,4	  -5,3	  -5,0	  -9,9	  -3,0
*	    34,1591	 1	110,52	 61,72	   0,3	   1,1	  -6,6	  -6,3	 -11,2	  -4,3
*	    43,6643	 1	111,73	 54,30	  -4,0	  -3,2	 -10,9	 -10,6	 -15,5	  -8,7
*	    41,4615	 1	105,85	 53,44	  -3,1	  -2,3	 -10,0	  -9,6	 -14,6	  -7,8
*	    38,5964	 1	111,82	 58,39	  -1,8	  -1,0	  -8,7	  -8,4	 -13,3	  -6,5
*	    36,1704	 1	105,92	 57,58	  -0,7	   0,1	  -7,6	  -7,2	 -12,1	  -5,3
*	    23,4012	 1	 17,62	 93,35	   1,5	   8,6	  15,9	  16,5	  11,7	   5,4
*	    21,0674	 1	 26,07	 93,64	   2,7	   9,7	  17,1	  17,7	  12,9	   6,6
*	    19,3068	 1	 34,13	 93,85	   3,6	  10,7	  18,0	  18,6	  13,8	   7,5
*	    23,4400	 1	 17,95	 84,86	   1,5	   8,5	  15,9	  16,5	  11,7	   5,4
*	    21,0997	 1	 26,38	 85,26	   2,7	   9,7	  17,1	  17,7	  12,8	   6,5
*	    19,3301	 1	 34,41	 85,73	   3,6	  10,7	  18,0	  18,6	  13,8	   7,5
*	    24,2910	 1	 18,29	 76,60	   1,0	   8,1	  15,4	  16,0	  11,2	   4,9
*	    21,9761	 1	 26,69	 77,10	   2,2	   9,2	  16,6	  17,2	  12,3	   6,0
*	    20,2273	 1	 34,68	 77,84	   3,1	  10,1	  17,5	  18,1	  13,3	   7,0
*	    25,9098	 1	 18,62	 68,90	   0,2	   7,2	  14,6	  15,2	  10,3	   4,0
*	    23,6494	 1	 26,99	 69,49	   1,2	   8,3	  15,6	  16,2	  11,4	   5,1
*	    21,9482	 1	 34,95	 70,43	   2,1	   9,2	  16,5	  17,1	  12,3	   6,0
*	    28,2218	 1	 18,95	 61,95	  -1,0	   6,0	  13,4	  14,0	   9,1	   2,8
*	    26,0393	 1	 27,30	 62,60	  -0,0	   7,0	  14,4	  15,0	  10,1	   3,8
*	    24,4065	 1	 35,23	 63,68	   0,8	   7,8	  15,2	  15,8	  10,9	   4,6
*	    31,1380	 1	 19,28	 55,81	  -2,5	   4,6	  11,9	  12,5	   7,7	   1,3
*	    29,0496	 1	 27,60	 56,50	  -1,5	   5,5	  12,8	  13,4	   8,6	   2,3
*	    27,4984	 1	 35,49	 57,68	  -0,8	   6,2	  13,6	  14,2	   9,3	   3,0
*	    34,5673	 1	 19,61	 50,48	  -4,0	   3,0	  10,3	  10,9	   6,1	  -0,3
*	    32,5821	 1	 27,91	 51,17	  -3,2	   3,8	  11,2	  11,8	   6,9	   0,6
*	    31,1190	 1	 35,76	 52,42	  -2,6	   4,5	  11,8	  12,4	   7,6	   1,2
*	    38,4252	 1	 19,93	 45,86	  -5,7	   1,3	   8,7	   9,3	   4,4	  -2,0
*	    36,5467	 1	 28,21	 46,57	  -5,0	   2,1	   9,4	  10,0	   5,2	  -1,2
*	    35,1725	 1	 36,03	 47,82	  -4,4	   2,7	  10,0	  10,6	   5,7	  -0,6
*	    52,5435	 1	 34,67	 35,33	  -9,0	  -3,0	   3,1	   3,3	  -1,5	  -7,9
*	    53,3119	 1	 29,47	 34,59	  -9,3	  -3,3	   2,8	   3,0	  -1,7	  -8,2
*	    54,2734	 1	 24,05	 34,07	  -9,6	  -3,6	   2,5	   2,7	  -2,0	  -8,5
*	    55,4229	 1	 18,50	 33,80	 -10,0	  -4,0	   2,1	   2,4	  -2,4	  -8,9
*	    49,1723	 1	 34,49	 37,13	  -7,9	  -1,9	   4,2	   4,5	  -0,3	  -6,7
*	    49,9737	 1	 29,28	 36,37	  -8,1	  -2,2	   3,9	   4,2	  -0,6	  -7,0
*	    50,9743	 1	 23,85	 35,85	  -8,5	  -2,5	   3,6	   3,8	  -0,9	  -7,4
*	    52,1684	 1	 18,28	 35,57	  -8,9	  -2,9	   3,2	   3,4	  -1,3	  -7,8
*	    45,8862	 1	 34,31	 39,10	  -6,7	  -0,7	   5,4	   5,6	   0,9	  -5,5
*	    46,7225	 1	 29,08	 38,34	  -7,0	  -1,0	   5,1	   5,3	   0,6	  -5,8
*	    47,7641	 1	 23,64	 37,80	  -7,3	  -1,4	   4,7	   5,0	   0,2	  -6,2
*	    49,0048	 1	 18,06	 37,53	  -7,8	  -1,8	   4,3	   4,6	  -0,2	  -6,6
*	    42,6978	 1	 34,13	 41,28	  -5,5	   0,5	   6,6	   6,9	   2,1	  -4,3
*	    43,5708	 1	 28,88	 40,49	  -5,8	   0,2	   6,3	   6,5	   1,8	  -4,6
*	    44,6550	 1	 23,42	 39,95	  -6,2	  -0,2	   5,9	   6,1	   1,4	  -5,0
*	    45,9441	 1	 17,84	 39,68	  -6,7	  -0,7	   5,4	   5,7	   0,9	  -5,5
*	    39,6215	 1	 33,94	 43,66	  -4,3	   1,7	   7,8	   8,1	   3,4	  -3,0
*	    40,5327	 1	 28,69	 42,86	  -4,6	   1,4	   7,5	   7,7	   3,0	  -3,4
*	    41,6612	 1	 23,21	 42,32	  -5,0	   0,9	   7,0	   7,3	   2,6	  -3,9
*	    43,0002	 1	 17,62	 42,03	  -5,5	   0,4	   6,6	   6,8	   2,1	  -4,4
*	    36,6740	 1	 33,76	 46,27	  -3,0	   2,9	   9,1	   9,3	   4,6	  -1,8
*	    37,6249	 1	 28,49	 45,48	  -3,4	   2,6	   8,7	   8,9	   4,2	  -2,2
*	    38,7988	 1	 23,00	 44,93	  -3,9	   2,1	   8,2	   8,4	   3,7	  -2,7
*	    40,1887	 1	 17,40	 44,65	  -4,4	   1,6	   7,7	   7,9	   3,2	  -3,2
*	    40,6893	 1	125,01	 64,33	  -6,5	   0,5	   7,9	   8,5	   3,6	  -2,8
*	    37,9272	 1	120,21	 63,83	  -5,2	   1,8	   9,2	   9,7	   4,9	  -1,5
*	    35,6202	 1	115,21	 63,48	  -4,1	   3,0	  10,3	  10,9	   6,0	  -0,3
*	    37,5594	 1	125,13	 68,41	  -5,1	   1,9	   9,2	   9,8	   5,0	  -1,4
*	    34,6094	 1	120,31	 67,98	  -3,7	   3,4	  10,7	  11,3	   6,5	   0,1
*	    32,1132	 1	115,30	 67,68	  -2,3	   4,7	  12,1	  12,7	   7,8	   1,5
*	    34,8852	 1	125,24	 72,76	  -3,9	   3,1	  10,5	  11,1	   6,2	  -0,2
*	    31,7485	 1	120,42	 72,41	  -2,2	   4,8	  12,2	  12,8	   7,9	   1,5
*	    29,0557	 1	115,39	 72,17	  -0,6	   6,4	  13,8	  14,4	   9,5	   3,2
*	    32,7399	 1	125,36	 77,36	  -2,8	   4,2	  11,5	  12,1	   7,3	   0,9
*	    29,4318	 1	120,53	 77,10	  -1,0	   6,1	  13,4	  14,0	   9,2	   2,8
*	    26,5496	 1	115,48	 76,93	   0,9	   7,9	  15,3	  15,9	  11,0	   4,7
*	    31,1959	 1	125,48	 82,14	  -2,1	   5,0	  12,3	  12,9	   8,1	   1,7
*	    27,7509	 1	120,63	 82,00	  -0,0	   7,0	  14,4	  15,0	  10,1	   3,8
*	    24,7103	 1	115,57	 81,92	   2,1	   9,1	  16,5	  17,1	  12,2	   5,9
*	    30,3146	 1	125,60	 87,07	  -1,6	   5,4	  12,8	  13,4	   8,5	   2,2
*	    26,7878	 1	120,74	 87,06	   0,5	   7,6	  14,9	  15,5	  10,7	   4,4
*	    23,6497	 1	115,66	 87,07	   2,8	   9,8	  17,2	  17,8	  12,9	   6,6
*	    30,1343	 1	125,72	 92,09	  -1,5	   5,5	  12,9	  13,5	   8,6	   2,3
*	    26,5957	 1	120,85	 92,20	   0,6	   7,7	  15,0	  15,6	  10,8	   4,5
*	    23,4444	 1	115,76	 92,30	   2,9	   9,9	  17,3	  17,9	  13,1	   6,7
*	    59,9087	 1	125,19	 49,06	 -11,2	  -5,3	   0,8	   1,1	  -3,7	 -10,2
*	    58,4274	 1	121,97	 48,59	 -10,8	  -4,8	   1,3	   1,5	  -3,2	  -9,7
*	    57,1292	 1	118,63	 48,21	 -10,3	  -4,3	   1,8	   2,0	  -2,8	  -9,3
*	    56,0238	 1	115,21	 47,92	  -9,9	  -4,0	   2,1	   2,4	  -2,4	  -8,9
*	    56,8016	 1	125,27	 50,97	 -10,2	  -4,3	   1,8	   2,1	  -2,7	  -9,2
*	    55,2560	 1	122,04	 50,51	  -9,7	  -3,7	   2,4	   2,6	  -2,2	  -8,7
*	    53,8981	 1	118,70	 50,13	  -9,2	  -3,3	   2,8	   3,1	  -1,7	  -8,2
*	    52,7387	 1	115,27	 49,84	  -8,8	  -2,8	   3,3	   3,5	  -1,2	  -7,7
*	    53,7901	 1	125,35	 53,00	  -9,2	  -3,3	   2,8	   3,1	  -1,7	  -8,2
*	    52,1761	 1	122,12	 52,54	  -8,7	  -2,7	   3,4	   3,7	  -1,1	  -7,6
*	    50,7540	 1	118,77	 52,17	  -8,1	  -2,1	   4,0	   4,2	  -0,5	  -7,0
*	    49,5360	 1	115,34	 51,88	  -7,7	  -1,7	   4,4	   4,7	  -0,1	  -6,5
*	    50,8856	 1	125,43	 55,15	  -8,2	  -2,2	   3,9	   4,1	  -0,6	  -7,1
*	    49,1989	 1	122,19	 54,70	  -7,6	  -1,6	   4,5	   4,7	   0,0	  -6,5
*	    47,7079	 1	118,84	 54,33	  -7,0	  -1,0	   5,1	   5,3	   0,6	  -5,9
*	    46,4265	 1	115,40	 54,06	  -6,5	  -0,5	   5,6	   5,8	   1,1	  -5,3
*	    48,1011	 1	125,51	 57,43	  -7,2	  -1,2	   4,9	   5,1	   0,4	  -6,1
*	    46,3374	 1	122,27	 56,99	  -6,5	  -0,5	   5,6	   5,8	   1,1	  -5,4
*	    44,7727	 1	118,91	 56,64	  -5,9	   0,1	   6,2	   6,5	   1,7	  -4,7
*	    43,4225	 1	115,46	 56,36	  -5,3	   0,7	   6,8	   7,0	   2,3	  -4,1
*	    45,4512	 1	125,59	 59,83	  -6,2	  -0,2	   5,9	   6,1	   1,4	  -5,0
*	    43,6065	 1	122,34	 59,42	  -5,4	   0,6	   6,7	   6,9	   2,2	  -4,2
*	    41,9633	 1	118,98	 59,08	  -4,7	   1,3	   7,4	   7,6	   2,9	  -3,5
*	    40,5387	 1	115,52	 58,82	  -4,1	   1,9	   8,0	   8,3	   3,5	  -2,9
*	    36,4597	 1	 10,68	 50,02	   2,5	   3,3	  -4,4	  -4,1	  -9,0	  -2,2
*	    38,7401	 1	  0,99	 49,43	   1,7	   2,5	  -5,3	  -4,9	  -9,8	  -3,0
*	    32,7666	 1	 10,29	 56,14	   4,2	   5,0	  -2,7	  -2,4	  -7,3	  -0,5
*	    35,1449	 1	  0,58	 55,57	   3,3	   4,1	  -3,6	  -3,3	  -8,2	  -1,4
*	    29,7281	 1	  9,90	 63,30	   5,7	   6,4	  -1,3	  -0,9	  -5,8	   1,1
*	    32,1895	 1	  0,18	 62,74	   4,7	   5,5	  -2,2	  -1,9	  -6,8	   0,1
*	    27,4662	 1	  9,51	 71,51	   6,8	   7,6	  -0,1	   0,3	  -4,6	   2,3
*	    29,9896	 1	359,78	 71,00	   5,8	   6,6	  -1,1	  -0,7	  -5,6	   1,2
*	    26,0955	 1	  9,11	 80,60	   7,6	   8,4	   0,7	   1,0	  -3,9	   3,0
*	    28,6543	 1	359,38	 80,13	   6,5	   7,3	  -0,4	  -0,0	  -4,9	   1,9
*	    25,6989	 1	  8,72	 90,21	   7,8	   8,6	   0,9	   1,3	  -3,6	   3,2
*	    28,2634	 1	358,97	 89,81	   6,8	   7,5	  -0,2	   0,2	  -4,7	   2,2
*	    43,4602	 1	359,12	 44,24	  -0,2	   0,5	  -7,2	  -6,8	 -11,7	  -5,0
*	    41,1447	 1	  8,84	 44,63	   0,6	   1,3	  -6,4	  -6,0	 -10,9	  -4,2
*	    47,9956	 1	359,52	 39,86	  -2,0	  -1,2	  -8,9	  -8,6	 -13,5	  -6,8
*	    45,7966	 1	  9,24	 40,26	  -1,2	  -0,5	  -8,2	  -7,8	 -12,8	  -6,0
*	    52,8911	 1	359,92	 36,16	  -3,7	  -2,9	 -10,7	 -10,3	 -15,3	  -8,6
*	    50,8075	 1	  9,63	 36,56	  -3,1	  -2,3	 -10,0	  -9,7	 -14,6	  -7,9
*	    56,1113	 1	 10,02	 33,42	  -4,8	  -4,1	 -11,8	 -11,5	 -16,4	  -9,7
*	    30,6635	 1	161,94	 93,52	 -11,4	  -5,5	   0,4	   2,7	  -1,6	  -8,6
*	    30,9483	 1	162,81	 90,89	 -10,1	  -4,1	   1,7	   4,1	  -0,2	  -7,2
*	    33,9997	 1	162,57	 90,89	 -11,5	  -5,6	   0,3	   2,6	  -1,7	  -8,7
*	    37,1270	 1	162,36	 90,89	 -12,8	  -6,9	  -1,1	   1,3	  -3,1	 -10,1
*	    40,3219	 1	162,18	 90,88	 -14,2	  -8,3	  -2,4	  -0,1	  -4,4	 -11,4
*	    43,5770	 1	162,00	 90,88	 -15,5	  -9,5	  -3,7	  -1,4	  -5,7	 -12,7
*	    46,8858	 1	161,87	 90,87	 -16,7	 -10,8	  -4,9	  -2,6	  -6,9	 -14,0
*	    42,1437	 1	349,72	 48,50	  -4,3	   2,8	  10,1	  10,7	   5,8	  -0,6
*	    44,1741	 1	341,26	 48,40	  -4,9	   2,1	   9,4	  10,0	   5,2	  -1,3
*	    46,6677	 1	333,02	 48,89	  -5,8	   1,2	   8,6	   9,2	   4,3	  -2,2
*	    39,0265	 1	349,38	 53,65	  -2,9	   4,1	  11,5	  12,1	   7,2	   0,8
*	    41,1240	 1	340,93	 53,54	  -3,6	   3,4	  10,7	  11,3	   6,5	   0,0
*	    43,7067	 1	332,72	 54,00	  -4,5	   2,5	   9,8	  10,4	   5,5	  -0,9
*	    36,3590	 1	349,04	 59,57	  -1,7	   5,3	  12,7	  13,3	   8,4	   2,0
*	    38,5163	 1	340,60	 59,43	  -2,5	   4,6	  11,9	  12,5	   7,7	   1,2
*	    41,1803	 1	332,42	 59,81	  -3,4	   3,6	  11,0	  11,5	   6,7	   0,2
*	    34,2112	 1	348,69	 66,28	  -0,7	   6,4	  13,7	  14,3	   9,5	   3,1
*	    36,4181	 1	340,28	 66,11	  -1,5	   5,6	  12,9	  13,5	   8,7	   2,3
*	    39,1517	 1	332,12	 66,39	  -2,5	   4,5	  11,9	  12,5	   7,6	   1,2
*	    32,6537	 1	348,35	 73,73	   0,1	   7,2	  14,5	  15,1	  10,3	   3,9
*	    34,8969	 1	339,95	 73,53	  -0,7	   6,3	  13,7	  14,3	   9,4	   3,1
*	    37,6833	 1	331,82	 73,63	  -1,8	   5,3	  12,6	  13,2	   8,3	   1,9
*	    31,7484	 1	348,01	 81,78	   0,6	   7,7	  15,0	  15,6	  10,8	   4,4
*	    34,0119	 1	339,63	 81,51	  -0,2	   6,8	  14,2	  14,8	   9,9	   3,5
*	    36,8295	 1	331,53	 81,42	  -1,3	   5,7	  13,1	  13,7	   8,8	   2,4
*	    31,5369	 1	347,68	 90,14	   0,8	   7,8	  15,1	  15,7	  10,9	   4,5
*	    33,8032	 1	339,31	 89,81	  -0,1	   6,9	  14,3	  14,9	  10,0	   3,7
*	    60,4725	 1	352,66	 32,50	  -8,7	  -2,7	   3,4	   3,6	  -1,1	  -7,7
*	    61,5415	 1	346,87	 32,29	  -9,0	  -3,0	   3,1	   3,3	  -1,4	  -8,0
*	    62,7881	 1	341,06	 32,34	  -9,3	  -3,3	   2,7	   3,0	  -1,8	  -8,3
*	    64,2069	 1	335,38	 32,66	  -9,7	  -3,7	   2,4	   2,6	  -2,2	  -8,8
*	    57,3955	 1	352,43	 34,26	  -7,7	  -1,7	   4,4	   4,6	  -0,2	  -6,7
*	    58,4955	 1	346,64	 34,05	  -8,0	  -2,0	   4,1	   4,3	  -0,5	  -7,0
*	    59,7789	 1	340,84	 34,11	  -8,4	  -2,4	   3,7	   3,9	  -0,8	  -7,4
*	    61,2397	 1	335,16	 34,44	  -8,8	  -2,8	   3,3	   3,5	  -1,3	  -7,8
*	    54,4132	 1	352,19	 36,20	  -6,7	  -0,7	   5,4	   5,6	   0,8	  -5,7
*	    55,5447	 1	346,40	 36,00	  -7,0	  -1,1	   5,0	   5,3	   0,5	  -6,0
*	    56,8654	 1	340,61	 36,06	  -7,4	  -1,5	   4,6	   4,9	   0,1	  -6,4
*	    58,3692	 1	334,95	 36,40	  -7,9	  -1,9	   4,2	   4,4	  -0,3	  -6,8
*	    51,5363	 1	351,95	 38,33	  -5,7	   0,3	   6,4	   6,6	   1,9	  -4,6
*	    52,6996	 1	346,17	 38,12	  -6,1	  -0,1	   6,0	   6,2	   1,5	  -5,0
*	    54,0583	 1	340,39	 38,20	  -6,5	  -0,5	   5,6	   5,8	   1,1	  -5,4
*	    55,6057	 1	334,74	 38,55	  -6,9	  -1,0	   5,1	   5,4	   0,6	  -5,9
*	    48,7774	 1	351,72	 40,69	  -4,7	   1,3	   7,4	   7,6	   2,9	  -3,6
*	    49,9723	 1	345,94	 40,48	  -5,1	   0,9	   7,0	   7,2	   2,5	  -4,0
*	    51,3691	 1	340,16	 40,55	  -5,5	   0,5	   6,6	   6,8	   2,1	  -4,4
*	    52,9607	 1	334,53	 40,92	  -6,0	  -0,0	   6,1	   6,3	   1,6	  -4,9
*	    46,1501	 1	351,48	 43,28	  -3,7	   2,3	   8,4	   8,6	   3,9	  -2,6
*	    47,3763	 1	345,71	 43,07	  -4,1	   1,9	   8,0	   8,2	   3,5	  -3,0
*	    48,8112	 1	339,94	 43,16	  -4,6	   1,4	   7,5	   7,7	   3,0	  -3,5
*	    50,4471	 1	334,32	 43,52	  -5,1	   0,9	   7,0	   7,2	   2,5	  -4,0
*	    33,4325	 1	168,55	 89,70	  -6,4	  -0,5	   5,4	   7,7	   3,4	  -3,6
*	    36,3894	 1	167,92	 89,77	  -7,7	  -1,8	   4,1	   6,4	   2,1	  -4,9
*	    39,4250	 1	167,37	 89,84	  -9,0	  -3,1	   2,8	   5,1	   0,8	  -6,3
*	    42,5314	 1	166,89	 89,90	 -10,3	  -4,4	   1,5	   3,8	  -0,5	  -7,5
*	    45,7017	 1	166,45	 89,96	 -11,5	  -5,6	   0,3	   2,6	  -1,7	  -8,8
*	    48,9293	 1	166,06	 90,01	 -12,7	  -6,8	  -0,9	   1,4	  -2,9	 -10,0
*	    52,2084	 1	165,72	 90,04	 -13,8	  -7,9	  -2,0	   0,3	  -4,1	 -11,2
*	    46,9148	 1	136,77	 65,71	  -0,9	  -0,1	  -7,8	  -7,5	 -12,4	  -5,7
*	    43,7194	 1	131,36	 65,35	   0,4	   1,2	  -6,5	  -6,2	 -11,1	  -4,3
*	    43,8137	 1	136,93	 70,37	   0,3	   1,1	  -6,6	  -6,3	 -11,2	  -4,5
*	    40,4376	 1	131,51	 70,08	   1,8	   2,5	  -5,2	  -4,8	  -9,7	  -3,0
*	    41,3223	 1	137,10	 75,34	   1,3	   2,1	  -5,6	  -5,3	 -10,2	  -3,4
*	    37,7841	 1	131,67	 75,15	   2,9	   3,7	  -4,0	  -3,7	  -8,6	  -1,8
*	    39,5158	 1	137,26	 80,58	   2,0	   2,8	  -4,9	  -4,5	  -9,5	  -2,7
*	    35,8500	 1	131,82	 80,49	   3,8	   4,5	  -3,2	  -2,8	  -7,7	  -0,9
*	    38,4567	 1	137,43	 86,01	   2,5	   3,3	  -4,5	  -4,1	  -9,0	  -2,2
*	    34,7134	 1	131,98	 86,05	   4,3	   5,1	  -2,6	  -2,3	  -7,2	  -0,4
*	    38,1851	 1	137,60	 91,55	   2,6	   3,4	  -4,3	  -4,0	  -8,9	  -2,1
*	    34,4256	 1	132,13	 91,70	   4,4	   5,2	  -2,5	  -2,2	  -7,1	  -0,2
*	    51,2043	 1	129,84	 56,94	  -2,4	  -1,6	  -9,3	  -9,0	 -13,9	  -7,2
*	    53,9198	 1	135,27	 57,34	  -3,4	  -2,6	 -10,3	 -10,0	 -14,9	  -8,2
*	    55,8890	 1	129,70	 53,27	  -4,0	  -3,2	 -10,9	 -10,6	 -15,5	  -8,9
*	    58,4317	 1	135,11	 53,71	  -4,8	  -4,1	 -11,8	 -11,5	 -16,4	  -9,7
s	    36,6321	 1	 90,00	 26,13	  29,4	  32,8	  22,8	  23,2	  26,7	  24,1
*	    61,0527	 1	271,39	 30,99	   5,4	   8,7	  -1,3	  -0,9	   2,6	  -0,2
*	    50,1494	 1	293,70	 18,09	   8,8	  12,2	   2,2	   2,5	   6,1	   3,4
*	    43,0850	 1	  2,26	 14,11	  11,2	  14,5	   4,6	   4,9	   8,4	   5,8
*	    40,7029	 1	 41,15	 26,43	  11,9	  15,2	   5,3	   5,6	   9,2	   6,6
*	    58,3335	 1	239,08	 29,62	   6,1	   9,5	  -0,5	  -0,1	   3,4	   0,7
*	    46,9968	 1	225,76	 14,36	   9,9	  13,2	   3,2	   3,6	   7,1	   4,5
*	    39,4932	 1	115,84	  8,12	  12,5	  15,9	   5,9	   6,2	   9,8	   7,2
*	    36,7519	 1	 82,74	 24,34	  13,5	  16,8	   6,9	   7,2	  10,8	   8,2
*	    39,0939	 1	 76,98	 38,60	  12,7	  16,0	   6,1	   6,4	  10,0	   7,4
*	    60,0889	 1	211,85	 35,32	   5,5	   8,8	  -1,2	  -0,8	   2,7	  -0,1
*	    48,9465	 1	187,73	 26,39	   9,0	  12,4	   2,4	   2,7	   6,3	   3,6
*	    41,4574	 1	146,75	 24,37	  11,6	  15,0	   5,0	   5,4	   8,9	   6,3
*	    38,5076	 1	114,70	 32,19	  12,8	  16,1	   6,2	   6,5	  10,1	   7,5
*	    40,5416	 1	 99,05	 42,47	  12,2	  15,6	   5,6	   6,0	   9,5	   6,9
*	    65,9443	 1	195,82	 43,54	   3,6	   6,9	  -3,1	  -2,7	   0,8	  -2,0
*	    55,4958	 1	176,38	 38,99	   6,7	  10,0	   0,0	   0,4	   3,9	   1,2
*	    48,4545	 1	152,13	 38,32	   9,0	  12,3	   2,3	   2,7	   6,2	   3,6
*	    45,5818	 1	130,12	 42,30	  10,1	  13,4	   3,4	   3,8	   7,3	   4,7
*	    65,6012	 1	171,42	 48,74	   3,5	   6,8	  -3,1	  -2,8	   0,7	  -2,1
*	    59,2474	 1	154,30	 48,58	   5,4	   8,7	  -1,3	  -0,9	   2,6	  -0,1
*	    47,3820	 1	327,70	 49,64	   1,2	   2,0	  -5,7	  -5,4	 -10,3	  -3,6
*	    49,8480	 1	318,46	 50,12	   0,4	   1,2	  -6,5	  -6,2	 -11,1	  -4,4
*	    44,1220	 1	327,37	 55,68	   2,6	   3,4	  -4,4	  -4,0	  -8,9	  -2,2
*	    46,6781	 1	318,17	 56,11	   1,7	   2,5	  -5,2	  -4,9	  -9,8	  -3,1
*	    41,4572	 1	327,04	 62,68	   3,8	   4,5	  -3,2	  -2,8	  -7,7	  -1,0
*	    44,0927	 1	317,89	 63,01	   2,9	   3,6	  -4,1	  -3,7	  -8,7	  -1,9
*	    39,4816	 1	326,72	 70,62	   4,7	   5,5	  -2,2	  -1,9	  -6,8	   0,0
*	    42,1797	 1	317,61	 70,80	   3,7	   4,5	  -3,2	  -2,8	  -7,8	  -1,0
*	    38,2830	 1	326,40	 79,35	   5,3	   6,1	  -1,6	  -1,3	  -6,2	   0,6
*	    41,0205	 1	317,34	 79,31	   4,3	   5,1	  -2,6	  -2,3	  -7,2	  -0,4
*	    60,5651	 1	328,74	 35,87	  -3,5	  -2,7	 -10,5	 -10,1	 -15,1	  -8,4
*	    62,7245	 1	319,36	 36,33	  -4,1	  -3,3	 -11,1	 -10,7	 -15,7	  -9,0
*	    55,9649	 1	328,41	 39,52	  -2,0	  -1,2	  -8,9	  -8,6	 -13,5	  -6,8
*	    58,2224	 1	319,07	 40,01	  -2,6	  -1,9	  -9,6	  -9,2	 -14,2	  -7,5
*	    51,7167	 1	328,07	 43,81	  -0,4	   0,3	  -7,4	  -7,0	 -12,0	  -5,3
*	    54,0727	 1	318,78	 44,31	  -1,2	  -0,4	  -8,1	  -7,8	 -12,7	  -6,0
s	    39,6424	 2	 84,00	 31,61	  28,2	  26,3	   2,4	   2,7	   6,3	  16,9
*	    41,5733	 1	142,71	 92,91	  -2,9	   4,1	  11,5	  12,1	   7,2	   0,8
*	    44,4320	 1	147,50	 92,74	  -4,1	   3,0	  10,3	  10,9	   6,0	  -0,4
*	    47,6628	 1	152,14	 92,54	  -5,3	   1,7	   9,1	   9,7	   4,8	  -1,7
*	    41,5817	 1	142,55	 88,04	  -2,9	   4,1	  11,5	  12,1	   7,2	   0,8
*	    44,4430	 1	147,34	 87,93	  -4,1	   3,0	  10,3	  10,9	   6,0	  -0,4
*	    47,6757	 1	151,97	 87,83	  -5,3	   1,7	   9,1	   9,7	   4,8	  -1,7
*	    42,1868	 1	142,40	 83,23	  -3,1	   3,9	  11,3	  11,9	   7,0	   0,6
*	    45,0227	 1	147,17	 83,17	  -4,3	   2,7	  10,1	  10,7	   5,8	  -0,6
*	    48,2301	 1	151,80	 83,16	  -5,5	   1,5	   8,9	   9,5	   4,6	  -1,9
*	    43,3726	 1	142,24	 78,54	  -3,6	   3,4	  10,8	  11,4	   6,5	   0,1
*	    46,1571	 1	147,01	 78,52	  -4,7	   2,3	   9,7	  10,3	   5,4	  -1,1
*	    49,3139	 1	151,63	 78,59	  -5,9	   1,1	   8,5	   9,1	   4,2	  -2,3
*	    45,1086	 1	142,08	 74,00	  -4,3	   2,8	  10,1	  10,7	   5,8	  -0,6
*	    47,8199	 1	146,84	 74,05	  -5,3	   1,7	   9,1	   9,7	   4,8	  -1,7
*	    50,9043	 1	151,46	 74,18	  -6,4	   0,6	   7,9	   8,5	   3,6	  -2,9
*	    47,3538	 1	141,92	 69,68	  -5,1	   1,9	   9,3	   9,9	   5,0	  -1,5
*	    49,9754	 1	146,68	 69,76	  -6,1	   0,9	   8,3	   8,9	   4,0	  -2,5
*	    52,9699	 1	151,29	 69,97	  -7,1	  -0,1	   7,2	   7,8	   2,9	  -3,6
*	    50,0611	 1	141,77	 65,61	  -6,1	   1,0	   8,3	   8,9	   4,0	  -2,5
*	    52,5818	 1	146,51	 65,73	  -7,0	   0,0	   7,4	   8,0	   3,1	  -3,4
*	    55,4740	 1	151,12	 65,98	  -8,0	  -1,0	   6,4	   7,0	   2,1	  -4,4
*	    53,1810	 1	141,61	 61,80	  -7,1	  -0,1	   7,2	   7,8	   2,9	  -3,6
*	    55,5945	 1	146,35	 61,94	  -8,0	  -1,0	   6,4	   7,0	   2,1	  -4,5
*	    58,3767	 1	150,96	 62,25	  -8,9	  -1,9	   5,5	   6,0	   1,1	  -5,4
*	    70,5552	 1	148,91	 50,81	 -10,5	  -4,5	   1,6	   1,8	  -3,0	  -9,6
*	    69,0046	 1	145,84	 50,57	 -10,1	  -4,1	   2,0	   2,2	  -2,6	  -9,2
*	    67,6072	 1	142,72	 50,42	  -9,7	  -3,7	   2,4	   2,6	  -2,1	  -8,7
*	    66,3700	 1	139,56	 50,36	  -9,3	  -3,3	   2,8	   3,0	  -1,8	  -8,4
*	    67,8366	 1	149,02	 52,70	  -9,8	  -3,8	   2,3	   2,5	  -2,2	  -8,8
*	    66,2374	 1	145,95	 52,46	  -9,3	  -3,3	   2,8	   3,0	  -1,8	  -8,3
*	    64,7940	 1	142,82	 52,31	  -8,9	  -2,9	   3,2	   3,4	  -1,3	  -7,9
*	    63,5134	 1	139,66	 52,25	  -8,5	  -2,5	   3,6	   3,8	  -0,9	  -7,5
*	    65,2294	 1	149,13	 54,69	  -9,0	  -3,0	   3,1	   3,3	  -1,5	  -8,1
*	    63,5807	 1	146,06	 54,46	  -8,5	  -2,5	   3,6	   3,8	  -1,0	  -7,5
*	    62,0898	 1	142,93	 54,32	  -8,0	  -2,1	   4,0	   4,3	  -0,5	  -7,1
*	    60,7646	 1	139,76	 54,25	  -7,6	  -1,6	   4,5	   4,7	  -0,1	  -6,6
*	    62,7436	 1	149,24	 56,78	  -8,3	  -2,3	   3,8	   4,0	  -0,7	  -7,3
*	    61,0446	 1	146,16	 56,57	  -7,7	  -1,8	   4,3	   4,6	  -0,2	  -6,8
*	    59,5054	 1	143,03	 56,42	  -7,3	  -1,3	   4,8	   5,1	   0,3	  -6,2
*	    58,1343	 1	139,86	 56,37	  -6,8	  -0,8	   5,3	   5,5	   0,8	  -5,8
*	    60,3899	 1	149,35	 58,99	  -7,6	  -1,6	   4,5	   4,7	  -0,0	  -6,6
*	    58,6403	 1	146,27	 58,78	  -7,0	  -1,0	   5,1	   5,3	   0,5	  -6,0
*	    57,0522	 1	143,14	 58,66	  -6,5	  -0,5	   5,6	   5,8	   1,1	  -5,4
*	    55,6344	 1	139,96	 58,60	  -6,0	  -0,0	   6,1	   6,3	   1,6	  -4,9
*	    58,1795	 1	149,46	 61,30	  -6,9	  -0,9	   5,2	   5,4	   0,7	  -5,8
*	    56,3796	 1	146,38	 61,12	  -6,3	  -0,3	   5,8	   6,0	   1,3	  -5,2
*	    54,7425	 1	143,24	 60,99	  -5,7	   0,3	   6,4	   6,6	   1,8	  -4,7
*	    53,2776	 1	140,06	 60,95	  -5,2	   0,8	   6,9	   7,1	   2,4	  -4,1
s	    41,7678	 3	233,50	154,34	  27,0	  30,4	  20,0	  19,8	  23,1	  20,2
s	    42,6222	 2	 90,00	 23,90	  26,5	  30,9	  22,0	  22,6	  26,2	  23,6
*	    53,4076	 1	308,49	 50,05	  -6,2	   0,8	   8,2	   8,8	   3,9	  -2,6
*	    55,2603	 1	301,44	 50,63	  -6,8	   0,3	   7,6	   8,2	   3,3	  -3,2
*	    57,5016	 1	294,82	 51,58	  -7,5	  -0,5	   6,9	   7,5	   2,6	  -4,0
*	    50,7790	 1	308,31	 54,72	  -5,2	   1,9	   9,2	   9,8	   4,9	  -1,6
*	    52,6874	 1	301,29	 55,26	  -5,8	   1,2	   8,6	   9,2	   4,3	  -2,2
*	    54,9988	 1	294,70	 56,14	  -6,6	   0,5	   7,8	   8,4	   3,5	  -3,0
*	    48,5167	 1	308,12	 59,94	  -4,2	   2,8	  10,1	  10,7	   5,8	  -0,6
*	    50,4766	 1	301,14	 60,43	  -4,9	   2,1	   9,5	  10,1	   5,2	  -1,3
*	    52,8531	 1	294,58	 61,21	  -5,7	   1,3	   8,7	   9,2	   4,4	  -2,2
*	    46,6657	 1	307,94	 65,74	  -3,5	   3,6	  10,9	  11,5	   6,6	   0,2
*	    48,6705	 1	300,99	 66,12	  -4,1	   2,9	  10,2	  10,8	   5,9	  -0,5
*	    51,1041	 1	294,47	 66,75	  -5,0	   2,0	   9,4	  10,0	   5,1	  -1,4
*	    45,2699	 1	307,76	 72,06	  -2,8	   4,2	  11,6	  12,1	   7,3	   0,8
*	    47,3105	 1	300,84	 72,31	  -3,5	   3,5	  10,8	  11,4	   6,5	   0,1
*	    49,7898	 1	294,35	 72,76	  -4,4	   2,6	   9,9	  10,5	   5,6	  -0,9
*	    44,3686	 1	307,58	 78,81	  -2,4	   4,6	  12,0	  12,6	   7,7	   1,2
*	    46,4334	 1	300,69	 78,89	  -3,1	   3,9	  11,2	  11,8	   6,9	   0,5
*	    48,9435	 1	294,24	 79,12	  -4,1	   3,0	  10,3	  10,9	   6,0	  -0,5
*	    69,8091	 1	310,44	 34,00	  -9,0	  -3,0	   3,1	   3,3	  -1,4	  -8,1
*	    70,8757	 1	305,17	 34,32	  -9,2	  -3,3	   2,8	   3,1	  -1,7	  -8,3
*	    72,1123	 1	300,08	 34,86	  -9,5	  -3,6	   2,5	   2,7	  -2,0	  -8,7
*	    73,5134	 1	295,26	 35,59	  -9,9	  -3,9	   2,2	   2,4	  -2,4	  -9,0
*	    66,9946	 1	310,30	 35,83	  -8,1	  -2,2	   3,9	   4,2	  -0,6	  -7,2
*	    68,0887	 1	305,05	 36,16	  -8,4	  -2,4	   3,7	   3,9	  -0,9	  -7,5
*	    69,3581	 1	299,97	 36,72	  -8,7	  -2,8	   3,3	   3,5	  -1,2	  -7,8
*	    70,7966	 1	295,17	 37,46	  -9,1	  -3,2	   2,9	   3,2	  -1,6	  -8,2
*	    64,2794	 1	310,15	 37,83	  -7,3	  -1,3	   4,8	   5,0	   0,2	  -6,3
*	    65,4016	 1	304,92	 38,18	  -7,6	  -1,6	   4,5	   4,7	  -0,1	  -6,6
*	    66,7043	 1	299,87	 38,73	  -7,9	  -2,0	   4,1	   4,3	  -0,4	  -7,0
*	    68,1810	 1	295,08	 39,48	  -8,3	  -2,4	   3,7	   3,9	  -0,8	  -7,4
*	    61,6732	 1	310,01	 40,02	  -6,5	  -0,5	   5,6	   5,8	   1,1	  -5,5
*	    62,8237	 1	304,80	 40,36	  -6,8	  -0,8	   5,3	   5,5	   0,8	  -5,8
*	    64,1604	 1	299,76	 40,93	  -7,1	  -1,2	   4,9	   5,1	   0,4	  -6,2
*	    65,6759	 1	294,99	 41,68	  -7,6	  -1,6	   4,5	   4,7	  -0,0	  -6,6
*	    59,1867	 1	309,87	 42,40	  -5,6	   0,4	   6,5	   6,7	   1,9	  -4,6
*	    60,3656	 1	304,68	 42,76	  -6,0	   0,0	   6,1	   6,3	   1,6	  -5,0
*	    61,7365	 1	299,66	 43,32	  -6,4	  -0,4	   5,7	   5,9	   1,2	  -5,4
*	    63,2912	 1	294,91	 44,08	  -6,8	  -0,8	   5,3	   5,5	   0,7	  -5,8
*	    56,8313	 1	309,73	 45,01	  -4,8	   1,2	   7,3	   7,5	   2,7	  -3,8
*	    58,0387	 1	304,55	 45,37	  -5,2	   0,8	   6,9	   7,1	   2,4	  -4,1
*	    59,4438	 1	299,55	 45,93	  -5,6	   0,4	   6,5	   6,7	   2,0	  -4,6
*	    61,0380	 1	294,82	 46,68	  -6,1	  -0,1	   6,0	   6,2	   1,5	  -5,1
s	    45,3760	 3	 84,04	 29,01	  25,4	  24,5	   1,7	   2,3	   5,8	  16,5
*	    47,5983	 1	 73,93	 39,62	   1,5	   6,2	  19,4	  20,7	  17,6	  12,9
*	    49,1491	 1	 97,14	 43,18	   1,1	   5,8	  18,9	  20,2	  17,2	  12,4
*	    48,8657	 1	154,78	 90,56	   1,5	   2,2	  -5,5	  -5,1	 -10,1	  -3,3
*	    51,6728	 1	160,00	 90,36	   0,5	   1,2	  -6,5	  -6,1	 -11,1	  -4,4
*	    49,1553	 1	154,58	 85,30	   1,4	   2,1	  -5,6	  -5,2	 -10,2	  -3,5
*	    51,9541	 1	159,80	 85,16	   0,4	   1,1	  -6,6	  -6,2	 -11,2	  -4,5
*	    50,1054	 1	154,39	 80,15	   1,0	   1,8	  -5,9	  -5,6	 -10,5	  -3,8
*	    52,8714	 1	159,60	 80,04	   0,1	   0,8	  -6,9	  -6,5	 -11,5	  -4,8
*	    51,6914	 1	154,19	 75,16	   0,5	   1,2	  -6,5	  -6,1	 -11,1	  -4,4
*	    54,4026	 1	159,40	 75,10	  -0,4	   0,3	  -7,4	  -7,1	 -12,0	  -5,3
*	    53,8748	 1	154,00	 70,40	  -0,3	   0,5	  -7,2	  -6,9	 -11,8	  -5,1
*	    56,5131	 1	159,20	 70,39	  -1,1	  -0,4	  -8,1	  -7,7	 -12,7	  -6,0
*	    56,6076	 1	153,81	 65,94	  -1,1	  -0,4	  -8,1	  -7,8	 -12,7	  -6,0
*	    59,1591	 1	159,00	 65,94	  -2,0	  -1,2	  -8,9	  -8,6	 -13,5	  -6,9
*	    63,2112	 1	153,43	 58,20	  -3,2	  -2,4	 -10,1	  -9,8	 -14,8	  -8,1
*	    65,5740	 1	158,61	 58,24	  -3,9	  -3,1	 -10,8	 -10,5	 -15,5	  -8,9
*	    67,2420	 1	153,24	 54,63	  -4,4	  -3,6	 -11,3	 -11,0	 -15,9	  -9,3
*	    58,1946	 1	289,36	 52,98	  -0,1	   0,6	  -7,1	  -6,7	 -11,7	  -5,0
*	    60,0922	 1	281,54	 53,77	  -0,7	   0,1	  -7,7	  -7,3	 -12,3	  -5,6
*	    62,5537	 1	274,33	 54,97	  -1,5	  -0,7	  -8,4	  -8,1	 -13,1	  -6,4
*	    55,3284	 1	289,25	 58,69	   0,9	   1,7	  -6,0	  -5,7	 -10,6	  -3,9
*	    57,2925	 1	281,48	 59,39	   0,3	   1,1	  -6,6	  -6,3	 -11,3	  -4,6
*	    59,8421	 1	274,31	 60,47	  -0,5	   0,2	  -7,5	  -7,1	 -12,1	  -5,4
*	    53,0119	 1	289,14	 65,10	   1,9	   2,6	  -5,1	  -4,8	  -9,7	  -3,0
*	    55,0347	 1	281,41	 65,67	   1,2	   1,9	  -5,8	  -5,4	 -10,4	  -3,7
*	    57,6618	 1	274,29	 66,56	   0,3	   1,0	  -6,7	  -6,3	 -11,3	  -4,6
*	    51,3125	 1	289,03	 72,17	   2,6	   3,3	  -4,4	  -4,0	  -9,0	  -2,3
*	    53,3817	 1	281,35	 72,56	   1,8	   2,6	  -5,1	  -4,8	  -9,7	  -3,0
*	    56,0702	 1	274,26	 73,20	   0,9	   1,7	  -6,1	  -5,7	 -10,7	  -4,0
*	    50,2898	 1	288,92	 79,76	   3,0	   3,8	  -4,0	  -3,6	  -8,5	  -1,8
*	    52,3886	 1	281,29	 79,93	   2,2	   3,0	  -4,7	  -4,4	  -9,3	  -2,6
*	    65,0005	 1	276,37	 49,67	  -2,3	  -1,6	  -9,3	  -8,9	 -13,9	  -7,3
*	    62,7848	 1	283,82	 48,51	  -1,7	  -0,9	  -8,6	  -8,3	 -13,2	  -6,6
*	    61,1211	 1	291,82	 47,82	  -1,2	  -0,4	  -8,1	  -7,8	 -12,7	  -6,1
*	    68,6299	 1	276,41	 45,33	  -3,5	  -2,7	 -10,4	 -10,1	 -15,1	  -8,5
*	    66,5035	 1	283,90	 44,14	  -2,9	  -2,1	  -9,8	  -9,5	 -14,5	  -7,8
*	    64,9045	 1	291,95	 43,45	  -2,4	  -1,7	  -9,4	  -9,0	 -14,0	  -7,4
*	    72,6232	 1	276,44	 41,52	  -4,7	  -3,9	 -11,6	 -11,3	 -16,3	  -9,7
*	    70,5855	 1	283,98	 40,32	  -4,1	  -3,4	 -11,1	 -10,7	 -15,7	  -9,1
*	    69,0510	 1	292,08	 39,63	  -3,7	  -2,9	 -10,7	 -10,3	 -15,3	  -8,7
*	    57,7019	 1	240,72	 59,24	 -10,9	  -3,9	   3,4	   4,0	  -0,9	  -7,4
*	    56,5581	 1	240,79	 61,97	 -10,5	  -3,5	   3,9	   4,4	  -0,5	  -7,0
*	    56,6084	 1	237,35	 62,24	 -10,6	  -3,5	   3,8	   4,4	  -0,5	  -7,0
*	    55,5327	 1	240,86	 64,81	 -10,1	  -3,1	   4,2	   4,8	  -0,1	  -6,6
*	    55,5867	 1	237,42	 65,07	 -10,2	  -3,2	   4,2	   4,8	  -0,1	  -6,6
*	    54,6317	 1	240,93	 67,79	  -9,8	  -2,8	   4,6	   5,2	   0,3	  -6,2
*	    54,6892	 1	237,50	 68,02	  -9,8	  -2,8	   4,5	   5,1	   0,2	  -6,3
*	    53,8607	 1	241,00	 70,88	  -9,5	  -2,5	   4,9	   5,5	   0,6	  -5,9
*	    53,9215	 1	237,58	 71,09	  -9,5	  -2,5	   4,8	   5,4	   0,5	  -6,0
*	    53,2251	 1	241,07	 74,08	  -9,2	  -2,2	   5,2	   5,7	   0,8	  -5,7
*	    53,2887	 1	237,65	 74,26	  -9,3	  -2,3	   5,1	   5,7	   0,8	  -5,7
*	    52,7295	 1	241,14	 77,37	  -9,0	  -2,0	   5,4	   5,9	   1,0	  -5,5
*	    52,7954	 1	237,73	 77,53	  -9,1	  -2,1	   5,3	   5,9	   1,0	  -5,5
*	    58,8254	 1	253,45	 59,09	 -11,2	  -4,2	   3,1	   3,7	  -1,2	  -7,7
*	    57,6908	 1	253,49	 61,80	 -10,8	  -3,8	   3,5	   4,1	  -0,8	  -7,3
*	    57,1686	 1	249,98	 61,71	 -10,7	  -3,6	   3,7	   4,3	  -0,6	  -7,1
*	    56,6737	 1	253,53	 64,65	 -10,4	  -3,4	   3,9	   4,5	  -0,4	  -6,9
*	    56,1457	 1	250,03	 64,56	 -10,3	  -3,3	   4,1	   4,7	  -0,2	  -6,8
*	    55,7799	 1	253,57	 67,61	 -10,1	  -3,1	   4,3	   4,9	  -0,0	  -6,6
*	    55,2467	 1	250,08	 67,56	  -9,9	  -2,9	   4,4	   5,0	   0,1	  -6,4
*	    55,0152	 1	253,61	 70,71	  -9,8	  -2,8	   4,6	   5,2	   0,3	  -6,3
*	    54,4774	 1	250,13	 70,66	  -9,6	  -2,6	   4,7	   5,3	   0,4	  -6,1
*	    54,3846	 1	253,65	 73,90	  -9,5	  -2,5	   4,8	   5,4	   0,5	  -6,0
*	    53,8430	 1	250,18	 73,87	  -9,4	  -2,4	   5,0	   5,6	   0,7	  -5,8
*	    53,8928	 1	253,69	 77,18	  -9,3	  -2,3	   5,0	   5,6	   0,7	  -5,8
*	    53,3481	 1	250,23	 77,17	  -9,2	  -2,2	   5,2	   5,8	   0,9	  -5,6
*	    54,2240	 1	226,81	 78,73	  -9,8	  -2,8	   4,6	   5,2	   0,3	  -6,2
*	    53,5971	 1	229,86	 78,45	  -9,5	  -2,5	   4,9	   5,4	   0,5	  -6,0
*	    54,6835	 1	226,72	 75,63	 -10,0	  -2,9	   4,4	   5,0	   0,1	  -6,4
*	    54,0630	 1	229,77	 75,29	  -9,7	  -2,7	   4,7	   5,3	   0,4	  -6,2
*	    55,2790	 1	226,63	 72,60	 -10,2	  -3,2	   4,2	   4,8	  -0,1	  -6,7
*	    54,6663	 1	229,68	 72,21	  -9,9	  -2,9	   4,4	   5,0	   0,1	  -6,4
*	    56,0064	 1	226,54	 69,66	 -10,5	  -3,4	   3,9	   4,5	  -0,4	  -6,9
*	    55,4029	 1	229,59	 69,22	 -10,2	  -3,2	   4,2	   4,7	  -0,2	  -6,7
*	    56,8612	 1	226,44	 66,82	 -10,8	  -3,8	   3,6	   4,2	  -0,7	  -7,3
*	    56,2681	 1	229,50	 66,32	 -10,5	  -3,5	   3,8	   4,4	  -0,5	  -7,0
*	    57,8385	 1	226,35	 64,08	 -11,1	  -4,1	   3,2	   3,8	  -1,1	  -7,6
*	    57,2568	 1	229,42	 63,55	 -10,9	  -3,9	   3,5	   4,1	  -0,8	  -7,4
*	    58,9330	 1	226,26	 61,45	 -11,5	  -4,5	   2,9	   3,4	  -1,5	  -8,0
*	    58,3633	 1	229,33	 60,89	 -11,3	  -4,3	   3,1	   3,7	  -1,2	  -7,8
s	    53,6015	 3	103,45	 96,30	  24,2	  25,7	  18,4	  17,0	  10,8	  17,3
*	    55,5188	 1	245,13	 65,13	   1,5	   2,2	  -5,5	  -5,1	 -10,1	  -3,4
*	    53,7739	 1	245,27	 71,81	   2,1	   2,9	  -4,8	  -4,5	  -9,4	  -2,7
*	    58,0768	 1	232,60	 60,09	   0,4	   1,2	  -6,6	  -6,2	 -11,2	  -4,5
*	    55,7715	 1	232,79	 66,06	   1,2	   2,0	  -5,7	  -5,4	 -10,3	  -3,6
*	    54,0537	 1	232,97	 72,56	   1,9	   2,7	  -5,1	  -4,7	  -9,7	  -3,0
*	    54,8193	 1	165,86	 89,01	  -5,7	   1,3	   8,7	   9,2	   4,3	  -2,2
*	    55,1250	 1	165,69	 84,65	  -5,8	   1,2	   8,6	   9,1	   4,2	  -2,3
*	    56,9881	 1	170,05	 84,49	  -6,4	   0,6	   8,0	   8,5	   3,6	  -2,9
*	    59,2017	 1	174,38	 84,35	  -7,1	  -0,1	   7,3	   7,9	   3,0	  -3,6
*	    55,8682	 1	165,51	 80,36	  -6,1	   1,0	   8,3	   8,9	   4,0	  -2,5
*	    57,7169	 1	169,87	 80,21	  -6,6	   0,4	   7,7	   8,3	   3,4	  -3,1
*	    59,9141	 1	174,20	 80,11	  -7,3	  -0,3	   7,1	   7,6	   2,7	  -3,8
*	    57,0371	 1	165,34	 76,19	  -6,4	   0,6	   7,9	   8,5	   3,6	  -2,9
*	    58,8627	 1	169,69	 76,04	  -7,0	   0,0	   7,4	   8,0	   3,0	  -3,5
*	    61,0337	 1	174,02	 75,98	  -7,6	  -0,6	   6,7	   7,3	   2,4	  -4,2
*	    58,6135	 1	165,17	 72,17	  -6,9	   0,1	   7,4	   8,0	   3,1	  -3,4
*	    60,4084	 1	169,52	 72,03	  -7,5	  -0,5	   6,9	   7,5	   2,6	  -4,0
*	    62,5445	 1	173,84	 71,98	  -8,1	  -1,1	   6,3	   6,8	   1,9	  -4,6
*	    60,5750	 1	164,99	 68,33	  -7,5	  -0,5	   6,8	   7,4	   2,5	  -4,1
*	    62,3326	 1	169,34	 68,20	  -8,1	  -1,0	   6,3	   6,9	   2,0	  -4,6
*	    64,4265	 1	173,67	 68,17	  -8,7	  -1,6	   5,7	   6,3	   1,4	  -5,2
*	    62,8956	 1	164,82	 64,69	  -8,2	  -1,2	   6,1	   6,7	   1,8	  -4,8
*	    64,6106	 1	169,17	 64,56	  -8,7	  -1,7	   5,6	   6,2	   1,3	  -5,3
*	    66,6563	 1	173,49	 64,55	  -9,3	  -2,3	   5,1	   5,6	   0,7	  -5,9
*	    79,7815	 1	171,81	 50,94	 -10,4	  -4,5	   1,6	   1,8	  -2,9	  -9,6
*	    78,5384	 1	168,78	 50,91	 -10,1	  -4,2	   1,9	   2,2	  -2,6	  -9,3
*	    77,4413	 1	165,74	 50,98	  -9,8	  -3,9	   2,2	   2,4	  -2,4	  -9,0
*	    76,4942	 1	162,72	 51,11	  -9,6	  -3,6	   2,5	   2,7	  -2,1	  -8,8
*	    77,3161	 1	171,93	 52,80	  -9,8	  -3,8	   2,3	   2,5	  -2,3	  -9,0
*	    76,0442	 1	168,90	 52,77	  -9,5	  -3,5	   2,6	   2,8	  -2,0	  -8,6
*	    74,9209	 1	165,87	 52,84	  -9,2	  -3,2	   2,9	   3,1	  -1,7	  -8,3
*	    73,9506	 1	162,83	 52,97	  -8,9	  -3,0	   3,1	   3,3	  -1,4	  -8,1
*	    74,9630	 1	172,06	 54,76	  -9,2	  -3,2	   2,9	   3,1	  -1,7	  -8,3
*	    73,6624	 1	169,03	 54,74	  -8,9	  -2,9	   3,2	   3,4	  -1,4	  -8,0
*	    72,5130	 1	165,99	 54,80	  -8,6	  -2,6	   3,5	   3,7	  -1,1	  -7,7
*	    71,5193	 1	162,95	 54,94	  -8,3	  -2,3	   3,8	   4,0	  -0,8	  -7,4
*	    72,7304	 1	172,18	 56,82	  -8,6	  -2,6	   3,5	   3,7	  -1,1	  -7,7
*	    71,4014	 1	169,15	 56,82	  -8,3	  -2,3	   3,8	   4,0	  -0,7	  -7,4
*	    70,2260	 1	166,11	 56,87	  -7,9	  -2,0	   4,1	   4,3	  -0,4	  -7,0
*	    69,2092	 1	163,07	 57,00	  -7,7	  -1,7	   4,4	   4,6	  -0,1	  -6,7
*	    70,6266	 1	172,30	 58,99	  -8,0	  -2,1	   4,0	   4,3	  -0,5	  -7,1
*	    69,2697	 1	169,27	 58,98	  -7,7	  -1,7	   4,4	   4,6	  -0,2	  -6,8
*	    68,0689	 1	166,23	 59,04	  -7,3	  -1,4	   4,7	   5,0	   0,2	  -6,4
*	    67,0293	 1	163,19	 59,18	  -7,0	  -1,1	   5,0	   5,2	   0,5	  -6,1
*	    68,6605	 1	172,43	 61,26	  -7,5	  -1,5	   4,6	   4,8	   0,0	  -6,6
*	    67,2765	 1	169,40	 61,26	  -7,1	  -1,1	   5,0	   5,2	   0,4	  -6,2
*	    66,0510	 1	166,35	 61,32	  -6,8	  -0,8	   5,3	   5,5	   0,8	  -5,8
*	    64,9891	 1	163,31	 61,45	  -6,5	  -0,5	   5,6	   5,8	   1,1	  -5,5
*	    55,1145	 1	259,05	 77,12	   1,8	   2,5	  -5,2	  -4,9	  -9,8	  -3,1
*	    56,3574	 1	259,00	 70,22	   1,3	   2,0	  -5,7	  -5,3	 -10,3	  -3,6
*	    58,2198	 1	258,94	 63,79	   0,6	   1,3	  -6,4	  -6,1	 -11,0	  -4,3
*	    64,2555	 1	271,31	 52,26	 -13,3	  -6,3	   1,0	   1,6	  -3,3	  -9,9
*	    62,8292	 1	271,31	 54,56	 -12,8	  -5,8	   1,5	   2,1	  -2,8	  -9,4
*	    61,5019	 1	271,30	 56,99	 -12,4	  -5,4	   2,0	   2,6	  -2,3	  -8,9
*	    60,2793	 1	271,30	 59,54	 -12,0	  -4,9	   2,4	   3,0	  -1,9	  -8,5
*	    59,1672	 1	271,30	 62,24	 -11,6	  -4,5	   2,8	   3,4	  -1,5	  -8,1
*	    58,1714	 1	271,29	 65,04	 -11,2	  -4,2	   3,2	   3,8	  -1,1	  -7,7
*	    57,2974	 1	271,29	 67,98	 -10,9	  -3,8	   3,5	   4,1	  -0,8	  -7,3
*	    56,5507	 1	271,29	 71,03	 -10,6	  -3,5	   3,8	   4,4	  -0,5	  -7,0
*	    55,9361	 1	271,28	 74,17	 -10,3	  -3,3	   4,0	   4,6	  -0,3	  -6,8
*	    55,4579	 1	271,28	 77,40	 -10,1	  -3,1	   4,2	   4,8	  -0,1	  -6,6
*	    65,1855	 1	269,38	 49,72	 -11,2	  -5,2	   0,9	   1,1	  -3,7	 -10,3
*	    65,8886	 1	271,67	 50,14	 -11,4	  -5,5	   0,6	   0,9	  -3,9	 -10,5
*	    66,3127	 1	269,38	 48,26	 -11,6	  -5,6	   0,5	   0,7	  -4,1	 -10,6
*	    67,0064	 1	271,67	 48,68	 -11,8	  -5,8	   0,3	   0,5	  -4,3	 -10,9
*	    67,4813	 1	269,38	 46,86	 -12,0	  -6,0	   0,1	   0,3	  -4,4	 -11,0
*	    68,1658	 1	271,67	 47,28	 -12,2	  -6,2	  -0,1	   0,1	  -4,6	 -11,2
*	    68,6898	 1	269,38	 45,52	 -12,3	  -6,4	  -0,3	  -0,0	  -4,8	 -11,4
*	    69,3649	 1	271,68	 45,94	 -12,5	  -6,6	  -0,5	  -0,2	  -5,0	 -11,6
*	    69,9363	 1	269,38	 44,22	 -12,7	  -6,7	  -0,6	  -0,4	  -5,2	 -11,8
*	    70,6021	 1	271,68	 44,65	 -12,9	  -6,9	  -0,8	  -0,6	  -5,4	 -12,0
*	    71,2192	 1	269,38	 42,99	 -13,1	  -7,1	  -1,0	  -0,8	  -5,6	 -12,2
*	    71,8758	 1	271,68	 43,41	 -13,3	  -7,3	  -1,2	  -1,0	  -5,8	 -12,4
*	    72,5370	 1	269,37	 41,79	 -13,5	  -7,5	  -1,4	  -1,2	  -6,0	 -12,6
*	    73,1844	 1	271,69	 42,23	 -13,7	  -7,7	  -1,6	  -1,4	  -6,2	 -12,8
*	    73,8882	 1	269,37	 40,66	 -13,9	  -7,9	  -1,8	  -1,6	  -6,4	 -13,0
*	    74,5265	 1	271,69	 41,08	 -14,0	  -8,1	  -2,0	  -1,8	  -6,5	 -13,2
*	    75,2713	 1	269,37	 39,57	 -14,3	  -8,3	  -2,2	  -2,0	  -6,8	 -13,4
*	    75,9006	 1	271,69	 40,00	 -14,4	  -8,5	  -2,4	  -2,2	  -6,9	 -13,6
*	    76,6849	 1	269,37	 38,52	 -14,7	  -8,7	  -2,6	  -2,4	  -7,2	 -13,8
*	    77,3053	 1	271,69	 38,94	 -14,8	  -8,8	  -2,8	  -2,5	  -7,3	 -14,0
*	    61,9194	 1	265,49	 60,23	 -12,3	  -5,3	   2,1	   2,7	  -2,2	  -8,8
*	    60,8732	 1	262,30	 59,79	 -11,9	  -4,9	   2,4	   3,0	  -1,9	  -8,5
*	    60,8279	 1	265,50	 62,85	 -11,9	  -4,9	   2,5	   3,1	  -1,8	  -8,4
*	    59,7668	 1	262,31	 62,46	 -11,5	  -4,5	   2,8	   3,4	  -1,5	  -8,1
*	    59,8509	 1	265,51	 65,60	 -11,5	  -4,5	   2,8	   3,4	  -1,5	  -8,0
*	    58,7760	 1	262,33	 65,25	 -11,2	  -4,2	   3,2	   3,8	  -1,1	  -7,7
*	    58,9936	 1	265,52	 68,47	 -11,2	  -4,2	   3,1	   3,7	  -1,2	  -7,7
*	    57,9061	 1	262,35	 68,15	 -10,9	  -3,8	   3,5	   4,1	  -0,8	  -7,4
*	    58,2611	 1	265,53	 71,43	 -11,0	  -3,9	   3,4	   4,0	  -0,9	  -7,4
*	    57,1625	 1	262,37	 71,15	 -10,6	  -3,6	   3,8	   4,4	  -0,5	  -7,1
*	    57,6578	 1	265,54	 74,48	 -10,7	  -3,7	   3,7	   4,2	  -0,7	  -7,2
*	    56,5497	 1	262,39	 74,25	 -10,3	  -3,3	   4,0	   4,6	  -0,3	  -6,8
*	    57,1877	 1	265,55	 77,62	 -10,5	  -3,5	   3,8	   4,4	  -0,5	  -7,0
*	    56,0722	 1	262,41	 77,44	 -10,2	  -3,1	   4,2	   4,8	  -0,1	  -6,6
*	    60,2602	 1	221,68	 62,15	  -0,5	   0,3	  -7,5	  -7,1	 -12,1	  -5,4
*	    58,0496	 1	221,89	 67,82	   0,3	   1,0	  -6,7	  -6,4	 -11,3	  -4,6
*	    56,4094	 1	222,09	 73,95	   0,9	   1,6	  -6,1	  -5,8	 -10,7	  -4,0
*	    61,4065	 1	218,43	 62,98	 -12,5	  -5,5	   1,9	   2,5	  -2,5	  -9,0
*	    62,4896	 1	215,95	 63,69	 -12,9	  -5,8	   1,5	   2,1	  -2,8	  -9,4
*	    60,3417	 1	218,53	 65,47	 -12,1	  -5,1	   2,2	   2,8	  -2,1	  -8,7
*	    61,4425	 1	216,05	 66,14	 -12,5	  -5,5	   1,8	   2,4	  -2,5	  -9,0
*	    59,3906	 1	218,63	 68,07	 -11,8	  -4,8	   2,6	   3,1	  -1,8	  -8,3
*	    60,5078	 1	216,15	 68,68	 -12,2	  -5,2	   2,2	   2,7	  -2,2	  -8,7
*	    58,5579	 1	218,72	 70,75	 -11,5	  -4,5	   2,8	   3,4	  -1,5	  -8,0
*	    59,6900	 1	216,25	 71,30	 -11,9	  -4,9	   2,4	   3,0	  -1,9	  -8,4
*	    57,8479	 1	218,82	 73,52	 -11,3	  -4,3	   3,1	   3,7	  -1,2	  -7,8
*	    58,9933	 1	216,34	 73,99	 -11,7	  -4,7	   2,7	   3,3	  -1,6	  -8,2
*	    57,2646	 1	218,92	 76,35	 -11,1	  -4,0	   3,3	   3,9	  -1,0	  -7,5
*	    58,4211	 1	216,44	 76,77	 -11,5	  -4,5	   2,9	   3,5	  -1,4	  -8,0
*	    56,8114	 1	219,02	 79,26	 -10,9	  -3,9	   3,5	   4,1	  -0,8	  -7,4
*	    57,9769	 1	216,54	 79,60	 -11,3	  -4,3	   3,0	   3,6	  -1,3	  -7,8
*	    58,3220	 1	238,95	 58,07	 -11,2	  -4,2	   3,2	   3,8	  -1,1	  -7,7
*	    59,6304	 1	238,87	 55,57	 -11,6	  -4,6	   2,7	   3,3	  -1,6	  -8,1
*	    58,8572	 1	242,43	 56,80	  -1,4	  -0,7	  -8,4	  -8,0	 -13,0	  -6,3
*	    59,3297	 1	214,15	 79,78	  -0,3	   0,4	  -7,3	  -7,0	 -11,9	  -5,3
*	    60,4494	 1	213,94	 73,89	  -0,7	   0,0	  -7,7	  -7,3	 -12,3	  -5,6
*	    62,1435	 1	213,73	 68,30	  -1,3	  -0,5	  -8,2	  -7,9	 -12,9	  -6,2
*	    59,4576	 1	230,21	 58,14	  -1,7	  -1,0	  -8,7	  -8,4	 -13,3	  -6,7
*	    59,4794	 1	227,13	 59,70	 -11,7	  -4,7	   2,7	   3,2	  -1,7	  -8,2
*	    60,7559	 1	227,03	 57,26	 -12,1	  -5,1	   2,2	   2,8	  -2,1	  -8,7
*	    60,0495	 1	177,59	 85,83	  -0,3	   0,5	  -7,2	  -6,9	 -11,8	  -5,2
*	    61,7711	 1	182,73	 85,61	  -0,7	   0,0	  -7,7	  -7,3	 -12,3	  -5,7
*	    60,7449	 1	177,38	 80,78	  -0,5	   0,3	  -7,4	  -7,1	 -12,0	  -5,4
*	    62,4567	 1	182,52	 80,55	  -0,9	  -0,2	  -7,9	  -7,6	 -12,5	  -5,9
*	    62,0066	 1	177,17	 75,86	  -0,9	  -0,1	  -7,8	  -7,5	 -12,4	  -5,8
*	    63,6996	 1	182,31	 75,63	  -1,3	  -0,6	  -8,3	  -7,9	 -12,9	  -6,3
*	    63,8097	 1	176,96	 71,16	  -1,4	  -0,6	  -8,4	  -8,0	 -13,0	  -6,4
*	    65,4757	 1	182,10	 70,91	  -1,8	  -1,1	  -8,8	  -8,5	 -13,4	  -6,8
*	    66,1215	 1	176,75	 66,70	  -2,1	  -1,3	  -9,0	  -8,7	 -13,7	  -7,1
*	    67,7533	 1	181,88	 66,44	  -2,5	  -1,7	  -9,5	  -9,1	 -14,1	  -7,5
*	    68,9035	 1	176,54	 62,52	  -2,9	  -2,1	  -9,8	  -9,5	 -14,5	  -7,9
*	    70,4955	 1	181,67	 62,27	  -3,3	  -2,5	 -10,2	  -9,9	 -14,9	  -8,3
*	    69,4661	 1	176,50	 61,79	  -3,0	  -2,3	 -10,0	  -9,7	 -14,6	  -8,0
*	    71,0502	 1	181,63	 61,52	  -3,4	  -2,7	 -10,4	 -10,1	 -15,0	  -8,5
*	    72,7523	 1	176,29	 57,96	  -3,9	  -3,2	 -10,9	 -10,6	 -15,5	  -9,0
*	    74,2916	 1	181,42	 57,70	  -4,3	  -3,6	 -11,3	 -10,9	 -15,9	  -9,4
*	    67,3941	 1	208,25	 66,29	 -14,6	  -7,6	  -0,2	   0,4	  -4,6	 -11,2
*	    64,8951	 1	210,29	 67,89	 -13,8	  -6,8	   0,6	   1,1	  -3,8	 -10,4
*	    66,4167	 1	208,35	 68,56	 -14,3	  -7,3	   0,1	   0,7	  -4,3	 -10,8
*	    64,0065	 1	210,38	 70,29	 -13,5	  -6,5	   0,9	   1,4	  -3,5	 -10,1
*	    65,5463	 1	208,45	 70,88	 -14,0	  -7,0	   0,4	   0,9	  -4,0	 -10,6
*	    63,2304	 1	210,48	 72,74	 -13,3	  -6,2	   1,1	   1,7	  -3,2	  -9,8
*	    64,7865	 1	208,54	 73,29	 -13,8	  -6,8	   0,6	   1,2	  -3,7	 -10,3
*	    62,5701	 1	210,58	 75,27	 -13,1	  -6,0	   1,3	   1,9	  -3,0	  -9,6
*	    64,1406	 1	208,64	 75,74	 -13,6	  -6,5	   0,8	   1,4	  -3,5	 -10,1
*	    62,0289	 1	210,67	 77,85	 -12,9	  -5,9	   1,5	   2,1	  -2,8	  -9,4
*	    63,6115	 1	208,73	 78,25	 -13,4	  -6,4	   1,0	   1,5	  -3,4	  -9,9
*	    61,6093	 1	210,77	 80,47	 -12,7	  -5,7	   1,6	   2,2	  -2,7	  -9,3
*	    63,2014	 1	208,83	 80,79	 -13,3	  -6,2	   1,1	   1,7	  -3,2	  -9,8
*	    61,6717	 1	261,27	 57,38	  -2,3	  -1,5	  -9,2	  -8,9	 -13,9	  -7,2
*	    63,0686	 1	267,03	 59,19	 -12,7	  -5,6	   1,7	   2,3	  -2,6	  -9,2
*	    64,3128	 1	267,02	 56,75	 -13,1	  -6,1	   1,3	   1,9	  -3,0	  -9,6
*	    61,9726	 1	263,90	 58,72	 -12,3	  -5,3	   2,1	   2,6	  -2,3	  -8,8
*	    63,2337	 1	263,88	 56,26	 -12,7	  -5,7	   1,6	   2,2	  -2,7	  -9,3
*	    63,5748	 1	188,69	 84,64	  -6,4	   0,6	   7,9	   8,5	   3,6	  -3,0
*	    64,2173	 1	188,50	 80,13	  -6,6	   0,4	   7,7	   8,3	   3,4	  -3,2
*	    64,8606	 1	193,07	 79,83	  -6,8	   0,2	   7,6	   8,2	   3,3	  -3,3
*	    65,9148	 1	197,73	 79,59	  -7,0	  -0,0	   7,3	   7,9	   3,0	  -3,6
*	    65,2932	 1	188,32	 75,72	  -7,0	   0,1	   7,4	   8,0	   3,1	  -3,5
*	    65,9343	 1	192,89	 75,38	  -7,1	  -0,1	   7,3	   7,8	   2,9	  -3,7
*	    66,9813	 1	197,55	 75,13	  -7,3	  -0,3	   7,0	   7,6	   2,7	  -3,9
*	    66,7863	 1	188,13	 71,49	  -7,4	  -0,4	   7,0	   7,5	   2,6	  -4,0
*	    67,4235	 1	192,70	 71,11	  -7,5	  -0,5	   6,8	   7,4	   2,5	  -4,1
*	    68,4604	 1	197,36	 70,82	  -7,8	  -0,8	   6,6	   7,2	   2,2	  -4,4
*	    68,6754	 1	187,94	 67,45	  -8,0	  -0,9	   6,4	   7,0	   2,1	  -4,5
*	    69,3074	 1	192,51	 67,02	  -8,1	  -1,1	   6,3	   6,9	   1,9	  -4,7
*	    70,3312	 1	197,18	 66,73	  -8,3	  -1,3	   6,0	   6,6	   1,7	  -4,9
*	    70,9363	 1	187,75	 63,63	  -8,6	  -1,6	   5,8	   6,3	   1,4	  -5,2
*	    71,5614	 1	192,32	 63,17	  -8,7	  -1,7	   5,6	   6,2	   1,3	  -5,3
*	    72,5695	 1	196,99	 62,86	  -9,0	  -1,9	   5,4	   6,0	   1,1	  -5,6
*	    83,0985	 1	197,51	 51,29	  -8,8	  -2,8	   3,3	   3,5	  -1,3	  -8,0
*	    82,3054	 1	194,03	 51,49	  -8,6	  -2,6	   3,4	   3,7	  -1,1	  -7,8
*	    81,7026	 1	190,58	 51,80	  -8,5	  -2,5	   3,6	   3,8	  -1,0	  -7,7
*	    81,2919	 1	187,19	 52,19	  -8,4	  -2,4	   3,7	   3,9	  -0,9	  -7,6
*	    80,6224	 1	197,65	 53,51	  -8,2	  -2,2	   3,9	   4,1	  -0,7	  -7,4
*	    79,8151	 1	194,17	 53,71	  -8,0	  -2,0	   4,1	   4,3	  -0,5	  -7,2
*	    79,2022	 1	190,72	 54,00	  -7,9	  -1,9	   4,2	   4,4	  -0,4	  -7,0
*	    78,7859	 1	187,33	 54,39	  -7,8	  -1,8	   4,3	   4,5	  -0,3	  -7,0
*	    78,2944	 1	197,79	 55,86	  -7,6	  -1,6	   4,5	   4,7	  -0,1	  -6,7
*	    77,4733	 1	194,31	 56,05	  -7,4	  -1,4	   4,7	   4,9	   0,1	  -6,6
*	    76,8508	 1	190,86	 56,35	  -7,2	  -1,3	   4,8	   5,0	   0,2	  -6,4
*	    76,4293	 1	187,47	 56,73	  -7,2	  -1,2	   4,9	   5,1	   0,3	  -6,3
*	    76,1249	 1	197,93	 58,34	  -7,0	  -1,0	   5,1	   5,3	   0,5	  -6,2
*	    75,2907	 1	194,45	 58,54	  -6,8	  -0,8	   5,3	   5,5	   0,7	  -6,0
*	    74,6593	 1	191,00	 58,82	  -6,7	  -0,7	   5,4	   5,6	   0,8	  -5,8
*	    74,2330	 1	187,61	 59,20	  -6,6	  -0,6	   5,5	   5,7	   0,9	  -5,7
*	    64,5133	 1	202,52	 81,23	  -2,3	  -1,5	  -9,3	  -8,9	 -13,9	  -7,3
*	    65,5451	 1	202,31	 75,97	  -2,6	  -1,9	  -9,6	  -9,2	 -14,2	  -7,6
*	    67,1144	 1	202,10	 70,94	  -3,1	  -2,3	 -10,1	  -9,7	 -14,7	  -8,1
*	    69,1912	 1	201,89	 66,16	  -3,7	  -2,9	 -10,7	 -10,3	 -15,3	  -8,7
*	    71,7401	 1	201,68	 61,72	  -4,4	  -3,7	 -11,4	 -11,1	 -16,0	  -9,5
*	    64,8126	 1	251,92	 52,90	 -12,9	  -5,9	   1,5	   2,1	  -2,9	  -9,4
*	    66,3211	 1	251,88	 50,74	 -13,4	  -6,4	   1,0	   1,6	  -3,4	  -9,9
*	    67,9175	 1	251,83	 48,69	 -13,9	  -6,9	   0,5	   1,1	  -3,9	 -10,5
*	    65,1502	 1	249,84	 53,19	 -17,6	 -10,6	  -3,3	  -2,7	  -7,6	 -14,2
*	    66,6515	 1	249,79	 51,03	 -18,1	 -11,1	  -3,7	  -3,2	  -8,1	 -14,7
*	    68,2408	 1	249,74	 48,99	 -18,6	 -11,6	  -4,2	  -3,7	  -8,6	 -15,2
*	    65,1665	 1	204,05	 81,62	 -18,3	 -11,3	  -4,0	  -3,4	  -8,3	 -14,9
*	    65,5501	 1	203,96	 79,19	 -18,4	 -11,4	  -4,1	  -3,5	  -8,4	 -15,0
*	    66,0498	 1	203,86	 76,79	 -18,6	 -11,6	  -4,2	  -3,7	  -8,6	 -15,2
*	    66,6637	 1	203,77	 74,43	 -18,8	 -11,8	  -4,4	  -3,8	  -8,8	 -15,4
*	    67,6771	 1	205,94	 72,10	  -3,1	  -2,3	 -10,1	  -9,7	 -14,7	  -8,1
*	    66,2586	 1	206,15	 77,21	  -2,7	  -1,9	  -9,6	  -9,3	 -14,3	  -7,6
*	    74,5517	 1	240,50	 38,82	 -13,8	  -7,8	  -1,7	  -1,5	  -6,3	 -12,9
*	    74,5379	 1	237,99	 39,03	 -13,8	  -7,8	  -1,7	  -1,5	  -6,3	 -12,9
*	    74,5779	 1	235,52	 39,29	 -13,8	  -7,8	  -1,7	  -1,5	  -6,3	 -12,9
*	    73,1139	 1	240,56	 39,90	 -13,4	  -7,4	  -1,3	  -1,1	  -5,9	 -12,5
*	    73,1010	 1	238,05	 40,10	 -13,4	  -7,4	  -1,3	  -1,1	  -5,9	 -12,5
*	    73,1429	 1	235,58	 40,37	 -13,4	  -7,4	  -1,3	  -1,1	  -5,9	 -12,5
*	    71,7077	 1	240,61	 41,01	 -13,0	  -7,0	  -0,9	  -0,7	  -5,4	 -12,1
*	    71,6959	 1	238,10	 41,22	 -13,0	  -7,0	  -0,9	  -0,7	  -5,5	 -12,1
*	    71,7397	 1	235,64	 41,48	 -13,0	  -7,0	  -0,9	  -0,7	  -5,5	 -12,1
*	    70,3347	 1	240,66	 42,18	 -12,6	  -6,6	  -0,5	  -0,3	  -5,0	 -11,7
*	    70,3239	 1	238,16	 42,39	 -12,6	  -6,6	  -0,5	  -0,3	  -5,1	 -11,7
*	    70,3697	 1	235,69	 42,65	 -12,6	  -6,6	  -0,5	  -0,3	  -5,1	 -11,7
*	    68,9962	 1	240,71	 43,39	 -12,2	  -6,2	  -0,1	   0,1	  -4,6	 -11,2
*	    68,9866	 1	238,21	 43,60	 -12,2	  -6,2	  -0,1	   0,1	  -4,6	 -11,2
*	    69,0345	 1	235,75	 43,86	 -12,2	  -6,2	  -0,1	   0,1	  -4,7	 -11,3
*	    67,6940	 1	240,76	 44,65	 -11,8	  -5,8	   0,3	   0,5	  -4,2	 -10,8
*	    67,6856	 1	238,27	 44,86	 -11,8	  -5,8	   0,3	   0,5	  -4,2	 -10,8
*	    67,7356	 1	235,81	 45,12	 -11,8	  -5,8	   0,3	   0,5	  -4,3	 -10,9
*	    66,4298	 1	240,81	 45,98	 -11,4	  -5,4	   0,7	   0,9	  -3,8	 -10,4
*	    66,4227	 1	238,32	 46,19	 -11,4	  -5,4	   0,7	   0,9	  -3,9	 -10,4
*	    66,4749	 1	235,87	 46,45	 -11,4	  -5,4	   0,7	   0,9	  -3,9	 -10,5
*	    75,6135	 1	253,54	 38,72	 -14,0	  -8,1	  -2,0	  -1,7	  -6,5	 -13,2
*	    75,2794	 1	250,99	 38,62	 -13,9	  -8,0	  -1,9	  -1,7	  -6,4	 -13,1
*	    74,9985	 1	248,43	 38,57	 -13,9	  -7,9	  -1,8	  -1,6	  -6,4	 -13,0
*	    74,1869	 1	253,57	 39,80	 -13,6	  -7,7	  -1,6	  -1,3	  -6,1	 -12,8
*	    73,8485	 1	251,02	 39,69	 -13,5	  -7,6	  -1,5	  -1,3	  -6,0	 -12,7
*	    73,5642	 1	248,47	 39,64	 -13,5	  -7,5	  -1,4	  -1,2	  -6,0	 -12,6
*	    72,7918	 1	253,60	 40,91	 -13,2	  -7,3	  -1,2	  -0,9	  -5,7	 -12,3
*	    72,4492	 1	251,06	 40,80	 -13,1	  -7,2	  -1,1	  -0,9	  -5,6	 -12,3
*	    72,1614	 1	248,51	 40,76	 -13,1	  -7,1	  -1,0	  -0,8	  -5,6	 -12,2
*	    71,4297	 1	253,63	 42,08	 -12,8	  -6,9	  -0,8	  -0,5	  -5,3	 -11,9
*	    71,0829	 1	251,09	 41,97	 -12,7	  -6,8	  -0,7	  -0,5	  -5,2	 -11,8
*	    70,7917	 1	248,55	 41,92	 -12,7	  -6,7	  -0,6	  -0,4	  -5,2	 -11,8
*	    70,1022	 1	253,66	 43,29	 -12,4	  -6,5	  -0,4	  -0,1	  -4,9	 -11,5
*	    69,7510	 1	251,13	 43,19	 -12,3	  -6,4	  -0,3	  -0,1	  -4,8	 -11,4
*	    69,4565	 1	248,58	 43,13	 -12,3	  -6,3	  -0,2	   0,0	  -4,8	 -11,4
*	    68,8107	 1	253,69	 44,57	 -12,0	  -6,1	   0,0	   0,2	  -4,5	 -11,1
*	    68,4553	 1	251,16	 44,45	 -11,9	  -6,0	   0,1	   0,3	  -4,4	 -11,0
*	    68,1574	 1	248,62	 44,40	 -11,9	  -5,9	   0,2	   0,4	  -4,4	 -10,9
*	    67,5571	 1	253,72	 45,88	 -11,7	  -5,7	   0,4	   0,6	  -4,1	 -10,7
*	    67,1974	 1	251,19	 45,78	 -11,6	  -5,6	   0,5	   0,7	  -4,0	 -10,6
*	    66,8961	 1	248,66	 45,72	 -11,5	  -5,5	   0,6	   0,8	  -4,0	 -10,5
*	    76,6147	 1	209,95	 56,45	 -20,2	 -15,5	  -2,4	  -1,1	  -4,2	  -9,1
*	    71,3961	 1	219,54	 52,82	 -18,7	 -14,0	  -0,9	   0,4	  -2,7	  -7,6
*	    77,2164	 1	222,79	 55,17	 -20,2	 -15,5	  -2,4	  -1,1	  -4,2	  -9,2
*	    69,4961	 1	225,33	 51,12	 -18,1	 -13,4	  -0,3	   1,0	  -2,1	  -7,0
*	    75,4315	 1	228,18	 53,80	 -19,7	 -15,0	  -1,9	  -0,6	  -3,7	  -8,6
*	    68,1179	 1	231,78	 49,65	 -17,7	 -12,9	   0,2	   1,5	  -1,6	  -6,5
*	    74,1417	 1	234,09	 52,63	 -19,3	 -14,6	  -1,5	  -0,2	  -3,3	  -8,2
*	    67,2915	 1	238,83	 48,51	 -17,4	 -12,7	   0,5	   1,8	  -1,3	  -6,2
*	    73,3721	 1	240,43	 51,73	 -19,1	 -14,4	  -1,3	   0,0	  -3,1	  -8,0
*	    79,6071	 1	241,71	 54,55	 -20,7	 -16,0	  -2,9	  -1,6	  -4,7	  -9,7
*	    67,0385	 1	246,35	 47,78	 -17,3	 -12,5	   0,6	   1,9	  -1,2	  -6,1
*	    73,1401	 1	247,10	 51,18	 -19,0	 -14,3	  -1,2	   0,1	  -3,0	  -7,9
*	    79,3940	 1	247,69	 54,10	 -20,6	 -15,9	  -2,8	  -1,5	  -4,6	  -9,6
*	    67,3691	 1	254,08	 47,56	 -17,3	 -12,6	   0,5	   1,8	  -1,3	  -6,1
*	    68,2810	 1	261,77	 47,87	 -17,6	 -12,8	   0,3	   1,6	  -1,5	  -6,4
*	    75,1235	 1	228,24	 40,44	 -14,0	  -8,0	  -1,9	  -1,7	  -6,5	 -13,1
*	    75,4275	 1	226,03	 40,92	 -14,1	  -8,1	  -2,0	  -1,8	  -6,6	 -13,2
*	    75,7831	 1	223,89	 41,42	 -14,2	  -8,2	  -2,1	  -1,9	  -6,7	 -13,3
*	    73,7008	 1	228,31	 41,52	 -13,6	  -7,6	  -1,5	  -1,3	  -6,1	 -12,7
*	    74,0107	 1	226,09	 41,99	 -13,7	  -7,7	  -1,6	  -1,4	  -6,2	 -12,8
*	    74,3729	 1	223,96	 42,50	 -13,8	  -7,8	  -1,7	  -1,5	  -6,3	 -12,9
*	    72,3102	 1	228,37	 42,64	 -13,2	  -7,2	  -1,1	  -0,9	  -5,7	 -12,3
*	    72,6261	 1	226,16	 43,11	 -13,3	  -7,3	  -1,2	  -1,0	  -5,8	 -12,4
*	    72,9951	 1	224,03	 43,62	 -13,4	  -7,5	  -1,4	  -1,1	  -5,9	 -12,5
*	    70,9531	 1	228,44	 43,81	 -12,8	  -6,8	  -0,8	  -0,5	  -5,3	 -11,9
*	    71,2751	 1	226,23	 44,27	 -12,9	  -6,9	  -0,9	  -0,6	  -5,4	 -12,0
*	    71,6510	 1	224,10	 44,78	 -13,0	  -7,1	  -1,0	  -0,8	  -5,5	 -12,2
*	    69,6311	 1	228,50	 45,02	 -12,4	  -6,5	  -0,4	  -0,1	  -4,9	 -11,5
*	    69,9594	 1	226,30	 45,48	 -12,5	  -6,6	  -0,5	  -0,3	  -5,0	 -11,6
*	    70,3422	 1	224,17	 45,99	 -12,7	  -6,7	  -0,6	  -0,4	  -5,1	 -11,8
*	    68,3458	 1	228,57	 46,28	 -12,0	  -6,1	   0,0	   0,2	  -4,5	 -11,1
*	    68,6804	 1	226,36	 46,76	 -12,2	  -6,2	  -0,1	   0,1	  -4,6	 -11,2
*	    69,0703	 1	224,23	 47,25	 -12,3	  -6,3	  -0,2	   0,0	  -4,8	 -11,4
*	    67,0988	 1	228,63	 47,60	 -11,7	  -5,7	   0,4	   0,6	  -4,1	 -10,7
*	    67,4398	 1	226,43	 48,06	 -11,8	  -5,8	   0,3	   0,5	  -4,3	 -10,9
*	    67,8368	 1	224,30	 48,56	 -11,9	  -5,9	   0,2	   0,4	  -4,4	 -11,0
*	    67,1655	 1	209,16	 64,82	 -14,5	  -7,5	  -0,1	   0,4	  -4,5	 -11,1
*	    68,3074	 1	209,07	 62,64	 -14,8	  -7,8	  -0,5	   0,1	  -4,8	 -11,4
*	    69,2632	 1	262,68	 54,83	 -15,6	  -8,6	  -1,3	  -0,7	  -5,6	 -12,2
*	    67,5240	 1	265,17	 53,94	 -15,1	  -8,1	  -0,7	  -0,2	  -5,1	 -11,7
*	    71,7647	 1	244,46	 40,89	  -3,9	  -3,2	 -10,9	 -10,6	 -15,5	  -9,0
*	    67,6745	 1	244,60	 44,63	  -2,7	  -1,9	  -9,7	  -9,3	 -14,3	  -7,7
*	    71,8675	 1	231,85	 42,09	  -4,0	  -3,3	 -11,0	 -10,6	 -15,6	  -9,1
*	    67,8035	 1	232,04	 45,83	  -2,8	  -2,1	  -9,8	  -9,4	 -14,4	  -7,8
s	    68,9196	 2	105,14	 91,65	  25,2	  25,7	  17,3	  15,7	   9,4	  15,7
s	    69,0199	 2	124,68	 91,32	  23,4	  30,1	  36,9	  35,4	  29,2	  22,3
*	    79,6904	 1	265,82	 39,13	 -15,1	  -9,2	  -3,1	  -2,9	  -7,7	 -14,3
*	    79,0593	 1	263,53	 38,75	 -15,0	  -9,0	  -2,9	  -2,7	  -7,5	 -14,2
*	    78,4767	 1	261,17	 38,41	 -14,8	  -8,9	  -2,8	  -2,6	  -7,4	 -14,0
*	    78,2694	 1	265,83	 40,16	 -14,8	  -8,8	  -2,7	  -2,5	  -7,3	 -13,9
*	    77,6295	 1	263,55	 39,78	 -14,6	  -8,6	  -2,5	  -2,3	  -7,1	 -13,8
*	    77,0388	 1	261,19	 39,44	 -14,4	  -8,5	  -2,4	  -2,2	  -7,0	 -13,6
*	    76,8789	 1	265,84	 41,24	 -14,4	  -8,4	  -2,3	  -2,1	  -6,9	 -13,5
*	    76,2301	 1	263,56	 40,85	 -14,2	  -8,2	  -2,2	  -1,9	  -6,7	 -13,4
*	    75,6313	 1	261,20	 40,50	 -14,1	  -8,1	  -2,0	  -1,8	  -6,6	 -13,2
*	    75,5202	 1	265,85	 42,36	 -14,0	  -8,0	  -1,9	  -1,7	  -6,5	 -13,2
*	    74,8625	 1	263,57	 41,97	 -13,8	  -7,9	  -1,8	  -1,5	  -6,3	 -13,0
*	    74,2555	 1	261,22	 41,63	 -13,7	  -7,7	  -1,6	  -1,4	  -6,2	 -12,8
*	    74,1949	 1	265,85	 43,52	 -13,6	  -7,7	  -1,6	  -1,3	  -6,1	 -12,8
*	    73,5282	 1	263,58	 43,14	 -13,4	  -7,5	  -1,4	  -1,2	  -5,9	 -12,6
*	    72,9129	 1	261,23	 42,79	 -13,3	  -7,3	  -1,2	  -1,0	  -5,8	 -12,4
*	    72,9042	 1	265,86	 44,73	 -13,3	  -7,3	  -1,2	  -1,0	  -5,8	 -12,4
*	    72,2285	 1	263,59	 44,35	 -13,1	  -7,1	  -1,0	  -0,8	  -5,6	 -12,2
*	    71,6048	 1	261,25	 44,01	 -12,9	  -6,9	  -0,8	  -0,6	  -5,4	 -12,0
*	    71,6498	 1	265,87	 46,00	 -12,9	  -6,9	  -0,8	  -0,6	  -5,4	 -12,0
*	    70,9650	 1	263,60	 45,61	 -12,7	  -6,7	  -0,6	  -0,4	  -5,2	 -11,8
*	    70,3330	 1	261,26	 45,27	 -12,5	  -6,6	  -0,5	  -0,2	  -5,0	 -11,6
*	    70,4332	 1	265,87	 47,31	 -12,5	  -6,5	  -0,5	  -0,2	  -5,0	 -11,6
*	    69,7394	 1	263,61	 46,93	 -12,3	  -6,4	  -0,3	  -0,0	  -4,8	 -11,4
*	    69,0989	 1	261,28	 46,59	 -12,1	  -6,2	  -0,1	   0,1	  -4,6	 -11,2
*	    73,3476	 1	257,38	 41,27	  -4,4	  -3,6	 -11,3	 -11,0	 -16,0	  -9,4
*	    69,3158	 1	257,45	 45,01	  -3,2	  -2,4	 -10,1	  -9,8	 -14,8	  -8,2
*	    69,4755	 1	214,54	 58,49	 -14,6	  -7,5	  -0,2	   0,4	  -4,5	 -11,2
*	    70,8722	 1	214,45	 56,49	 -15,0	  -7,9	  -0,6	  -0,0	  -5,0	 -11,6
*	    72,3564	 1	214,35	 54,57	 -15,4	  -8,4	  -1,0	  -0,5	  -5,4	 -12,0
*	    77,2841	 1	217,81	 43,20	 -14,7	  -8,7	  -2,6	  -2,4	  -7,2	 -13,9
*	    77,8882	 1	216,01	 43,83	 -14,9	  -8,9	  -2,8	  -2,6	  -7,4	 -14,0
*	    78,5393	 1	214,29	 44,46	 -15,0	  -9,1	  -3,0	  -2,8	  -7,6	 -14,2
*	    75,8997	 1	217,88	 44,28	 -14,3	  -8,4	  -2,3	  -2,0	  -6,8	 -13,5
*	    76,5135	 1	216,08	 44,91	 -14,5	  -8,5	  -2,4	  -2,2	  -7,0	 -13,7
*	    77,1749	 1	214,36	 45,54	 -14,7	  -8,7	  -2,6	  -2,4	  -7,2	 -13,8
*	    74,5480	 1	217,95	 45,40	 -14,0	  -8,0	  -1,9	  -1,7	  -6,5	 -13,1
*	    75,1718	 1	216,16	 46,02	 -14,1	  -8,2	  -2,1	  -1,9	  -6,6	 -13,3
*	    75,8436	 1	214,44	 46,66	 -14,3	  -8,4	  -2,3	  -2,0	  -6,8	 -13,5
*	    73,2304	 1	218,02	 46,56	 -13,6	  -7,6	  -1,5	  -1,3	  -6,1	 -12,7
*	    73,8643	 1	216,23	 47,18	 -13,8	  -7,8	  -1,7	  -1,5	  -6,3	 -12,9
*	    74,5466	 1	214,51	 47,82	 -14,0	  -8,0	  -1,9	  -1,7	  -6,5	 -13,1
*	    71,9485	 1	218,09	 47,76	 -13,2	  -7,3	  -1,2	  -0,9	  -5,7	 -12,3
*	    72,5925	 1	216,30	 48,38	 -13,4	  -7,4	  -1,4	  -1,1	  -5,9	 -12,5
*	    73,2853	 1	214,58	 49,01	 -13,6	  -7,6	  -1,6	  -1,3	  -6,1	 -12,7
*	    70,7037	 1	218,16	 49,01	 -12,9	  -6,9	  -0,8	  -0,6	  -5,4	 -12,0
*	    71,3578	 1	216,37	 49,63	 -13,1	  -7,1	  -1,0	  -0,8	  -5,6	 -12,2
*	    72,0614	 1	214,65	 50,26	 -13,3	  -7,3	  -1,2	  -1,0	  -5,8	 -12,4
*	    69,4976	 1	218,23	 50,31	 -12,5	  -6,5	  -0,4	  -0,2	  -5,0	 -11,6
*	    70,1620	 1	216,44	 50,92	 -12,7	  -6,7	  -0,7	  -0,4	  -5,2	 -11,8
*	    70,8762	 1	214,72	 51,54	 -12,9	  -7,0	  -0,9	  -0,6	  -5,4	 -12,0
*	    73,6318	 1	220,83	 44,57	  -4,6	  -3,9	 -11,6	 -11,2	 -16,2	  -9,7
*	    69,6711	 1	221,04	 48,29	  -3,5	  -2,7	 -10,4	 -10,1	 -15,1	  -8,5
*	    70,1457	 1	216,30	 58,57	 -16,3	  -9,2	  -1,9	  -1,3	  -6,2	 -12,9
*	    71,5340	 1	216,21	 56,57	 -16,7	  -9,6	  -2,3	  -1,7	  -6,7	 -13,3
*	    73,0096	 1	216,12	 54,65	 -17,1	 -10,1	  -2,7	  -2,1	  -7,1	 -13,7
s	    70,8239	 3	195,47	 88,76	  22,6	  29,0	  35,1	  33,0	  26,4	  19,1
s	    71,4609	 3	214,55	 88,05	  24,3	  24,5	  15,5	  13,2	   6,5	  12,5
*	    73,1506	 1	212,12	 51,44	  -4,6	  -3,9	 -11,6	 -11,2	 -16,2	  -9,7
*	    84,0472	 1	206,72	 46,88	 -16,6	 -10,6	  -4,5	  -4,3	  -9,1	 -15,8
*	    80,9189	 1	209,50	 46,54	 -15,8	  -9,8	  -3,7	  -3,5	  -8,3	 -15,0
*	    81,7945	 1	208,11	 47,22	 -16,0	 -10,1	  -4,0	  -3,8	  -8,6	 -15,2
*	    82,7112	 1	206,78	 47,91	 -16,3	 -10,3	  -4,2	  -4,0	  -8,8	 -15,5
*	    79,5900	 1	209,57	 47,61	 -15,5	  -9,5	  -3,4	  -3,2	  -8,0	 -14,6
*	    80,4780	 1	208,18	 48,30	 -15,7	  -9,7	  -3,6	  -3,4	  -8,2	 -14,9
*	    81,4073	 1	206,85	 48,98	 -15,9	 -10,0	  -3,9	  -3,7	  -8,5	 -15,1
*	    78,2944	 1	209,64	 48,72	 -15,1	  -9,1	  -3,1	  -2,8	  -7,6	 -14,3
*	    79,1949	 1	208,24	 49,40	 -15,4	  -9,4	  -3,3	  -3,1	  -7,9	 -14,5
*	    80,1369	 1	206,92	 50,08	 -15,6	  -9,6	  -3,5	  -3,3	  -8,1	 -14,8
*	    77,0334	 1	209,71	 49,86	 -14,8	  -8,8	  -2,7	  -2,5	  -7,3	 -13,9
*	    77,9464	 1	208,31	 50,53	 -15,0	  -9,1	  -3,0	  -2,8	  -7,5	 -14,2
*	    78,9011	 1	206,99	 51,21	 -15,3	  -9,3	  -3,2	  -3,0	  -7,8	 -14,5
*	    75,8084	 1	209,78	 51,04	 -14,5	  -8,5	  -2,4	  -2,2	  -7,0	 -13,6
*	    76,7339	 1	208,38	 51,71	 -14,7	  -8,7	  -2,6	  -2,4	  -7,2	 -13,9
*	    77,7013	 1	207,06	 52,38	 -15,0	  -9,0	  -2,9	  -2,7	  -7,5	 -14,1
*	    74,6206	 1	209,85	 52,27	 -14,1	  -8,2	  -2,1	  -1,9	  -6,6	 -13,3
*	    75,5587	 1	208,45	 52,92	 -14,4	  -8,4	  -2,3	  -2,1	  -6,9	 -13,5
*	    76,5389	 1	207,13	 53,58	 -14,7	  -8,7	  -2,6	  -2,4	  -7,2	 -13,8
*	    73,4717	 1	209,92	 53,53	 -13,8	  -7,8	  -1,7	  -1,5	  -6,3	 -12,9
*	    74,4222	 1	208,52	 54,17	 -14,1	  -8,1	  -2,0	  -1,8	  -6,6	 -13,2
*	    75,4151	 1	207,20	 54,82	 -14,4	  -8,4	  -2,3	  -2,1	  -6,9	 -13,5
*	    76,1597	 1	208,35	 61,90	 -15,9	  -8,9	  -1,5	  -1,0	  -5,9	 -12,6
*	    74,9502	 1	205,95	 61,78	 -15,6	  -8,6	  -1,2	  -0,7	  -5,6	 -12,2
s	    75,6828	 3	126,55	 91,31	  20,9	  28,7	  36,5	  36,7	  31,4	  24,3
s	    76,0329	 3	106,30	 91,68	  22,6	  24,2	  17,0	  16,9	  11,5	  17,7
s	    76,3478	 3	105,22	 91,70	  23,9	  19,2	  -3,1	  -3,5	  -8,8	  10,5
s	    86,9498	 3	260,94	 57,47	  22,6	  15,5	 -22,5	 -22,1	 -18,7	   4,9
s	    95,7074	 3	 27,50	 90,60	  19,3	  27,1	  34,9	  35,1	  29,8	  22,6
s	    99,3092	 3	 90,00	 13,86	  21,2	  22,1	  -3,9	  -3,5	   8,6	   9,5
s	   112,4055	 3	299,22	 63,75	  19,0	  18,2	  -4,7	  -4,2	  -0,7	   9,4
s	   115,0946	 3	335,55	 65,32	  19,5	  23,9	  14,8	  15,3	  18,9	  15,9
s	   131,3156	 3	162,07	 69,61	  19,7	  12,6	 -25,4	 -25,1	 -21,7	   1,5
#END
