#HEADER
CATT-Acoustic v8.0b    Copyright © CATT 1988-2003

 Project                : Auditorio

 GEOMETRICAL INFORMATION
 Src id and loc     [m] :   A1          -9,000        0,000        0,000
 Rec id and loc     [m] :   61          -8,500       -1,000        0,000

 61        3,2565

 VARIABLE SOURCE DATA
 Directivity
   Type (library)       :  OMNI.SD0
   Dir. Index (DI) [dB] :       0,0      0,0      0,0      0,0      0,0      0,0
 Level
   On axis 1m      [dB] :      58,0     64,0     70,3     70,7     65,9     59,9
   Total power     [dB] :      68,9     74,9     81,2     81,6     76,8     70,8
   Auxiliary delay [ms] :       0,0

 VARIABLE AIR DATA
 Temperature       [°C] :      20
 Relative humidity  [%] :      50
 Density        [kg/m³] :       1,2
 Sound speed      [m/s] :     343
 Impedance      [Ns/m³] :     412
 Diss. coeff. [0.001/m] :      0,10     0,30     0,63     1,07     2,28     6,83      (estimated)

#DATAFIELDS
 TYPE DELAY ORDER AZIMUTH ELEVATION SPL125 SPL250 SPL500 SPL1K SPL2K SPL4K
#DATA
d	     0,0000	 0	 90,00	 90,00	  57,0	  63,0	  69,3	  69,7	  64,9	  58,9
s	     4,0046	 1	 90,00	153,35	  47,0	  54,1	  61,4	  62,1	  57,3	  51,3
*	    31,4442	 1	258,29	101,86	  -1,9	   5,1	  12,5	  13,1	   8,3	   2,1
*	    23,6918	 1	263,66	105,81	   4,8	  11,8	  19,2	  19,8	  15,0	   8,8
*	    22,0618	 1	242,26	106,80	   6,4	  13,4	  20,8	  21,4	  16,6	  10,5
*	    16,4561	 1	274,52	112,94	  13,1	  20,1	  27,5	  28,1	  23,3	  17,2
*	    14,1631	 1	241,50	116,29	  16,3	  23,3	  30,7	  31,3	  26,6	  20,5
*	    10,6324	 1	302,37	125,07	  22,3	  29,4	  36,8	  37,4	  32,6	  26,5
*	     7,1102	 1	238,14	143,57	  30,1	  37,2	  44,6	  45,2	  40,4	  34,4
*	     9,5832	 1	181,88	122,95	  24,0	  31,0	  38,4	  39,0	  34,3	  28,2
*	     8,5803	 1	357,82	126,73	  26,1	  33,2	  40,6	  41,2	  36,4	  30,3
*	     4,1063	 1	 70,44	150,85	  38,4	  45,5	  52,8	  53,5	  48,7	  42,7
*	     7,0206	 1	131,23	124,32	  29,9	  36,9	  44,3	  45,0	  40,2	  34,1
*	    11,6298	 1	 29,91	114,35	  20,1	  27,1	  34,5	  35,2	  30,4	  24,3
*	     8,1775	 1	 65,54	118,48	  27,4	  34,5	  41,8	  42,5	  37,7	  31,6
*	    10,1897	 1	 99,80	113,61	  23,3	  30,3	  37,7	  38,3	  33,5	  27,5
*	    17,7256	 1	 42,13	106,57	  11,2	  18,2	  25,6	  26,2	  21,5	  15,3
*	    15,4403	 1	 64,67	107,70	  14,4	  21,4	  28,8	  29,4	  24,6	  18,5
*	    25,0186	 1	 47,99	102,31	   3,4	  10,5	  17,8	  18,4	  13,6	   7,5
*	    23,3837	 1	 64,31	102,74	   5,0	  12,1	  19,5	  20,1	  15,3	   9,1
*	    32,7873	 1	 51,36	 99,72	  -2,9	   4,1	  11,5	  12,1	   7,3	   1,0
*	    31,5289	 1	 64,11	 99,94	  -2,0	   5,1	  12,4	  13,0	   8,2	   2,0
*	    40,7773	 1	 53,53	 98,01	  -8,2	  -1,1	   6,2	   6,8	   2,0	  -4,3
s	     5,7377	 1	140,72	 90,00	  45,2	  52,2	  59,6	  60,2	  55,4	  49,4
*	    32,9420	 1	190,02	 17,81	  -3,7	   3,3	  10,7	  11,3	   6,5	   0,3
*	    32,0307	 1	156,55	 15,68	  -3,0	   4,0	  11,4	  12,0	   7,2	   1,0
*	    32,1354	 1	125,44	 18,93	  -3,1	   3,9	  11,3	  11,9	   7,1	   0,9
*	    27,3286	 1	190,02	 21,34	   0,7	   7,7	  15,1	  15,7	  10,9	   4,7
*	    26,2458	 1	156,55	 18,85	   1,6	   8,7	  16,1	  16,7	  11,9	   5,7
*	    26,3687	 1	125,44	 22,63	   1,5	   8,6	  16,0	  16,6	  11,8	   5,6
*	    21,9150	 1	190,02	 26,48	   5,8	  12,8	  20,2	  20,8	  16,0	   9,9
*	    20,5906	 1	156,55	 23,54	   7,2	  14,2	  21,6	  22,2	  17,4	  11,3
*	    20,7373	 1	125,44	 28,02	   7,0	  14,1	  21,5	  22,1	  17,3	  11,1
*	    16,8617	 1	190,02	 34,53	  11,6	  18,7	  26,1	  26,7	  21,9	  15,8
*	    15,1845	 1	156,55	 31,02	  13,9	  20,9	  28,3	  28,9	  24,1	  18,0
*	    15,3611	 1	125,44	 36,29	  13,7	  20,7	  28,1	  28,7	  23,9	  17,8
*	    12,5164	 1	190,02	 48,00	  18,0	  25,1	  32,4	  33,1	  28,3	  22,2
*	    10,3282	 1	156,55	 44,15	  21,9	  28,9	  36,3	  36,9	  32,1	  26,1
*	    10,5317	 1	125,44	 49,86	  21,6	  28,7	  36,0	  36,7	  31,9	  25,8
*	     9,6194	 1	190,02	 70,85	  23,4	  30,4	  37,8	  38,4	  33,7	  27,6
*	     6,8481	 1	156,55	 68,33	  29,6	  36,6	  44,0	  44,6	  39,9	  33,8
*	     7,0370	 1	125,44	 71,97	  29,6	  36,6	  44,0	  44,6	  39,9	  33,8
*	     9,2476	 1	190,02	101,63	  24,2	  31,2	  38,6	  39,2	  34,4	  28,4
*	     6,3750	 1	156,55	103,25	  30,8	  37,9	  45,2	  45,9	  41,1	  35,1
*	     6,5530	 1	125,44	100,91	  30,9	  38,0	  45,4	  46,0	  41,2	  35,2
*	    60,3155	 1	194,13	 10,39	 -16,1	 -10,1	  -4,0	  -3,8	  -8,5	 -14,9
*	    59,8368	 1	173,25	  8,92	 -15,9	  -9,9	  -3,8	  -3,6	  -8,3	 -14,7
*	    59,6309	 1	148,57	  8,89	 -15,8	  -9,8	  -3,7	  -3,5	  -8,2	 -14,6
*	    59,7005	 1	127,56	 10,36	 -15,8	  -9,9	  -3,8	  -3,5	  -8,2	 -14,6
*	    56,2396	 1	194,13	 11,13	 -14,4	  -8,4	  -2,3	  -2,0	  -6,7	 -13,1
*	    55,7279	 1	173,25	  9,55	 -14,1	  -8,2	  -2,1	  -1,8	  -6,5	 -12,9
*	    55,5076	 1	148,57	  9,52	 -14,0	  -8,1	  -2,0	  -1,7	  -6,4	 -12,8
*	    55,5820	 1	127,56	 11,08	 -14,1	  -8,1	  -2,0	  -1,7	  -6,5	 -12,8
*	    52,1777	 1	194,13	 11,96	 -12,5	  -6,5	  -0,4	  -0,2	  -4,9	 -11,2
*	    51,6283	 1	173,25	 10,27	 -12,3	  -6,3	  -0,2	   0,1	  -4,6	 -11,0
*	    51,3915	 1	148,57	 10,24	 -12,2	  -6,2	  -0,1	   0,2	  -4,5	 -10,8
*	    51,4713	 1	127,56	 11,92	 -12,2	  -6,2	  -0,1	   0,2	  -4,6	 -10,9
*	    48,1332	 1	194,13	 12,93	 -10,6	  -4,6	   1,5	   1,8	  -2,9	  -9,2
*	    47,5402	 1	173,25	 11,10	 -10,2	  -4,3	   1,9	   2,1	  -2,6	  -8,9
*	    47,2842	 1	148,57	 11,09	 -10,1	  -4,1	   2,0	   2,2	  -2,5	  -8,8
*	    47,3704	 1	127,56	 12,89	 -10,2	  -4,2	   1,9	   2,2	  -2,5	  -8,8
*	    44,1105	 1	194,13	 14,07	  -8,4	  -2,4	   3,7	   3,9	  -0,8	  -7,0
*	    43,4667	 1	173,25	 12,09	  -8,1	  -2,1	   4,0	   4,3	  -0,4	  -6,7
*	    43,1883	 1	148,57	 12,08	  -7,9	  -1,9	   4,2	   4,4	  -0,2	  -6,5
*	    43,2818	 1	127,56	 14,03	  -8,0	  -2,0	   4,1	   4,4	  -0,3	  -6,6
*	    40,1155	 1	194,13	 15,42	  -6,1	  -0,1	   6,0	   6,2	   1,5	  -4,7
*	    39,4118	 1	173,25	 13,27	  -5,7	   0,3	   6,4	   6,7	   2,0	  -4,3
*	    39,1068	 1	148,57	 13,25	  -5,5	   0,5	   6,6	   6,8	   2,2	  -4,1
*	    39,2090	 1	127,56	 15,38	  -5,6	   0,4	   6,5	   6,8	   2,1	  -4,1
*	    31,6328	 1	109,52	 22,59	   4,1	   4,8	  -2,9	  -2,5	  -7,3	  -0,4
*	    33,3723	 1	 91,97	 29,59	   2,8	   3,6	  -4,1	  -3,7	  -8,6	  -1,6
*	    25,0666	 1	109,52	 27,85	   9,5	  10,3	   2,6	   3,0	  -1,9	   5,2
*	    27,1766	 1	 91,97	 35,79	   7,7	   8,4	   0,7	   1,1	  -3,7	   3,3
*	    18,7722	 1	109,52	 35,88	  16,1	  16,9	   9,2	   9,6	   4,7	  11,8
*	    21,4137	 1	 91,97	 44,63	  13,2	  14,0	   6,3	   6,7	   1,8	   8,9
*	    13,0520	 1	109,52	 48,91	  24,1	  24,8	  17,2	  17,5	  12,7	  19,8
*	    16,4577	 1	 91,97	 57,42	  19,2	  19,9	  12,2	  12,6	   7,8	  14,9
*	     8,7307	 1	109,52	 70,11	  32,5	  33,3	  25,6	  26,0	  21,2	  28,4
*	    13,0704	 1	 91,97	 75,15	  24,3	  25,1	  17,4	  17,8	  13,0	  20,1
*	     7,7839	 1	109,52	 98,45	  34,9	  35,7	  28,0	  28,4	  23,6	  30,8
*	    12,4015	 1	 91,97	 96,21	  25,5	  26,3	  18,6	  19,0	  14,2	  21,3
*	    40,3253	 1	 89,16	 26,68	  -1,7	  -1,0	  -8,7	  -8,3	 -13,2	  -6,2
*	    38,5927	 1	104,31	 20,26	  -0,7	   0,1	  -7,6	  -7,2	 -12,1	  -5,2
*	    45,3566	 1	104,31	 17,44	  -4,6	  -3,8	 -11,5	 -11,1	 -16,0	  -9,1
s	     7,8347	 2	140,72	125,81	  40,7	  48,8	  57,3	  58,2	  53,4	  47,4
*	    14,7882	 1	214,46	113,97	  23,2	  24,0	  16,3	  16,7	  11,8	  18,9
*	    20,1192	 1	230,53	108,17	  16,4	  17,2	   9,5	   9,9	   5,0	  12,1
*	    13,5698	 1	214,46	 87,91	  25,1	  25,8	  18,1	  18,5	  13,7	  20,8
*	    19,1940	 1	230,53	 88,46	  17,5	  18,3	  10,6	  11,0	   6,1	  13,2
*	    15,2000	 1	214,46	 62,64	  22,6	  23,4	  15,7	  16,1	  11,2	  18,3
*	    20,4383	 1	230,53	 69,09	  16,1	  16,8	   9,1	   9,5	   4,7	  11,7
*	    19,0402	 1	214,46	 45,03	  17,6	  18,3	  10,7	  11,0	   6,2	  13,3
*	    23,5400	 1	230,53	 53,59	  12,8	  13,6	   5,9	   6,3	   1,4	   8,5
*	    24,1628	 1	214,46	 34,05	  12,1	  12,9	   5,2	   5,6	   0,7	   7,8
*	    27,9381	 1	230,53	 42,47	   8,8	   9,6	   1,9	   2,2	  -2,6	   4,4
*	    29,9799	 1	214,46	 27,02	   7,1	   7,9	   0,2	   0,6	  -4,3	   2,7
*	    33,1624	 1	230,53	 34,63	   4,7	   5,5	  -2,2	  -1,8	  -6,7	   0,3
*	    36,1870	 1	214,46	 22,27	   2,6	   3,4	  -4,3	  -3,9	  -8,8	  -1,8
*	    38,9074	 1	230,53	 29,01	   0,9	   1,7	  -6,0	  -5,7	 -10,5	  -3,6
*	    48,2498	 1	219,19	 18,03	  -4,3	  -3,6	 -11,3	 -10,9	 -15,8	  -8,9
*	    44,3986	 1	233,12	 27,17	  -2,3	  -1,5	  -9,2	  -8,9	 -13,7	  -6,8
*	    41,7496	 1	219,19	 20,84	  -0,8	  -0,0	  -7,7	  -7,4	 -12,2	  -5,3
*	    27,8790	 1	 69,29	100,98	   4,3	  11,4	  18,7	  19,3	  14,5	   8,3
*	    22,7486	 1	 75,13	102,91	   9,1	  16,1	  23,5	  24,1	  19,3	  13,2
*	    18,1002	 1	 83,44	105,40	  14,3	  21,3	  28,7	  29,3	  24,5	  18,4
*	    27,1920	 1	 69,29	 90,78	   4,9	  11,9	  19,3	  19,9	  15,1	   8,9
*	    21,9177	 1	 75,13	 90,92	   9,9	  17,0	  24,4	  25,0	  20,2	  14,0
*	    17,0713	 1	 83,44	 91,10	  15,6	  22,7	  30,1	  30,7	  25,9	  19,8
*	    27,7004	 1	 69,29	 80,52	   4,5	  11,5	  18,9	  19,5	  14,7	   8,5
*	    22,5335	 1	 75,13	 78,84	   9,3	  16,3	  23,7	  24,3	  19,5	  13,4
*	    17,8358	 1	 83,44	 76,66	  14,6	  21,7	  29,1	  29,7	  24,9	  18,8
*	    29,3463	 1	 69,29	 70,84	   3,1	  10,1	  17,5	  18,1	  13,3	   7,1
*	    24,4949	 1	 75,13	 67,67	   7,3	  14,4	  21,8	  22,4	  17,6	  11,4
*	    20,2062	 1	 83,44	 63,75	  11,8	  18,8	  26,2	  26,8	  22,0	  15,9
*	    31,9665	 1	 69,29	 62,18	   1,1	   8,1	  15,5	  16,1	  11,3	   5,0
*	    27,5369	 1	 75,13	 58,03	   4,6	  11,6	  19,0	  19,6	  14,8	   8,6
*	    23,7435	 1	 83,44	 53,15	   8,0	  15,1	  22,4	  23,1	  18,3	  12,1
*	    35,3597	 1	 69,29	 54,69	  -1,4	   5,7	  13,0	  13,7	   8,8	   2,6
*	    31,3703	 1	 75,13	 50,05	   1,5	   8,5	  15,9	  16,5	  11,7	   5,5
*	    28,0475	 1	 83,44	 44,83	   4,1	  11,2	  18,5	  19,1	  14,3	   8,1
*	    39,3401	 1	 69,29	 48,37	  -3,9	   3,1	  10,5	  11,1	   6,2	  -0,0
*	    35,7611	 1	 75,13	 43,58	  -1,6	   5,4	  12,8	  13,4	   8,5	   2,3
*	    32,8446	 1	 83,44	 38,39	   0,4	   7,4	  14,8	  15,4	  10,6	   4,4
*	    43,7583	 1	 69,29	 43,09	  -6,5	   0,5	   7,9	   8,5	   3,7	  -2,6
*	    40,5419	 1	 75,13	 38,34	  -4,7	   2,4	   9,7	  10,3	   5,5	  -0,8
*	    37,9643	 1	 83,44	 33,37	  -3,1	   3,9	  11,3	  11,9	   7,1	   0,8
*	    62,6441	 1	 81,04	 21,65	 -13,1	  -7,1	  -1,0	  -0,7	  -5,5	 -11,9
*	    63,8188	 1	 75,54	 24,22	 -13,5	  -7,6	  -1,4	  -1,2	  -5,9	 -12,3
*	    65,2264	 1	 71,22	 26,85	 -14,1	  -8,1	  -2,0	  -1,7	  -6,5	 -12,9
*	    66,8530	 1	 67,79	 29,46	 -14,7	  -8,7	  -2,6	  -2,4	  -7,1	 -13,5
*	    58,7301	 1	 81,04	 23,03	 -11,5	  -5,5	   0,6	   0,9	  -3,9	 -10,2
*	    59,9774	 1	 75,54	 25,74	 -12,0	  -6,0	   0,1	   0,3	  -4,4	 -10,8
*	    61,4685	 1	 71,22	 28,49	 -12,6	  -6,6	  -0,5	  -0,3	  -5,0	 -11,4
*	    63,1870	 1	 67,79	 31,19	 -13,3	  -7,3	  -1,2	  -1,0	  -5,7	 -12,1
*	    54,8502	 1	 81,04	 24,61	  -9,8	  -3,8	   2,3	   2,6	  -2,2	  -8,5
*	    56,1787	 1	 75,54	 27,44	 -10,4	  -4,4	   1,7	   2,0	  -2,8	  -9,1
*	    57,7625	 1	 71,22	 30,30	 -11,1	  -5,1	   1,0	   1,3	  -3,4	  -9,8
*	    59,5823	 1	 67,79	 33,11	 -11,8	  -5,8	   0,3	   0,5	  -4,2	 -10,6
*	    51,0114	 1	 81,04	 26,40	  -8,0	  -2,0	   4,1	   4,3	  -0,4	  -6,7
*	    52,4313	 1	 75,54	 29,37	  -8,7	  -2,7	   3,4	   3,7	  -1,0	  -7,4
*	    54,1184	 1	 71,22	 32,35	  -9,5	  -3,5	   2,6	   2,9	  -1,8	  -8,2
*	    56,0499	 1	 67,79	 35,25	 -10,3	  -4,3	   1,8	   2,0	  -2,7	  -9,1
*	    47,2232	 1	 81,04	 28,44	  -6,1	  -0,1	   6,0	   6,2	   1,5	  -4,8
*	    48,7463	 1	 75,54	 31,56	  -6,9	  -0,9	   5,2	   5,5	   0,8	  -5,6
*	    50,5488	 1	 71,22	 34,65	  -7,8	  -1,8	   4,3	   4,6	  -0,1	  -6,5
*	    52,6037	 1	 67,79	 37,64	  -8,8	  -2,8	   3,3	   3,6	  -1,1	  -7,5
*	    43,4975	 1	 81,04	 30,80	  -4,1	   1,9	   8,0	   8,2	   3,6	  -2,7
*	    45,1376	 1	 75,54	 34,06	  -5,0	   1,0	   7,1	   7,3	   2,7	  -3,6
*	    47,0693	 1	 71,22	 37,25	  -6,0	  -0,0	   6,1	   6,3	   1,6	  -4,7
*	    49,2605	 1	 67,79	 40,32	  -7,1	  -1,2	   5,0	   5,2	   0,5	  -5,8
*	    46,9150	 1	272,78	102,56	  -0,5	   6,8	  12,9	  15,4	  10,5	   5,1
*	    39,1395	 1	279,78	105,07	   3,9	  11,2	  17,3	  19,8	  14,9	   9,6
*	    32,1870	 1	290,23	108,32	   8,6	  15,9	  22,0	  24,5	  19,6	  14,3
*	    26,6454	 1	305,99	111,97	  13,1	  20,3	  26,5	  28,9	  24,1	  18,8
*	    23,4106	 1	327,74	114,33	  16,0	  23,2	  29,4	  31,9	  27,1	  21,8
*	    23,3090	 1	351,17	113,40	  16,1	  23,3	  29,5	  31,9	  27,1	  21,9
*	    26,3443	 1	  9,92	110,07	  13,2	  20,5	  26,6	  29,1	  24,3	  19,0
*	    31,7172	 1	 22,65	106,52	   8,9	  16,1	  22,3	  24,7	  19,9	  14,6
*	    38,5496	 1	 31,07	103,66	   4,3	  11,5	  17,6	  20,1	  15,2	   9,9
*	    46,2456	 1	 36,85	101,49	  -0,1	   7,1	  13,2	  15,7	  10,8	   5,4
*	    54,4616	 1	 40,96	 99,84	  -4,2	   3,1	   9,2	  11,7	   6,8	   1,3
*	    36,1925	 1	 25,06	101,45	   5,3	  11,3	  17,1	  19,5	  15,2	   8,4
*	    33,5377	 1	 21,33	102,34	   7,2	  13,1	  19,0	  21,3	  17,0	  10,2
*	    31,1095	 1	 16,99	103,30	   8,9	  14,8	  20,7	  23,1	  18,8	  12,0
*	    28,9582	 1	 11,91	104,34	  10,6	  16,5	  22,4	  24,8	  20,5	  13,7
*	    27,1414	 1	  6,00	105,38	  12,1	  18,0	  23,9	  26,3	  22,0	  15,2
*	    25,7207	 1	359,20	106,38	  13,4	  19,3	  25,2	  27,5	  23,3	  16,5
*	    24,7550	 1	351,53	107,23	  14,3	  20,2	  26,1	  28,4	  24,2	  17,4
*	    24,2919	 1	343,12	107,83	  14,7	  20,6	  26,5	  28,9	  24,6	  17,9
*	    24,3580	 1	334,27	108,07	  14,7	  20,6	  26,5	  28,8	  24,6	  17,8
*	    24,9519	 1	325,38	107,91	  14,1	  20,1	  25,9	  28,3	  24,0	  17,3
*	    26,0442	 1	316,87	107,37	  13,2	  19,1	  25,0	  27,3	  23,1	  16,3
*	    27,5840	 1	309,04	106,56	  11,8	  17,8	  23,6	  26,0	  21,7	  14,9
*	    29,5094	 1	302,07	105,57	  10,3	  16,2	  22,1	  24,4	  20,1	  13,3
*	    31,7570	 1	296,00	104,53	   8,5	  14,4	  20,3	  22,7	  18,4	  11,6
*	    47,5234	 1	252,11	 45,42	  -6,3	   0,7	   8,1	   8,7	   3,8	  -2,5
*	    43,7635	 1	246,46	 40,81	  -4,3	   2,7	  10,1	  10,7	   5,9	  -0,4
*	    40,5191	 1	238,53	 35,88	  -2,4	   4,6	  12,0	  12,6	   7,7	   1,5
*	    43,6820	 1	252,11	 50,99	  -4,2	   2,8	  10,2	  10,8	   5,9	  -0,4
*	    39,5865	 1	246,46	 46,39	  -1,9	   5,2	  12,5	  13,1	   8,3	   2,0
*	    35,9996	 1	238,53	 41,33	   0,4	   7,4	  14,8	  15,4	  10,6	   4,4
*	    40,3413	 1	252,11	 57,58	  -2,3	   4,7	  12,1	  12,7	   7,9	   1,6
*	    35,8975	 1	246,46	 53,25	   0,5	   7,5	  14,9	  15,5	  10,7	   4,4
*	    31,9373	 1	238,53	 48,29	   3,3	  10,3	  17,7	  18,3	  13,5	   7,3
*	    37,6256	 1	252,11	 65,29	  -0,6	   6,4	  13,8	  14,4	   9,6	   3,3
*	    32,8475	 1	246,46	 61,58	   2,6	   9,7	  17,0	  17,7	  12,8	   6,6
*	    28,5088	 1	238,53	 57,15	   6,0	  13,0	  20,4	  21,0	  16,2	  10,0
*	    35,6676	 1	252,11	 74,09	   0,7	   7,7	  15,1	  15,7	  10,9	   4,6
*	    30,6120	 1	246,46	 71,47	   4,3	  11,4	  18,7	  19,3	  14,5	   8,3
*	    25,9410	 1	238,53	 68,19	   8,2	  15,2	  22,6	  23,2	  18,4	  12,3
*	    34,5875	 1	252,11	 83,72	   1,4	   8,5	  15,8	  16,4	  11,6	   5,4
*	    29,3630	 1	246,46	 82,63	   5,3	  12,4	  19,7	  20,3	  15,5	   9,3
*	    24,4800	 1	238,53	 81,22	   9,6	  16,6	  24,0	  24,6	  19,8	  13,6
*	    34,4627	 1	252,11	 93,71	   1,5	   8,5	  15,9	  16,5	  11,7	   5,5
*	    29,2179	 1	246,46	 94,37	   5,4	  12,5	  19,8	  20,5	  15,6	   9,4
*	    24,3089	 1	238,53	 95,21	   9,7	  16,8	  24,1	  24,8	  20,0	  13,8
*	    69,9560	 1	252,83	 29,60	 -13,6	  -7,6	  -1,5	  -1,3	  -6,0	 -12,5
*	    68,0906	 1	249,31	 27,01	 -12,9	  -6,9	  -0,8	  -0,6	  -5,3	 -11,8
*	    66,4251	 1	244,91	 24,41	 -12,3	  -6,3	  -0,2	   0,0	  -4,7	 -11,1
*	    64,9741	 1	239,31	 21,86	 -11,8	  -5,8	   0,3	   0,6	  -4,2	 -10,6
*	    66,4440	 1	252,83	 31,33	 -12,3	  -6,3	  -0,2	   0,0	  -4,7	 -11,1
*	    64,4822	 1	249,31	 28,65	 -11,6	  -5,6	   0,5	   0,8	  -4,0	 -10,4
*	    62,7260	 1	244,91	 25,94	 -10,9	  -4,9	   1,2	   1,5	  -3,3	  -9,7
*	    61,1921	 1	239,31	 23,27	 -10,3	  -4,3	   1,8	   2,1	  -2,7	  -9,1
*	    63,0081	 1	252,83	 33,27	 -11,0	  -5,0	   1,1	   1,3	  -3,4	  -9,8
*	    60,9417	 1	249,31	 30,48	 -10,2	  -4,2	   1,9	   2,2	  -2,5	  -8,9
*	    59,0862	 1	244,91	 27,66	  -9,4	  -3,4	   2,7	   2,9	  -1,8	  -8,2
*	    57,4607	 1	239,31	 24,87	  -8,7	  -2,7	   3,4	   3,6	  -1,1	  -7,5
*	    59,6608	 1	252,83	 35,41	  -9,6	  -3,6	   2,5	   2,7	  -2,0	  -8,4
*	    57,4809	 1	249,31	 32,54	  -8,7	  -2,7	   3,4	   3,6	  -1,1	  -7,5
*	    55,5166	 1	244,91	 29,60	  -7,9	  -1,9	   4,2	   4,5	  -0,2	  -6,6
*	    53,7900	 1	239,31	 26,68	  -7,1	  -1,1	   5,0	   5,3	   0,6	  -5,8
*	    56,4170	 1	252,83	 37,82	  -8,2	  -2,3	   3,8	   4,1	  -0,6	  -7,0
*	    54,1142	 1	249,31	 34,86	  -7,2	  -1,2	   4,9	   5,1	   0,4	  -5,9
*	    52,0308	 1	244,91	 31,80	  -6,3	  -0,3	   5,8	   6,1	   1,4	  -5,0
*	    50,1922	 1	239,31	 28,74	  -5,4	   0,6	   6,7	   7,0	   2,3	  -4,1
*	    53,2942	 1	252,83	 40,51	  -6,8	  -0,9	   5,3	   5,5	   0,8	  -5,6
*	    50,8591	 1	249,31	 37,47	  -5,7	   0,3	   6,4	   6,6	   1,9	  -4,4
*	    48,6456	 1	244,91	 34,32	  -4,6	   1,4	   7,5	   7,7	   3,0	  -3,3
*	    46,6831	 1	239,31	 31,12	  -3,6	   2,4	   8,5	   8,7	   4,1	  -2,3
*	    36,3745	 1	 24,08	 98,08	   5,5	  11,4	  17,3	  19,6	  15,4	   8,5
*	    33,7326	 1	 20,34	 98,70	   7,3	  13,2	  19,1	  21,4	  17,2	  10,3
*	    31,3178	 1	 15,99	 99,37	   9,1	  15,0	  20,9	  23,2	  18,9	  12,1
*	    29,1800	 1	 10,94	100,07	  10,7	  16,6	  22,5	  24,9	  20,6	  13,8
*	    27,3759	 1	  5,11	100,79	  12,2	  18,1	  24,0	  26,4	  22,1	  15,3
*	    25,9660	 1	358,43	101,48	  13,4	  19,4	  25,3	  27,6	  23,3	  16,6
*	    25,0082	 1	350,94	102,07	  14,3	  20,2	  26,1	  28,5	  24,2	  17,4
*	    24,5490	 1	342,80	102,47	  14,8	  20,7	  26,6	  28,9	  24,7	  17,9
*	    24,6142	 1	334,24	102,63	  14,7	  20,6	  26,5	  28,9	  24,6	  17,9
*	    25,2026	 1	325,66	102,51	  14,2	  20,1	  26,0	  28,4	  24,1	  17,3
*	    26,2856	 1	317,40	102,16	  13,2	  19,2	  25,0	  27,4	  23,1	  16,4
*	    27,8134	 1	309,77	101,60	  11,9	  17,9	  23,7	  26,1	  21,8	  15,0
*	    29,7254	 1	302,94	100,93	  10,4	  16,3	  22,2	  24,5	  20,3	  13,5
*	    31,9592	 1	296,95	100,21	   8,7	  14,6	  20,5	  22,8	  18,5	  11,7
s	    24,9590	 2	339,79	111,23	  35,2	  40,7	  46,7	  45,1	  40,2	  32,6
*	    41,1332	 1	 20,29	 96,14	   4,1	  10,0	  15,9	  18,2	  13,9	   7,1
*	    38,6351	 1	 16,73	 96,54	   5,6	  11,5	  17,4	  19,7	  15,5	   8,6
*	    36,3538	 1	 12,68	 96,96	   7,1	  13,0	  18,9	  21,2	  16,9	  10,1
*	    34,3282	 1	  8,11	 97,38	   8,4	  14,3	  20,2	  22,6	  18,3	  11,5
*	    32,6009	 1	  2,98	 97,80	   9,6	  15,6	  21,5	  23,8	  19,5	  12,7
*	    31,2160	 1	357,27	 98,20	  10,7	  16,6	  22,5	  24,8	  20,6	  13,7
*	    30,2155	 1	351,00	 98,54	  11,4	  17,4	  23,3	  25,6	  21,3	  14,5
*	    29,6343	 1	344,29	 98,80	  11,9	  17,8	  23,7	  26,1	  21,8	  15,0
*	    29,4952	 1	337,24	 98,94	  12,0	  18,0	  23,8	  26,2	  21,9	  15,1
*	    29,8049	 1	330,08	 98,94	  11,8	  17,7	  23,6	  26,0	  21,7	  14,9
*	    30,5523	 1	323,03	 98,81	  11,2	  17,2	  23,0	  25,4	  21,1	  14,3
*	    31,7108	 1	316,28	 98,56	  10,4	  16,3	  22,2	  24,5	  20,2	  13,4
*	    33,2422	 1	309,98	 98,23	   9,3	  15,2	  21,1	  23,4	  19,1	  12,3
*	    35,1024	 1	304,24	 97,83	   8,0	  13,9	  19,8	  22,1	  17,8	  11,0
*	    37,2462	 1	299,06	 97,41	   6,5	  12,5	  18,3	  20,7	  16,4	   9,5
*	    40,5539	 1	 56,98	 98,03	   5,3	   6,1	  -1,6	  -1,3	  -6,1	   0,8
*	    34,6296	 1	 62,17	 99,18	   9,1	   9,9	   2,2	   2,6	  -2,3	   4,7
*	    40,0719	 1	 56,98	 89,34	   5,6	   6,4	  -1,3	  -1,0	  -5,8	   1,1
*	    34,0702	 1	 62,17	 89,24	   9,5	  10,3	   2,6	   3,0	  -1,9	   5,1
*	    40,7235	 1	 56,98	 80,67	   5,2	   6,0	  -1,7	  -1,4	  -6,2	   0,7
*	    34,8260	 1	 62,17	 79,34	   9,0	   9,8	   2,1	   2,4	  -2,4	   4,5
*	    42,4595	 1	 56,98	 72,42	   4,2	   5,0	  -2,7	  -2,4	  -7,3	  -0,3
*	    36,8211	 1	 62,17	 70,05	   7,6	   8,4	   0,7	   1,1	  -3,8	   3,2
*	    45,1621	 1	 56,98	 64,85	   2,7	   3,5	  -4,2	  -3,9	  -8,8	  -1,9
*	    39,8813	 1	 62,17	 61,72	   5,7	   6,5	  -1,2	  -0,9	  -5,7	   1,2
*	    48,6794	 1	 56,98	 58,11	   0,8	   1,6	  -6,1	  -5,7	 -10,6	  -3,7
*	    43,7973	 1	 62,17	 54,52	   3,4	   4,2	  -3,5	  -3,1	  -8,0	  -1,1
*	    52,8576	 1	 56,98	 52,23	  -1,2	  -0,4	  -8,1	  -7,8	 -12,7	  -5,8
*	    48,3735	 1	 62,17	 48,40	   1,0	   1,8	  -5,9	  -5,6	 -10,5	  -3,6
*	    56,9243	 1	 63,61	 38,86	  -3,0	  -2,2	  -9,9	  -9,6	 -14,5	  -7,7
*	    60,6327	 1	 58,07	 42,78	  -4,6	  -3,8	 -11,5	 -11,2	 -16,1	  -9,3
*	    51,4608	 1	 63,61	 43,33	  -0,5	   0,2	  -7,5	  -7,1	 -12,0	  -5,1
*	    55,5154	 1	 58,07	 47,28	  -2,4	  -1,6	  -9,3	  -9,0	 -13,9	  -7,0
*	    45,0145	 1	 15,78	 94,66	   3,2	   9,1	  15,0	  17,3	  13,0	   6,1
*	    42,7267	 1	 12,25	 94,92	   4,5	  10,4	  16,3	  18,6	  14,3	   7,4
*	    40,6572	 1	  8,34	 95,17	   5,7	  11,6	  17,5	  19,8	  15,5	   8,7
*	    38,8377	 1	  4,01	 95,42	   6,8	  12,7	  18,6	  20,9	  16,6	   9,8
*	    37,3016	 1	359,26	 95,67	   7,8	  13,7	  19,6	  21,9	  17,6	  10,8
*	    36,0816	 1	354,11	 95,89	   8,6	  14,5	  20,4	  22,7	  18,4	  11,6
*	    35,2077	 1	348,57	 96,07	   9,1	  15,1	  20,9	  23,3	  19,0	  12,2
*	    34,7037	 1	342,73	 96,21	   9,5	  15,4	  21,3	  23,6	  19,4	  12,5
*	    34,5848	 1	336,69	 96,29	   9,6	  15,5	  21,4	  23,7	  19,4	  12,6
*	    34,8551	 1	330,57	 96,29	   9,4	  15,3	  21,2	  23,5	  19,3	  12,4
*	    35,5073	 1	324,52	 96,22	   9,0	  14,9	  20,8	  23,1	  18,8	  12,0
*	    36,5234	 1	318,66	 96,09	   8,3	  14,2	  20,1	  22,4	  18,2	  11,3
*	    37,8771	 1	313,11	 95,90	   7,4	  13,3	  19,2	  21,6	  17,3	  10,4
*	    39,5367	 1	307,92	 95,68	   6,4	  12,3	  18,2	  20,5	  16,3	   9,4
*	    41,4685	 1	303,14	 95,44	   5,3	  11,2	  17,1	  19,4	  15,1	   8,2
*	    36,6986	 1	 24,08	100,75	  -5,6	   0,3	   6,2	   8,5	   4,2	  -2,6
*	    37,1240	 1	 22,82	 97,38	  -9,1	  -3,2	   2,7	   5,1	   0,8	  -6,1
*	    38,0844	 1	284,76	102,16	   4,2	  10,1	  16,0	  18,3	  14,0	   7,2
*	    41,0411	 1	281,14	101,29	   2,4	   8,3	  14,2	  16,5	  12,2	   5,3
*	    44,1275	 1	278,03	100,50	   0,6	   6,5	  12,4	  14,7	  10,4	   3,6
*	    47,3195	 1	275,35	 99,79	  -1,1	   4,8	  10,7	  13,0	   8,7	   1,8
*	    50,5984	 1	273,01	 99,16	  -2,7	   3,2	   9,1	  11,4	   7,1	   0,1
*	    38,2558	 1	285,74	 98,57	   4,4	  10,3	  16,2	  18,5	  14,2	   7,4
*	    41,2012	 1	282,11	 97,96	   2,6	   8,5	  14,4	  16,7	  12,4	   5,5
*	    44,2771	 1	278,97	 97,41	   0,8	   6,7	  12,6	  14,9	  10,7	   3,8
*	    47,4598	 1	276,25	 96,92	  -0,9	   5,0	  10,9	  13,2	   8,9	   2,0
*	    50,7302	 1	273,88	 96,47	  -2,5	   3,4	   9,3	  11,6	   7,3	   0,4
*	    38,5132	 1	285,53	102,02	   2,4	   8,3	  14,2	  16,5	  12,2	   5,4
*	    38,5669	 1	285,74	101,39	  -6,8	  -0,9	   5,0	   7,3	   3,0	  -3,8
*	    38,9713	 1	287,01	 97,82	 -10,2	  -4,3	   1,6	   4,0	  -0,3	  -7,2
*	    42,9579	 1	288,29	102,50	  -3,9	   3,3	   9,5	  11,9	   7,1	   1,7
*	    39,2835	 1	294,00	103,65	  -1,7	   5,5	  11,7	  14,1	   9,3	   3,9
*	    46,7599	 1	 27,33	100,49	  -6,0	   1,2	   7,4	   9,8	   5,0	  -0,4
*	    49,1142	 1	 11,96	 93,37	   2,2	   8,1	  14,0	  16,3	  12,0	   5,1
*	    47,0124	 1	  8,53	 93,52	   3,3	   9,2	  15,1	  17,4	  13,1	   6,2
*	    45,1256	 1	  4,80	 93,67	   4,3	  10,2	  16,1	  18,4	  14,1	   7,2
*	    43,4795	 1	  0,74	 93,83	   5,2	  11,1	  17,0	  19,3	  15,0	   8,1
*	    42,1001	 1	356,35	 93,97	   6,0	  11,9	  17,8	  20,1	  15,8	   8,9
*	    41,0122	 1	351,68	 94,08	   6,6	  12,5	  18,4	  20,7	  16,5	   9,6
*	    40,2375	 1	346,73	 94,18	   7,1	  13,0	  18,9	  21,2	  16,9	  10,0
*	    39,7930	 1	341,57	 94,25	   7,3	  13,3	  19,1	  21,5	  17,2	  10,3
*	    39,6892	 1	336,28	 94,30	   7,4	  13,3	  19,2	  21,5	  17,3	  10,4
*	    39,9289	 1	330,93	 94,30	   7,3	  13,2	  19,1	  21,4	  17,1	  10,3
*	    40,5070	 1	325,63	 94,26	   6,9	  12,8	  18,7	  21,1	  16,8	   9,9
*	    41,4107	 1	320,46	 94,19	   6,4	  12,3	  18,2	  20,5	  16,2	   9,4
*	    42,6213	 1	315,50	 94,09	   5,7	  11,6	  17,5	  19,8	  15,5	   8,7
*	    44,1156	 1	310,79	 93,97	   4,9	  10,8	  16,7	  19,0	  14,7	   7,8
*	    45,8679	 1	306,39	 93,83	   3,9	   9,8	  15,7	  18,1	  13,8	   6,9
s	    40,1659	 3	286,20	103,61	  30,5	  36,3	  42,4	  40,8	  36,1	  28,5
*	    56,9218	 1	264,10	 54,82	  -1,0	  -0,3	  -8,0	  -7,6	 -12,5	  -5,7
*	    52,1303	 1	258,99	 51,19	   1,1	   1,9	  -5,8	  -5,4	 -10,3	  -3,5
*	    53,3567	 1	264,10	 60,95	   0,6	   1,3	  -6,4	  -6,0	 -10,9	  -4,1
*	    48,2337	 1	258,99	 57,63	   3,1	   3,8	  -3,9	  -3,5	  -8,4	  -1,5
*	    50,4766	 1	264,10	 67,91	   1,9	   2,7	  -5,0	  -4,6	  -9,5	  -2,7
*	    45,0477	 1	258,99	 65,13	   4,7	   5,5	  -2,2	  -1,8	  -6,7	   0,2
*	    48,3972	 1	264,10	 75,61	   3,0	   3,8	  -4,0	  -3,6	  -8,5	  -1,6
*	    42,7219	 1	258,99	 73,68	   6,0	   6,8	  -0,9	  -0,5	  -5,4	   1,5
*	    47,2190	 1	264,10	 83,88	   3,6	   4,4	  -3,3	  -3,0	  -7,9	  -1,0
*	    41,3930	 1	258,99	 83,02	   6,8	   7,6	  -0,1	   0,2	  -4,6	   2,3
*	    47,0062	 1	264,10	 92,42	   3,7	   4,5	  -3,2	  -2,9	  -7,8	  -0,9
*	    41,1521	 1	258,99	 92,76	   6,9	   7,7	   0,0	   0,4	  -4,5	   2,4
*	    47,7712	 1	264,10	100,85	   3,3	   4,1	  -3,6	  -3,3	  -8,2	  -1,3
*	    60,6132	 1	257,66	 40,29	  -2,6	  -1,8	  -9,5	  -9,2	 -14,1	  -7,3
*	    64,6486	 1	263,08	 44,12	  -4,2	  -3,4	 -11,1	 -10,8	 -15,7	  -8,9
*	    65,9533	 1	257,66	 36,42	  -4,7	  -3,9	 -11,6	 -11,3	 -16,2	  -9,4
*	    41,4353	 1	290,26	 99,92	   3,7	   9,6	  15,5	  17,9	  13,6	   6,7
*	    41,7418	 1	291,08	 96,64	   3,8	   9,7	  15,6	  17,9	  13,6	   6,8
*	    44,4716	 1	287,39	 96,25	   2,2	   8,2	  14,0	  16,4	  12,1	   5,2
*	    47,3484	 1	284,15	 95,87	   0,7	   6,6	  12,5	  14,8	  10,5	   3,6
*	    50,3483	 1	281,29	 95,52	  -0,8	   5,1	  11,0	  13,3	   9,0	   2,1
*	    53,4517	 1	278,74	 95,20	  -2,3	   3,7	   9,5	  11,9	   7,5	   0,6
*	    56,6425	 1	276,48	 94,90	  -3,7	   2,2	   8,1	  10,4	   6,1	  -0,9
*	    41,9104	 1	290,89	 99,81	   0,3	   6,2	  12,1	  14,5	  10,2	   3,3
*	    41,9461	 1	 19,23	 95,53	 -13,6	  -7,7	  -1,8	   0,6	  -3,7	 -10,6
*	    41,9913	 1	291,08	 99,24	  -9,9	  -4,0	   1,9	   4,2	  -0,1	  -6,9
*	    42,5440	 1	292,14	 95,97	 -13,9	  -8,0	  -2,1	   0,3	  -4,0	 -10,9
*	    42,7303	 1	 31,66	 99,27	  -9,4	  -3,4	   2,4	   4,8	   0,5	  -6,4
*	    42,9072	 1	 30,77	 96,41	 -12,6	  -6,6	  -0,8	   1,6	  -2,7	  -9,6
*	    43,0902	 1	 31,66	101,54	   1,1	   7,1	  12,9	  15,3	  11,0	   4,1
*	    46,2106	 1	 33,97	100,79	  -0,6	   5,4	  11,2	  13,6	   9,3	   2,4
*	    49,4281	 1	 36,00	100,13	  -2,2	   3,7	   9,6	  11,9	   7,6	   0,7
*	    52,7261	 1	 37,78	 99,53	  -3,8	   2,1	   8,0	  10,3	   6,0	  -0,9
*	    56,0910	 1	 39,36	 98,98	  -5,3	   0,6	   6,5	   8,8	   4,5	  -2,5
*	    43,1690	 1	 30,77	 98,70	   1,4	   7,3	  13,2	  15,5	  11,2	   4,3
*	    46,2845	 1	 33,11	 98,15	  -0,3	   5,6	  11,5	  13,8	   9,5	   2,6
*	    49,4975	 1	 35,18	 97,64	  -1,9	   4,0	   9,8	  12,2	   7,9	   0,9
*	    52,7914	 1	 37,00	 97,20	  -3,5	   2,4	   8,3	  10,6	   6,3	  -0,7
*	    56,1526	 1	 38,61	 96,78	  -5,0	   0,9	   6,7	   9,1	   4,8	  -2,2
*	    53,3837	 1	 46,26	 93,86	  -3,8	   3,3	  10,6	  11,2	   6,4	  -0,0
*	    48,2865	 1	 50,12	 94,22	  -1,3	   5,7	  13,1	  13,7	   8,8	   2,5
*	    43,4666	 1	 54,74	 94,62	   1,3	   8,3	  15,7	  16,3	  11,4	   5,1
*	    53,2892	 1	 46,26	 87,79	  -3,7	   3,3	  10,7	  11,3	   6,4	   0,0
*	    48,1826	 1	 50,12	 87,58	  -1,3	   5,8	  13,1	  13,7	   8,9	   2,6
*	    43,3519	 1	 54,74	 87,35	   1,3	   8,4	  15,7	  16,3	  11,5	   5,2
*	    53,8817	 1	 46,26	 81,76	  -4,0	   3,0	  10,4	  11,0	   6,1	  -0,2
*	    48,8336	 1	 50,12	 81,00	  -1,6	   5,4	  12,8	  13,4	   8,6	   2,2
*	    44,0699	 1	 54,74	 80,17	   0,9	   8,0	  15,3	  15,9	  11,1	   4,8
*	    55,1401	 1	 46,26	 75,91	  -4,6	   2,5	   9,8	  10,4	   5,6	  -0,8
*	    50,2117	 1	 50,12	 74,67	  -2,3	   4,8	  12,1	  12,7	   7,9	   1,5
*	    45,5837	 1	 54,74	 73,28	   0,1	   7,1	  14,5	  15,1	  10,3	   4,0
*	    57,0226	 1	 46,26	 70,34	  -5,4	   1,6	   9,0	   9,6	   4,7	  -1,7
*	    52,2623	 1	 50,12	 68,67	  -3,3	   3,8	  11,1	  11,7	   6,9	   0,5
*	    47,8217	 1	 54,74	 66,86	  -1,1	   6,0	  13,3	  13,9	   9,1	   2,8
*	    59,4726	 1	 46,26	 65,12	  -6,4	   0,6	   7,9	   8,5	   3,7	  -2,7
*	    54,9141	 1	 50,12	 63,14	  -4,5	   2,6	   9,9	  10,5	   5,7	  -0,7
*	    50,6934	 1	 54,74	 61,00	  -2,5	   4,5	  11,9	  12,5	   7,6	   1,3
*	    62,4266	 1	 46,26	 60,32	  -7,6	  -0,6	   6,7	   7,3	   2,5	  -4,0
*	    58,0887	 1	 50,12	 58,10	  -5,9	   1,2	   8,5	   9,1	   4,3	  -2,1
*	    54,1031	 1	 54,74	 55,73	  -4,1	   2,9	  10,3	  10,9	   6,0	  -0,3
*	    65,8196	 1	 46,26	 55,93	  -9,0	  -1,9	   5,4	   6,0	   1,1	  -5,3
*	    61,7093	 1	 50,12	 53,56	  -7,4	  -0,3	   7,0	   7,6	   2,7	  -3,7
*	    57,9607	 1	 54,74	 51,04	  -5,8	   1,2	   8,6	   9,2	   4,3	  -2,1
*	    75,3600	 1	 53,23	 39,08	 -10,3	  -4,4	   1,7	   2,0	  -2,8	  -9,3
*	    77,3894	 1	 50,21	 40,78	 -11,0	  -5,0	   1,1	   1,3	  -3,5	 -10,0
*	    79,5791	 1	 47,55	 42,47	 -11,7	  -5,7	   0,4	   0,6	  -4,2	 -10,7
*	    81,9167	 1	 45,18	 44,12	 -12,4	  -6,5	  -0,4	  -0,1	  -4,9	 -11,4
*	    72,1020	 1	 53,23	 41,04	  -9,2	  -3,3	   2,8	   3,1	  -1,7	  -8,1
*	    74,2169	 1	 50,21	 42,75	 -10,0	  -4,0	   2,1	   2,3	  -2,4	  -8,9
*	    76,4938	 1	 47,55	 44,45	 -10,7	  -4,7	   1,4	   1,6	  -3,2	  -9,7
*	    78,9193	 1	 45,18	 46,11	 -11,5	  -5,5	   0,6	   0,8	  -3,9	 -10,5
*	    68,9377	 1	 53,23	 43,16	  -8,1	  -2,1	   4,0	   4,2	  -0,5	  -7,0
*	    71,1426	 1	 50,21	 44,89	  -8,9	  -2,9	   3,2	   3,4	  -1,3	  -7,8
*	    73,5109	 1	 47,55	 46,58	  -9,7	  -3,7	   2,4	   2,6	  -2,2	  -8,6
*	    76,0278	 1	 45,18	 48,23	 -10,6	  -4,6	   1,5	   1,7	  -3,0	  -9,5
*	    65,8798	 1	 53,23	 45,46	  -7,0	  -1,0	   5,1	   5,3	   0,6	  -5,8
*	    68,1793	 1	 50,21	 47,19	  -7,8	  -1,9	   4,2	   4,5	  -0,3	  -6,7
*	    70,6427	 1	 47,55	 48,88	  -8,7	  -2,8	   3,4	   3,6	  -1,2	  -7,6
*	    73,2542	 1	 45,18	 50,51	  -9,6	  -3,7	   2,4	   2,7	  -2,1	  -8,5
*	    62,9431	 1	 53,23	 47,97	  -5,9	   0,1	   6,2	   6,5	   1,7	  -4,7
*	    65,3414	 1	 50,21	 49,69	  -6,8	  -0,8	   5,3	   5,5	   0,8	  -5,6
*	    67,9033	 1	 47,55	 51,35	  -7,7	  -1,8	   4,3	   4,6	  -0,2	  -6,6
*	    70,6118	 1	 45,18	 52,95	  -8,7	  -2,7	   3,4	   3,6	  -1,1	  -7,6
*	    60,1446	 1	 53,23	 50,68	  -4,7	   1,2	   7,4	   7,6	   2,9	  -3,5
*	    62,6450	 1	 50,21	 52,37	  -5,7	   0,2	   6,3	   6,6	   1,9	  -4,5
*	    65,3079	 1	 47,55	 54,00	  -6,8	  -0,8	   5,3	   5,5	   0,8	  -5,6
*	    68,1151	 1	 45,18	 55,57	  -7,8	  -1,8	   4,3	   4,5	  -0,2	  -6,7
*	    43,5586	 1	 30,96	101,93	   0,9	   6,8	  12,7	  15,0	  10,7	   3,8
s	    43,6091	 3	291,01	101,50	  29,8	  35,6	  41,7	  40,2	  35,5	  27,8
*	    53,4307	 1	  8,67	 92,22	   1,2	   7,1	  13,0	  15,3	  11,0	   4,0
*	    51,4943	 1	  5,38	 92,31	   2,1	   8,0	  13,9	  16,2	  11,9	   4,9
*	    49,7665	 1	  1,84	 92,40	   2,9	   8,8	  14,7	  17,0	  12,7	   5,8
*	    48,2684	 1	358,05	 92,48	   3,7	   9,6	  15,4	  17,8	  13,5	   6,6
*	    47,0201	 1	354,00	 92,56	   4,3	  10,2	  16,1	  18,4	  14,1	   7,2
*	    46,0407	 1	349,73	 92,61	   4,8	  10,7	  16,6	  18,9	  14,6	   7,7
*	    45,3464	 1	345,27	 92,67	   5,2	  11,1	  17,0	  19,3	  15,0	   8,1
*	    44,9495	 1	340,67	 92,70	   5,4	  11,3	  17,2	  19,5	  15,2	   8,3
*	    44,8576	 1	335,96	 92,73	   5,5	  11,4	  17,2	  19,6	  15,3	   8,4
*	    45,0726	 1	331,21	 92,73	   5,3	  11,3	  17,1	  19,5	  15,2	   8,3
*	    45,5909	 1	326,50	 92,70	   5,1	  11,0	  16,9	  19,2	  14,9	   8,0
*	    46,4031	 1	321,88	 92,67	   4,6	  10,6	  16,4	  18,8	  14,5	   7,6
*	    47,4956	 1	317,40	 92,62	   4,1	  10,0	  15,9	  18,2	  13,9	   7,0
*	    48,8508	 1	313,13	 92,56	   3,4	   9,3	  15,2	  17,5	  13,2	   6,3
*	    50,4491	 1	309,07	 92,49	   2,6	   8,5	  14,4	  16,7	  12,4	   5,5
*	    45,1566	 1	294,84	 97,98	   3,0	   8,9	  14,8	  17,1	  12,8	   5,9
*	    45,5762	 1	295,53	 94,97	   3,0	   8,9	  14,8	  17,1	  12,8	   5,9
*	    48,1019	 1	291,91	 94,72	   1,6	   7,6	  13,4	  15,8	  11,5	   4,5
*	    50,7852	 1	288,65	 94,48	   0,3	   6,2	  12,1	  14,4	  10,1	   3,2
*	    53,6035	 1	285,73	 94,24	  -1,0	   4,9	  10,8	  13,1	   8,8	   1,8
*	    56,5377	 1	283,10	 94,02	  -2,3	   3,6	   9,5	  11,8	   7,5	   0,5
*	    59,5715	 1	280,74	 93,83	  -3,6	   2,3	   8,2	  10,5	   6,2	  -0,8
*	    62,6910	 1	278,59	 93,63	  -4,9	   1,0	   6,9	   9,2	   4,9	  -2,1
*	    45,6680	 1	295,37	 97,88	  -1,8	   4,2	  10,0	  12,4	   8,1	   1,2
*	    45,7715	 1	295,53	 97,36	 -13,2	  -7,3	  -1,4	   0,9	  -3,4	 -10,3
*	    45,7750	 1	 26,54	 97,75	 -12,0	  -6,1	  -0,2	   2,1	  -2,2	  -9,1
*	    45,8949	 1	 14,87	 94,11	 -17,7	 -11,7	  -5,9	  -3,5	  -7,8	 -14,7
*	    46,0750	 1	 25,73	 95,04	 -15,9	  -9,9	  -4,1	  -1,7	  -6,0	 -12,9
*	    46,0784	 1	 26,54	 99,90	   1,1	   7,0	  12,9	  15,2	  10,9	   4,0
*	    46,1515	 1	 26,54	100,36	  -0,5	   5,4	  11,3	  13,6	   9,3	   2,4
*	    46,2860	 1	 25,73	 97,21	   1,2	   7,1	  13,0	  15,4	  11,1	   4,1
*	    49,2171	 1	 28,27	 96,80	  -0,3	   5,6	  11,5	  13,9	   9,6	   2,6
*	    46,9728	 1	292,16	100,32	  -6,8	   0,4	   6,6	   9,0	   4,2	  -1,2
*	    49,1216	 1	298,63	 96,30	   2,1	   8,0	  13,9	  16,2	  11,9	   5,0
*	    49,1967	 1	 22,00	 96,34	 -15,0	  -9,1	  -3,2	  -0,9	  -5,2	 -12,1
*	    49,6348	 1	299,21	 93,55	   2,0	   7,9	  13,8	  16,1	  11,8	   4,9
*	    51,9749	 1	295,71	 93,40	   0,9	   6,8	  12,7	  15,0	  10,7	   3,7
*	    54,4780	 1	292,52	 93,25	  -0,3	   5,6	  11,5	  13,8	   9,5	   2,6
*	    57,1238	 1	289,59	 93,11	  -1,5	   4,5	  10,3	  12,7	   8,3	   1,4
*	    59,8942	 1	286,93	 92,96	  -2,6	   3,3	   9,2	  11,5	   7,2	   0,2
*	    62,7736	 1	284,52	 92,83	  -3,8	   2,1	   8,0	  10,3	   6,0	  -1,0
*	    65,7481	 1	282,32	 92,70	  -4,9	   1,0	   6,8	   9,2	   4,8	  -2,2
*	    49,6611	 1	299,08	 96,23	  -3,8	   2,1	   8,0	  10,3	   6,0	  -0,9
*	    49,7679	 1	 21,30	 95,84	   0,8	   6,7	  12,6	  14,9	  10,6	   3,7
*	    52,5167	 1	 23,91	 95,55	  -0,5	   5,4	  11,2	  13,6	   9,3	   2,3
*	    49,7832	 1	299,21	 95,75	 -16,6	 -10,7	  -4,8	  -2,5	  -6,8	 -13,8
*	    57,9219	 1	  5,83	 91,25	   0,1	   6,0	  11,9	  14,2	   9,9	   2,9
*	    56,1315	 1	  2,69	 91,30	   0,9	   6,8	  12,6	  15,0	  10,7	   3,7
*	    54,5421	 1	359,34	 91,33	   1,6	   7,5	  13,4	  15,7	  11,4	   4,4
*	    53,1705	 1	355,80	 91,38	   2,2	   8,1	  14,0	  16,3	  12,0	   5,0
*	    52,0329	 1	352,07	 91,41	   2,7	   8,6	  14,5	  16,8	  12,5	   5,6
*	    51,1437	 1	348,15	 91,43	   3,1	   9,1	  14,9	  17,3	  13,0	   6,0
*	    50,5155	 1	344,10	 91,46	   3,4	   9,4	  15,2	  17,6	  13,3	   6,3
*	    50,1574	 1	339,93	 91,48	   3,6	   9,5	  15,4	  17,7	  13,4	   6,5
*	    50,0751	 1	335,70	 91,48	   3,7	   9,6	  15,5	  17,8	  13,5	   6,5
*	    50,2698	 1	331,44	 91,48	   3,6	   9,5	  15,4	  17,7	  13,4	   6,5
*	    50,7390	 1	327,20	 91,48	   3,4	   9,3	  15,1	  17,5	  13,2	   6,2
*	    51,4756	 1	323,03	 91,46	   3,0	   8,9	  14,8	  17,1	  12,8	   5,9
*	    52,4693	 1	318,96	 91,43	   2,5	   8,4	  14,3	  16,7	  12,3	   5,4
*	    53,7068	 1	315,04	 91,41	   2,0	   7,9	  13,8	  16,1	  11,8	   4,8
*	    55,1727	 1	311,30	 91,38	   1,3	   7,2	  13,1	  15,4	  11,1	   4,1
*	    99,7417	 1	358,95	 57,55	  -0,1	   3,2	  -6,7	  -6,4	  -2,9	  -5,8
*	    85,7260	 1	  5,73	 51,74	   3,7	   7,1	  -2,9	  -2,6	   0,9	  -1,8
*	    73,9535	 1	 16,50	 44,77	   7,4	  10,8	   0,8	   1,1	   4,7	   2,0
*	    65,5830	 1	 34,31	 37,79	  10,4	  13,8	   3,8	   4,2	   7,7	   5,1
*	    95,0003	 1	346,53	 55,54	   1,1	   4,5	  -5,5	  -5,2	  -1,7	  -4,5
*	    80,1936	 1	350,55	 48,29	   5,4	   8,7	  -1,2	  -0,9	   2,6	  -0,1
*	    67,5098	 1	357,92	 38,54	   9,7	  13,0	   3,1	   3,4	   7,0	   4,3
*	    58,2747	 1	 14,60	 26,63	  13,3	  16,7	   6,7	   7,1	  10,6	   8,1
*	    54,1745	 1	 58,19	 18,33	  15,1	  18,5	   8,5	   8,9	  12,4	   9,9
*	    93,8720	 1	332,75	 54,83	   1,4	   4,8	  -5,2	  -4,9	  -1,4	  -4,2
*	    78,8621	 1	332,53	 46,99	   5,8	   9,2	  -0,8	  -0,5	   3,0	   0,3
*	    65,9360	 1	332,08	 35,95	  10,3	  13,6	   3,7	   4,0	   7,5	   4,9
*	    56,4623	 1	330,83	 20,71	  14,1	  17,5	   7,5	   7,9	  11,4	   8,9
*	    52,2365	 1	303,97	  1,99	  16,0	  19,4	   9,4	   9,8	  13,3	  10,8
*	    96,4807	 1	319,04	 55,69	   0,8	   4,1	  -5,9	  -5,6	  -2,1	  -4,9
*	    81,9305	 1	314,67	 48,55	   4,9	   8,2	  -1,8	  -1,4	   2,1	  -0,6
*	    69,5502	 1	306,75	 39,05	   9,0	  12,3	   2,3	   2,7	   6,2	   3,6
*	    60,6157	 1	289,47	 27,69	  12,4	  15,7	   5,8	   6,1	   9,7	   7,1
*	    88,9639	 1	299,87	 52,15	   2,8	   6,1	  -3,8	  -3,5	  -0,0	  -2,8
*	    77,6660	 1	288,97	 45,45	   6,2	   9,6	  -0,4	  -0,1	   3,4	   0,7
*	    52,4309	 1	268,60	 94,32	  -1,6	   5,4	  12,8	  13,3	   8,5	   2,1
*	    57,2244	 1	272,82	 93,95	  -3,8	   3,2	  10,6	  11,2	   6,3	  -0,1
*	    62,2678	 1	276,36	 93,63	  -5,9	   1,1	   8,5	   9,1	   4,2	  -2,2
*	    52,3385	 1	268,60	 87,46	  -1,6	   5,4	  12,8	  13,4	   8,5	   2,2
*	    57,1394	 1	272,82	 87,67	  -3,8	   3,3	  10,6	  11,2	   6,4	  -0,0
*	    62,1894	 1	276,36	 87,86	  -5,9	   1,2	   8,5	   9,1	   4,2	  -2,2
*	    52,9515	 1	268,60	 80,67	  -1,9	   5,1	  12,5	  13,1	   8,2	   1,9
*	    57,7039	 1	272,82	 81,44	  -4,0	   3,0	  10,4	  11,0	   6,1	  -0,3
*	    62,7104	 1	276,36	 82,13	  -6,1	   1,0	   8,3	   8,9	   4,0	  -2,4
*	    54,2471	 1	268,60	 74,14	  -2,5	   4,5	  11,9	  12,5	   7,6	   1,3
*	    58,9000	 1	272,82	 75,41	  -4,5	   2,5	   9,9	  10,5	   5,6	  -0,8
*	    63,8169	 1	276,36	 76,56	  -6,5	   0,5	   7,9	   8,5	   3,6	  -2,8
*	    56,1801	 1	268,60	 68,00	  -3,4	   3,7	  11,0	  11,6	   6,8	   0,4
*	    60,6919	 1	272,82	 69,69	  -5,3	   1,8	   9,1	   9,7	   4,8	  -1,6
*	    65,4802	 1	276,36	 71,23	  -7,1	  -0,1	   7,2	   7,8	   2,9	  -3,5
*	    58,6904	 1	268,60	 62,35	  -4,4	   2,6	  10,0	  10,5	   5,7	  -0,7
*	    63,0309	 1	272,82	 64,37	  -6,2	   0,8	   8,2	   8,8	   3,9	  -2,5
*	    67,6609	 1	276,36	 66,22	  -8,0	  -0,9	   6,4	   7,0	   2,1	  -4,3
*	    61,7106	 1	268,60	 57,23	  -5,7	   1,3	   8,7	   9,3	   4,4	  -2,0
*	    65,8612	 1	272,82	 59,48	  -7,3	  -0,3	   7,1	   7,7	   2,8	  -3,6
*	    70,3127	 1	276,36	 61,57	  -8,9	  -1,9	   5,5	   6,0	   1,2	  -5,3
*	    65,1728	 1	268,60	 52,63	  -7,0	  -0,0	   7,3	   7,9	   3,1	  -3,4
*	    69,1247	 1	272,82	 55,04	  -8,5	  -1,5	   5,9	   6,5	   1,6	  -4,9
*	    73,3866	 1	276,36	 57,28	 -10,0	  -3,0	   4,4	   5,0	   0,1	  -6,4
*	    85,8705	 1	275,29	 44,20	 -12,0	  -6,0	   0,1	   0,3	  -4,4	 -11,0
*	    83,5118	 1	272,87	 42,57	 -11,3	  -5,3	   0,8	   1,0	  -3,7	 -10,3
*	    81,2935	 1	270,16	 40,91	 -10,6	  -4,6	   1,5	   1,7	  -3,1	  -9,6
*	    79,2269	 1	267,10	 39,25	 -10,0	  -4,0	   2,1	   2,3	  -2,4	  -8,9
*	    83,0069	 1	275,29	 46,19	 -11,1	  -5,1	   1,0	   1,2	  -3,6	 -10,1
*	    80,5677	 1	272,87	 44,56	 -10,4	  -4,4	   1,7	   1,9	  -2,8	  -9,4
*	    78,2693	 1	270,16	 42,89	  -9,7	  -3,7	   2,4	   2,7	  -2,1	  -8,6
*	    76,1240	 1	267,10	 41,21	  -9,0	  -3,0	   3,1	   3,4	  -1,4	  -7,9
*	    80,2536	 1	275,29	 48,32	 -10,3	  -4,3	   1,8	   2,0	  -2,7	  -9,3
*	    77,7314	 1	272,87	 46,70	  -9,5	  -3,5	   2,6	   2,8	  -1,9	  -8,4
*	    75,3501	 1	270,16	 45,02	  -8,7	  -2,7	   3,4	   3,6	  -1,1	  -7,6
*	    73,1229	 1	267,10	 43,33	  -7,9	  -2,0	   4,1	   4,4	  -0,4	  -6,9
*	    77,6218	 1	275,29	 50,60	  -9,4	  -3,5	   2,6	   2,9	  -1,9	  -8,4
*	    75,0148	 1	272,87	 48,99	  -8,6	  -2,6	   3,5	   3,7	  -1,0	  -7,5
*	    72,5482	 1	270,16	 47,34	  -7,7	  -1,8	   4,3	   4,6	  -0,2	  -6,7
*	    70,2361	 1	267,10	 45,64	  -6,9	  -1,0	   5,1	   5,4	   0,6	  -5,8
*	    75,1238	 1	275,29	 53,04	  -8,6	  -2,6	   3,5	   3,7	  -1,1	  -7,6
*	    72,4307	 1	272,87	 51,46	  -7,7	  -1,7	   4,4	   4,6	  -0,1	  -6,6
*	    69,8769	 1	270,16	 49,82	  -6,8	  -0,8	   5,3	   5,5	   0,8	  -5,7
*	    67,4775	 1	267,10	 48,14	  -5,9	   0,0	   6,1	   6,4	   1,6	  -4,8
*	    72,7728	 1	275,29	 55,65	  -7,8	  -1,8	   4,3	   4,5	  -0,3	  -6,7
*	    69,9932	 1	272,87	 54,11	  -6,9	  -0,9	   5,2	   5,5	   0,7	  -5,7
*	    67,3512	 1	270,16	 52,52	  -5,9	   0,1	   6,2	   6,4	   1,7	  -4,7
*	    64,8628	 1	267,10	 50,87	  -5,0	   1,0	   7,1	   7,4	   2,6	  -3,8
*	    53,3231	 1	301,83	 94,85	   1,1	   7,0	  12,9	  15,2	  10,9	   3,9
*	    53,5031	 1	 17,43	 94,61	   0,1	   6,0	  11,9	  14,2	   9,9	   3,0
*	    53,9150	 1	302,31	 92,34	   1,0	   6,9	  12,8	  15,1	  10,8	   3,8
*	    56,0864	 1	298,97	 92,25	   0,0	   5,9	  11,8	  14,1	   9,8	   2,8
*	    58,4226	 1	295,86	 92,17	  -1,0	   4,9	  10,8	  13,1	   8,8	   1,8
*	    60,9057	 1	293,00	 92,07	  -2,0	   3,9	   9,7	  12,1	   7,7	   0,7
*	    63,5191	 1	290,36	 91,99	  -3,1	   2,8	   8,7	  11,0	   6,7	  -0,3
*	    66,2481	 1	287,93	 91,91	  -4,1	   1,8	   7,7	  10,0	   5,6	  -1,4
*	    69,0797	 1	285,70	 91,83	  -5,2	   0,7	   6,6	   8,9	   4,6	  -2,5
*	    62,4989	 1	  3,40	 90,40	  -1,0	   4,9	  10,8	  13,1	   8,8	   1,8
*	    60,8362	 1	  0,41	 90,41	  -0,3	   5,6	  11,5	  13,8	   9,5	   2,5
*	    59,3661	 1	357,25	 90,42	   0,3	   6,2	  12,1	  14,4	  10,1	   3,1
*	    58,1022	 1	353,94	 90,44	   0,8	   6,7	  12,6	  14,9	  10,6	   3,6
*	    57,0575	 1	350,46	 90,45	   1,3	   7,2	  13,1	  15,4	  11,1	   4,1
*	    56,2435	 1	346,85	 90,46	   1,6	   7,5	  13,4	  15,7	  11,4	   4,4
*	    55,6698	 1	343,14	 90,46	   1,9	   7,8	  13,7	  16,0	  11,7	   4,7
*	    55,3436	 1	339,35	 90,47	   2,0	   7,9	  13,8	  16,1	  11,8	   4,8
*	    55,2689	 1	335,49	 90,47	   2,1	   8,0	  13,8	  16,2	  11,9	   4,9
*	    55,4470	 1	331,63	 90,47	   2,0	   7,9	  13,8	  16,1	  11,8	   4,8
*	    55,8756	 1	327,76	 90,47	   1,8	   7,7	  13,6	  15,9	  11,6	   4,6
*	    56,5495	 1	323,96	 90,46	   1,5	   7,4	  13,3	  15,6	  11,3	   4,3
*	    57,4608	 1	320,25	 90,46	   1,1	   7,0	  12,9	  15,2	  10,9	   3,9
*	    58,5989	 1	316,63	 90,45	   0,6	   6,5	  12,4	  14,7	  10,4	   3,4
*	    59,9518	 1	313,15	 90,44	   0,1	   6,0	  11,8	  14,2	   9,8	   2,8
*	    57,4874	 1	 14,02	 93,50	  -0,6	   5,3	  11,2	  13,5	   9,2	   2,2
*	    57,7163	 1	304,56	 93,61	   0,1	   6,0	  11,8	  14,2	   9,8	   2,9
*	    58,2952	 1	304,87	 93,58	  -7,8	  -1,9	   4,0	   6,3	   2,0	  -5,0
*	    58,3738	 1	304,96	 91,31	  -0,1	   5,8	  11,7	  14,0	   9,7	   2,7
*	    60,3932	 1	301,77	 91,26	  -0,9	   5,0	  10,9	  13,2	   8,9	   1,8
*	    62,5767	 1	298,78	 91,21	  -1,8	   4,1	  10,0	  12,3	   8,0	   0,9
*	    64,9084	 1	296,00	 91,18	  -2,7	   3,2	   9,1	  11,4	   7,1	   0,0
*	    67,3737	 1	293,41	 91,13	  -3,6	   2,3	   8,1	  10,5	   6,1	  -0,9
*	    69,9590	 1	291,00	 91,09	  -4,6	   1,3	   7,2	   9,5	   5,2	  -1,9
*	    72,6520	 1	288,76	 91,05	  -5,5	   0,4	   6,3	   8,6	   4,2	  -2,9
*	    66,7108	 1	 42,18	 62,50	  -0,6	   0,2	  -7,6	  -7,2	 -12,1	  -5,4
*	    71,3407	 1	 37,94	 64,24	  -2,3	  -1,5	  -9,2	  -8,9	 -13,8	  -7,1
*	    63,6684	 1	 42,18	 67,68	   0,6	   1,3	  -6,4	  -6,0	 -11,0	  -4,2
*	    68,4954	 1	 37,94	 69,17	  -1,3	  -0,5	  -8,2	  -7,9	 -12,8	  -6,1
*	    61,2494	 1	 42,18	 73,28	   1,5	   2,3	  -5,4	  -5,1	 -10,0	  -3,2
*	    66,2452	 1	 37,94	 74,45	  -0,4	   0,3	  -7,4	  -7,0	 -12,0	  -5,2
*	    59,5262	 1	 42,18	 79,24	   2,2	   3,0	  -4,7	  -4,4	  -9,3	  -2,5
*	    64,6494	 1	 37,94	 80,01	   0,2	   0,9	  -6,8	  -6,4	 -11,3	  -4,6
*	    58,5572	 1	 42,18	 85,43	   2,6	   3,4	  -4,3	  -4,0	  -8,9	  -2,1
*	    63,7548	 1	 37,94	 85,76	   0,5	   1,3	  -6,4	  -6,1	 -11,0	  -4,2
*	    58,3781	 1	 42,18	 91,73	   2,7	   3,5	  -4,2	  -3,9	  -8,8	  -2,0
*	    63,5897	 1	 37,94	 91,60	   0,6	   1,4	  -6,4	  -6,0	 -10,9	  -4,2
*	    58,9958	 1	 42,18	 98,00	   2,4	   3,2	  -4,5	  -4,1	  -9,1	  -2,3
*	    75,7986	 1	 37,04	 60,11	  -3,8	  -3,0	 -10,7	 -10,4	 -15,3	  -8,7
*	    71,2923	 1	 41,14	 58,21	  -2,3	  -1,5	  -9,2	  -8,9	 -13,8	  -7,1
*	    75,2993	 1	 41,14	 53,94	  -3,6	  -2,9	 -10,6	 -10,2	 -15,2	  -8,5
s	    59,0518	 1	 90,00	  3,00	  30,3	  36,6	  42,9	  43,5	  38,4	  31,7
*	    61,4966	 1	 78,89	 18,51	   4,1	   8,8	  22,0	  23,3	  20,2	  15,5
*	    59,4593	 1	180,94	  5,78	   4,9	   9,7	  22,8	  24,1	  21,1	  16,4
*	    87,9122	 1	282,91	 45,54	  -4,8	  -0,1	  13,0	  14,3	  11,2	   6,4
s	    59,6134	 2	140,72	  8,22	  29,3	  35,5	  41,9	  42,3	  37,6	  31,2
s	    60,5302	 1	336,05	 90,00	  29,4	  35,1	  40,7	  39,1	  32,8	  26,2
*	    67,2280	 1	  1,26	 89,67	  -2,0	   3,9	   9,7	  12,0	   7,7	   0,7
*	    65,6793	 1	358,42	 89,66	  -1,5	   4,4	  10,3	  12,6	   8,3	   1,3
*	    64,3143	 1	355,44	 89,66	  -0,9	   5,0	  10,8	  13,2	   8,8	   1,8
*	    63,1446	 1	352,32	 89,64	  -0,5	   5,4	  11,3	  13,6	   9,3	   2,3
*	    62,1804	 1	349,09	 89,63	  -0,1	   5,8	  11,7	  14,0	   9,7	   2,6
*	    61,4309	 1	345,75	 89,63	   0,2	   6,1	  12,0	  14,3	  10,0	   3,0
*	    60,9038	 1	342,34	 89,63	   0,4	   6,3	  12,2	  14,5	  10,2	   3,2
*	    60,6045	 1	338,84	 89,62	   0,5	   6,4	  12,3	  14,6	  10,3	   3,3
*	    60,5364	 1	335,31	 89,62	   0,6	   6,5	  12,3	  14,7	  10,3	   3,3
*	    60,7002	 1	331,77	 89,62	   0,5	   6,4	  12,3	  14,6	  10,3	   3,3
*	    61,0943	 1	328,24	 89,62	   0,3	   6,2	  12,1	  14,4	  10,1	   3,1
*	    61,7145	 1	324,75	 89,63	   0,1	   6,0	  11,9	  14,2	   9,9	   2,9
*	    62,5547	 1	321,32	 89,63	  -0,2	   5,7	  11,5	  13,9	   9,5	   2,5
*	    63,6065	 1	317,98	 89,63	  -0,7	   5,3	  11,1	  13,4	   9,1	   2,1
*	    64,8603	 1	314,75	 89,64	  -1,1	   4,8	  10,6	  13,0	   8,6	   1,6
*	    61,6790	 1	 11,02	 92,51	  -1,5	   4,4	  10,3	  12,6	   8,3	   1,3
*	    62,2098	 1	306,85	 92,56	  -1,0	   4,9	  10,8	  13,1	   8,8	   1,8
*	    62,8025	 1	307,13	 92,52	  -9,6	  -3,7	   2,2	   4,5	   0,2	  -6,9
*	    62,9223	 1	307,21	 90,42	  -1,1	   4,8	  10,6	  13,0	   8,6	   1,6
*	    64,8070	 1	304,17	 90,41	  -1,9	   4,0	   9,9	  12,2	   7,9	   0,9
*	    66,8531	 1	301,32	 90,40	  -2,6	   3,3	   9,1	  11,5	   7,1	   0,1
*	    69,0470	 1	298,62	 90,39	  -3,4	   2,5	   8,3	  10,7	   6,3	  -0,8
*	    71,3755	 1	296,09	 90,37	  -4,3	   1,6	   7,5	   9,8	   5,5	  -1,6
*	    73,8265	 1	293,72	 90,36	  -5,1	   0,8	   6,7	   9,0	   4,6	  -2,5
*	    76,3887	 1	291,51	 90,34	  -6,0	  -0,1	   5,8	   8,1	   3,8	  -3,3
*	    64,5665	 1	278,76	 91,28	   1,5	   2,3	  -5,4	  -5,1	 -10,0	  -3,2
*	    69,5086	 1	282,99	 91,19	  -0,3	   0,5	  -7,2	  -6,9	 -11,8	  -5,1
*	    64,7795	 1	278,76	 85,07	   1,5	   2,2	  -5,5	  -5,1	 -10,1	  -3,3
*	    69,7071	 1	282,99	 85,42	  -0,4	   0,4	  -7,3	  -7,0	 -11,9	  -5,2
*	    65,7115	 1	278,76	 78,97	   1,1	   1,9	  -5,8	  -5,5	 -10,4	  -3,7
*	    70,5766	 1	282,99	 79,74	  -0,7	   0,1	  -7,6	  -7,3	 -12,2	  -5,5
*	    67,3335	 1	278,76	 73,11	   0,5	   1,3	  -6,5	  -6,1	 -11,0	  -4,3
*	    72,0936	 1	282,99	 74,26	  -1,2	  -0,4	  -8,2	  -7,8	 -12,7	  -6,0
*	    69,5994	 1	278,76	 67,60	  -0,3	   0,4	  -7,3	  -6,9	 -11,9	  -5,1
*	    74,2198	 1	282,99	 69,05	  -1,9	  -1,2	  -8,9	  -8,5	 -13,5	  -6,8
*	    72,4508	 1	278,76	 62,48	  -1,3	  -0,6	  -8,3	  -7,9	 -12,9	  -6,2
*	    76,9066	 1	282,99	 64,18	  -2,8	  -2,1	  -9,8	  -9,4	 -14,4	  -7,7
*	    79,3481	 1	278,76	 53,87	  -3,6	  -2,9	 -10,6	 -10,2	 -15,2	  -8,5
s	    65,5337	 2	 90,00	  2,71	  26,5	  33,8	  41,4	  42,2	  37,3	  30,9
s	    65,5337	 2	 90,00	177,29	  26,9	  34,2	  41,6	  42,4	  37,3	  30,7
*	    71,9865	 1	359,40	 89,03	  -3,1	   2,8	   8,7	  11,0	   6,7	  -0,4
*	    70,5375	 1	356,70	 89,00	  -2,6	   3,3	   9,2	  11,5	   7,2	   0,1
*	    69,2639	 1	353,88	 88,98	  -2,1	   3,8	   9,7	  12,0	   7,6	   0,6
*	    68,1752	 1	350,96	 88,96	  -1,7	   4,2	  10,1	  12,4	   8,0	   1,0
*	    67,2798	 1	347,93	 88,95	  -1,4	   4,5	  10,4	  12,7	   8,4	   1,3
*	    66,5851	 1	344,83	 88,93	  -1,1	   4,8	  10,7	  13,0	   8,6	   1,6
*	    66,0973	 1	341,65	 88,92	  -0,9	   5,0	  10,8	  13,2	   8,8	   1,8
*	    65,8208	 1	338,43	 88,91	  -0,8	   5,1	  10,9	  13,3	   8,9	   1,9
*	    65,7580	 1	335,17	 88,91	  -0,8	   5,1	  11,0	  13,3	   9,0	   1,9
*	    65,9098	 1	331,90	 88,91	  -0,9	   5,0	  10,9	  13,2	   8,9	   1,9
*	    66,2747	 1	328,65	 88,91	  -1,0	   4,9	  10,8	  13,1	   8,8	   1,7
*	    66,8495	 1	325,41	 88,92	  -1,2	   4,7	  10,6	  12,9	   8,5	   1,5
*	    67,6291	 1	322,24	 88,93	  -1,5	   4,4	  10,3	  12,6	   8,3	   1,2
*	    68,6069	 1	319,12	 88,95	  -1,9	   4,1	   9,9	  12,2	   7,9	   0,8
*	    69,7752	 1	316,10	 88,96	  -2,3	   3,6	   9,5	  11,8	   7,5	   0,4
*	    65,9897	 1	  8,40	 91,64	  -2,3	   3,6	   9,4	  11,8	   7,4	   0,4
s	    66,0427	 3	140,72	  7,46	  26,3	  33,6	  41,1	  41,8	  37,1	  30,7
s	    66,0427	 3	140,72	172,54	  25,8	  33,1	  40,6	  41,3	  36,6	  30,2
*	    66,8663	 1	308,86	 91,63	  -2,0	   3,9	   9,8	  12,1	   7,7	   0,7
*	    67,4700	 1	309,10	 91,62	 -11,4	  -5,5	   0,4	   2,7	  -1,6	  -8,7
*	    67,6257	 1	309,17	 89,66	  -2,2	   3,7	   9,6	  11,9	   7,6	   0,5
*	    69,3885	 1	306,29	 89,67	  -2,8	   3,1	   9,0	  11,3	   6,9	  -0,1
*	    71,3090	 1	303,55	 89,68	  -3,5	   2,4	   8,3	  10,6	   6,3	  -0,8
*	    73,3754	 1	300,96	 89,68	  -4,2	   1,7	   7,6	   9,9	   5,5	  -1,6
*	    75,5761	 1	298,51	 89,69	  -4,9	   1,0	   6,8	   9,1	   4,8	  -2,3
*	    77,9003	 1	296,19	 89,70	  -5,7	   0,2	   6,1	   8,4	   4,0	  -3,1
*	    80,3376	 1	294,00	 89,71	  -6,5	  -0,6	   5,3	   7,6	   3,2	  -3,9
s	    67,8084	 2	335,03	 90,00	  26,5	  33,2	  40,0	  39,9	  34,7	  27,8
s	    67,9335	 2	336,58	 90,00	  27,7	  28,2	  20,0	  19,6	  14,3	  20,7
*	    77,0743	 1	 33,30	 65,40	  -7,9	  -0,9	   6,5	   7,1	   2,2	  -4,4
*	    80,7395	 1	 29,76	 66,47	  -9,1	  -2,0	   5,3	   5,9	   1,0	  -5,6
*	    84,6750	 1	 26,55	 67,53	 -10,3	  -3,2	   4,1	   4,7	  -0,2	  -6,8
*	    74,6823	 1	 33,30	 69,40	  -7,1	  -0,1	   7,3	   7,8	   3,0	  -3,6
*	    78,4552	 1	 29,76	 70,32	  -8,3	  -1,3	   6,0	   6,6	   1,7	  -4,8
*	    82,4957	 1	 26,55	 71,24	  -9,6	  -2,6	   4,8	   5,3	   0,4	  -6,1
*	    72,7059	 1	 33,30	 73,61	  -6,4	   0,6	   7,9	   8,5	   3,6	  -2,9
*	    76,5724	 1	 29,76	 74,38	  -7,7	  -0,7	   6,6	   7,2	   2,3	  -4,2
*	    80,7037	 1	 26,55	 75,13	  -9,1	  -2,0	   5,3	   5,9	   1,0	  -5,6
*	    71,1780	 1	 33,30	 78,03	  -5,9	   1,1	   8,5	   9,1	   4,2	  -2,3
*	    75,1201	 1	 29,76	 78,60	  -7,3	  -0,2	   7,1	   7,7	   2,8	  -3,7
*	    79,3243	 1	 26,55	 79,15	  -8,6	  -1,6	   5,8	   6,3	   1,4	  -5,1
*	    70,1268	 1	 33,30	 82,57	  -5,5	   1,5	   8,8	   9,4	   4,5	  -1,9
*	    74,1227	 1	 29,76	 82,94	  -6,9	   0,1	   7,5	   8,0	   3,1	  -3,4
*	    78,3783	 1	 26,55	 83,30	  -8,3	  -1,3	   6,1	   6,6	   1,7	  -4,8
*	    69,5730	 1	 33,30	 87,24	  -5,3	   1,7	   9,0	   9,6	   4,7	  -1,7
*	    73,5977	 1	 29,76	 87,38	  -6,7	   0,3	   7,6	   8,2	   3,3	  -3,2
*	    77,8810	 1	 26,55	 87,50	  -8,2	  -1,1	   6,2	   6,8	   1,9	  -4,6
*	    69,5280	 1	 33,30	 91,93	  -5,3	   1,7	   9,1	   9,6	   4,8	  -1,7
*	    73,5551	 1	 29,76	 91,83	  -6,7	   0,3	   7,6	   8,2	   3,3	  -3,2
*	    92,0071	 1	 33,90	 49,87	 -10,2	  -4,2	   1,9	   2,1	  -2,7	  -9,3
*	    94,0542	 1	 31,41	 50,83	 -10,7	  -4,8	   1,3	   1,5	  -3,2	  -9,9
*	    96,2328	 1	 29,07	 51,81	 -11,3	  -5,3	   0,7	   1,0	  -3,8	 -10,5
*	    98,5343	 1	 26,90	 52,78	 -11,9	  -5,9	   0,1	   0,4	  -4,4	 -11,1
*	    89,3457	 1	 33,90	 51,81	  -9,4	  -3,5	   2,6	   2,8	  -1,9	  -8,5
*	    91,4504	 1	 31,41	 52,76	 -10,0	  -4,1	   2,0	   2,3	  -2,5	  -9,1
*	    93,6875	 1	 29,07	 53,71	 -10,6	  -4,7	   1,4	   1,6	  -3,1	  -9,8
*	    96,0482	 1	 26,90	 54,66	 -11,3	  -5,3	   0,8	   1,0	  -3,8	 -10,4
*	    86,7974	 1	 33,90	 53,86	  -8,7	  -2,7	   3,4	   3,6	  -1,2	  -7,8
*	    88,9604	 1	 31,41	 54,79	  -9,3	  -3,4	   2,7	   3,0	  -1,8	  -8,4
*	    91,2565	 1	 29,07	 55,71	 -10,0	  -4,0	   2,1	   2,3	  -2,5	  -9,1
*	    93,6765	 1	 26,90	 56,64	 -10,6	  -4,7	   1,4	   1,6	  -3,1	  -9,8
*	    84,3722	 1	 33,90	 56,02	  -8,0	  -2,0	   4,1	   4,3	  -0,5	  -7,0
*	    86,5936	 1	 31,41	 56,92	  -8,7	  -2,7	   3,4	   3,6	  -1,1	  -7,7
*	    88,9488	 1	 29,07	 57,82	  -9,3	  -3,4	   2,7	   3,0	  -1,8	  -8,4
*	    91,4278	 1	 26,90	 58,72	 -10,0	  -4,1	   2,0	   2,3	  -2,5	  -9,1
*	    82,0805	 1	 33,90	 58,29	  -7,3	  -1,3	   4,8	   5,0	   0,2	  -6,3
*	    84,3601	 1	 31,41	 59,16	  -8,0	  -2,0	   4,1	   4,3	  -0,5	  -7,0
*	    86,7739	 1	 29,07	 60,03	  -8,7	  -2,7	   3,4	   3,6	  -1,2	  -7,8
*	    89,3112	 1	 26,90	 60,89	  -9,4	  -3,5	   2,6	   2,9	  -1,9	  -8,5
*	    79,9333	 1	 33,90	 60,69	  -6,6	  -0,7	   5,4	   5,7	   0,9	  -5,6
*	    82,2704	 1	 31,41	 61,51	  -7,4	  -1,4	   4,7	   4,9	   0,2	  -6,4
*	    84,7415	 1	 29,07	 62,34	  -8,1	  -2,1	   4,0	   4,2	  -0,6	  -7,1
*	    87,3359	 1	 26,90	 63,16	  -8,9	  -2,9	   3,2	   3,4	  -1,3	  -7,9
s	    70,0322	 2	164,74	 90,00	  25,6	  32,3	  39,0	  37,6	  31,4	  24,7
*	    70,4777	 1	  6,05	 90,86	  -3,2	   2,7	   8,6	  10,9	   6,5	  -0,5
*	    76,8348	 1	357,75	 88,44	  -4,1	   1,8	   7,7	  10,0	   5,7	  -1,4
*	    75,4750	 1	355,17	 88,41	  -3,6	   2,3	   8,2	  10,5	   6,1	  -1,0
*	    74,2825	 1	352,51	 88,38	  -3,2	   2,7	   8,6	  10,9	   6,5	  -0,6
*	    73,2651	 1	349,76	 88,36	  -2,9	   3,0	   8,9	  11,2	   6,9	  -0,2
*	    72,4299	 1	346,93	 88,34	  -2,6	   3,3	   9,2	  11,5	   7,2	   0,1
*	    71,7830	 1	344,02	 88,32	  -2,4	   3,6	   9,4	  11,7	   7,4	   0,3
*	    71,3294	 1	341,07	 88,30	  -2,2	   3,7	   9,6	  11,9	   7,5	   0,5
*	    71,0724	 1	338,06	 88,29	  -2,1	   3,8	   9,7	  12,0	   7,6	   0,6
*	    71,0144	 1	335,05	 88,29	  -2,1	   3,8	   9,7	  12,0	   7,7	   0,6
*	    71,1557	 1	332,01	 88,29	  -2,1	   3,8	   9,6	  12,0	   7,6	   0,5
*	    71,4952	 1	328,99	 88,29	  -2,3	   3,7	   9,5	  11,8	   7,5	   0,4
*	    72,0304	 1	325,99	 88,30	  -2,4	   3,5	   9,3	  11,7	   7,3	   0,2
*	    72,7572	 1	323,02	 88,32	  -2,7	   3,2	   9,1	  11,4	   7,1	  -0,0
*	    73,6701	 1	320,12	 88,34	  -3,0	   2,9	   8,8	  11,1	   6,7	  -0,4
*	    74,7628	 1	317,28	 88,36	  -3,4	   2,5	   8,4	  10,7	   6,4	  -0,7
*	    71,5619	 1	310,57	 90,83	  -3,0	   2,9	   8,8	  11,1	   6,7	  -0,4
s	    72,0170	 3	 90,00	177,52	  23,1	  31,5	  40,2	  41,2	  36,4	  29,9
*	    72,1746	 1	310,78	 90,83	 -13,1	  -7,2	  -1,3	   1,0	  -3,3	 -10,4
*	    72,3614	 1	310,84	 88,99	  -3,2	   2,7	   8,6	  10,9	   6,6	  -0,5
*	    74,0163	 1	308,11	 89,01	  -3,7	   2,2	   8,0	  10,3	   6,0	  -1,1
*	    75,8246	 1	305,50	 89,04	  -4,3	   1,6	   7,4	   9,7	   5,4	  -1,7
*	    77,7759	 1	303,01	 89,06	  -5,0	   0,9	   6,8	   9,1	   4,7	  -2,4
*	    79,8602	 1	300,64	 89,08	  -5,6	   0,3	   6,1	   8,4	   4,1	  -3,1
*	    82,0676	 1	298,38	 89,11	  -6,3	  -0,4	   5,4	   7,7	   3,4	  -3,8
s	    74,3266	 3	278,12	 91,34	  26,2	  26,4	  17,4	  15,1	   8,5	  14,5
*	    75,0150	 1	287,55	 89,92	  -6,4	   0,6	   8,0	   8,6	   3,7	  -2,8
*	    78,6582	 1	291,01	 89,93	  -7,6	  -0,6	   6,8	   7,4	   2,5	  -4,1
*	    75,2472	 1	287,55	 85,41	  -6,5	   0,6	   7,9	   8,5	   3,6	  -2,9
*	    78,8801	 1	291,01	 85,62	  -7,6	  -0,6	   6,7	   7,3	   2,4	  -4,1
*	    82,7701	 1	294,14	 85,83	  -8,9	  -1,8	   5,5	   6,1	   1,2	  -5,4
*	    75,9262	 1	287,55	 80,95	  -6,7	   0,3	   7,7	   8,3	   3,4	  -3,1
*	    79,5292	 1	291,01	 81,36	  -7,9	  -0,8	   6,5	   7,1	   2,2	  -4,3
*	    83,3900	 1	294,14	 81,77	  -9,0	  -2,0	   5,3	   5,9	   1,0	  -5,6
*	    77,0406	 1	287,55	 76,59	  -7,1	  -0,0	   7,3	   7,9	   3,0	  -3,5
*	    80,5955	 1	291,01	 77,20	  -8,2	  -1,2	   6,2	   6,8	   1,9	  -4,7
*	    84,4092	 1	294,14	 77,80	  -9,3	  -2,3	   5,0	   5,6	   0,7	  -5,9
*	    78,5724	 1	287,55	 72,39	  -7,5	  -0,5	   6,8	   7,4	   2,5	  -4,0
*	    82,0633	 1	291,01	 73,17	  -8,6	  -1,6	   5,7	   6,3	   1,4	  -5,2
*	    85,8140	 1	294,14	 73,93	  -9,8	  -2,7	   4,6	   5,2	   0,3	  -6,3
*	    80,4988	 1	287,55	 68,38	  -8,2	  -1,1	   6,2	   6,8	   1,9	  -4,7
*	    83,9123	 1	291,01	 69,30	  -9,2	  -2,2	   5,2	   5,7	   0,8	  -5,7
*	    87,5864	 1	294,14	 70,21	 -10,3	  -3,3	   4,1	   4,7	  -0,3	  -6,8
*	    82,7930	 1	287,55	 64,57	  -8,9	  -1,8	   5,5	   6,1	   1,2	  -5,4
*	    86,1187	 1	291,01	 65,63	  -9,9	  -2,8	   4,5	   5,1	   0,2	  -6,4
*	    89,7054	 1	294,14	 66,66	 -10,9	  -3,9	   3,5	   4,1	  -0,9	  -7,5
*	   102,0846	 1	293,51	 52,79	 -11,7	  -5,8	   0,3	   0,5	  -4,3	 -10,9
*	    99,9031	 1	291,31	 51,84	 -11,2	  -5,2	   0,9	   1,1	  -3,7	 -10,4
*	    97,8457	 1	288,95	 50,90	 -10,7	  -4,7	   1,4	   1,6	  -3,2	  -9,8
*	    95,9201	 1	286,42	 49,96	 -10,2	  -4,2	   1,9	   2,1	  -2,7	  -9,3
*	    99,6818	 1	293,51	 54,68	 -11,1	  -5,2	   0,9	   1,1	  -3,7	 -10,3
*	    97,4482	 1	291,31	 53,75	 -10,6	  -4,6	   1,5	   1,7	  -3,1	  -9,7
*	    95,3395	 1	288,95	 52,82	 -10,0	  -4,0	   2,0	   2,3	  -2,5	  -9,2
*	    93,3639	 1	286,42	 51,90	  -9,5	  -3,5	   2,6	   2,8	  -2,0	  -8,6
*	    97,3934	 1	293,51	 56,67	 -10,6	  -4,6	   1,5	   1,7	  -3,1	  -9,7
*	    95,1078	 1	291,31	 55,76	 -10,0	  -4,0	   2,1	   2,3	  -2,5	  -9,1
*	    92,9477	 1	288,95	 54,84	  -9,4	  -3,4	   2,7	   2,9	  -1,9	  -8,5
*	    90,9219	 1	286,42	 53,95	  -8,8	  -2,8	   3,2	   3,5	  -1,3	  -7,9
*	    95,2276	 1	293,51	 58,74	 -10,0	  -4,0	   2,1	   2,3	  -2,5	  -9,1
*	    92,8903	 1	291,31	 57,87	  -9,4	  -3,4	   2,7	   2,9	  -1,9	  -8,5
*	    90,6792	 1	288,95	 56,99	  -8,8	  -2,8	   3,3	   3,5	  -1,2	  -7,8
*	    88,6033	 1	286,42	 56,10	  -8,2	  -2,2	   3,9	   4,1	  -0,6	  -7,2
*	    93,1924	 1	293,51	 60,92	  -9,4	  -3,5	   2,6	   2,8	  -1,9	  -8,6
*	    90,8045	 1	291,31	 60,07	  -8,8	  -2,8	   3,3	   3,5	  -1,3	  -7,9
*	    88,5430	 1	288,95	 59,22	  -8,2	  -2,2	   3,9	   4,1	  -0,6	  -7,2
*	    86,4175	 1	286,42	 58,38	  -7,5	  -1,6	   4,5	   4,8	  -0,0	  -6,6
*	    91,2964	 1	293,51	 63,19	  -8,9	  -3,0	   3,1	   3,4	  -1,4	  -8,0
*	    88,8593	 1	291,31	 62,38	  -8,2	  -2,3	   3,8	   4,0	  -0,7	  -7,3
*	    86,5487	 1	288,95	 61,58	  -7,6	  -1,6	   4,5	   4,7	  -0,1	  -6,6
*	    84,3747	 1	286,42	 60,77	  -6,9	  -1,0	   5,1	   5,4	   0,6	  -6,0
*	    75,0223	 1	  4,00	 90,17	  -4,1	   1,8	   7,7	  10,0	   5,6	  -1,5
*	    81,7570	 1	356,28	 87,94	  -5,0	   0,9	   6,8	   9,1	   4,7	  -2,5
*	    80,4770	 1	353,83	 87,90	  -4,6	   1,3	   7,1	   9,5	   5,1	  -2,0
*	    79,3567	 1	351,31	 87,87	  -4,3	   1,6	   7,5	   9,8	   5,5	  -1,7
*	    78,4025	 1	348,71	 87,85	  -4,0	   1,9	   7,8	  10,1	   5,8	  -1,4
*	    77,6204	 1	346,05	 87,82	  -3,7	   2,2	   8,1	  10,4	   6,0	  -1,1
*	    77,0155	 1	343,32	 87,80	  -3,5	   2,4	   8,3	  10,6	   6,2	  -0,9
*	    76,5916	 1	340,56	 87,78	  -3,4	   2,5	   8,4	  10,7	   6,4	  -0,8
*	    76,3518	 1	337,76	 87,77	  -3,3	   2,6	   8,5	  10,8	   6,4	  -0,7
*	    76,2978	 1	334,94	 87,77	  -3,3	   2,6	   8,5	  10,8	   6,4	  -0,7
*	    76,4299	 1	332,11	 87,77	  -3,3	   2,6	   8,4	  10,8	   6,4	  -0,7
*	    76,7473	 1	329,29	 87,77	  -3,4	   2,5	   8,3	  10,7	   6,3	  -0,8
*	    77,2478	 1	326,48	 87,78	  -3,6	   2,3	   8,2	  10,5	   6,1	  -1,0
*	    77,9281	 1	323,71	 87,80	  -3,8	   2,1	   8,0	  10,3	   5,9	  -1,2
*	    78,7837	 1	320,99	 87,81	  -4,1	   1,8	   7,7	  10,0	   5,6	  -1,5
*	    79,8093	 1	318,32	 87,85	  -4,4	   1,5	   7,4	   9,7	   5,3	  -1,8
*	    76,3546	 1	312,09	 90,11	  -4,0	   1,9	   7,8	  10,1	   5,7	  -1,4
*	    76,9746	 1	312,27	 90,11	 -14,7	  -8,8	  -2,9	  -0,6	  -5,0	 -12,1
*	    77,1891	 1	312,33	 88,41	  -4,2	   1,7	   7,6	   9,9	   5,6	  -1,6
*	    78,7468	 1	309,73	 88,43	  -4,7	   1,2	   7,1	   9,4	   5,1	  -2,1
*	    80,4529	 1	307,24	 88,46	  -5,2	   0,7	   6,6	   8,9	   4,5	  -2,6
*	    82,2988	 1	304,85	 88,50	  -5,8	   0,1	   6,0	   8,3	   3,9	  -3,2
*	    84,2754	 1	302,55	 88,53	  -6,4	  -0,5	   5,4	   7,7	   3,3	  -3,8
*	    86,3742	 1	300,38	 88,57	  -7,0	  -1,1	   4,8	   7,1	   2,7	  -4,5
s	    77,2966	 3	165,69	 90,00	  22,8	  30,6	  38,5	  38,6	  33,4	  26,5
s	    77,4411	 3	164,33	 90,00	  24,1	  25,6	  18,4	  18,3	  13,0	  19,3
s	    78,3874	 3	280,46	 90,66	  25,7	  25,9	  17,0	  14,7	   8,0	  14,0
*	    79,6774	 1	  2,15	 89,55	  -5,0	   0,9	   6,8	   9,1	   4,8	  -2,4
*	    86,3502	 1	 24,27	 68,56	  -2,9	  -2,1	  -9,8	  -9,5	 -14,5	  -7,8
*	    90,1403	 1	 20,38	 69,42	  -4,0	  -3,2	 -10,9	 -10,6	 -15,5	  -9,0
*	    83,9968	 1	 24,27	 72,80	  -2,2	  -1,4	  -9,1	  -8,8	 -13,7	  -7,1
*	    87,8849	 1	 20,38	 73,51	  -3,3	  -2,6	 -10,3	  -9,9	 -14,9	  -8,3
*	    82,1568	 1	 24,27	 77,25	  -1,6	  -0,9	  -8,6	  -8,2	 -13,2	  -6,5
*	    86,1251	 1	 20,38	 77,78	  -2,8	  -2,0	  -9,8	  -9,4	 -14,4	  -7,8
*	    80,8640	 1	 24,27	 81,84	  -1,2	  -0,5	  -8,2	  -7,8	 -12,8	  -6,1
*	    84,8906	 1	 20,38	 82,20	  -2,4	  -1,7	  -9,4	  -9,1	 -14,0	  -7,4
*	    80,1439	 1	 24,27	 86,55	  -1,0	  -0,2	  -8,0	  -7,6	 -12,6	  -5,9
*	    84,2038	 1	 20,38	 86,70	  -2,2	  -1,5	  -9,2	  -8,9	 -13,8	  -7,2
*	    80,0114	 1	 24,27	 91,31	  -1,0	  -0,2	  -7,9	  -7,6	 -12,5	  -5,9
*	    92,9312	 1	 24,27	 60,30	  -4,7	  -4,0	 -11,7	 -11,3	 -16,3	  -9,8
*	    89,6136	 1	 24,27	 64,01	  -3,8	  -3,0	 -10,8	 -10,4	 -15,4	  -8,8
*	    93,2755	 1	 20,38	 65,01	  -4,8	  -4,1	 -11,8	 -11,4	 -16,4	  -9,8
*	    81,2280	 1	313,43	 89,50	  -4,9	   1,0	   6,8	   9,1	   4,8	  -2,4
*	    86,6841	 1	354,98	 87,49	  -5,9	  -0,0	   5,8	   8,1	   3,8	  -3,4
*	    85,4751	 1	352,65	 87,46	  -5,6	   0,3	   6,2	   8,5	   4,1	  -3,1
*	    84,4187	 1	350,26	 87,42	  -5,3	   0,6	   6,5	   8,8	   4,4	  -2,7
*	    83,5202	 1	347,79	 87,39	  -5,0	   0,9	   6,8	   9,1	   4,7	  -2,5
*	    82,7847	 1	345,28	 87,36	  -4,8	   1,1	   7,0	   9,3	   4,9	  -2,2
*	    82,2163	 1	342,72	 87,34	  -4,6	   1,3	   7,2	   9,5	   5,1	  -2,0
*	    81,8185	 1	340,12	 87,32	  -4,5	   1,4	   7,3	   9,6	   5,2	  -1,9
*	    81,5936	 1	337,49	 87,31	  -4,4	   1,5	   7,4	   9,7	   5,3	  -1,8
*	    81,5430	 1	334,84	 87,31	  -4,4	   1,5	   7,4	   9,7	   5,3	  -1,8
*	    81,6671	 1	332,19	 87,31	  -4,4	   1,5	   7,3	   9,6	   5,3	  -1,9
*	    81,9652	 1	329,54	 87,31	  -4,5	   1,4	   7,2	   9,6	   5,2	  -2,0
*	    82,4354	 1	326,92	 87,32	  -4,7	   1,2	   7,1	   9,4	   5,0	  -2,1
*	    83,0750	 1	324,31	 87,34	  -4,9	   1,0	   6,9	   9,2	   4,9	  -2,3
*	    83,8803	 1	321,75	 87,35	  -5,1	   0,8	   6,7	   9,0	   4,6	  -2,6
*	    84,8467	 1	319,23	 87,39	  -5,4	   0,5	   6,4	   8,7	   4,3	  -2,9
*	    81,8541	 1	313,59	 89,51	 -16,2	 -10,3	  -4,5	  -2,2	  -6,5	 -13,7
*	    82,0926	 1	313,63	 87,89	  -5,1	   0,8	   6,7	   9,0	   4,6	  -2,6
*	    83,5624	 1	311,17	 87,93	  -5,6	   0,3	   6,2	   8,5	   4,2	  -3,0
*	    85,1758	 1	308,79	 87,97	  -6,0	  -0,1	   5,7	   8,0	   3,7	  -3,5
*	    86,9250	 1	306,50	 88,01	  -6,5	  -0,6	   5,2	   7,5	   3,2	  -4,0
*	    88,8024	 1	304,28	 88,04	  -7,1	  -1,2	   4,7	   7,0	   2,6	  -4,6
s	    82,6295	 2	282,60	 90,00	  26,0	  26,4	  18,1	  16,4	  10,2	  16,6
s	    82,6295	 3	282,60	 90,05	  25,3	  25,5	  16,5	  14,2	   7,6	  13,6
s	    82,9397	 2	298,68	 90,00	  26,1	  26,6	  18,3	  18,0	  12,6	  18,8
*	    84,4252	 1	  0,50	 89,00	  -5,8	   0,1	   5,9	   8,2	   3,9	  -3,3
*	    84,9090	 1	296,64	 87,44	  -1,6	  -0,8	  -8,6	  -8,2	 -13,2	  -6,6
*	    88,6119	 1	300,51	 87,56	  -2,7	  -1,9	  -9,6	  -9,3	 -14,3	  -7,7
*	    85,4888	 1	296,64	 82,76	  -1,8	  -1,0	  -8,7	  -8,4	 -13,4	  -6,7
*	    89,1684	 1	300,51	 83,07	  -2,8	  -2,1	  -9,8	  -9,5	 -14,4	  -7,8
*	    86,6153	 1	296,64	 78,17	  -2,1	  -1,3	  -9,1	  -8,7	 -13,7	  -7,1
*	    90,2504	 1	300,51	 78,67	  -3,1	  -2,4	 -10,1	  -9,8	 -14,7	  -8,2
*	    88,2681	 1	296,64	 73,73	  -2,6	  -1,8	  -9,5	  -9,2	 -14,2	  -7,6
*	    91,8398	 1	300,51	 74,39	  -3,6	  -2,8	 -10,6	 -10,2	 -15,2	  -8,6
*	    90,4192	 1	296,64	 69,48	  -3,2	  -2,4	 -10,2	  -9,8	 -14,8	  -8,2
*	    93,9117	 1	300,51	 70,29	  -4,1	  -3,4	 -11,1	 -10,8	 -15,8	  -9,2
*	    93,0352	 1	296,64	 65,45	  -3,9	  -3,2	 -10,9	 -10,5	 -15,5	  -8,9
*	    96,4359	 1	300,51	 66,38	  -4,8	  -4,1	 -11,8	 -11,5	 -16,4	  -9,9
*	    93,5668	 1	296,64	 64,73	  -4,1	  -3,3	 -11,0	 -10,7	 -15,7	  -9,1
*	    86,1120	 1	314,60	 88,96	  -5,8	   0,1	   5,9	   8,2	   3,9	  -3,3
s	    86,3885	 2	 11,64	 90,00	  24,5	  31,2	  38,0	  37,9	  32,6	  25,6
*	    91,7224	 1	353,80	 87,09	  -6,8	  -0,9	   4,9	   7,2	   2,9	  -4,4
*	    90,5783	 1	351,59	 87,06	  -6,5	  -0,6	   5,3	   7,6	   3,2	  -4,0
*	    89,5799	 1	349,31	 87,02	  -6,2	  -0,3	   5,5	   7,8	   3,5	  -3,7
*	    88,7319	 1	346,97	 86,99	  -6,0	  -0,1	   5,8	   8,1	   3,7	  -3,5
*	    88,0384	 1	344,58	 86,96	  -5,8	   0,1	   6,0	   8,3	   3,9	  -3,3
*	    87,5030	 1	342,17	 86,94	  -5,6	   0,3	   6,1	   8,4	   4,1	  -3,1
*	    87,1285	 1	339,71	 86,92	  -5,5	   0,4	   6,2	   8,5	   4,2	  -3,0
*	    86,9169	 1	337,25	 86,91	  -5,5	   0,4	   6,3	   8,6	   4,2	  -3,0
*	    86,8695	 1	334,75	 86,89	  -5,5	   0,4	   6,3	   8,6	   4,2	  -2,9
*	    86,9864	 1	332,27	 86,89	  -5,5	   0,4	   6,3	   8,6	   4,2	  -3,0
*	    87,2671	 1	329,78	 86,91	  -5,6	   0,3	   6,2	   8,5	   4,1	  -3,1
*	    87,7101	 1	327,31	 86,92	  -5,7	   0,2	   6,1	   8,4	   4,0	  -3,2
*	    88,3130	 1	324,85	 86,93	  -5,9	   0,0	   5,9	   8,2	   3,8	  -3,4
*	    89,0727	 1	322,42	 86,95	  -6,1	  -0,2	   5,7	   8,0	   3,6	  -3,6
*	    89,9855	 1	320,04	 86,99	  -6,3	  -0,4	   5,4	   7,7	   3,3	  -3,9
*	    87,0028	 1	314,78	 87,44	  -6,0	  -0,1	   5,7	   8,1	   3,7	  -3,5
*	    88,3941	 1	312,44	 87,48	  -6,4	  -0,5	   5,3	   7,6	   3,3	  -3,9
*	    89,9239	 1	310,16	 87,53	  -6,8	  -0,9	   4,9	   7,2	   2,8	  -4,4
*	    91,5857	 1	307,96	 87,56	  -7,3	  -1,4	   4,5	   6,8	   2,4	  -4,8
s	    87,1125	 3	302,63	 90,00	  23,6	  25,1	  17,9	  17,8	  12,5	  18,7
s	    87,5574	 3	251,54	 90,00	  21,1	  28,9	  36,7	  35,5	  29,3	  22,5
s	    87,7000	 3	295,40	 90,00	  21,7	  29,5	  37,4	  37,5	  32,3	  25,3
*	    94,7509	 1	 16,11	 69,60	 -10,3	  -3,2	   4,1	   4,7	  -0,3	  -6,9
*	    97,2955	 1	 12,95	 70,11	 -10,9	  -3,9	   3,4	   4,0	  -0,9	  -7,6
*	   100,0990	 1	  9,96	 70,63	 -11,6	  -4,6	   2,7	   3,3	  -1,7	  -8,3
*	    92,8786	 1	 16,11	 72,80	  -9,8	  -2,7	   4,6	   5,2	   0,3	  -6,4
*	    95,4715	 1	 12,95	 73,24	 -10,4	  -3,4	   3,9	   4,5	  -0,4	  -7,1
*	    98,3253	 1	  9,96	 73,68	 -11,2	  -4,2	   3,2	   3,7	  -1,2	  -7,9
*	    91,3210	 1	 16,11	 76,11	  -9,3	  -2,3	   5,0	   5,6	   0,7	  -5,9
*	    93,9555	 1	 12,95	 76,47	 -10,0	  -3,0	   4,3	   4,9	  -0,0	  -6,7
*	    96,8526	 1	  9,96	 76,85	 -10,8	  -3,8	   3,6	   4,1	  -0,8	  -7,5
*	    90,0940	 1	 16,11	 79,52	  -9,0	  -2,0	   5,4	   6,0	   1,0	  -5,6
*	    92,7622	 1	 12,95	 79,79	  -9,7	  -2,7	   4,6	   5,2	   0,3	  -6,3
*	    95,6943	 1	  9,96	 80,08	 -10,5	  -3,5	   3,9	   4,4	  -0,5	  -7,2
*	    89,2107	 1	 16,11	 83,00	  -8,7	  -1,7	   5,6	   6,2	   1,3	  -5,3
*	    91,9037	 1	 12,95	 83,18	  -9,5	  -2,5	   4,9	   5,4	   0,5	  -6,1
*	    94,8615	 1	  9,96	 83,38	 -10,3	  -3,3	   4,1	   4,6	  -0,3	  -6,9
*	    88,6811	 1	 16,11	 86,54	  -8,6	  -1,6	   5,8	   6,4	   1,4	  -5,2
*	    91,3891	 1	 12,95	 86,63	  -9,3	  -2,3	   5,0	   5,6	   0,7	  -6,0
*	    94,3625	 1	  9,96	 86,72	 -10,2	  -3,1	   4,2	   4,8	  -0,1	  -6,8
*	   107,3238	 1	 16,56	 55,99	 -10,7	  -4,8	   1,3	   1,5	  -3,3	 -10,0
*	   105,0396	 1	 16,56	 57,80	 -10,2	  -4,2	   1,9	   2,1	  -2,7	  -9,4
*	   106,6477	 1	 14,25	 58,29	 -10,6	  -4,6	   1,5	   1,7	  -3,1	  -9,8
*	   108,3874	 1	 12,03	 58,81	 -11,0	  -5,0	   1,1	   1,3	  -3,5	 -10,3
*	   110,2525	 1	  9,89	 59,35	 -11,4	  -5,5	   0,6	   0,8	  -4,0	 -10,7
*	   102,8691	 1	 16,56	 59,69	  -9,7	  -3,7	   2,4	   2,6	  -2,2	  -8,9
*	   104,5097	 1	 14,25	 60,16	 -10,1	  -4,1	   2,0	   2,2	  -2,6	  -9,3
*	   106,2833	 1	 12,03	 60,65	 -10,5	  -4,5	   1,6	   1,8	  -3,0	  -9,7
*	   108,1837	 1	  9,89	 61,18	 -10,9	  -5,0	   1,1	   1,3	  -3,5	 -10,2
*	   100,8194	 1	 16,56	 61,65	  -9,2	  -3,2	   2,9	   3,1	  -1,7	  -8,4
*	   102,4918	 1	 14,25	 62,11	  -9,6	  -3,6	   2,5	   2,7	  -2,1	  -8,8
*	   104,2987	 1	 12,03	 62,58	 -10,0	  -4,1	   2,0	   2,2	  -2,6	  -9,2
*	   106,2335	 1	  9,89	 63,07	 -10,5	  -4,5	   1,6	   1,8	  -3,0	  -9,7
*	    98,8977	 1	 16,56	 63,69	  -8,7	  -2,7	   3,4	   3,6	  -1,2	  -7,8
*	   100,6010	 1	 14,25	 64,11	  -9,1	  -3,1	   2,9	   3,2	  -1,6	  -8,3
*	   102,4403	 1	 12,03	 64,57	  -9,6	  -3,6	   2,5	   2,7	  -2,1	  -8,8
*	   104,4086	 1	  9,89	 65,04	 -10,1	  -4,1	   2,0	   2,2	  -2,6	  -9,3
*	    97,1113	 1	 16,56	 65,80	  -8,2	  -2,2	   3,8	   4,1	  -0,7	  -7,4
*	    98,8445	 1	 14,25	 66,20	  -8,7	  -2,7	   3,4	   3,6	  -1,2	  -7,8
*	   100,7149	 1	 12,03	 66,62	  -9,1	  -3,2	   2,9	   3,1	  -1,7	  -8,3
*	   102,7152	 1	  9,89	 67,07	  -9,6	  -3,7	   2,4	   2,6	  -2,2	  -8,8
*	    89,1960	 1	359,02	 88,51	  -6,7	  -0,7	   5,1	   7,4	   3,0	  -4,2
s	    90,7646	 3	187,92	 90,00	  21,5	  29,3	  37,1	  37,2	  32,0	  25,0
s	    90,7716	 3	215,87	 90,00	  23,2	  24,8	  17,6	  17,5	  12,2	  18,4
*	    91,1116	 1	315,66	 88,46	  -6,7	  -0,8	   5,0	   7,3	   2,9	  -4,3
s	    91,7095	 3	242,09	 90,00	  21,4	  29,2	  37,0	  37,2	  31,9	  24,9
*	    92,0256	 1	315,83	 87,04	  -6,9	  -1,0	   4,9	   7,2	   2,8	  -4,4
*	    93,3446	 1	313,59	 87,08	  -7,3	  -1,4	   4,5	   6,8	   2,4	  -4,8
s	    92,3009	 3	257,29	 90,00	  24,4	  19,7	  -2,6	  -3,0	  -8,3	  11,1
*	    92,6310	 1	304,96	 87,07	  -8,2	  -1,2	   6,2	   6,7	   1,8	  -4,8
*	    94,9477	 1	308,45	 87,15	  -8,8	  -1,8	   5,5	   6,1	   1,2	  -5,5
*	    97,5975	 1	311,76	 87,23	  -9,5	  -2,5	   4,8	   5,4	   0,5	  -6,2
*	    93,1425	 1	304,96	 83,25	  -8,3	  -1,3	   6,0	   6,6	   1,7	  -5,0
*	    95,4471	 1	308,45	 83,42	  -9,0	  -1,9	   5,4	   6,0	   1,0	  -5,6
*	    98,0838	 1	311,76	 83,61	  -9,6	  -2,6	   4,7	   5,3	   0,3	  -6,3
*	    94,0523	 1	304,96	 79,50	  -8,6	  -1,6	   5,8	   6,4	   1,4	  -5,2
*	    96,3358	 1	308,45	 79,77	  -9,2	  -2,2	   5,2	   5,7	   0,8	  -5,8
*	    98,9494	 1	311,76	 80,04	  -9,9	  -2,8	   4,5	   5,1	   0,1	  -6,5
*	    95,3494	 1	304,96	 75,84	  -8,9	  -1,9	   5,4	   6,0	   1,1	  -5,6
*	    97,6033	 1	308,45	 76,18	  -9,5	  -2,5	   4,8	   5,4	   0,5	  -6,2
*	   100,1849	 1	311,76	 76,56	 -10,2	  -3,2	   4,2	   4,7	  -0,2	  -6,9
*	    97,0186	 1	304,96	 72,28	  -9,4	  -2,3	   5,0	   5,6	   0,6	  -6,0
*	    99,2357	 1	308,45	 72,71	  -9,9	  -2,9	   4,4	   5,0	   0,0	  -6,6
*	   101,7770	 1	311,76	 73,17	 -10,6	  -3,6	   3,8	   4,3	  -0,6	  -7,3
*	    99,0417	 1	304,96	 68,87	  -9,9	  -2,9	   4,5	   5,0	   0,1	  -6,6
*	   101,2158	 1	308,45	 69,36	 -10,4	  -3,4	   3,9	   4,5	  -0,5	  -7,1
*	   103,7100	 1	311,76	 69,90	 -11,1	  -4,0	   3,3	   3,9	  -1,1	  -7,8
*	   113,4053	 1	312,55	 59,81	 -10,4	  -4,4	   1,6	   1,8	  -3,0	  -9,7
*	   111,6209	 1	310,15	 59,26	 -10,0	  -4,0	   2,0	   2,3	  -2,6	  -9,3
*	   109,9979	 1	307,64	 58,74	  -9,6	  -3,7	   2,4	   2,6	  -2,2	  -8,9
*	   108,5432	 1	305,04	 58,26	  -9,3	  -3,3	   2,8	   3,0	  -1,8	  -8,6
*	   111,1893	 1	312,55	 61,85	  -9,9	  -3,9	   2,1	   2,4	  -2,5	  -9,2
*	   109,3698	 1	310,15	 61,33	  -9,5	  -3,5	   2,6	   2,8	  -2,0	  -8,8
*	   107,7138	 1	307,64	 60,83	  -9,1	  -3,1	   3,0	   3,2	  -1,6	  -8,4
*	   106,2287	 1	305,04	 60,37	  -8,8	  -2,8	   3,3	   3,5	  -1,3	  -8,0
*	   109,1207	 1	312,55	 63,98	  -9,4	  -3,5	   2,6	   2,8	  -2,0	  -8,7
*	   107,2670	 1	310,15	 63,47	  -9,0	  -3,0	   3,1	   3,3	  -1,5	  -8,3
*	   105,5789	 1	307,64	 63,00	  -8,6	  -2,6	   3,5	   3,7	  -1,1	  -7,8
*	   104,0642	 1	305,04	 62,57	  -8,2	  -2,3	   3,8	   4,0	  -0,8	  -7,5
*	   107,2075	 1	312,55	 66,18	  -9,0	  -3,0	   3,1	   3,3	  -1,5	  -8,2
*	   105,3211	 1	310,15	 65,71	  -8,5	  -2,6	   3,5	   3,7	  -1,1	  -7,8
*	   103,6021	 1	307,64	 65,27	  -8,1	  -2,1	   3,9	   4,2	  -0,6	  -7,3
*	   102,0589	 1	305,04	 64,85	  -7,7	  -1,8	   4,3	   4,5	  -0,3	  -6,9
s	    93,1478	 3	 91,14	 90,00	  22,4	  23,9	  16,6	  15,2	   8,9	  15,3
s	    93,3412	 3	 55,67	 90,00	  24,2	  19,4	  -2,9	  -4,6	 -10,9	   8,7
s	    93,4693	 3	 41,71	 90,00	  24,3	  19,6	  -2,7	  -3,1	  -8,4	  11,0
*	    94,0908	 1	357,67	 88,06	  -7,5	  -1,6	   4,3	   6,6	   2,2	  -5,0
s	    94,6842	 3	132,62	 90,00	  21,1	  28,9	  36,8	  36,9	  31,6	  24,6
*	    95,0624	 1	334,39	 85,50	 -13,8	  -6,8	   0,5	   1,1	  -3,8	 -10,5
*	    95,0512	 1	336,30	 85,50	 -13,8	  -6,8	   0,5	   1,1	  -3,8	 -10,5
*	    95,3647	 1	334,39	 83,59	 -13,9	  -6,9	   0,5	   1,0	  -3,9	 -10,6
*	    95,3535	 1	336,30	 83,59	 -13,9	  -6,9	   0,5	   1,0	  -3,9	 -10,6
*	    95,7715	 1	334,39	 81,70	 -14,0	  -7,0	   0,3	   0,9	  -4,0	 -10,7
*	    95,7603	 1	336,30	 81,72	 -14,0	  -7,0	   0,3	   0,9	  -4,0	 -10,7
*	    96,2815	 1	334,39	 79,84	 -14,1	  -7,1	   0,2	   0,8	  -4,2	 -10,8
*	    96,2704	 1	336,30	 79,85	 -14,1	  -7,1	   0,2	   0,8	  -4,2	 -10,8
*	    96,8931	 1	334,39	 77,99	 -14,3	  -7,3	   0,1	   0,6	  -4,3	 -11,0
*	    96,8820	 1	336,30	 78,00	 -14,3	  -7,3	   0,1	   0,6	  -4,3	 -11,0
*	    97,6045	 1	334,39	 76,17	 -14,5	  -7,5	  -0,1	   0,4	  -4,5	 -11,2
*	    97,5935	 1	336,30	 76,18	 -14,5	  -7,5	  -0,1	   0,4	  -4,5	 -11,2
*	    98,4135	 1	334,39	 74,38	 -14,7	  -7,7	  -0,3	   0,2	  -4,7	 -11,4
*	    98,4026	 1	336,30	 74,39	 -14,7	  -7,7	  -0,3	   0,2	  -4,7	 -11,4
*	    98,6290	 1	338,26	 74,22	  -3,2	  -2,5	 -10,2	  -9,9	 -14,8	  -8,3
*	    96,9726	 1	338,26	 78,14	  -2,8	  -2,0	  -9,8	  -9,4	 -14,4	  -7,9
*	    95,7870	 1	338,26	 82,16	  -2,5	  -1,7	  -9,5	  -9,1	 -14,1	  -7,5
*	    95,0893	 1	338,26	 86,28	  -2,3	  -1,5	  -9,3	  -8,9	 -13,9	  -7,4
*	    97,1337	 1	331,35	 78,12	  -2,8	  -2,1	  -9,8	  -9,5	 -14,5	  -7,9
*	    95,9499	 1	331,35	 82,15	  -2,5	  -1,8	  -9,5	  -9,2	 -14,1	  -7,6
*	    95,2533	 1	331,35	 86,26	  -2,3	  -1,6	  -9,3	  -9,0	 -14,0	  -7,4
*	    98,6096	 1	342,76	 76,15	 -14,8	  -7,8	  -0,4	   0,2	  -4,8	 -11,4
*	    98,1852	 1	340,89	 76,08	 -14,7	  -7,6	  -0,3	   0,3	  -4,7	 -11,3
*	    97,8933	 1	342,76	 77,95	 -14,6	  -7,6	  -0,2	   0,3	  -4,6	 -11,3
*	    97,4658	 1	340,89	 77,88	 -14,5	  -7,5	  -0,1	   0,5	  -4,5	 -11,1
*	    97,2757	 1	342,76	 79,77	 -14,4	  -7,4	  -0,1	   0,5	  -4,4	 -11,1
*	    96,8456	 1	340,89	 79,71	 -14,3	  -7,3	   0,0	   0,6	  -4,3	 -11,0
*	    96,7587	 1	342,76	 81,60	 -14,3	  -7,3	   0,1	   0,6	  -4,3	 -11,0
*	    96,3263	 1	340,89	 81,55	 -14,2	  -7,2	   0,2	   0,8	  -4,2	 -10,8
*	    96,3437	 1	342,76	 83,47	 -14,2	  -7,2	   0,2	   0,7	  -4,2	 -10,8
*	    95,9095	 1	340,89	 83,42	 -14,1	  -7,1	   0,3	   0,9	  -4,1	 -10,7
*	    96,0321	 1	342,76	 85,34	 -14,1	  -7,1	   0,3	   0,8	  -4,1	 -10,8
*	    95,5966	 1	340,89	 85,31	 -14,0	  -7,0	   0,4	   0,9	  -4,0	 -10,6
*	    99,6898	 1	327,13	 74,30	 -15,0	  -8,0	  -0,7	  -0,1	  -5,1	 -11,7
*	    98,3938	 1	329,02	 76,03	 -14,7	  -7,7	  -0,4	   0,2	  -4,7	 -11,4
*	    98,8788	 1	327,13	 76,08	 -14,8	  -7,8	  -0,5	   0,1	  -4,9	 -11,5
*	    97,6758	 1	329,02	 77,83	 -14,5	  -7,5	  -0,2	   0,4	  -4,5	 -11,2
*	    98,1643	 1	327,13	 77,89	 -14,7	  -7,6	  -0,3	   0,3	  -4,7	 -11,3
*	    97,0568	 1	329,02	 79,68	 -14,4	  -7,4	  -0,0	   0,6	  -4,4	 -11,0
*	    97,5482	 1	327,13	 79,71	 -14,5	  -7,5	  -0,1	   0,4	  -4,5	 -11,2
*	    96,5385	 1	329,02	 81,53	 -14,2	  -7,2	   0,1	   0,7	  -4,2	 -10,9
*	    97,0324	 1	327,13	 81,57	 -14,4	  -7,3	  -0,0	   0,6	  -4,4	 -11,0
*	    96,1225	 1	329,02	 83,40	 -14,1	  -7,1	   0,2	   0,8	  -4,1	 -10,8
*	    96,6185	 1	327,13	 83,43	 -14,3	  -7,2	   0,1	   0,7	  -4,3	 -10,9
*	    95,8102	 1	329,02	 85,29	 -14,0	  -7,0	   0,3	   0,9	  -4,0	 -10,7
*	    96,3078	 1	327,13	 85,31	 -14,2	  -7,2	   0,2	   0,8	  -4,2	 -10,8
*	   101,2766	 1	  7,37	 71,55	  -4,2	  -3,4	 -11,2	 -10,8	 -15,8	  -9,3
*	   103,4821	 1	  3,55	 71,92	  -4,7	  -4,0	 -11,7	 -11,4	 -16,4	  -9,9
*	    99,2667	 1	  7,37	 75,26	  -3,7	  -2,9	 -10,7	 -10,3	 -15,3	  -8,8
*	   101,5145	 1	  3,55	 75,56	  -4,3	  -3,5	 -11,2	 -10,9	 -15,9	  -9,4
*	    97,7057	 1	  7,37	 79,11	  -3,3	  -2,5	 -10,3	  -9,9	 -14,9	  -8,4
*	    99,9875	 1	  3,55	 79,33	  -3,9	  -3,1	 -10,8	 -10,5	 -15,5	  -9,0
*	   102,6855	 1	359,91	 79,58	  -4,5	  -3,8	 -11,5	 -11,2	 -16,2	  -9,7
*	    96,6146	 1	  7,37	 83,06	  -3,0	  -2,3	 -10,0	  -9,6	 -14,6	  -8,1
*	    98,9208	 1	  3,55	 83,19	  -3,6	  -2,8	 -10,6	 -10,2	 -15,2	  -8,7
*	   101,6462	 1	359,91	 83,37	  -4,3	  -3,5	 -11,3	 -10,9	 -15,9	  -9,4
*	    96,0090	 1	  7,37	 87,07	  -2,9	  -2,1	  -9,8	  -9,5	 -14,5	  -7,9
*	    98,3289	 1	  3,55	 87,12	  -3,5	  -2,7	 -10,4	 -10,1	 -15,1	  -8,5
*	   103,1653	 1	  8,50	 67,90	  -4,7	  -3,9	 -11,6	 -11,3	 -16,3	  -9,8
*	    98,4677	 1	345,00	 78,36	  -3,2	  -2,5	 -10,2	  -9,9	 -14,8	  -8,3
*	    97,2999	 1	345,00	 82,31	  -2,9	  -2,2	  -9,9	  -9,6	 -14,5	  -8,0
*	    96,6128	 1	345,00	 86,34	  -2,7	  -2,0	  -9,7	  -9,4	 -14,4	  -7,8
*	    96,9687	 1	325,22	 85,23	  -2,8	  -2,1	  -9,8	  -9,5	 -14,4	  -7,9
*	    97,7829	 1	325,22	 81,19	  -3,0	  -2,3	 -10,0	  -9,7	 -14,7	  -8,1
*	    99,0732	 1	325,22	 77,22	  -3,4	  -2,6	 -10,3	 -10,0	 -15,0	  -8,5
s	    97,5414	 3	 63,85	 90,00	  23,9	  19,2	  -3,1	  -3,4	  -8,8	  10,6
*	   101,9396	 1	349,27	 74,82	 -15,7	  -8,6	  -1,3	  -0,7	  -5,7	 -12,4
*	   101,1463	 1	349,27	 76,55	 -15,5	  -8,4	  -1,1	  -0,5	  -5,5	 -12,2
*	   100,2866	 1	347,51	 76,42	 -15,2	  -8,2	  -0,9	  -0,3	  -5,3	 -11,9
*	   100,4476	 1	349,27	 78,29	 -15,3	  -8,3	  -0,9	  -0,4	  -5,3	 -12,0
*	    99,5820	 1	347,51	 78,17	 -15,1	  -8,1	  -0,7	  -0,1	  -5,1	 -11,8
*	    99,8453	 1	349,27	 80,07	 -15,1	  -8,1	  -0,8	  -0,2	  -5,2	 -11,8
*	    98,9746	 1	347,51	 79,96	 -14,9	  -7,9	  -0,6	   0,0	  -4,9	 -11,6
*	    99,3413	 1	349,27	 81,85	 -15,0	  -8,0	  -0,6	  -0,1	  -5,0	 -11,7
*	    98,4662	 1	347,51	 81,77	 -14,8	  -7,8	  -0,4	   0,1	  -4,8	 -11,5
*	    98,9368	 1	349,27	 83,65	 -14,9	  -7,9	  -0,5	   0,0	  -4,9	 -11,6
*	    98,0583	 1	347,51	 83,59	 -14,7	  -7,7	  -0,3	   0,2	  -4,7	 -11,4
*	    98,6332	 1	349,27	 85,47	 -14,8	  -7,8	  -0,5	   0,1	  -4,8	 -11,5
*	    97,7520	 1	347,51	 85,43	 -14,6	  -7,6	  -0,2	   0,3	  -4,6	 -11,3
s	    97,9823	 3	 49,34	 90,00	  20,8	  28,6	  36,5	  36,6	  31,3	  24,3
*	   102,4316	 1	320,52	 74,69	 -15,8	  -8,8	  -1,4	  -0,9	  -5,8	 -12,5
*	   100,7255	 1	322,31	 76,31	 -15,4	  -8,3	  -1,0	  -0,4	  -5,4	 -12,1
*	   101,6418	 1	320,52	 76,42	 -15,6	  -8,6	  -1,2	  -0,7	  -5,6	 -12,3
*	   100,0237	 1	322,31	 78,08	 -15,2	  -8,2	  -0,8	  -0,3	  -5,2	 -11,9
*	   100,9461	 1	320,52	 78,19	 -15,4	  -8,4	  -1,1	  -0,5	  -5,4	 -12,1
*	    99,4188	 1	322,31	 79,88	 -15,0	  -8,0	  -0,7	  -0,1	  -5,0	 -11,7
*	   100,3465	 1	320,52	 79,97	 -15,3	  -8,2	  -0,9	  -0,3	  -5,3	 -12,0
*	    98,9124	 1	322,31	 81,70	 -14,9	  -7,9	  -0,5	   0,0	  -4,9	 -11,6
*	    99,8447	 1	320,52	 81,77	 -15,1	  -8,1	  -0,8	  -0,2	  -5,2	 -11,8
*	    98,5061	 1	322,31	 83,54	 -14,8	  -7,8	  -0,4	   0,1	  -4,8	 -11,5
*	    99,4421	 1	320,52	 83,59	 -15,0	  -8,0	  -0,7	  -0,1	  -5,0	 -11,7
*	    98,2011	 1	322,31	 85,39	 -14,7	  -7,7	  -0,4	   0,2	  -4,7	 -11,4
*	    99,1399	 1	320,52	 85,43	 -15,0	  -7,9	  -0,6	  -0,0	  -5,0	 -11,6
*	    98,4098	 1	315,62	 85,28	  -3,4	  -2,6	 -10,3	 -10,0	 -15,0	  -8,4
*	    99,2126	 1	315,62	 81,28	  -3,6	  -2,8	 -10,5	 -10,2	 -15,2	  -8,7
*	   100,4853	 1	315,62	 77,36	  -3,9	  -3,1	 -10,9	 -10,5	 -15,5	  -9,0
*	   102,2109	 1	315,62	 73,56	  -4,3	  -3,6	 -11,3	 -11,0	 -15,9	  -9,4
*	    98,9462	 1	334,97	 73,29	 -14,8	  -7,8	  -0,5	   0,1	  -4,9	 -11,5
*	    99,9083	 1	334,97	 71,55	 -15,1	  -8,1	  -0,7	  -0,2	  -5,1	 -11,8
*	    99,6425	 1	341,82	 73,46	 -15,0	  -8,0	  -0,7	  -0,1	  -5,0	 -11,7
*	   100,5981	 1	341,82	 71,73	 -15,3	  -8,3	  -0,9	  -0,4	  -5,3	 -12,0
*	   100,2817	 1	351,96	 85,45	  -3,7	  -3,0	 -10,7	 -10,4	 -15,4	  -8,9
*	   101,0698	 1	351,96	 81,59	  -3,9	  -3,2	 -10,9	 -10,6	 -15,6	  -9,1
*	   102,3195	 1	351,96	 77,80	  -4,3	  -3,5	 -11,2	 -10,9	 -15,9	  -9,4
*	   102,2532	 1	318,08	 78,64	  -4,2	  -3,4	 -11,2	 -10,8	 -15,8	  -9,3
*	   101,1273	 1	318,08	 82,51	  -3,9	  -3,1	 -10,9	 -10,5	 -15,5	  -9,0
*	   100,4654	 1	318,08	 86,44	  -3,7	  -3,0	 -10,7	 -10,4	 -15,4	  -8,8
*	   107,2876	 1	358,35	 70,44	 -17,1	 -10,1	  -2,7	  -2,2	  -7,1	 -13,9
*	   106,2505	 1	358,35	 72,03	 -16,8	  -9,8	  -2,5	  -1,9	  -6,9	 -13,6
*	   105,2996	 1	358,35	 73,66	 -16,6	  -9,6	  -2,3	  -1,7	  -6,6	 -13,4
*	   104,4372	 1	358,35	 75,31	 -16,4	  -9,4	  -2,1	  -1,5	  -6,4	 -13,1
*	   103,6655	 1	358,35	 76,98	 -16,2	  -9,2	  -1,9	  -1,3	  -6,2	 -12,9
*	   102,9864	 1	358,35	 78,69	 -16,1	  -9,0	  -1,7	  -1,1	  -6,1	 -12,8
*	   102,4016	 1	358,35	 80,41	 -15,9	  -8,9	  -1,6	  -1,0	  -5,9	 -12,6
*	   101,9129	 1	358,35	 82,14	 -15,8	  -8,8	  -1,4	  -0,9	  -5,8	 -12,5
*	   101,5214	 1	358,35	 83,89	 -15,7	  -8,7	  -1,3	  -0,8	  -5,7	 -12,4
*	   101,2284	 1	358,35	 85,66	 -15,6	  -8,6	  -1,3	  -0,7	  -5,6	 -12,3
*	   107,7212	 1	357,38	 68,72	 -14,8	  -8,8	  -2,7	  -2,5	  -7,3	 -14,0
*	   108,5389	 1	358,53	 68,90	 -15,0	  -9,0	  -2,9	  -2,7	  -7,5	 -14,2
*	   108,5617	 1	357,38	 67,64	 -15,0	  -9,0	  -2,9	  -2,7	  -7,5	 -14,2
*	   109,3733	 1	358,53	 67,83	 -15,2	  -9,2	  -3,1	  -2,9	  -7,7	 -14,4
*	   109,4415	 1	357,38	 66,57	 -15,2	  -9,2	  -3,1	  -2,9	  -7,7	 -14,4
*	   110,2469	 1	358,53	 66,76	 -15,4	  -9,4	  -3,3	  -3,1	  -7,9	 -14,6
*	   110,3598	 1	357,38	 65,52	 -15,4	  -9,4	  -3,3	  -3,1	  -7,9	 -14,7
*	   111,1587	 1	358,53	 65,72	 -15,6	  -9,6	  -3,5	  -3,3	  -8,1	 -14,9
*	   111,3155	 1	357,38	 64,48	 -15,6	  -9,6	  -3,5	  -3,3	  -8,2	 -14,9
*	   112,1078	 1	358,53	 64,69	 -15,8	  -9,8	  -3,7	  -3,5	  -8,3	 -15,1
*	   112,3078	 1	357,38	 63,47	 -15,8	  -9,9	  -3,8	  -3,6	  -8,4	 -15,1
*	   113,0933	 1	358,53	 63,68	 -16,0	 -10,0	  -3,9	  -3,7	  -8,6	 -15,3
*	   113,3357	 1	357,38	 62,48	 -16,1	 -10,1	  -4,0	  -3,8	  -8,6	 -15,4
*	   114,1143	 1	358,53	 62,68	 -16,2	 -10,3	  -4,2	  -4,0	  -8,8	 -15,5
*	   114,3983	 1	357,38	 61,49	 -16,3	 -10,3	  -4,2	  -4,0	  -8,9	 -15,6
*	   115,1699	 1	358,53	 61,71	 -16,5	 -10,5	  -4,4	  -4,2	  -9,0	 -15,8
*	   115,4947	 1	357,38	 60,53	 -16,5	 -10,6	  -4,5	  -4,3	  -9,1	 -15,9
*	   105,9373	 1	355,25	 75,44	 -16,7	  -9,7	  -2,4	  -1,8	  -6,8	 -13,5
*	   104,6886	 1	353,66	 75,25	 -16,4	  -9,4	  -2,1	  -1,5	  -6,5	 -13,2
*	   105,1733	 1	355,25	 77,10	 -16,5	  -9,5	  -2,2	  -1,6	  -6,6	 -13,3
*	   103,9157	 1	353,66	 76,93	 -16,2	  -9,2	  -1,9	  -1,3	  -6,3	 -13,0
*	   104,5007	 1	355,25	 78,77	 -16,4	  -9,4	  -2,0	  -1,5	  -6,4	 -13,1
*	   103,2352	 1	353,66	 78,63	 -16,1	  -9,1	  -1,7	  -1,1	  -6,1	 -12,8
*	   103,9212	 1	355,25	 80,48	 -16,2	  -9,2	  -1,9	  -1,3	  -6,3	 -13,0
*	   102,6488	 1	353,66	 80,35	 -15,9	  -8,9	  -1,6	  -1,0	  -5,9	 -12,6
*	   103,4364	 1	355,25	 82,19	 -16,1	  -9,1	  -1,8	  -1,2	  -6,1	 -12,8
*	   102,1581	 1	353,66	 82,09	 -15,8	  -8,8	  -1,4	  -0,9	  -5,8	 -12,5
*	   103,0476	 1	355,25	 83,93	 -16,0	  -9,0	  -1,7	  -1,1	  -6,0	 -12,7
*	   101,7645	 1	353,66	 83,85	 -15,7	  -8,7	  -1,3	  -0,8	  -5,7	 -12,4
*	   102,7557	 1	355,25	 85,67	 -15,9	  -8,9	  -1,6	  -1,0	  -6,0	 -12,7
*	   101,4691	 1	353,66	 85,61	 -15,6	  -8,6	  -1,3	  -0,7	  -5,7	 -12,3
*	   102,5617	 1	355,25	 87,41	 -15,9	  -8,9	  -1,5	  -1,0	  -5,9	 -12,6
*	   102,3970	 1	321,42	 73,76	 -15,8	  -8,8	  -1,4	  -0,9	  -5,8	 -12,5
*	   103,3282	 1	321,42	 72,07	 -16,0	  -9,0	  -1,6	  -1,1	  -6,0	 -12,7
*	   111,6299	 1	336,21	 58,18	 -15,4	  -9,4	  -3,3	  -3,1	  -7,9	 -14,7
*	   111,6307	 1	334,84	 58,17	 -15,4	  -9,4	  -3,3	  -3,1	  -7,9	 -14,7
*	   111,6770	 1	333,49	 58,16	 -15,4	  -9,4	  -3,3	  -3,1	  -7,9	 -14,7
*	   110,4524	 1	336,21	 59,18	 -15,1	  -9,1	  -3,1	  -2,9	  -7,7	 -14,4
*	   110,4531	 1	334,84	 59,15	 -15,1	  -9,1	  -3,1	  -2,9	  -7,7	 -14,4
*	   110,5000	 1	333,49	 59,15	 -15,1	  -9,2	  -3,1	  -2,9	  -7,7	 -14,4
*	   109,3091	 1	336,21	 60,18	 -14,9	  -8,9	  -2,8	  -2,6	  -7,4	 -14,1
*	   109,3099	 1	334,84	 60,16	 -14,9	  -8,9	  -2,8	  -2,6	  -7,4	 -14,1
*	   109,3572	 1	333,49	 60,16	 -14,9	  -8,9	  -2,8	  -2,6	  -7,4	 -14,1
*	   108,2011	 1	336,21	 61,21	 -14,6	  -8,6	  -2,5	  -2,3	  -7,1	 -13,9
*	   108,2019	 1	334,84	 61,19	 -14,6	  -8,6	  -2,5	  -2,3	  -7,1	 -13,9
*	   108,2496	 1	333,49	 61,19	 -14,6	  -8,6	  -2,6	  -2,3	  -7,1	 -13,9
*	   107,1295	 1	336,21	 62,27	 -14,3	  -8,4	  -2,3	  -2,1	  -6,9	 -13,6
*	   107,1302	 1	334,84	 62,25	 -14,3	  -8,4	  -2,3	  -2,1	  -6,9	 -13,6
*	   107,1784	 1	333,49	 62,25	 -14,4	  -8,4	  -2,3	  -2,1	  -6,9	 -13,6
*	   106,0953	 1	336,21	 63,35	 -14,1	  -8,1	  -2,0	  -1,8	  -6,6	 -13,3
*	   106,0960	 1	334,84	 63,32	 -14,1	  -8,1	  -2,0	  -1,8	  -6,6	 -13,3
*	   106,1447	 1	333,49	 63,32	 -14,1	  -8,1	  -2,1	  -1,8	  -6,6	 -13,3
*	   105,0995	 1	336,21	 64,43	 -13,9	  -7,9	  -1,8	  -1,6	  -6,4	 -13,1
*	   105,1003	 1	334,84	 64,42	 -13,9	  -7,9	  -1,8	  -1,6	  -6,4	 -13,1
*	   105,1494	 1	333,49	 64,41	 -13,9	  -7,9	  -1,8	  -1,6	  -6,4	 -13,1
*	   112,5074	 1	343,03	 58,54	 -15,6	  -9,6	  -3,5	  -3,3	  -8,2	 -14,9
*	   112,2244	 1	341,71	 58,44	 -15,5	  -9,6	  -3,5	  -3,3	  -8,1	 -14,8
*	   111,9862	 1	340,38	 58,35	 -15,5	  -9,5	  -3,4	  -3,2	  -8,0	 -14,8
*	   111,3389	 1	343,03	 59,53	 -15,3	  -9,4	  -3,3	  -3,1	  -7,9	 -14,6
*	   111,0531	 1	341,71	 59,43	 -15,3	  -9,3	  -3,2	  -3,0	  -7,8	 -14,6
*	   110,8124	 1	340,38	 59,34	 -15,2	  -9,2	  -3,2	  -3,0	  -7,8	 -14,5
*	   110,2046	 1	343,03	 60,53	 -15,1	  -9,1	  -3,0	  -2,8	  -7,6	 -14,4
*	   109,9159	 1	341,71	 60,44	 -15,0	  -9,0	  -3,0	  -2,7	  -7,6	 -14,3
*	   109,6728	 1	340,38	 60,34	 -15,0	  -9,0	  -2,9	  -2,7	  -7,5	 -14,2
*	   109,1055	 1	343,03	 61,56	 -14,8	  -8,9	  -2,8	  -2,6	  -7,4	 -14,1
*	   108,8140	 1	341,71	 61,46	 -14,8	  -8,8	  -2,7	  -2,5	  -7,3	 -14,0
*	   108,5685	 1	340,38	 61,38	 -14,7	  -8,7	  -2,6	  -2,4	  -7,2	 -14,0
*	   108,0427	 1	343,03	 62,60	 -14,6	  -8,6	  -2,5	  -2,3	  -7,1	 -13,8
*	   107,7483	 1	341,71	 62,51	 -14,5	  -8,5	  -2,4	  -2,2	  -7,0	 -13,8
*	   107,5004	 1	340,38	 62,42	 -14,4	  -8,5	  -2,4	  -2,2	  -7,0	 -13,7
*	   107,0171	 1	343,03	 63,67	 -14,3	  -8,4	  -2,3	  -2,1	  -6,9	 -13,6
*	   106,7199	 1	341,71	 63,58	 -14,3	  -8,3	  -2,2	  -2,0	  -6,8	 -13,5
*	   106,4697	 1	340,38	 63,50	 -14,2	  -8,2	  -2,1	  -1,9	  -6,7	 -13,4
*	   106,0298	 1	343,03	 64,76	 -14,1	  -8,1	  -2,0	  -1,8	  -6,6	 -13,3
*	   105,7300	 1	341,71	 64,66	 -14,0	  -8,1	  -2,0	  -1,8	  -6,6	 -13,3
*	   105,4775	 1	340,38	 64,58	 -14,0	  -8,0	  -1,9	  -1,7	  -6,5	 -13,2
*	   105,5915	 1	325,43	 69,75	 -16,2	  -9,2	  -1,9	  -1,3	  -6,3	 -13,0
*	   106,7329	 1	325,43	 68,15	 -16,5	  -9,5	  -2,1	  -1,6	  -6,5	 -13,3
*	   107,9564	 1	325,43	 66,58	 -16,8	  -9,8	  -2,4	  -1,9	  -6,8	 -13,6
*	   112,2026	 1	329,30	 58,27	 -15,5	  -9,6	  -3,5	  -3,3	  -8,1	 -14,8
*	   112,4872	 1	327,96	 58,34	 -15,6	  -9,6	  -3,5	  -3,3	  -8,2	 -14,9
*	   112,8162	 1	326,63	 58,42	 -15,7	  -9,7	  -3,6	  -3,4	  -8,2	 -15,0
*	   111,0309	 1	329,30	 59,26	 -15,3	  -9,3	  -3,2	  -3,0	  -7,8	 -14,6
*	   111,3184	 1	327,96	 59,32	 -15,3	  -9,4	  -3,3	  -3,1	  -7,9	 -14,6
*	   111,6507	 1	326,63	 59,40	 -15,4	  -9,4	  -3,4	  -3,1	  -8,0	 -14,7
*	   109,8933	 1	329,30	 60,26	 -15,0	  -9,0	  -3,0	  -2,7	  -7,6	 -14,3
*	   110,1837	 1	327,96	 60,33	 -15,1	  -9,1	  -3,0	  -2,8	  -7,6	 -14,4
*	   110,5194	 1	326,63	 60,41	 -15,1	  -9,2	  -3,1	  -2,9	  -7,7	 -14,4
*	   108,7910	 1	329,30	 61,30	 -14,7	  -8,8	  -2,7	  -2,5	  -7,3	 -14,0
*	   109,0842	 1	327,96	 61,36	 -14,8	  -8,9	  -2,8	  -2,6	  -7,4	 -14,1
*	   109,4232	 1	326,63	 61,44	 -14,9	  -8,9	  -2,8	  -2,6	  -7,4	 -14,2
*	   107,7250	 1	329,30	 62,35	 -14,5	  -8,5	  -2,4	  -2,2	  -7,0	 -13,8
*	   108,0210	 1	327,96	 62,42	 -14,6	  -8,6	  -2,5	  -2,3	  -7,1	 -13,8
*	   108,3632	 1	326,63	 62,49	 -14,6	  -8,7	  -2,6	  -2,4	  -7,2	 -13,9
*	   106,6963	 1	329,30	 63,41	 -14,3	  -8,3	  -2,2	  -2,0	  -6,8	 -13,5
*	   106,9950	 1	327,96	 63,48	 -14,3	  -8,4	  -2,3	  -2,1	  -6,9	 -13,6
*	   107,3404	 1	326,63	 63,56	 -14,4	  -8,4	  -2,4	  -2,1	  -6,9	 -13,7
*	   105,7060	 1	329,30	 64,52	 -14,0	  -8,1	  -2,0	  -1,8	  -6,6	 -13,3
*	   106,0074	 1	327,96	 64,57	 -14,1	  -8,1	  -2,0	  -1,8	  -6,6	 -13,3
*	   106,3558	 1	326,63	 64,65	 -14,2	  -8,2	  -2,1	  -1,9	  -6,7	 -13,4
*	   107,0051	 1	356,04	 74,71	 -17,0	 -10,0	  -2,6	  -2,1	  -7,0	 -13,7
*	   107,8974	 1	356,04	 73,11	 -17,2	 -10,2	  -2,8	  -2,3	  -7,2	 -14,0
*	   105,7209	 1	354,46	 74,52	 -16,7	  -9,7	  -2,3	  -1,8	  -6,7	 -13,4
*	   106,6236	 1	354,46	 72,89	 -16,9	  -9,9	  -2,5	  -2,0	  -6,9	 -13,6
*	   106,8015	 1	348,27	 70,19	 -16,5	  -9,5	  -2,2	  -1,6	  -6,6	 -13,3
*	   107,9302	 1	348,27	 68,62	 -16,8	  -9,8	  -2,4	  -1,9	  -6,8	 -13,6
*	   109,1404	 1	348,27	 67,07	 -17,1	 -10,0	  -2,7	  -2,2	  -7,1	 -13,8
*	   108,0692	 1	329,18	 66,21	 -23,1	 -18,4	  -5,3	  -4,0	  -7,1	 -12,1
*	   107,2500	 1	333,28	 66,06	 -22,9	 -18,2	  -5,1	  -3,8	  -6,9	 -11,9
*	   106,8929	 1	337,40	 66,03	 -22,8	 -18,1	  -5,0	  -3,7	  -6,8	 -11,8
*	   107,0023	 1	341,53	 66,10	 -22,9	 -18,1	  -5,0	  -3,7	  -6,9	 -11,9
*	   107,5769	 1	345,59	 66,27	 -23,0	 -18,3	  -5,2	  -3,9	  -7,0	 -12,0
*	   114,8021	 1	349,52	 59,31	 -16,2	 -10,2	  -4,1	  -3,9	  -8,7	 -15,5
*	   114,2460	 1	348,29	 59,14	 -16,0	 -10,1	  -4,0	  -3,8	  -8,6	 -15,4
*	   113,7320	 1	347,03	 58,97	 -15,9	 -10,0	  -3,9	  -3,7	  -8,5	 -15,2
*	   113,6566	 1	349,52	 60,29	 -15,9	  -9,9	  -3,9	  -3,7	  -8,5	 -15,2
*	   113,0950	 1	348,29	 60,10	 -15,8	  -9,8	  -3,7	  -3,5	  -8,3	 -15,1
*	   112,5759	 1	347,03	 59,94	 -15,7	  -9,7	  -3,6	  -3,4	  -8,2	 -15,0
*	   112,5450	 1	349,52	 61,27	 -15,7	  -9,7	  -3,6	  -3,4	  -8,2	 -15,0
*	   111,9780	 1	348,29	 61,10	 -15,5	  -9,6	  -3,5	  -3,3	  -8,1	 -14,8
*	   111,4539	 1	347,03	 60,94	 -15,4	  -9,4	  -3,4	  -3,2	  -8,0	 -14,7
*	   111,4684	 1	349,52	 62,28	 -15,4	  -9,4	  -3,4	  -3,2	  -8,0	 -14,7
*	   110,8960	 1	348,29	 62,11	 -15,3	  -9,3	  -3,2	  -3,0	  -7,8	 -14,6
*	   110,3668	 1	347,03	 61,96	 -15,2	  -9,2	  -3,1	  -2,9	  -7,7	 -14,4
*	   110,4276	 1	349,52	 63,31	 -15,2	  -9,2	  -3,1	  -2,9	  -7,7	 -14,5
*	   109,8500	 1	348,29	 63,14	 -15,0	  -9,1	  -3,0	  -2,8	  -7,6	 -14,3
*	   109,3159	 1	347,03	 62,99	 -14,9	  -9,0	  -2,9	  -2,7	  -7,5	 -14,2
*	   109,4237	 1	349,52	 64,35	 -14,9	  -9,0	  -2,9	  -2,7	  -7,5	 -14,2
*	   108,8409	 1	348,29	 64,19	 -14,8	  -8,8	  -2,8	  -2,5	  -7,4	 -14,1
*	   108,3020	 1	347,03	 64,05	 -14,7	  -8,7	  -2,6	  -2,4	  -7,2	 -13,9
*	   108,4577	 1	349,52	 65,42	 -14,7	  -8,8	  -2,7	  -2,5	  -7,3	 -14,0
*	   107,8699	 1	348,29	 65,26	 -14,6	  -8,6	  -2,5	  -2,3	  -7,1	 -13,8
*	   107,3262	 1	347,03	 65,12	 -14,5	  -8,5	  -2,4	  -2,2	  -7,0	 -13,7
*	   116,5349	 1	320,04	 58,16	 -16,5	 -10,6	  -4,5	  -4,3	  -9,1	 -15,9
*	   114,2042	 1	322,57	 58,80	 -16,0	 -10,1	  -4,0	  -3,8	  -8,6	 -15,4
*	   114,7622	 1	321,30	 58,95	 -16,2	 -10,2	  -4,1	  -3,9	  -8,7	 -15,5
*	   115,3617	 1	320,04	 59,11	 -16,3	 -10,3	  -4,2	  -4,0	  -8,9	 -15,6
*	   113,0525	 1	322,57	 59,77	 -15,8	  -9,8	  -3,7	  -3,5	  -8,3	 -15,1
*	   113,6160	 1	321,30	 59,92	 -15,9	  -9,9	  -3,9	  -3,6	  -8,5	 -15,2
*	   114,2214	 1	320,04	 60,08	 -16,0	 -10,1	  -4,0	  -3,8	  -8,6	 -15,4
*	   111,9349	 1	322,57	 60,78	 -15,5	  -9,6	  -3,5	  -3,3	  -8,1	 -14,8
*	   112,5037	 1	321,30	 60,92	 -15,7	  -9,7	  -3,6	  -3,4	  -8,2	 -15,0
*	   113,1149	 1	320,04	 61,08	 -15,8	  -9,8	  -3,7	  -3,5	  -8,3	 -15,1
*	   110,8522	 1	322,57	 61,80	 -15,3	  -9,3	  -3,2	  -3,0	  -7,8	 -14,6
*	   111,4264	 1	321,30	 61,94	 -15,4	  -9,4	  -3,4	  -3,1	  -8,0	 -14,7
*	   112,0432	 1	320,04	 62,09	 -15,5	  -9,6	  -3,5	  -3,3	  -8,1	 -14,8
*	   109,8055	 1	322,57	 62,83	 -15,0	  -9,1	  -3,0	  -2,8	  -7,6	 -14,3
*	   110,3850	 1	321,30	 62,97	 -15,2	  -9,2	  -3,1	  -2,9	  -7,7	 -14,5
*	   111,0074	 1	320,04	 63,12	 -15,3	  -9,3	  -3,3	  -3,1	  -7,9	 -14,6
*	   108,7958	 1	322,57	 63,90	 -14,8	  -8,8	  -2,7	  -2,5	  -7,3	 -14,1
*	   109,3804	 1	321,30	 64,03	 -14,9	  -9,0	  -2,9	  -2,7	  -7,5	 -14,2
*	   110,0084	 1	320,04	 64,17	 -15,1	  -9,1	  -3,0	  -2,8	  -7,6	 -14,4
*	   107,8241	 1	322,57	 64,97	 -14,6	  -8,6	  -2,5	  -2,3	  -7,1	 -13,8
*	   108,4138	 1	321,30	 65,10	 -14,7	  -8,7	  -2,7	  -2,5	  -7,3	 -14,0
*	   109,0472	 1	320,04	 65,25	 -14,9	  -8,9	  -2,8	  -2,6	  -7,4	 -14,1
*	   110,5332	 1	319,23	 70,68	 -18,9	 -11,9	  -4,5	  -4,0	  -8,9	 -15,7
*	   108,6831	 1	317,84	 70,34	 -18,5	 -11,5	  -4,1	  -3,6	  -8,5	 -15,2
*	   112,2692	 1	353,57	 71,22	 -18,8	 -11,8	  -4,5	  -3,9	  -8,9	 -15,6
*	   110,5515	 1	355,01	 70,93	 -18,4	 -11,4	  -4,1	  -3,5	  -8,5	 -15,2
*	   115,7250	 1	353,21	 60,91	 -16,4	 -10,5	  -4,4	  -4,2	  -9,0	 -15,8
*	   116,2441	 1	355,48	 62,31	 -16,6	 -10,6	  -4,5	  -4,3	  -9,1	 -15,9
*	   115,4191	 1	354,36	 62,10	 -16,4	 -10,4	  -4,3	  -4,1	  -8,9	 -15,7
*	   114,6328	 1	353,21	 61,88	 -16,2	 -10,2	  -4,2	  -4,0	  -8,8	 -15,5
*	   115,2010	 1	355,48	 63,30	 -16,3	 -10,4	  -4,3	  -4,1	  -8,9	 -15,7
*	   114,3687	 1	354,36	 63,08	 -16,2	 -10,2	  -4,1	  -3,9	  -8,7	 -15,5
*	   113,5754	 1	353,21	 62,88	 -16,0	 -10,0	  -3,9	  -3,7	  -8,5	 -15,3
*	   114,1933	 1	355,48	 64,31	 -16,1	 -10,1	  -4,1	  -3,9	  -8,7	 -15,4
*	   113,3538	 1	354,36	 64,09	 -15,9	 -10,0	  -3,9	  -3,7	  -8,5	 -15,2
*	   112,5535	 1	353,21	 63,88	 -15,7	  -9,8	  -3,7	  -3,5	  -8,3	 -15,1
*	   113,2219	 1	355,48	 65,32	 -15,9	  -9,9	  -3,8	  -3,6	  -8,5	 -15,2
*	   112,3753	 1	354,36	 65,11	 -15,7	  -9,7	  -3,7	  -3,4	  -8,3	 -15,0
*	   111,5682	 1	353,21	 64,92	 -15,5	  -9,6	  -3,5	  -3,3	  -8,1	 -14,8
*	   112,2876	 1	355,48	 66,36	 -15,7	  -9,7	  -3,6	  -3,4	  -8,2	 -15,0
*	   111,4342	 1	354,36	 66,15	 -15,5	  -9,5	  -3,4	  -3,2	  -8,0	 -14,8
*	   110,6204	 1	353,21	 65,96	 -15,3	  -9,3	  -3,3	  -3,0	  -7,9	 -14,6
*	   112,2679	 1	320,64	 70,94	 -18,3	 -11,3	  -4,0	  -3,4	  -8,4	 -15,1
*	   113,8300	 1	322,09	 71,23	 -18,7	 -11,7	  -4,3	  -3,8	  -8,7	 -15,5
s	   112,5342	 3	335,55	122,18	  21,2	  25,6	  16,5	  16,9	  20,6	  17,8
*	   115,5199	 1	350,34	 71,72	 -18,7	 -11,7	  -4,3	  -3,8	  -8,7	 -15,5
*	   114,0863	 1	351,83	 71,51	 -18,3	 -11,3	  -4,0	  -3,4	  -8,4	 -15,2
s	   126,8235	 3	267,38	 64,90	  20,2	  24,5	  15,5	  15,9	  19,6	  16,6
s	   127,7203	 3	 90,00	  1,42	  20,3	  27,9	  35,5	  36,5	  31,3	  24,2
s	   127,9012	 3	321,27	 65,12	  20,6	  25,0	  15,9	  16,4	  20,0	  17,0
s	   129,1973	 3	349,49	 65,38	  21,8	  19,9	  -4,2	  -4,0	  -0,4	   9,8
s	   130,6074	 3	339,54	 70,70	  20,6	  27,9	  35,3	  35,9	  31,1	  24,3
s	   131,6783	 3	 39,91	 65,86	  20,9	  13,8	 -24,1	 -23,8	 -20,4	   3,0
s	   132,3311	 3	342,44	 90,00	  21,3	  21,5	  12,5	  10,2	   3,4	   9,1
#END
