#HEADER
CATT-Acoustic v8.0b    Copyright © CATT 1988-2003

 Project                : Auditorio

 GEOMETRICAL INFORMATION
 Src id and loc     [m] :   A1          -9,000        0,000        0,000
 Rec id and loc     [m] :   81           4,350        0,000        0,550

 81       38,9175

 VARIABLE SOURCE DATA
 Directivity
   Type (library)       :  OMNI.SD0
   Dir. Index (DI) [dB] :       0,0      0,0      0,0      0,0      0,0      0,0
 Level
   On axis 1m      [dB] :      58,0     64,0     70,3     70,7     65,9     59,9
   Total power     [dB] :      68,9     74,9     81,2     81,6     76,8     70,8
   Auxiliary delay [ms] :       0,0

 VARIABLE AIR DATA
 Temperature       [°C] :      20
 Relative humidity  [%] :      50
 Density        [kg/m³] :       1,2
 Sound speed      [m/s] :     343
 Impedance      [Ns/m³] :     412
 Diss. coeff. [0.001/m] :      0,10     0,30     0,63     1,07     2,28     6,83      (estimated)

#DATAFIELDS
 TYPE DELAY ORDER AZIMUTH ELEVATION SPL125 SPL250 SPL500 SPL1K SPL2K SPL4K
#DATA
d	     0,0000	 0	 90,00	 90,00	  35,5	  41,5	  47,7	  48,1	  43,3	  37,0
*	    18,2384	 1	117,93	 95,19	 -11,7	  -4,7	   2,7	   3,3	  -1,5	  -7,9
*	    12,6003	 1	112,09	 95,45	  -8,1	  -1,0	   6,3	   6,9	   2,1	  -4,3
*	    15,5163	 1	109,85	 94,68	  -8,5	  -1,5	   5,9	   6,5	   1,6	  -4,7
*	     7,5910	 1	105,73	 95,66	  -4,0	   3,1	  10,4	  11,0	   6,2	  -0,1
*	    10,3007	 1	104,06	 94,82	  -3,8	   3,2	  10,6	  11,2	   6,4	   0,1
*	     3,5541	 1	 98,94	 95,81	   0,6	   7,6	  15,0	  15,6	  10,8	   4,5
*	     5,7436	 1	 97,96	 94,92	   2,5	   9,6	  17,0	  17,6	  12,7	   6,4
*	    10,3978	 1	 97,18	 94,21	   0,2	   7,2	  14,6	  15,2	  10,3	   4,0
*	     1,3304	 1	 91,89	 95,87	   4,0	  11,0	  18,4	  19,0	  14,2	   8,0
*	     2,7060	 1	 91,69	 94,96	   9,9	  16,9	  24,3	  24,9	  20,0	  13,8
*	     7,7281	 1	 91,52	 94,24	   5,7	  12,7	  20,1	  20,7	  15,9	   9,6
*	     2,0562	 1	 84,79	 95,86	   2,8	   9,8	  17,2	  17,8	  13,0	   6,7
*	     3,7958	 1	 85,37	 94,96	   6,7	  13,7	  21,1	  21,7	  16,9	  10,6
*	     8,6490	 1	 85,82	 94,24	   3,5	  10,5	  17,9	  18,5	  13,7	   7,4
*	     5,2761	 1	 77,85	 95,75	  -1,5	   5,5	  12,9	  13,5	   8,6	   2,4
*	     7,7596	 1	 79,15	 94,88	  -0,7	   6,4	  13,7	  14,3	   9,5	   3,2
*	     9,8298	 1	 71,24	 95,57	  -5,9	   1,1	   8,5	   9,1	   4,2	  -2,1
*	    12,6633	 1	 73,18	 94,76	  -6,2	   0,9	   8,2	   8,8	   4,0	  -2,3
*	    15,1592	 1	 65,11	 95,33	  -9,8	  -2,8	   4,6	   5,2	   0,3	  -6,0
*	    18,1094	 1	 67,57	 94,59	 -10,4	  -3,4	   4,0	   4,6	  -0,3	  -6,6
*	    21,0291	 1	 59,53	 95,07	 -13,2	  -6,2	   1,2	   1,8	  -3,1	  -9,5
s	     3,1237	 1	270,00	 94,54	  33,0	  38,7	  44,3	  42,7	  36,5	  30,0
*	    17,3660	 1	353,42	 90,61	  -4,2	   1,7	   7,6	   9,9	   5,6	  -1,3
*	    14,8847	 1	352,33	 90,72	  -2,0	   3,9	   9,7	  12,1	   7,8	   0,8
*	    12,4906	 1	350,84	 90,86	   0,4	   6,3	  12,2	  14,5	  10,2	   3,3
*	    10,1908	 1	348,61	 91,06	   3,3	   9,3	  15,1	  17,5	  13,2	   6,3
*	     7,9973	 1	345,00	 91,40	   7,0	  12,9	  18,8	  21,1	  16,8	   9,9
*	     5,9385	 1	338,16	 92,01	  11,8	  17,7	  23,6	  25,9	  21,6	  14,7
*	     4,1182	 1	321,57	 93,37	  18,5	  24,4	  30,3	  32,6	  28,3	  21,5
*	     3,1244	 1	271,43	 95,41	  24,7	  30,6	  36,5	  38,8	  34,5	  27,7
*	     4,0542	 1	219,54	 93,45	  18,8	  24,7	  30,6	  32,9	  28,7	  21,8
*	     5,8593	 1	202,23	 92,05	  12,0	  17,9	  23,8	  26,1	  21,8	  15,0
*	     7,9114	 1	195,19	 91,42	   7,1	  13,1	  18,9	  21,3	  17,0	  10,1
*	    10,1002	 1	191,48	 91,08	   3,5	   9,4	  15,3	  17,6	  13,3	   6,4
*	    12,3960	 1	189,22	 90,86	   0,5	   6,4	  12,3	  14,7	  10,4	   3,4
*	    14,7864	 1	187,70	 90,72	  -2,0	   4,0	   9,8	  12,2	   7,9	   0,9
*	    17,2643	 1	186,60	 90,62	  -4,1	   1,8	   7,7	  10,0	   5,7	  -1,3
s	     7,3213	 1	 91,16	 89,63	  30,9	  38,0	  45,3	  45,9	  41,1	  34,8
*	    24,4038	 1	 98,52	 67,64	  -6,2	   0,8	   8,1	   8,7	   3,9	  -2,5
*	    23,7363	 1	 94,37	 67,63	  -5,7	   1,3	   8,6	   9,2	   4,4	  -2,0
*	    23,7738	 1	 90,23	 67,74	  -5,7	   1,4	   8,7	   9,3	   4,5	  -1,9
*	    20,6961	 1	 98,50	 71,33	  -3,8	   3,2	  10,6	  11,1	   6,3	  -0,1
*	    19,8963	 1	 94,35	 71,33	  -3,1	   3,9	  11,3	  11,9	   7,0	   0,6
*	    19,8971	 1	 90,23	 71,41	  -3,0	   4,1	  11,4	  12,0	   7,2	   0,8
*	    17,2957	 1	 98,47	 75,16	  -1,2	   5,8	  13,2	  13,8	   9,0	   2,6
*	    16,3096	 1	 94,34	 75,17	  -0,1	   6,9	  14,3	  14,9	  10,0	   3,7
*	    16,2532	 1	 90,23	 75,23	   0,2	   7,2	  14,6	  15,2	  10,3	   3,9
*	    14,3012	 1	 98,45	 79,13	   1,7	   8,7	  16,1	  16,7	  11,9	   5,5
*	    13,0446	 1	 94,33	 79,12	   3,4	  10,5	  17,8	  18,4	  13,6	   7,3
*	    12,8948	 1	 90,23	 79,16	   3,9	  11,0	  18,3	  18,9	  14,1	   7,8
*	    11,9007	 1	 98,42	 83,17	   4,7	  11,7	  19,1	  19,7	  14,8	   8,5
*	    10,2567	 1	 94,32	 83,16	   7,6	  14,6	  22,0	  22,6	  17,7	  11,4
*	     9,9482	 1	 90,23	 83,18	   8,7	  15,7	  23,1	  23,7	  18,8	  12,5
*	    10,4431	 1	 98,40	 87,27	   6,9	  14,0	  21,3	  21,9	  17,1	  10,8
*	     8,3653	 1	 94,30	 87,25	  11,6	  18,6	  26,0	  26,6	  21,7	  15,4
*	     7,8222	 1	 90,23	 87,24	  13,8	  20,8	  28,2	  28,8	  24,0	  17,7
*	    10,3634	 1	 98,37	 91,36	   7,2	  14,3	  21,6	  22,2	  17,4	  11,1
*	     8,2112	 1	 94,29	 91,33	  12,2	  19,2	  26,6	  27,2	  22,4	  16,1
*	     7,6176	 1	 90,23	 91,30	  14,7	  21,8	  29,1	  29,7	  24,9	  18,6
*	    41,3921	 1	 99,27	 54,69	 -11,8	  -5,9	   0,2	   0,5	  -4,3	 -10,8
*	    41,0182	 1	 96,38	 54,68	 -11,7	  -5,7	   0,4	   0,6	  -4,1	 -10,6
*	    40,8746	 1	 93,48	 54,72	 -11,6	  -5,6	   0,5	   0,7	  -4,0	 -10,5
*	    40,9642	 1	 90,59	 54,83	 -11,6	  -5,6	   0,5	   0,7	  -4,0	 -10,6
*	    38,2696	 1	 99,25	 56,73	 -10,6	  -4,7	   1,4	   1,7	  -3,1	  -9,6
*	    37,8689	 1	 96,36	 56,70	 -10,4	  -4,5	   1,6	   1,9	  -2,9	  -9,4
*	    37,7105	 1	 93,47	 56,75	 -10,4	  -4,4	   1,7	   2,0	  -2,8	  -9,3
*	    37,7983	 1	 90,59	 56,86	 -10,4	  -4,4	   1,7	   1,9	  -2,8	  -9,3
*	    35,2226	 1	 99,23	 58,85	  -9,4	  -3,4	   2,7	   2,9	  -1,8	  -8,3
*	    34,7908	 1	 96,35	 58,84	  -9,2	  -3,2	   2,9	   3,1	  -1,6	  -8,1
*	    34,6152	 1	 93,46	 58,87	  -9,1	  -3,1	   3,0	   3,3	  -1,5	  -7,9
*	    34,7001	 1	 90,59	 58,98	  -9,1	  -3,1	   3,0	   3,3	  -1,5	  -7,9
*	    32,2579	 1	 99,22	 61,07	  -8,1	  -2,1	   4,0	   4,2	  -0,5	  -6,9
*	    31,7902	 1	 96,34	 61,05	  -7,8	  -1,8	   4,3	   4,5	  -0,2	  -6,7
*	    31,5938	 1	 93,45	 61,08	  -7,7	  -1,7	   4,4	   4,6	  -0,1	  -6,5
*	    31,6748	 1	 90,59	 61,18	  -7,7	  -1,7	   4,4	   4,6	  -0,1	  -6,5
*	    29,3835	 1	 99,20	 63,38	  -6,7	  -0,7	   5,4	   5,6	   0,9	  -5,5
*	    28,8735	 1	 96,32	 63,35	  -6,4	  -0,4	   5,7	   5,9	   1,2	  -5,2
*	    28,6522	 1	 93,45	 63,39	  -6,2	  -0,3	   5,9	   6,1	   1,4	  -5,1
*	    28,7276	 1	 90,58	 63,47	  -6,2	  -0,2	   5,9	   6,1	   1,4	  -5,0
s	     7,3679	 1	 88,77	 89,62	  32,2	  33,0	  25,3	  25,6	  20,8	  27,7
*	    23,0448	 1	 87,45	 68,25	   0,9	   1,6	  -6,1	  -5,7	 -10,6	  -3,8
*	    23,5149	 1	 82,63	 68,20	   0,4	   1,2	  -6,5	  -6,1	 -11,0	  -4,3
*	    18,6172	 1	 87,46	 72,57	   4,1	   4,8	  -2,9	  -2,5	  -7,4	  -0,6
*	    19,2333	 1	 82,66	 72,53	   3,4	   4,2	  -3,5	  -3,2	  -8,1	  -1,3
*	    14,5322	 1	 87,47	 77,09	   7,9	   8,7	   1,0	   1,4	  -3,5	   3,3
*	    15,3767	 1	 82,68	 77,06	   6,8	   7,5	  -0,2	   0,2	  -4,7	   2,2
*	    10,9176	 1	 87,48	 81,72	  12,8	  13,6	   5,8	   6,2	   1,3	   8,2
*	    12,1364	 1	 82,71	 81,71	  10,5	  11,3	   3,6	   4,0	  -0,9	   5,9
*	     8,1899	 1	 87,49	 86,44	  18,4	  19,2	  11,5	  11,9	   7,0	  13,9
*	     9,9584	 1	 82,73	 86,46	  14,0	  14,7	   7,0	   7,4	   2,5	   9,4
*	     7,6753	 1	 87,50	 91,17	  20,2	  20,9	  13,2	  13,6	   8,7	  15,6
*	     9,6301	 1	 82,76	 91,21	  14,8	  15,5	   7,8	   8,2	   3,3	  10,2
*	    28,3390	 1	 81,45	 64,10	  -2,3	  -1,5	  -9,3	  -8,9	 -13,8	  -7,1
*	    27,7679	 1	 86,30	 64,12	  -1,9	  -1,1	  -8,9	  -8,5	 -13,4	  -6,7
*	    33,1994	 1	 81,42	 60,22	  -4,6	  -3,9	 -11,6	 -11,2	 -16,2	  -9,4
*	    32,7187	 1	 86,29	 60,26	  -4,4	  -3,6	 -11,3	 -11,0	 -15,9	  -9,1
*	    20,4056	 1	342,80	 89,26	  -0,9	   5,0	  10,9	  13,2	   8,9	   1,9
*	    18,0407	 1	340,16	 89,15	   1,0	   7,0	  12,8	  15,2	  10,8	   3,9
*	    15,7887	 1	336,60	 89,01	   3,2	   9,1	  15,0	  17,3	  13,0	   6,1
*	    13,6737	 1	331,61	 88,82	   5,7	  11,6	  17,5	  19,8	  15,5	   8,6
*	    11,7394	 1	324,28	 88,55	   8,5	  14,4	  20,2	  22,6	  18,3	  11,4
*	    10,0728	 1	312,92	 88,17	  11,5	  17,4	  23,3	  25,6	  21,3	  14,4
*	     8,8518	 1	295,15	 87,75	  14,3	  20,2	  26,1	  28,4	  24,1	  17,2
*	     8,3692	 1	270,53	 87,51	  15,6	  21,5	  27,4	  29,7	  25,4	  18,5
*	     8,8159	 1	245,71	 87,73	  14,4	  20,3	  26,2	  28,5	  24,2	  17,3
*	    10,0133	 1	227,64	 88,16	  11,6	  17,5	  23,4	  25,7	  21,4	  14,5
*	    11,6662	 1	216,08	 88,54	   8,6	  14,5	  20,4	  22,7	  18,4	  11,5
*	    13,5918	 1	208,62	 88,80	   5,8	  11,7	  17,6	  19,9	  15,6	   8,7
*	    15,7005	 1	203,56	 89,01	   3,3	   9,2	  15,1	  17,4	  13,1	   6,2
*	    17,9476	 1	199,95	 89,14	   1,1	   7,0	  12,9	  15,2	  10,9	   4,0
*	    20,3083	 1	197,28	 89,26	  -0,8	   5,1	  11,0	  13,3	   9,0	   2,0
s	    10,4451	 2	268,91	 94,22	  29,7	  36,4	  43,2	  43,1	  37,9	  31,2
s	    10,4916	 2	271,16	 94,22	  30,9	  31,4	  23,1	  22,8	  17,6	  24,0
*	    16,9397	 1	 70,74	 94,43	  -0,2	   6,8	  14,2	  14,8	   9,9	   3,6
*	    14,6130	 1	 74,86	 94,34	   2,4	   9,4	  16,8	  17,4	  12,5	   6,2
*	    12,7548	 1	 78,92	 94,23	   5,2	  12,2	  19,6	  20,2	  15,3	   9,0
*	    16,3213	 1	 70,69	 90,29	   0,2	   7,2	  14,6	  15,2	  10,4	   4,0
*	    13,9075	 1	 74,82	 90,22	   3,0	  10,0	  17,4	  18,0	  13,1	   6,8
*	    11,9251	 1	 78,88	 90,16	   6,1	  13,2	  20,5	  21,1	  16,3	  10,0
*	    16,5767	 1	 70,63	 86,12	  -0,0	   7,0	  14,4	  15,0	  10,1	   3,7
*	    14,2294	 1	 74,78	 86,08	   2,6	   9,6	  17,0	  17,6	  12,7	   6,4
*	    12,3429	 1	 78,85	 86,07	   5,5	  12,5	  19,9	  20,5	  15,6	   9,3
*	    17,6697	 1	 70,57	 81,98	  -0,9	   6,1	  13,5	  14,1	   9,2	   2,9
*	    15,5119	 1	 74,73	 81,97	   1,3	   8,4	  15,7	  16,3	  11,5	   5,1
*	    13,8772	 1	 78,82	 81,99	   3,6	  10,6	  18,0	  18,6	  13,8	   7,4
*	    19,4955	 1	 70,52	 77,89	  -2,2	   4,8	  12,2	  12,8	   7,9	   1,5
*	    17,5813	 1	 74,69	 77,90	  -0,4	   6,6	  14,0	  14,6	   9,7	   3,3
*	    16,2331	 1	 78,79	 77,98	   1,2	   8,3	  15,6	  16,2	  11,4	   5,0
*	    21,9272	 1	 70,46	 73,90	  -3,8	   3,2	  10,6	  11,2	   6,3	  -0,1
*	    20,2562	 1	 74,64	 73,94	  -2,4	   4,6	  12,0	  12,6	   7,7	   1,4
*	    19,1624	 1	 78,75	 74,06	  -1,2	   5,8	  13,2	  13,8	   8,9	   2,6
*	    24,8498	 1	 70,40	 70,05	  -5,5	   1,6	   8,9	   9,5	   4,7	  -1,8
*	    23,3958	 1	 74,59	 70,10	  -4,4	   2,6	  10,0	  10,6	   5,7	  -0,7
*	    22,5080	 1	 78,72	 70,26	  -3,5	   3,5	  10,9	  11,5	   6,6	   0,2
*	    28,1710	 1	 70,34	 66,35	  -7,2	  -0,1	   7,2	   7,8	   2,9	  -3,5
*	    26,9014	 1	 74,55	 66,42	  -6,3	   0,7	   8,1	   8,7	   3,8	  -2,6
*	    26,1756	 1	 78,69	 66,61	  -5,7	   1,3	   8,7	   9,3	   4,4	  -2,0
*	    41,7733	 1	 77,51	 54,61	 -10,4	  -4,4	   1,7	   1,9	  -2,8	  -9,3
*	    42,0632	 1	 74,62	 54,43	 -10,6	  -4,6	   1,5	   1,7	  -3,0	  -9,5
*	    42,5652	 1	 71,70	 54,32	 -10,8	  -4,8	   1,3	   1,5	  -3,2	  -9,8
*	    43,2723	 1	 68,76	 54,28	 -11,1	  -5,1	   1,0	   1,2	  -3,5	 -10,1
*	    38,6918	 1	 77,54	 56,64	  -9,2	  -3,2	   2,9	   3,1	  -1,7	  -8,1
*	    39,0139	 1	 74,66	 56,47	  -9,4	  -3,4	   2,7	   2,9	  -1,9	  -8,4
*	    39,5566	 1	 71,74	 56,37	  -9,7	  -3,7	   2,4	   2,6	  -2,1	  -8,6
*	    40,3114	 1	 68,80	 56,33	 -10,0	  -4,1	   2,0	   2,3	  -2,5	  -9,0
*	    35,6907	 1	 77,56	 58,76	  -8,0	  -2,0	   4,1	   4,3	  -0,4	  -6,9
*	    36,0503	 1	 74,69	 58,61	  -8,3	  -2,3	   3,8	   4,1	  -0,7	  -7,1
*	    36,6394	 1	 71,78	 58,50	  -8,6	  -2,6	   3,5	   3,7	  -1,0	  -7,5
*	    37,4475	 1	 68,85	 58,47	  -9,0	  -3,0	   3,1	   3,4	  -1,4	  -7,9
*	    32,7781	 1	 77,59	 60,97	  -6,8	  -0,8	   5,3	   5,6	   0,8	  -5,6
*	    33,1815	 1	 74,72	 60,83	  -7,0	  -1,1	   5,0	   5,3	   0,5	  -5,9
*	    33,8235	 1	 71,81	 60,74	  -7,4	  -1,4	   4,7	   4,9	   0,2	  -6,3
*	    34,6915	 1	 68,89	 60,71	  -7,9	  -1,9	   4,2	   4,5	  -0,3	  -6,7
*	    29,9632	 1	 77,61	 63,28	  -5,4	   0,5	   6,6	   6,9	   2,1	  -4,3
*	    30,4181	 1	 74,75	 63,14	  -5,8	   0,2	   6,3	   6,5	   1,8	  -4,6
*	    31,1208	 1	 71,85	 63,05	  -6,2	  -0,2	   5,9	   6,1	   1,4	  -5,1
*	    32,0560	 1	 68,93	 63,03	  -6,7	  -0,8	   5,3	   5,6	   0,8	  -5,6
*	    13,4247	 1	102,73	 94,28	  10,1	  10,8	   3,1	   3,5	  -1,4	   5,5
*	    15,9118	 1	107,49	 94,40	   6,9	   7,7	  -0,0	   0,3	  -4,6	   2,3
*	    12,6333	 1	102,77	 89,52	  10,9	  11,6	   3,9	   4,3	  -0,6	   6,3
*	    15,2422	 1	107,55	 89,58	   7,4	   8,2	   0,5	   0,8	  -4,1	   2,8
*	    13,3848	 1	102,82	 84,73	   9,9	  10,7	   3,0	   3,3	  -1,5	   5,3
*	    15,8290	 1	107,61	 84,76	   6,8	   7,6	  -0,1	   0,3	  -4,6	   2,2
*	    15,4563	 1	102,86	 79,99	   7,8	   8,5	   0,8	   1,2	  -3,7	   3,1
*	    17,5624	 1	107,67	 79,96	   5,4	   6,2	  -1,5	  -1,2	  -6,1	   0,8
*	    18,4718	 1	102,90	 75,35	   5,2	   6,0	  -1,7	  -1,4	  -6,3	   0,5
*	    20,2201	 1	107,73	 75,28	   3,5	   4,3	  -3,4	  -3,1	  -8,0	  -1,2
*	    22,1449	 1	102,95	 70,87	   2,6	   3,4	  -4,3	  -4,0	  -8,9	  -2,1
*	    23,5865	 1	107,79	 70,76	   1,4	   2,2	  -5,5	  -5,2	 -10,1	  -3,3
*	    26,3008	 1	102,99	 66,59	   0,2	   0,9	  -6,8	  -6,4	 -11,3	  -4,5
*	    27,4979	 1	107,85	 66,45	  -0,7	   0,1	  -7,6	  -7,3	 -12,2	  -5,4
*	    35,8239	 1	109,14	 59,32	  -4,5	  -3,7	 -11,4	 -11,1	 -16,0	  -9,3
*	    34,7838	 1	104,22	 59,46	  -3,9	  -3,1	 -10,9	 -10,5	 -15,4	  -8,7
*	    31,2441	 1	109,07	 63,19	  -2,5	  -1,8	  -9,5	  -9,1	 -14,0	  -7,3
*	    30,0374	 1	104,17	 63,31	  -1,8	  -1,0	  -8,7	  -8,4	 -13,3	  -6,5
*	    13,0376	 1	 48,93	 95,71	 -16,3	 -10,4	  -4,5	  -2,2	  -6,5	 -13,4
*	    13,2322	 1	 52,49	 95,96	 -14,9	  -9,0	  -3,1	  -0,8	  -5,1	 -12,0
*	    13,6790	 1	 55,55	 96,16	 -13,6	  -7,7	  -1,8	   0,5	  -3,8	 -10,7
*	    30,6314	 1	120,32	 66,97	  -6,9	   0,1	   7,4	   8,0	   3,1	  -3,3
*	    29,1041	 1	116,02	 67,11	  -6,1	   1,0	   8,3	   8,9	   4,0	  -2,4
*	    28,0066	 1	111,85	 67,38	  -5,3	   1,7	   9,1	   9,7	   4,8	  -1,6
*	    27,8181	 1	120,23	 70,81	  -5,7	   1,3	   8,7	   9,3	   4,4	  -2,0
*	    26,1410	 1	115,95	 70,93	  -4,7	   2,4	   9,7	  10,3	   5,4	  -1,0
*	    24,8892	 1	111,79	 71,13	  -3,7	   3,3	  10,7	  11,3	   6,4	  -0,0
*	    25,4547	 1	120,14	 74,82	  -4,6	   2,4	   9,8	  10,4	   5,5	  -0,9
*	    23,6244	 1	115,87	 74,90	  -3,4	   3,6	  11,0	  11,6	   6,7	   0,3
*	    22,2066	 1	111,72	 75,05	  -2,2	   4,8	  12,2	  12,8	   7,9	   1,5
*	    23,6071	 1	120,05	 78,98	  -3,7	   3,3	  10,7	  11,3	   6,4	   0,0
*	    21,6330	 1	115,79	 79,00	  -2,3	   4,7	  12,1	  12,7	   7,8	   1,4
*	    20,0504	 1	111,66	 79,09	  -0,9	   6,2	  13,5	  14,1	   9,3	   2,9
*	    22,3400	 1	119,96	 83,22	  -3,0	   4,0	  11,4	  12,0	   7,1	   0,7
*	    20,2490	 1	115,71	 83,20	  -1,5	   5,6	  12,9	  13,5	   8,7	   2,3
*	    18,5258	 1	111,60	 83,21	   0,2	   7,2	  14,6	  15,2	  10,3	   3,9
*	    21,7073	 1	119,87	 87,53	  -2,7	   4,4	  11,7	  12,3	   7,5	   1,1
*	    19,5460	 1	115,64	 87,45	  -1,0	   6,0	  13,4	  14,0	   9,1	   2,7
*	    17,7347	 1	111,53	 87,39	   0,8	   7,8	  15,1	  15,7	  10,9	   4,5
*	    21,7414	 1	119,78	 91,83	  -2,7	   4,4	  11,7	  12,3	   7,5	   1,1
*	    19,5703	 1	115,56	 91,70	  -1,0	   6,0	  13,4	  14,0	   9,1	   2,8
*	    17,7466	 1	111,47	 91,56	   0,8	   7,8	  15,2	  15,8	  10,9	   4,6
*	    45,3709	 1	121,37	 53,60	 -10,1	  -4,1	   2,0	   2,2	  -2,6	  -9,1
*	    44,5619	 1	118,34	 53,73	  -9,8	  -3,8	   2,3	   2,5	  -2,2	  -8,8
*	    43,9364	 1	115,37	 53,94	  -9,5	  -3,5	   2,6	   2,8	  -2,0	  -8,5
*	    43,5010	 1	112,47	 54,22	  -9,3	  -3,3	   2,8	   3,0	  -1,7	  -8,3
*	    42,5518	 1	121,30	 55,67	  -9,2	  -3,2	   2,9	   3,1	  -1,6	  -8,1
*	    41,6951	 1	118,28	 55,81	  -8,8	  -2,8	   3,3	   3,5	  -1,3	  -7,8
*	    41,0257	 1	115,32	 56,01	  -8,5	  -2,5	   3,6	   3,8	  -0,9	  -7,5
*	    40,5512	 1	112,42	 56,27	  -8,3	  -2,3	   3,8	   4,1	  -0,7	  -7,2
*	    39,8459	 1	121,24	 57,85	  -8,2	  -2,3	   3,8	   4,1	  -0,7	  -7,2
*	    38,9375	 1	118,22	 57,97	  -7,8	  -1,9	   4,2	   4,5	  -0,3	  -6,8
*	    38,2197	 1	115,26	 58,17	  -7,5	  -1,5	   4,6	   4,8	   0,1	  -6,4
*	    37,7012	 1	112,38	 58,42	  -7,2	  -1,2	   4,9	   5,1	   0,4	  -6,1
*	    37,2657	 1	121,17	 60,13	  -7,3	  -1,3	   4,8	   5,0	   0,3	  -6,2
*	    36,3013	 1	118,16	 60,25	  -6,9	  -0,9	   5,2	   5,5	   0,7	  -5,8
*	    35,5301	 1	115,21	 60,43	  -6,5	  -0,5	   5,6	   5,9	   1,1	  -5,3
*	    34,9621	 1	112,33	 60,67	  -6,1	  -0,1	   6,0	   6,2	   1,5	  -5,0
*	    34,8248	 1	121,11	 62,51	  -6,4	  -0,4	   5,7	   5,9	   1,2	  -5,3
*	    33,8001	 1	118,11	 62,61	  -5,9	   0,1	   6,2	   6,4	   1,7	  -4,8
*	    32,9703	 1	115,16	 62,78	  -5,4	   0,6	   6,7	   6,9	   2,2	  -4,3
*	    32,3471	 1	112,28	 63,00	  -5,0	   1,0	   7,1	   7,3	   2,6	  -3,9
*	    22,1134	 1	 60,35	 94,83	   3,3	   4,1	  -3,6	  -3,3	  -8,2	  -1,4
*	    19,6990	 1	 65,22	 94,63	   5,2	   6,0	  -1,7	  -1,4	  -6,3	   0,5
*	    21,5886	 1	 60,25	 89,85	   3,6	   4,3	  -3,4	  -3,0	  -7,9	  -1,1
*	    19,1334	 1	 65,14	 89,73	   5,5	   6,3	  -1,4	  -1,1	  -6,0	   0,9
*	    21,9705	 1	 60,14	 84,85	   3,3	   4,1	  -3,6	  -3,2	  -8,2	  -1,3
*	    19,5751	 1	 65,05	 84,80	   5,2	   6,0	  -1,7	  -1,4	  -6,3	   0,5
*	    23,2293	 1	 60,04	 79,90	   2,7	   3,4	  -4,3	  -3,9	  -8,8	  -2,0
*	    20,9773	 1	 64,96	 79,92	   4,3	   5,1	  -2,6	  -2,3	  -7,2	  -0,4
*	    25,2893	 1	 59,94	 75,05	   1,6	   2,4	  -5,3	  -5,0	  -9,9	  -3,1
*	    23,2294	 1	 64,88	 75,15	   3,0	   3,8	  -3,9	  -3,5	  -8,5	  -1,7
*	    28,0506	 1	 59,83	 70,40	   0,3	   1,1	  -6,6	  -6,3	 -11,2	  -4,4
*	    26,1978	 1	 64,79	 70,56	   1,5	   2,3	  -5,4	  -5,1	 -10,0	  -3,2
*	    31,4101	 1	 59,73	 65,97	  -1,1	  -0,4	  -8,1	  -7,7	 -12,6	  -5,9
*	    29,7565	 1	 64,70	 66,18	  -0,2	   0,6	  -7,1	  -6,8	 -11,7	  -4,9
*	    37,0478	 1	 65,68	 59,07	  -3,1	  -2,4	 -10,1	  -9,7	 -14,7	  -8,0
*	    38,2665	 1	 60,71	 58,74	  -3,8	  -3,0	 -10,7	 -10,4	 -15,3	  -8,6
*	    32,6467	 1	 65,77	 62,98	  -1,4	  -0,6	  -8,3	  -8,0	 -12,9	  -6,2
*	    34,0253	 1	 60,81	 62,69	  -2,1	  -1,4	  -9,1	  -8,7	 -13,7	  -6,9
*	    21,5669	 1	183,62	 94,35	  -8,8	  -2,9	   3,0	   5,3	   1,0	  -6,0
*	    21,9023	 1	184,75	 94,39	  -3,9	   2,0	   7,9	  10,2	   5,9	  -1,1
*	    21,9833	 1	185,24	 90,49	  -7,5	  -1,6	   4,3	   6,6	   2,3	  -4,7
*	    24,6809	 1	184,72	 90,45	  -9,1	  -3,2	   2,7	   5,0	   0,7	  -6,3
*	    27,4479	 1	184,27	 90,41	 -10,6	  -4,7	   1,2	   3,5	  -0,8	  -7,8
*	    30,2805	 1	183,92	 90,37	 -12,0	  -6,1	  -0,2	   2,1	  -2,2	  -9,3
*	    33,1746	 1	183,61	 90,33	 -13,3	  -7,4	  -1,6	   0,8	  -3,6	 -10,6
*	    22,2374	 1	259,06	 81,04	  -1,3	   5,7	  13,1	  13,7	   8,8	   2,4
*	    21,9843	 1	267,40	 80,87	  -1,1	   6,0	  13,3	  13,9	   9,1	   2,7
*	    22,8097	 1	259,12	 73,25	  -1,8	   5,2	  12,6	  13,2	   8,3	   1,9
*	    22,5642	 1	267,41	 72,96	  -1,6	   5,4	  12,8	  13,4	   8,5	   2,1
*	    23,6326	 1	259,19	 66,12	  -2,6	   4,5	  11,8	  12,4	   7,6	   1,2
*	    23,3971	 1	267,43	 65,74	  -2,3	   4,7	  12,0	  12,6	   7,8	   1,4
*	    24,6770	 1	259,25	 59,76	  -3,4	   3,6	  11,0	  11,5	   6,7	   0,3
*	    24,4531	 1	267,44	 59,32	  -3,2	   3,8	  11,1	  11,7	   6,9	   0,5
*	    25,9133	 1	259,31	 54,19	  -4,4	   2,6	  10,0	  10,6	   5,7	  -0,7
*	    25,7012	 1	267,46	 53,72	  -4,2	   2,8	  10,1	  10,7	   5,9	  -0,6
*	    27,3143	 1	259,37	 49,36	  -5,4	   1,6	   8,9	   9,5	   4,7	  -1,8
*	    27,1138	 1	267,47	 48,87	  -5,3	   1,7	   9,1	   9,7	   4,8	  -1,6
*	    28,8565	 1	259,43	 45,17	  -6,5	   0,5	   7,9	   8,5	   3,6	  -2,8
*	    28,6670	 1	267,49	 44,69	  -6,4	   0,7	   8,0	   8,6	   3,7	  -2,7
*	    22,0763	 1	354,86	 93,03	  -7,5	  -1,6	   4,2	   6,6	   2,3	  -4,7
*	    29,9447	 1	293,84	 46,92	  -7,2	  -0,2	   7,2	   7,8	   2,9	  -3,6
*	    29,3554	 1	286,73	 45,52	  -6,8	   0,2	   7,5	   8,1	   3,3	  -3,2
*	    28,4367	 1	293,97	 51,02	  -6,2	   0,8	   8,2	   8,7	   3,9	  -2,6
*	    27,8157	 1	286,83	 49,63	  -5,8	   1,2	   8,6	   9,2	   4,3	  -2,1
*	    27,0699	 1	294,09	 55,70	  -5,3	   1,7	   9,1	   9,7	   4,8	  -1,6
*	    26,4157	 1	286,92	 54,36	  -4,8	   2,2	   9,6	  10,2	   5,3	  -1,1
*	    25,8656	 1	294,22	 61,02	  -4,4	   2,6	  10,0	  10,6	   5,7	  -0,7
*	    25,1778	 1	287,02	 59,79	  -3,9	   3,2	  10,5	  11,1	   6,3	  -0,2
*	    24,8477	 1	294,35	 67,03	  -3,6	   3,4	  10,8	  11,4	   6,5	   0,1
*	    24,1278	 1	287,11	 65,95	  -3,0	   4,0	  11,4	  12,0	   7,1	   0,7
*	    24,0419	 1	294,48	 73,67	  -2,9	   4,1	  11,4	  12,0	   7,2	   0,8
*	    23,2938	 1	287,21	 72,85	  -2,3	   4,7	  12,1	  12,7	   7,8	   1,4
*	    23,4726	 1	294,61	 80,87	  -2,5	   4,6	  11,9	  12,5	   7,6	   1,2
*	    22,7032	 1	287,31	 80,39	  -1,8	   5,3	  12,6	  13,2	   8,4	   2,0
*	    26,6477	 1	 48,93	 93,59	  -3,8	   3,2	  10,6	  11,2	   6,3	  -0,1
*	    24,7628	 1	 53,43	 93,37	  -2,7	   4,3	  11,7	  12,2	   7,4	   1,0
*	    23,2379	 1	 57,72	 93,14	  -1,7	   5,4	  12,7	  13,3	   8,5	   2,1
*	    26,4331	 1	 48,80	 88,92	  -3,7	   3,3	  10,7	  11,2	   6,4	  -0,0
*	    24,5461	 1	 53,31	 88,80	  -2,7	   4,4	  11,7	  12,3	   7,5	   1,1
*	    23,0191	 1	 57,62	 88,67	  -1,6	   5,5	  12,8	  13,4	   8,5	   2,1
*	    26,8302	 1	 48,67	 84,25	  -3,9	   3,1	  10,5	  11,1	   6,2	  -0,2
*	    24,9740	 1	 53,20	 84,21	  -2,9	   4,2	  11,5	  12,1	   7,2	   0,8
*	    23,4829	 1	 57,52	 84,20	  -1,8	   5,2	  12,6	  13,2	   8,3	   1,9
*	    27,8252	 1	 48,54	 79,63	  -4,3	   2,7	  10,1	  10,6	   5,8	  -0,7
*	    26,0291	 1	 53,09	 79,68	  -3,3	   3,7	  11,0	  11,6	   6,8	   0,3
*	    24,6064	 1	 57,42	 79,77	  -2,4	   4,6	  12,0	  12,6	   7,7	   1,3
*	    29,3885	 1	 48,42	 75,12	  -5,0	   2,1	   9,4	  10,0	   5,1	  -1,3
*	    27,6743	 1	 52,97	 75,24	  -4,1	   3,0	  10,3	  10,9	   6,0	  -0,4
*	    26,3428	 1	 57,32	 75,44	  -3,2	   3,8	  11,2	  11,8	   6,9	   0,5
*	    31,4781	 1	 48,29	 70,77	  -5,8	   1,2	   8,6	   9,2	   4,3	  -2,2
*	    29,8596	 1	 52,86	 70,96	  -5,0	   2,0	   9,4	  10,0	   5,1	  -1,3
*	    28,6314	 1	 57,22	 71,26	  -4,2	   2,8	  10,1	  10,7	   5,9	  -0,6
*	    34,0452	 1	 48,16	 66,61	  -6,8	   0,3	   7,6	   8,2	   3,3	  -3,2
*	    32,5287	 1	 52,74	 66,87	  -6,1	   1,0	   8,3	   8,9	   4,0	  -2,4
*	    31,4067	 1	 57,12	 67,24	  -5,4	   1,6	   9,0	   9,6	   4,7	  -1,8
*	    37,0386	 1	 48,03	 62,68	  -7,9	  -0,8	   6,5	   7,1	   2,2	  -4,3
*	    35,6244	 1	 52,62	 63,00	  -7,2	  -0,2	   7,2	   7,7	   2,9	  -3,6
*	    34,6051	 1	 57,02	 63,43	  -6,7	   0,3	   7,7	   8,3	   3,4	  -3,1
*	    49,0011	 1	 55,30	 51,34	  -9,7	  -3,7	   2,4	   2,6	  -2,1	  -8,7
*	    49,5171	 1	 52,31	 50,98	  -9,9	  -3,9	   2,2	   2,4	  -2,3	  -8,9
*	    50,1990	 1	 49,22	 50,68	 -10,1	  -4,1	   2,0	   2,2	  -2,6	  -9,1
*	    51,0426	 1	 46,08	 50,46	 -10,4	  -4,4	   1,7	   1,9	  -2,9	  -9,4
*	    46,1221	 1	 55,37	 53,34	  -8,8	  -2,8	   3,3	   3,5	  -1,2	  -7,7
*	    46,6699	 1	 52,39	 52,97	  -9,0	  -3,0	   3,1	   3,3	  -1,4	  -8,0
*	    47,3864	 1	 49,31	 52,68	  -9,3	  -3,3	   2,8	   3,0	  -1,7	  -8,3
*	    48,2672	 1	 46,17	 52,47	  -9,6	  -3,6	   2,5	   2,7	  -2,0	  -8,6
*	    43,3490	 1	 55,44	 55,42	  -7,9	  -1,9	   4,2	   4,5	  -0,3	  -6,8
*	    43,9313	 1	 52,46	 55,07	  -8,1	  -2,1	   4,0	   4,2	  -0,6	  -7,1
*	    44,6849	 1	 49,40	 54,79	  -8,4	  -2,4	   3,7	   3,9	  -0,9	  -7,4
*	    45,6047	 1	 46,26	 54,59	  -8,7	  -2,8	   3,3	   3,6	  -1,2	  -7,7
*	    40,6928	 1	 55,51	 57,61	  -7,0	  -1,0	   5,1	   5,4	   0,6	  -5,9
*	    41,3123	 1	 52,54	 57,28	  -7,2	  -1,3	   4,8	   5,1	   0,3	  -6,2
*	    42,1053	 1	 49,48	 57,01	  -7,6	  -1,6	   4,5	   4,7	  -0,0	  -6,5
*	    43,0662	 1	 46,35	 56,82	  -7,9	  -2,0	   4,1	   4,4	  -0,4	  -6,9
*	    38,1659	 1	 55,59	 59,90	  -6,1	  -0,1	   6,0	   6,2	   1,5	  -5,0
*	    38,8253	 1	 52,62	 59,59	  -6,4	  -0,4	   5,7	   5,9	   1,2	  -5,3
*	    39,6599	 1	 49,56	 59,34	  -6,7	  -0,8	   5,3	   5,6	   0,8	  -5,7
*	    40,6635	 1	 46,44	 59,16	  -7,1	  -1,2	   4,9	   5,2	   0,4	  -6,1
*	    35,7817	 1	 55,66	 62,30	  -5,2	   0,8	   6,9	   7,1	   2,4	  -4,1
*	    36,4837	 1	 52,70	 62,01	  -5,5	   0,4	   6,5	   6,8	   2,0	  -4,4
*	    37,3618	 1	 49,65	 61,78	  -5,9	   0,0	   6,1	   6,4	   1,6	  -4,9
*	    38,4096	 1	 46,53	 61,61	  -6,4	  -0,4	   5,7	   5,9	   1,2	  -5,3
*	    28,9082	 1	275,86	 44,37	   5,0	   5,8	  -1,9	  -1,6	  -6,5	   0,3
*	    25,6844	 1	275,93	 54,14	   7,3	   8,1	   0,4	   0,7	  -4,2	   2,6
*	    23,2501	 1	276,01	 67,42	   9,3	  10,1	   2,4	   2,7	  -2,2	   4,6
*	    33,6600	 1	131,13	 66,90	  -0,8	  -0,1	  -7,8	  -7,4	 -12,4	  -5,6
*	    31,9960	 1	126,02	 67,20	  -0,0	   0,7	  -7,0	  -6,6	 -11,5	  -4,8
*	    30,8211	 1	130,98	 71,59	   0,2	   1,0	  -6,7	  -6,3	 -11,3	  -4,5
*	    29,0257	 1	125,89	 71,80	   1,2	   2,0	  -5,8	  -5,4	 -10,3	  -3,6
*	    28,5989	 1	130,84	 76,51	   1,1	   1,9	  -5,8	  -5,4	 -10,4	  -3,6
*	    26,6823	 1	125,77	 76,63	   2,2	   3,0	  -4,7	  -4,4	  -9,3	  -2,5
*	    27,0624	 1	130,70	 81,62	   1,8	   2,6	  -5,2	  -4,8	  -9,7	  -2,9
*	    25,0479	 1	125,64	 81,64	   2,9	   3,7	  -4,0	  -3,6	  -8,6	  -1,8
*	    26,2666	 1	130,56	 86,83	   2,1	   2,9	  -4,8	  -4,4	  -9,4	  -2,6
*	    24,1913	 1	125,52	 86,74	   3,4	   4,1	  -3,6	  -3,2	  -8,1	  -1,3
*	    26,2440	 1	130,42	 92,08	   2,2	   2,9	  -4,8	  -4,4	  -9,3	  -2,6
*	    24,1548	 1	125,40	 91,86	   3,4	   4,2	  -3,5	  -3,2	  -8,1	  -1,3
*	    39,1983	 1	125,16	 58,96	  -2,7	  -1,9	  -9,6	  -9,3	 -14,2	  -7,5
*	    40,4983	 1	130,26	 58,51	  -3,2	  -2,5	 -10,2	  -9,9	 -14,8	  -8,1
*	    43,5920	 1	125,28	 55,21	  -4,2	  -3,4	 -11,1	 -10,8	 -15,7	  -9,1
*	    44,7789	 1	130,40	 54,72	  -4,7	  -3,9	 -11,6	 -11,3	 -16,2	  -9,6
*	    29,8030	 1	247,65	 46,59	   4,4	   5,2	  -2,5	  -2,2	  -7,1	  -0,3
*	    26,6905	 1	247,39	 56,26	   6,5	   7,3	  -0,4	  -0,1	  -5,0	   1,8
*	    24,3682	 1	247,12	 69,02	   8,3	   9,1	   1,4	   1,7	  -3,2	   3,6
*	    30,7448	 1	239,81	 48,66	  -7,7	  -0,7	   6,6	   7,2	   2,3	  -4,1
*	    31,7316	 1	234,26	 50,57	  -8,3	  -1,3	   6,1	   6,6	   1,8	  -4,7
*	    29,2770	 1	239,66	 52,72	  -6,8	   0,2	   7,6	   8,1	   3,3	  -3,2
*	    30,3096	 1	234,10	 54,60	  -7,5	  -0,4	   6,9	   7,5	   2,6	  -3,8
*	    27,9517	 1	239,51	 57,34	  -5,9	   1,1	   8,4	   9,0	   4,2	  -2,3
*	    29,0308	 1	233,94	 59,11	  -6,7	   0,4	   7,7	   8,3	   3,4	  -3,0
*	    26,7887	 1	239,36	 62,52	  -5,1	   1,9	   9,3	   9,8	   5,0	  -1,4
*	    27,9134	 1	233,78	 64,12	  -5,9	   1,1	   8,5	   9,1	   4,2	  -2,3
*	    25,8098	 1	239,22	 68,30	  -4,4	   2,6	  10,0	  10,6	   5,7	  -0,7
*	    26,9768	 1	233,62	 69,65	  -5,3	   1,8	   9,1	   9,7	   4,8	  -1,6
*	    25,0378	 1	239,06	 74,63	  -3,8	   3,2	  10,6	  11,2	   6,3	  -0,1
*	    26,2407	 1	233,45	 75,64	  -4,7	   2,3	   9,6	  10,2	   5,4	  -1,1
*	    24,4935	 1	238,91	 81,43	  -3,4	   3,6	  11,0	  11,6	   6,7	   0,3
*	    25,7229	 1	233,29	 82,02	  -4,4	   2,7	  10,0	  10,6	   5,7	  -0,7
*	    24,8522	 1	193,86	 89,40	  -4,0	   1,9	   7,8	  10,1	   5,8	  -1,2
*	    27,4661	 1	192,49	 89,46	  -5,5	   0,4	   6,3	   8,6	   4,3	  -2,8
*	    30,1553	 1	191,36	 89,50	  -6,9	  -1,0	   4,8	   7,2	   2,8	  -4,2
*	    32,9141	 1	190,42	 89,54	  -8,3	  -2,4	   3,5	   5,8	   1,5	  -5,6
*	    30,9410	 1	301,47	 49,05	   3,7	   4,4	  -3,3	  -2,9	  -7,8	  -1,1
*	    27,9552	 1	301,79	 58,56	   5,6	   6,4	  -1,4	  -1,0	  -5,9	   0,8
*	    25,7547	 1	302,12	 70,69	   7,2	   7,9	   0,2	   0,6	  -4,3	   2,5
*	    33,6842	 1	313,13	 53,81	  -9,5	  -2,5	   4,9	   5,5	   0,6	  -5,9
*	    32,3418	 1	313,29	 57,71	  -8,7	  -1,7	   5,6	   6,2	   1,4	  -5,1
*	    31,0247	 1	308,93	 55,77	  -8,0	  -0,9	   6,4	   7,0	   2,1	  -4,3
*	    31,1424	 1	313,46	 62,01	  -8,0	  -1,0	   6,3	   6,9	   2,1	  -4,4
*	    29,7756	 1	309,09	 60,20	  -7,2	  -0,2	   7,2	   7,8	   2,9	  -3,6
*	    30,1011	 1	313,62	 66,71	  -7,4	  -0,4	   7,0	   7,6	   2,7	  -3,8
*	    28,6869	 1	309,25	 65,11	  -6,5	   0,5	   7,9	   8,5	   3,6	  -2,8
*	    29,2337	 1	313,79	 71,79	  -6,9	   0,2	   7,5	   8,1	   3,2	  -3,2
*	    27,7766	 1	309,42	 70,47	  -5,9	   1,1	   8,5	   9,1	   4,2	  -2,2
*	    28,5554	 1	313,96	 77,23	  -6,4	   0,6	   7,9	   8,5	   3,7	  -2,8
*	    27,0626	 1	309,59	 76,25	  -5,4	   1,6	   9,0	   9,6	   4,7	  -1,7
*	    28,0794	 1	314,13	 82,94	  -6,1	   0,9	   8,3	   8,8	   4,0	  -2,5
*	    26,5609	 1	309,75	 82,38	  -5,1	   2,0	   9,3	   9,9	   5,0	  -1,4
*	    27,2026	 1	228,37	 82,27	   6,0	   6,8	  -0,9	  -0,6	  -5,5	   1,3
*	    28,5587	 1	228,73	 69,79	   5,1	   5,9	  -1,8	  -1,5	  -6,4	   0,4
*	    30,8079	 1	229,09	 59,15	   3,7	   4,5	  -3,2	  -2,9	  -7,8	  -1,1
s	    27,2793	 1	 90,00	 33,61	  28,8	  32,1	  22,1	  22,5	  26,0	  23,4
*	    43,1119	 1	349,93	 31,76	   6,5	   9,8	  -0,2	   0,2	   3,7	   1,0
*	    36,9056	 1	 23,22	 33,16	   8,0	  11,4	   1,4	   1,8	   5,3	   2,6
*	    34,4726	 1	 46,01	 40,41	   8,5	  11,9	   1,9	   2,2	   5,8	   3,1
*	    35,6767	 1	 58,66	 48,26	   8,2	  11,5	   1,5	   1,9	   5,4	   2,8
*	    37,3471	 1	335,68	 14,73	   8,7	  12,0	   2,1	   2,4	   5,9	   3,3
*	    30,9128	 1	 47,50	 19,25	  10,3	  13,7	   3,7	   4,1	   7,6	   5,0
*	    28,4740	 1	 69,23	 33,23	  10,7	  14,1	   4,1	   4,5	   8,0	   5,4
*	    29,7388	 1	 76,55	 44,54	  10,4	  13,7	   3,8	   4,1	   7,6	   5,0
*	    34,7548	 1	 80,09	 52,67	   9,1	  12,4	   2,5	   2,8	   6,3	   3,7
*	    36,5639	 1	219,72	  9,62	   9,0	  12,4	   2,4	   2,7	   6,3	   3,6
*	    30,1006	 1	116,52	 16,05	  10,7	  14,0	   4,0	   4,4	   7,9	   5,3
*	    27,6656	 1	101,69	 32,02	  11,1	  14,4	   4,4	   4,8	   8,3	   5,7
*	    28,9388	 1	 97,44	 43,98	  10,7	  14,0	   4,1	   4,4	   8,0	   5,3
*	    33,9767	 1	 95,45	 52,38	   9,4	  12,7	   2,8	   3,1	   6,7	   4,0
*	    40,9590	 1	192,23	 27,11	   7,3	  10,6	   0,6	   1,0	   4,5	   1,8
*	    34,6662	 1	152,43	 29,08	   8,9	  12,2	   2,2	   2,6	   6,1	   3,5
*	    32,2264	 1	128,43	 38,01	   9,3	  12,7	   2,7	   3,1	   6,6	   4,0
*	    33,4541	 1	116,58	 46,94	   9,0	  12,3	   2,3	   2,7	   6,2	   3,6
*	    43,6202	 1	163,29	 41,83	   5,7	   9,0	  -0,9	  -0,6	   2,9	   0,2
*	    41,2379	 1	144,07	 46,21	   6,2	   9,5	  -0,4	  -0,1	   3,4	   0,7
*	    28,1155	 1	135,15	 93,79	  -3,4	   3,7	  11,0	  11,6	   6,7	   0,3
*	    29,4620	 1	139,72	 94,09	  -4,0	   3,0	  10,4	  11,0	   6,1	  -0,4
*	    31,1723	 1	144,52	 94,37	  -4,7	   2,3	   9,7	  10,3	   5,4	  -1,1
*	    27,9039	 1	135,29	 89,02	  -3,3	   3,7	  11,1	  11,7	   6,8	   0,4
*	    29,2488	 1	139,87	 89,18	  -3,9	   3,1	  10,5	  11,0	   6,2	  -0,3
*	    30,9581	 1	144,69	 89,35	  -4,6	   2,4	   9,8	  10,3	   5,5	  -1,0
*	    28,2866	 1	135,43	 84,22	  -3,4	   3,6	  10,9	  11,5	   6,7	   0,2
*	    29,6127	 1	140,03	 84,24	  -4,1	   2,9	  10,3	  10,9	   6,0	  -0,4
*	    31,3048	 1	144,86	 84,31	  -4,8	   2,3	   9,6	  10,2	   5,3	  -1,1
*	    29,2523	 1	135,57	 79,49	  -3,8	   3,2	  10,6	  11,1	   6,3	  -0,2
*	    30,5440	 1	140,19	 79,37	  -4,4	   2,6	   9,9	  10,5	   5,7	  -0,8
*	    32,2039	 1	145,04	 79,33	  -5,1	   1,9	   9,3	   9,9	   5,0	  -1,5
*	    30,7747	 1	135,72	 74,87	  -4,4	   2,6	  10,0	  10,5	   5,7	  -0,8
*	    32,0196	 1	140,34	 74,63	  -5,0	   2,0	   9,4	  10,0	   5,1	  -1,4
*	    33,6348	 1	145,21	 74,49	  -5,6	   1,4	   8,8	   9,4	   4,5	  -2,0
*	    32,8164	 1	135,86	 70,43	  -5,2	   1,8	   9,2	   9,8	   4,9	  -1,6
*	    34,0059	 1	140,50	 70,09	  -5,7	   1,3	   8,7	   9,3	   4,4	  -2,1
*	    35,5670	 1	145,38	 69,86	  -6,3	   0,7	   8,1	   8,7	   3,8	  -2,7
*	    35,3329	 1	136,00	 66,19	  -6,1	   0,9	   8,3	   8,8	   4,0	  -2,5
*	    36,4619	 1	140,66	 65,76	  -6,6	   0,4	   7,8	   8,4	   3,5	  -3,0
*	    37,9625	 1	145,55	 65,45	  -7,1	  -0,1	   7,3	   7,8	   2,9	  -3,6
*	    38,2763	 1	136,15	 62,20	  -7,2	  -0,1	   7,2	   7,8	   2,9	  -3,6
*	    39,3432	 1	140,82	 61,69	  -7,6	  -0,5	   6,8	   7,4	   2,5	  -4,0
*	    40,7796	 1	145,73	 61,32	  -8,1	  -1,0	   6,3	   6,9	   2,0	  -4,5
*	    53,1715	 1	144,75	 49,08	  -9,9	  -3,9	   2,2	   2,4	  -2,3	  -8,9
*	    52,4009	 1	141,46	 49,41	  -9,6	  -3,7	   2,4	   2,6	  -2,1	  -8,7
*	    51,7851	 1	138,29	 49,83	  -9,4	  -3,5	   2,6	   2,8	  -1,9	  -8,5
*	    51,3267	 1	135,22	 50,32	  -9,3	  -3,3	   2,8	   3,0	  -1,8	  -8,3
*	    50,4790	 1	144,64	 51,13	  -9,1	  -3,1	   3,0	   3,2	  -1,6	  -8,1
*	    49,6819	 1	141,36	 51,45	  -8,9	  -2,9	   3,2	   3,4	  -1,3	  -7,9
*	    49,0418	 1	138,19	 51,85	  -8,6	  -2,7	   3,4	   3,7	  -1,1	  -7,7
*	    48,5615	 1	135,13	 52,34	  -8,5	  -2,5	   3,6	   3,8	  -0,9	  -7,5
*	    47,9036	 1	144,52	 53,28	  -8,3	  -2,4	   3,7	   4,0	  -0,8	  -7,3
*	    47,0790	 1	141,25	 53,60	  -8,1	  -2,1	   4,0	   4,2	  -0,5	  -7,1
*	    46,4136	 1	138,08	 53,99	  -7,8	  -1,9	   4,2	   4,5	  -0,3	  -6,8
*	    45,9102	 1	135,03	 54,47	  -7,7	  -1,7	   4,4	   4,6	  -0,1	  -6,7
*	    45,4558	 1	144,41	 55,57	  -7,6	  -1,6	   4,5	   4,7	  -0,0	  -6,6
*	    44,6032	 1	141,14	 55,88	  -7,3	  -1,3	   4,8	   5,0	   0,2	  -6,3
*	    43,9115	 1	137,98	 56,25	  -7,1	  -1,1	   5,0	   5,2	   0,5	  -6,0
*	    43,3837	 1	134,94	 56,70	  -6,9	  -0,9	   5,2	   5,4	   0,7	  -5,8
*	    43,1472	 1	144,29	 57,98	  -6,9	  -0,9	   5,2	   5,4	   0,7	  -5,8
*	    42,2661	 1	141,03	 58,27	  -6,6	  -0,6	   5,5	   5,7	   1,0	  -5,5
*	    41,5473	 1	137,88	 58,63	  -6,3	  -0,3	   5,8	   6,0	   1,3	  -5,3
*	    40,9940	 1	134,85	 59,05	  -6,1	  -0,1	   6,0	   6,2	   1,5	  -5,0
*	    40,9897	 1	144,18	 60,52	  -6,2	  -0,2	   5,9	   6,1	   1,4	  -5,1
*	    40,0798	 1	140,93	 60,79	  -5,9	   0,1	   6,2	   6,5	   1,7	  -4,8
*	    39,3334	 1	137,78	 61,12	  -5,6	   0,4	   6,5	   6,7	   2,0	  -4,5
*	    38,7537	 1	134,75	 61,51	  -5,3	   0,7	   6,8	   7,0	   2,2	  -4,2
*	    35,2845	 1	 43,32	 66,46	  -0,3	   0,5	  -7,3	  -6,9	 -11,8	  -5,1
*	    36,6023	 1	 38,05	 65,99	  -0,8	  -0,1	  -7,8	  -7,4	 -12,4	  -5,7
*	    32,5484	 1	 43,49	 71,25	   0,7	   1,5	  -6,3	  -5,9	 -10,8	  -4,1
*	    33,9398	 1	 38,23	 70,89	   0,1	   0,9	  -6,8	  -6,5	 -11,4	  -4,7
*	    30,4181	 1	 43,65	 76,30	   1,5	   2,3	  -5,4	  -5,1	 -10,0	  -3,3
*	    31,8750	 1	 38,42	 76,08	   0,9	   1,6	  -6,1	  -5,7	 -10,7	  -3,9
*	    28,9531	 1	 43,81	 81,55	   2,1	   2,8	  -4,9	  -4,5	  -9,4	  -2,7
*	    30,4618	 1	 38,60	 81,49	   1,4	   2,2	  -5,6	  -5,2	 -10,1	  -3,4
*	    28,1996	 1	 43,97	 86,91	   2,4	   3,2	  -4,6	  -4,2	  -9,1	  -2,4
*	    29,7410	 1	 38,77	 87,02	   1,7	   2,4	  -5,3	  -4,9	  -9,8	  -3,1
*	    28,1838	 1	 44,13	 92,30	   2,4	   3,2	  -4,5	  -4,2	  -9,1	  -2,3
*	    29,7353	 1	 38,95	 92,59	   1,7	   2,4	  -5,3	  -4,9	  -9,8	  -3,1
*	    40,1572	 1	 36,60	 61,30	  -2,0	  -1,3	  -9,0	  -8,6	 -13,6	  -6,9
*	    38,8078	 1	 41,96	 61,82	  -1,5	  -0,8	  -8,5	  -8,2	 -13,1	  -6,4
*	    43,8119	 1	 36,41	 57,06	  -3,2	  -2,5	 -10,2	  -9,8	 -14,8	  -8,1
*	    42,5402	 1	 41,79	 57,64	  -2,8	  -2,0	  -9,7	  -9,4	 -14,3	  -7,7
*	    47,8806	 1	 36,22	 53,16	  -4,5	  -3,7	 -11,4	 -11,1	 -16,0	  -9,4
*	    46,6842	 1	 41,61	 53,78	  -4,1	  -3,3	 -11,0	 -10,7	 -15,7	  -9,0
*	    36,6655	 1	219,91	 57,69	 -11,1	  -4,1	   3,3	   3,9	  -1,0	  -7,5
*	    33,8192	 1	222,96	 59,60	  -9,6	  -2,6	   4,7	   5,3	   0,5	  -6,0
*	    35,4234	 1	219,75	 61,38	 -10,5	  -3,4	   3,9	   4,5	  -0,4	  -6,9
*	    32,6692	 1	222,80	 63,74	  -9,0	  -2,0	   5,4	   6,0	   1,1	  -5,4
*	    34,3211	 1	219,59	 65,36	  -9,9	  -2,9	   4,5	   5,1	   0,2	  -6,3
*	    31,6744	 1	222,63	 68,22	  -8,4	  -1,4	   5,9	   6,5	   1,6	  -4,8
*	    33,3706	 1	219,43	 69,63	  -9,4	  -2,4	   5,0	   5,6	   0,7	  -5,8
*	    30,8484	 1	222,47	 73,04	  -8,0	  -0,9	   6,4	   7,0	   2,1	  -4,3
*	    32,5835	 1	219,27	 74,18	  -9,0	  -1,9	   5,4	   6,0	   1,1	  -5,3
*	    30,2041	 1	222,30	 78,14	  -7,6	  -0,6	   6,8	   7,4	   2,5	  -3,9
*	    31,9708	 1	219,10	 78,97	  -8,6	  -1,6	   5,8	   6,3	   1,5	  -5,0
*	    29,7524	 1	222,13	 83,47	  -7,3	  -0,3	   7,1	   7,7	   2,8	  -3,7
*	    31,5415	 1	218,94	 83,94	  -8,4	  -1,4	   6,0	   6,6	   1,7	  -4,8
*	    29,7921	 1	261,89	 42,68	  -7,1	  -0,1	   7,3	   7,9	   3,0	  -3,4
*	    31,5274	 1	261,94	 39,38	  -8,2	  -1,1	   6,2	   6,8	   1,9	  -4,5
*	    30,3572	 1	270,02	 40,99	   2,5	   3,2	  -4,5	  -4,1	  -9,1	  -2,3
*	    31,1028	 1	297,06	 45,89	  -7,9	  -0,9	   6,5	   7,1	   2,2	  -4,3
*	    32,7722	 1	296,92	 42,52	  -8,9	  -1,9	   5,5	   6,1	   1,2	  -5,3
*	    30,4351	 1	290,32	 44,32	  -7,5	  -0,5	   6,9	   7,5	   2,6	  -3,9
*	    32,1372	 1	290,21	 40,98	  -8,5	  -1,5	   5,9	   6,4	   1,6	  -4,9
*	    30,7985	 1	319,80	 83,45	   3,6	   4,4	  -3,4	  -3,0	  -7,9	  -1,2
*	    32,0119	 1	319,44	 72,63	   2,9	   3,7	  -4,0	  -3,7	  -8,6	  -1,9
*	    34,0486	 1	319,09	 63,03	   1,8	   2,6	  -5,2	  -4,8	  -9,7	  -3,0
*	    38,5214	 1	 31,72	 64,79	  -6,7	   0,3	   7,7	   8,3	   3,4	  -3,1
*	    39,3400	 1	 26,94	 64,22	  -6,9	   0,1	   7,5	   8,0	   3,1	  -3,4
*	    40,5152	 1	 21,85	 63,78	  -7,2	  -0,2	   7,1	   7,7	   2,8	  -3,7
*	    36,1699	 1	 31,90	 69,12	  -5,9	   1,1	   8,5	   9,1	   4,2	  -2,3
*	    37,0121	 1	 27,13	 68,65	  -6,1	   0,9	   8,2	   8,8	   3,9	  -2,5
*	    38,2146	 1	 22,06	 68,30	  -6,5	   0,6	   7,9	   8,5	   3,6	  -2,9
*	    34,2525	 1	 32,08	 73,69	  -5,2	   1,8	   9,2	   9,8	   4,9	  -1,6
*	    35,1160	 1	 27,32	 73,36	  -5,5	   1,6	   8,9	   9,5	   4,6	  -1,9
*	    36,3425	 1	 22,26	 73,11	  -5,8	   1,2	   8,6	   9,1	   4,3	  -2,2
*	    32,8040	 1	 32,25	 78,48	  -4,7	   2,3	   9,7	  10,3	   5,4	  -1,1
*	    33,6859	 1	 27,51	 78,28	  -5,0	   2,1	   9,4	  10,0	   5,1	  -1,3
*	    34,9323	 1	 22,47	 78,17	  -5,3	   1,7	   9,1	   9,6	   4,8	  -1,7
*	    31,8529	 1	 32,43	 83,40	  -4,3	   2,7	  10,0	  10,6	   5,8	  -0,7
*	    32,7496	 1	 27,70	 83,38	  -4,6	   2,4	   9,8	  10,3	   5,5	  -1,0
*	    34,0114	 1	 22,67	 83,40	  -5,0	   2,0	   9,4	  10,0	   5,1	  -1,4
*	    31,4195	 1	 32,60	 88,41	  -4,2	   2,9	  10,2	  10,8	   5,9	  -0,5
*	    32,3265	 1	 27,89	 88,56	  -4,5	   2,6	   9,9	  10,5	   5,6	  -0,8
*	    33,5986	 1	 22,88	 88,74	  -4,8	   2,2	   9,5	  10,1	   5,2	  -1,2
*	    31,5132	 1	 32,78	 93,42	  -4,2	   2,8	  10,2	  10,8	   5,9	  -0,6
*	    53,8256	 1	 31,64	 48,57	  -9,2	  -3,2	   2,8	   3,1	  -1,7	  -8,3
*	    54,2304	 1	 28,40	 47,98	  -9,3	  -3,3	   2,7	   3,0	  -1,8	  -8,4
*	    54,7876	 1	 25,02	 47,46	  -9,5	  -3,5	   2,6	   2,8	  -1,9	  -8,5
*	    55,4961	 1	 21,50	 47,04	  -9,6	  -3,7	   2,4	   2,7	  -2,1	  -8,7
*	    51,1646	 1	 31,76	 50,62	  -8,5	  -2,5	   3,6	   3,8	  -0,9	  -7,5
*	    51,5804	 1	 28,53	 50,03	  -8,6	  -2,6	   3,5	   3,7	  -1,0	  -7,6
*	    52,1511	 1	 25,15	 49,52	  -8,7	  -2,7	   3,4	   3,6	  -1,2	  -7,8
*	    52,8757	 1	 21,65	 49,11	  -8,9	  -2,9	   3,2	   3,4	  -1,4	  -8,0
*	    48,6202	 1	 31,88	 52,78	  -7,7	  -1,7	   4,4	   4,6	  -0,2	  -6,7
*	    49,0471	 1	 28,66	 52,22	  -7,8	  -1,9	   4,2	   4,5	  -0,3	  -6,9
*	    49,6313	 1	 25,29	 51,72	  -8,0	  -2,0	   4,1	   4,3	  -0,4	  -7,0
*	    50,3719	 1	 21,79	 51,31	  -8,2	  -2,2	   3,9	   4,1	  -0,6	  -7,2
*	    46,2027	 1	 32,00	 55,07	  -7,0	  -1,0	   5,1	   5,3	   0,6	  -6,0
*	    46,6409	 1	 28,79	 54,53	  -7,1	  -1,1	   5,0	   5,2	   0,4	  -6,1
*	    47,2386	 1	 25,42	 54,04	  -7,3	  -1,3	   4,8	   5,0	   0,3	  -6,3
*	    47,9949	 1	 21,93	 53,66	  -7,5	  -1,5	   4,6	   4,8	   0,1	  -6,5
*	    43,9233	 1	 32,12	 57,50	  -6,3	  -0,3	   5,8	   6,0	   1,3	  -5,3
*	    44,3728	 1	 28,91	 56,97	  -6,4	  -0,4	   5,7	   5,9	   1,1	  -5,4
*	    44,9838	 1	 25,56	 56,52	  -6,6	  -0,6	   5,5	   5,7	   1,0	  -5,6
*	    45,7555	 1	 22,07	 56,14	  -6,8	  -0,8	   5,3	   5,5	   0,8	  -5,8
*	    41,7936	 1	 32,24	 60,05	  -5,6	   0,4	   6,5	   6,7	   2,0	  -4,6
*	    42,2544	 1	 29,04	 59,56	  -5,7	   0,2	   6,3	   6,6	   1,8	  -4,7
*	    42,8784	 1	 25,69	 59,13	  -5,9	   0,1	   6,2	   6,4	   1,7	  -4,9
*	    43,6651	 1	 22,21	 58,77	  -6,1	  -0,1	   6,0	   6,2	   1,4	  -5,1
*	    31,4304	 1	147,23	 92,55	   1,8	   2,6	  -5,1	  -4,8	  -9,7	  -3,0
*	    32,5585	 1	152,68	 92,90	   1,5	   2,2	  -5,5	  -5,1	 -10,1	  -3,3
*	    31,4740	 1	147,43	 86,78	   1,8	   2,6	  -5,1	  -4,8	  -9,7	  -3,0
*	    32,5934	 1	152,90	 86,90	   1,4	   2,2	  -5,5	  -5,2	 -10,1	  -3,3
*	    32,2134	 1	147,63	 81,04	   1,5	   2,3	  -5,4	  -5,1	 -10,0	  -3,3
*	    33,3161	 1	153,12	 80,93	   1,2	   1,9	  -5,8	  -5,4	 -10,3	  -3,6
*	    33,6272	 1	147,84	 75,45	   1,0	   1,8	  -5,9	  -5,6	 -10,5	  -3,8
*	    34,7067	 1	153,35	 75,15	   0,7	   1,5	  -6,3	  -5,9	 -10,8	  -4,1
*	    35,6774	 1	148,04	 70,11	   0,3	   1,1	  -6,7	  -6,3	 -11,2	  -4,5
*	    36,7282	 1	153,57	 69,63	  -0,0	   0,7	  -7,0	  -6,6	 -11,6	  -4,9
*	    38,3133	 1	148,24	 65,08	  -0,6	   0,2	  -7,6	  -7,2	 -12,2	  -5,5
*	    39,3315	 1	153,79	 64,45	  -0,9	  -0,1	  -7,9	  -7,5	 -12,5	  -5,8
*	    44,8172	 1	148,64	 56,45	  -2,7	  -2,0	  -9,7	  -9,3	 -14,3	  -7,6
*	    45,7659	 1	154,22	 55,62	  -3,0	  -2,2	  -9,9	  -9,6	 -14,5	  -7,9
*	    48,8311	 1	148,84	 52,50	  -3,9	  -3,2	 -10,9	 -10,6	 -15,5	  -8,9
*	    49,7422	 1	154,45	 51,63	  -4,2	  -3,4	 -11,1	 -10,8	 -15,8	  -9,1
*	    31,7620	 1	297,02	 44,49	   1,6	   2,3	  -5,4	  -5,0	 -10,0	  -3,2
s	    31,8319	 2	 91,22	 38,42	  26,1	  30,5	  21,6	  22,2	  25,8	  23,2
s	    31,8623	 2	 88,70	 38,45	  27,4	  25,5	   1,6	   1,9	   5,4	  16,0
s	    32,6332	 2	 90,00	 30,56	  26,0	  30,4	  21,5	  22,1	  25,7	  23,1
*	    39,4215	 1	324,35	 60,52	 -12,5	  -5,5	   1,9	   2,5	  -2,4	  -8,9
*	    37,6692	 1	321,83	 58,79	 -11,7	  -4,6	   2,7	   3,3	  -1,6	  -8,1
*	    38,2555	 1	324,50	 64,01	 -11,9	  -4,9	   2,4	   3,0	  -1,9	  -8,4
*	    36,4564	 1	321,99	 62,41	 -11,1	  -4,1	   3,3	   3,9	  -1,0	  -7,5
*	    37,2253	 1	324,66	 67,73	 -11,5	  -4,4	   2,9	   3,5	  -1,4	  -7,9
*	    35,3821	 1	322,15	 66,29	 -10,6	  -3,5	   3,8	   4,4	  -0,5	  -7,0
*	    36,3407	 1	324,81	 71,67	 -11,0	  -4,0	   3,3	   3,9	  -1,0	  -7,4
*	    34,4573	 1	322,31	 70,44	 -10,1	  -3,1	   4,3	   4,9	  -0,0	  -6,5
*	    35,6108	 1	324,96	 75,83	 -10,7	  -3,7	   3,7	   4,3	  -0,6	  -7,1
*	    33,6927	 1	322,46	 74,84	  -9,7	  -2,7	   4,7	   5,3	   0,4	  -6,1
*	    35,0439	 1	325,11	 80,15	 -10,4	  -3,4	   4,0	   4,6	  -0,3	  -6,8
*	    33,0980	 1	322,62	 79,44	  -9,4	  -2,3	   5,0	   5,6	   0,7	  -5,7
*	    34,6469	 1	325,27	 84,60	 -10,2	  -3,2	   4,2	   4,8	  -0,1	  -6,6
*	    32,6815	 1	322,78	 84,20	  -9,1	  -2,1	   5,2	   5,8	   0,9	  -5,5
*	    33,7208	 1	208,49	 84,22	   1,2	   2,0	  -5,7	  -5,4	 -10,3	  -3,6
*	    34,8205	 1	208,84	 74,83	   0,7	   1,5	  -6,3	  -5,9	 -10,8	  -4,1
*	    36,6794	 1	209,19	 66,27	  -0,2	   0,6	  -7,2	  -6,8	 -11,7	  -5,0
*	    39,2087	 1	209,54	 58,73	  -1,3	  -0,6	  -8,3	  -8,0	 -12,9	  -6,2
*	    42,3122	 1	209,89	 52,28	  -2,7	  -1,9	  -9,6	  -9,3	 -14,2	  -7,5
*	    44,2756	 1	210,08	 49,10	  -3,4	  -2,7	 -10,4	 -10,0	 -15,0	  -8,3
*	    33,7536	 1	159,25	 91,95	  -4,6	   2,5	   9,8	  10,4	   5,5	  -0,9
*	    34,2671	 1	164,14	 92,26	  -4,6	   2,4	   9,8	  10,4	   5,5	  -1,0
*	    33,8584	 1	159,45	 86,63	  -4,6	   2,4	   9,8	  10,4	   5,5	  -1,0
*	    34,3670	 1	164,36	 86,71	  -4,6	   2,4	   9,8	  10,3	   5,5	  -1,0
*	    35,2454	 1	169,66	 86,84	  -4,7	   2,3	   9,6	  10,2	   5,3	  -1,1
*	    34,4527	 1	159,66	 81,36	  -4,8	   2,2	   9,6	  10,2	   5,3	  -1,2
*	    34,9587	 1	164,58	 81,23	  -4,8	   2,2	   9,5	  10,1	   5,2	  -1,2
*	    35,8334	 1	169,89	 81,16	  -5,0	   2,1	   9,4	  10,0	   5,1	  -1,4
*	    35,5245	 1	159,87	 76,21	  -5,2	   1,8	   9,2	   9,8	   4,9	  -1,6
*	    36,0302	 1	164,80	 75,88	  -5,2	   1,8	   9,2	   9,7	   4,9	  -1,6
*	    36,9021	 1	170,12	 75,64	  -5,4	   1,7	   9,0	   9,6	   4,7	  -1,8
*	    37,0532	 1	160,07	 71,27	  -5,7	   1,3	   8,7	   9,2	   4,3	  -2,1
*	    37,5601	 1	165,02	 70,77	  -5,8	   1,3	   8,6	   9,2	   4,3	  -2,2
*	    38,4294	 1	170,36	 70,37	  -5,9	   1,1	   8,5	   9,1	   4,2	  -2,3
*	    39,0109	 1	160,28	 66,59	  -6,4	   0,6	   8,0	   8,6	   3,7	  -2,8
*	    39,5197	 1	165,25	 65,93	  -6,5	   0,6	   7,9	   8,5	   3,6	  -2,9
*	    40,3860	 1	170,59	 65,43	  -6,6	   0,4	   7,8	   8,4	   3,5	  -3,0
*	    41,3652	 1	160,49	 62,20	  -7,2	  -0,2	   7,2	   7,8	   2,9	  -3,7
*	    41,8758	 1	165,47	 61,43	  -7,2	  -0,2	   7,1	   7,7	   2,8	  -3,7
*	    42,7378	 1	170,83	 60,82	  -7,4	  -0,4	   7,0	   7,6	   2,7	  -3,9
*	    56,9171	 1	170,72	 44,87	  -9,4	  -3,4	   2,7	   2,9	  -1,9	  -8,5
*	    56,3568	 1	166,95	 45,41	  -9,3	  -3,3	   2,8	   3,0	  -1,7	  -8,4
*	    55,9511	 1	163,35	 46,07	  -9,2	  -3,2	   2,9	   3,1	  -1,7	  -8,3
*	    55,6997	 1	159,94	 46,80	  -9,2	  -3,2	   2,9	   3,1	  -1,6	  -8,3
*	    54,3085	 1	170,55	 46,95	  -8,6	  -2,6	   3,5	   3,7	  -1,1	  -7,7
*	    53,7418	 1	166,79	 47,50	  -8,5	  -2,5	   3,6	   3,8	  -1,0	  -7,6
*	    53,3329	 1	163,20	 48,14	  -8,4	  -2,5	   3,6	   3,8	  -0,9	  -7,5
*	    53,0813	 1	159,80	 48,87	  -8,4	  -2,4	   3,7	   3,9	  -0,9	  -7,5
*	    51,8149	 1	170,39	 49,18	  -7,9	  -1,9	   4,2	   4,4	  -0,4	  -6,9
*	    51,2425	 1	166,63	 49,73	  -7,8	  -1,8	   4,3	   4,5	  -0,3	  -6,8
*	    50,8310	 1	163,04	 50,36	  -7,7	  -1,7	   4,4	   4,6	  -0,2	  -6,8
*	    50,5794	 1	159,66	 51,08	  -7,7	  -1,7	   4,4	   4,6	  -0,2	  -6,7
*	    49,4463	 1	170,23	 51,59	  -7,2	  -1,2	   4,9	   5,1	   0,4	  -6,2
*	    48,8690	 1	166,47	 52,11	  -7,1	  -1,1	   5,0	   5,2	   0,5	  -6,1
*	    48,4553	 1	162,89	 52,73	  -7,0	  -1,0	   5,1	   5,3	   0,5	  -6,0
*	    48,2045	 1	159,51	 53,44	  -7,0	  -1,0	   5,1	   5,3	   0,6	  -6,0
*	    47,2136	 1	170,07	 54,15	  -6,5	  -0,5	   5,6	   5,8	   1,1	  -5,5
*	    46,6320	 1	166,32	 54,65	  -6,4	  -0,4	   5,7	   5,9	   1,2	  -5,4
*	    46,2169	 1	162,74	 55,26	  -6,3	  -0,3	   5,8	   6,0	   1,2	  -5,3
*	    45,9671	 1	159,37	 55,93	  -6,3	  -0,3	   5,8	   6,0	   1,2	  -5,3
*	    45,1283	 1	169,90	 56,89	  -5,8	   0,2	   6,3	   6,5	   1,7	  -4,8
*	    44,5431	 1	166,16	 57,37	  -5,7	   0,3	   6,4	   6,6	   1,8	  -4,7
*	    44,1272	 1	162,59	 57,94	  -5,7	   0,3	   6,4	   6,6	   1,9	  -4,6
*	    43,8788	 1	159,23	 58,58	  -5,6	   0,3	   6,4	   6,7	   1,9	  -4,6
*	    40,3880	 1	 18,74	 63,94	  -0,6	   0,2	  -7,5	  -7,2	 -12,1	  -5,5
*	    41,0577	 1	 12,76	 63,11	  -0,7	   0,1	  -7,6	  -7,3	 -12,2	  -5,5
*	    37,8470	 1	 18,99	 69,33	   0,3	   1,0	  -6,7	  -6,3	 -11,3	  -4,6
*	    38,5144	 1	 13,03	 68,69	   0,2	   1,0	  -6,7	  -6,4	 -11,3	  -4,6
*	    35,8881	 1	 19,24	 75,12	   1,0	   1,7	  -6,0	  -5,6	 -10,6	  -3,9
*	    36,5536	 1	 13,30	 74,70	   0,9	   1,7	  -6,0	  -5,7	 -10,6	  -3,9
*	    34,5598	 1	 19,49	 81,22	   1,4	   2,2	  -5,5	  -5,2	 -10,1	  -3,4
*	    35,2255	 1	 13,56	 81,06	   1,4	   2,2	  -5,6	  -5,2	 -10,1	  -3,4
*	    33,8980	 1	 19,73	 87,49	   1,7	   2,4	  -5,3	  -4,9	  -9,9	  -3,1
*	    34,5674	 1	 13,83	 87,65	   1,6	   2,4	  -5,3	  -5,0	  -9,9	  -3,2
*	    51,5251	 1	 17,96	 49,89	  -4,1	  -3,3	 -11,0	 -10,7	 -15,7	  -9,1
*	    52,1900	 1	 11,92	 48,79	  -4,2	  -3,4	 -11,1	 -10,8	 -15,8	  -9,2
*	    47,5247	 1	 18,21	 53,88	  -2,9	  -2,1	  -9,8	  -9,5	 -14,5	  -7,8
*	    48,1940	 1	 12,19	 52,83	  -3,0	  -2,2	  -9,9	  -9,6	 -14,6	  -7,9
*	    43,9279	 1	 18,46	 58,32	  -1,8	  -1,0	  -8,7	  -8,4	 -13,3	  -6,7
*	    44,5988	 1	 12,45	 57,35	  -1,8	  -1,1	  -8,8	  -8,5	 -13,4	  -6,7
*	    34,1290	 1	211,22	 85,07	 -12,3	  -5,2	   2,1	   2,7	  -2,2	  -8,6
*	    34,5057	 1	211,38	 80,62	 -12,4	  -5,4	   1,9	   2,5	  -2,4	  -8,8
*	    35,0527	 1	211,53	 76,32	 -12,7	  -5,7	   1,7	   2,3	  -2,6	  -9,1
*	    35,7634	 1	211,69	 72,17	 -13,1	  -6,0	   1,3	   1,9	  -3,0	  -9,5
*	    36,6297	 1	211,85	 68,22	 -13,5	  -6,4	   0,9	   1,5	  -3,4	  -9,9
*	    37,6428	 1	212,01	 64,50	 -13,9	  -6,9	   0,4	   1,0	  -3,9	 -10,4
*	    38,7932	 1	212,16	 61,00	 -14,5	  -7,4	  -0,1	   0,5	  -4,4	 -10,9
*	    40,0712	 1	212,32	 57,72	 -15,0	  -8,0	  -0,7	  -0,1	  -5,0	 -11,5
*	    41,4675	 1	212,47	 54,69	 -15,6	  -8,6	  -1,3	  -0,7	  -5,6	 -12,1
*	    42,9732	 1	212,63	 51,87	 -16,3	  -9,2	  -1,9	  -1,3	  -6,2	 -12,7
*	    44,5799	 1	212,78	 49,27	 -16,9	  -9,9	  -2,5	  -1,9	  -6,8	 -13,4
*	    46,3551	 1	211,79	 45,53	 -16,4	 -10,4	  -4,3	  -4,1	  -8,8	 -15,4
*	    46,5052	 1	213,98	 47,73	 -16,3	 -10,4	  -4,3	  -4,0	  -8,8	 -15,3
*	    45,2744	 1	211,70	 46,94	 -16,0	 -10,0	  -3,9	  -3,7	  -8,4	 -15,0
*	    45,4720	 1	213,89	 49,21	 -15,9	 -10,0	  -3,9	  -3,6	  -8,4	 -14,9
*	    44,2266	 1	211,60	 48,42	 -15,6	  -9,6	  -3,5	  -3,3	  -8,0	 -14,5
*	    43,6525	 1	331,27	 52,77	 -14,7	  -7,7	  -0,4	   0,2	  -4,7	 -11,2
*	    42,1641	 1	331,43	 55,54	 -14,1	  -7,1	   0,2	   0,8	  -4,1	 -10,6
*	    40,7846	 1	331,58	 58,51	 -13,6	  -6,5	   0,8	   1,4	  -3,5	 -10,0
*	    39,5223	 1	331,74	 61,69	 -13,0	  -6,0	   1,4	   1,9	  -3,0	  -9,5
*	    38,3861	 1	331,89	 65,08	 -12,5	  -5,5	   1,9	   2,4	  -2,5	  -9,0
*	    37,3849	 1	332,05	 68,69	 -12,1	  -5,0	   2,3	   2,9	  -2,0	  -8,5
*	    36,5272	 1	332,21	 72,49	 -11,7	  -4,7	   2,7	   3,3	  -1,6	  -8,1
*	    35,8215	 1	332,36	 76,46	 -11,3	  -4,3	   3,0	   3,6	  -1,3	  -7,8
*	    35,2749	 1	332,52	 80,59	 -11,1	  -4,1	   3,3	   3,9	  -1,0	  -7,5
*	    34,8934	 1	332,68	 84,82	 -10,9	  -3,9	   3,5	   4,1	  -0,8	  -7,3
*	    44,2894	 1	329,85	 49,10	 -12,6	  -6,6	  -0,5	  -0,2	  -5,0	 -11,5
*	    45,4219	 1	331,34	 50,41	 -13,0	  -7,0	  -0,9	  -0,7	  -5,4	 -12,0
*	    45,4803	 1	329,74	 47,40	 -13,0	  -7,0	  -0,9	  -0,7	  -5,5	 -12,0
*	    46,5900	 1	331,24	 48,71	 -13,4	  -7,5	  -1,4	  -1,1	  -5,9	 -12,4
*	    46,7144	 1	329,63	 45,80	 -13,5	  -7,5	  -1,4	  -1,2	  -5,9	 -12,5
*	    47,8017	 1	331,13	 47,11	 -13,9	  -7,9	  -1,8	  -1,6	  -6,3	 -12,9
*	    47,9895	 1	329,52	 44,28	 -13,9	  -8,0	  -1,9	  -1,6	  -6,4	 -13,0
*	    49,0548	 1	331,02	 45,59	 -14,3	  -8,3	  -2,2	  -2,0	  -6,8	 -13,3
*	    49,3034	 1	329,41	 42,84	 -14,4	  -8,4	  -2,3	  -2,1	  -6,9	 -13,4
*	    50,3471	 1	330,92	 44,15	 -14,8	  -8,8	  -2,7	  -2,5	  -7,2	 -13,8
*	    50,6539	 1	329,30	 41,48	 -14,9	  -8,9	  -2,8	  -2,6	  -7,3	 -13,9
*	    51,6766	 1	330,81	 42,79	 -15,2	  -9,2	  -3,2	  -2,9	  -7,7	 -14,3
*	    52,0392	 1	329,19	 40,18	 -15,3	  -9,4	  -3,3	  -3,0	  -7,8	 -14,4
*	    53,0415	 1	330,70	 41,48	 -15,7	  -9,7	  -3,6	  -3,4	  -8,2	 -14,7
*	    53,4575	 1	329,08	 38,97	 -15,8	  -9,8	  -3,7	  -3,5	  -8,3	 -14,9
*	    54,4398	 1	330,60	 40,25	 -16,1	 -10,2	  -4,1	  -3,8	  -8,6	 -15,2
*	    54,9071	 1	328,98	 37,81	 -16,3	 -10,3	  -4,2	  -4,0	  -8,8	 -15,4
*	    55,8700	 1	330,49	 39,08	 -16,6	 -10,6	  -4,5	  -4,3	  -9,1	 -15,7
*	    38,9943	 1	216,10	 60,13	  -0,6	   0,2	  -7,5	  -7,2	 -12,1	  -5,4
*	    36,6120	 1	215,76	 68,08	   0,5	   1,3	  -6,4	  -6,1	 -11,0	  -4,3
*	    34,9287	 1	215,43	 77,10	   1,4	   2,1	  -5,6	  -5,2	 -10,2	  -3,4
s	    34,9483	 2	206,99	 92,31	  26,1	  32,9	  39,7	  39,6	  34,3	  27,4
s	    34,9913	 2	333,52	 92,30	  27,4	  27,9	  19,6	  19,3	  14,0	  20,3
s	    35,2163	 1	173,25	 90,96	  28,1	  28,9	  21,1	  21,5	  16,6	  23,3
*	    35,2399	 1	173,33	 89,13	   1,9	   2,7	  -5,0	  -4,7	  -9,6	  -2,9
*	    35,5136	 1	179,83	 89,36	   2,1	   2,9	  -4,8	  -4,5	  -9,4	  -2,7
*	    35,7704	 1	173,61	 82,16	   1,7	   2,5	  -5,2	  -4,9	  -9,8	  -3,1
*	    36,0474	 1	180,14	 82,00	   1,9	   2,7	  -5,0	  -4,7	  -9,6	  -2,9
*	    36,9834	 1	173,90	 75,39	   1,3	   2,1	  -5,7	  -5,3	 -10,2	  -3,5
*	    37,2763	 1	180,44	 74,89	   1,5	   2,2	  -5,5	  -5,1	 -10,1	  -3,4
*	    38,8424	 1	174,19	 69,01	   0,6	   1,4	  -6,3	  -6,0	 -10,9	  -4,2
*	    39,1600	 1	180,75	 68,23	   0,8	   1,5	  -6,2	  -5,8	 -10,8	  -4,1
*	    41,2960	 1	174,48	 63,13	  -0,3	   0,5	  -7,2	  -6,9	 -11,8	  -5,1
*	    41,6428	 1	181,05	 62,13	  -0,1	   0,6	  -7,1	  -6,8	 -11,7	  -5,0
*	    44,2846	 1	174,77	 57,80	  -1,3	  -0,5	  -8,2	  -7,9	 -12,8	  -6,2
*	    44,6611	 1	181,36	 56,64	  -1,2	  -0,4	  -8,2	  -7,8	 -12,8	  -6,1
*	    44,8907	 1	174,82	 56,88	  -1,5	  -0,7	  -8,4	  -8,1	 -13,0	  -6,4
*	    45,2725	 1	181,42	 55,69	  -1,4	  -0,7	  -8,4	  -8,0	 -13,0	  -6,3
*	    48,4339	 1	175,11	 52,20	  -2,6	  -1,9	  -9,6	  -9,2	 -14,2	  -7,6
*	    48,8423	 1	181,72	 50,93	  -2,6	  -1,8	  -9,6	  -9,2	 -14,2	  -7,5
*	    52,3814	 1	175,40	 48,05	  -3,8	  -3,1	 -10,8	 -10,5	 -15,4	  -8,8
*	    52,8117	 1	182,03	 46,75	  -3,8	  -3,1	 -10,8	 -10,5	 -15,4	  -8,8
s	    35,2454	 1	  6,19	 90,98	  26,8	  33,8	  41,2	  41,8	  36,9	  30,4
*	    42,3486	 1	  5,52	 61,18	  -7,1	  -0,1	   7,2	   7,8	   2,9	  -3,6
*	    42,5583	 1	  0,21	 60,26	  -7,0	  -0,0	   7,3	   7,9	   3,0	  -3,5
*	    43,1238	 1	354,44	 59,51	  -7,0	  -0,0	   7,4	   7,9	   3,0	  -3,5
*	    40,1295	 1	  5,76	 65,80	  -6,4	   0,7	   8,0	   8,6	   3,7	  -2,8
*	    40,3169	 1	  0,46	 65,01	  -6,2	   0,8	   8,2	   8,7	   3,8	  -2,7
*	    40,8679	 1	354,70	 64,38	  -6,2	   0,8	   8,2	   8,8	   3,9	  -2,7
*	    38,2900	 1	  6,00	 70,78	  -5,7	   1,3	   8,7	   9,3	   4,4	  -2,1
*	    38,4567	 1	  0,71	 70,16	  -5,5	   1,5	   8,8	   9,4	   4,5	  -2,0
*	    38,9934	 1	354,95	 69,67	  -5,5	   1,5	   8,9	   9,5	   4,6	  -1,9
*	    36,8619	 1	  6,23	 76,08	  -5,2	   1,9	   9,2	   9,8	   4,9	  -1,6
*	    37,0113	 1	  0,96	 75,67	  -5,0	   2,0	   9,4	  10,0	   5,1	  -1,4
*	    37,5360	 1	355,21	 75,36	  -4,9	   2,1	   9,5	  10,0	   5,1	  -1,4
*	    35,8725	 1	  6,47	 81,63	  -4,8	   2,2	   9,6	  10,2	   5,3	  -1,2
*	    36,0103	 1	  1,21	 81,46	  -4,6	   2,4	   9,8	  10,4	   5,5	  -1,0
*	    36,5268	 1	355,47	 81,37	  -4,5	   2,5	   9,9	  10,4	   5,5	  -0,9
*	    35,3419	 1	  6,70	 87,34	  -4,6	   2,4	   9,8	  10,4	   5,5	  -1,0
*	    35,4755	 1	  1,45	 87,44	  -4,4	   2,6	  10,0	  10,6	   5,7	  -0,8
*	    35,9894	 1	355,73	 87,57	  -4,3	   2,7	  10,1	  10,6	   5,8	  -0,7
*	    57,3121	 1	  5,10	 44,10	  -9,1	  -3,2	   2,9	   3,2	  -1,6	  -8,2
*	    57,4641	 1	  1,32	 43,26	  -9,1	  -3,1	   3,0	   3,2	  -1,6	  -8,2
*	    57,7762	 1	357,30	 42,51	  -9,1	  -3,2	   2,9	   3,2	  -1,6	  -8,2
*	    58,2498	 1	353,05	 41,91	  -9,2	  -3,2	   2,9	   3,1	  -1,7	  -8,3
*	    54,7039	 1	  5,27	 46,19	  -8,4	  -2,4	   3,7	   3,9	  -0,9	  -7,5
*	    54,8479	 1	  1,49	 45,34	  -8,4	  -2,4	   3,7	   3,9	  -0,8	  -7,4
*	    55,1556	 1	357,48	 44,61	  -8,4	  -2,4	   3,7	   3,9	  -0,9	  -7,5
*	    55,6287	 1	353,24	 43,99	  -8,4	  -2,5	   3,6	   3,9	  -0,9	  -7,5
*	    52,2095	 1	  5,44	 48,44	  -7,7	  -1,7	   4,4	   4,6	  -0,1	  -6,7
*	    52,3446	 1	  1,67	 47,59	  -7,6	  -1,6	   4,5	   4,7	  -0,1	  -6,7
*	    52,6468	 1	357,66	 46,85	  -7,6	  -1,6	   4,4	   4,7	  -0,1	  -6,7
*	    53,1184	 1	353,42	 46,24	  -7,7	  -1,7	   4,4	   4,6	  -0,1	  -6,7
*	    49,8392	 1	  5,61	 50,84	  -6,9	  -1,0	   5,1	   5,4	   0,6	  -6,0
*	    49,9642	 1	  1,84	 50,02	  -6,9	  -0,9	   5,2	   5,4	   0,6	  -5,9
*	    50,2599	 1	357,84	 49,29	  -6,9	  -0,9	   5,2	   5,4	   0,6	  -5,9
*	    50,7288	 1	353,61	 48,68	  -6,9	  -1,0	   5,1	   5,4	   0,6	  -6,0
*	    47,6037	 1	  5,78	 53,42	  -6,2	  -0,3	   5,8	   6,1	   1,3	  -5,2
*	    47,7177	 1	  2,02	 52,63	  -6,2	  -0,2	   5,9	   6,1	   1,4	  -5,2
*	    48,0058	 1	358,02	 51,91	  -6,2	  -0,2	   5,9	   6,1	   1,4	  -5,2
*	    48,4709	 1	353,79	 51,31	  -6,2	  -0,2	   5,9	   6,1	   1,3	  -5,2
*	    45,5145	 1	  5,95	 56,19	  -5,6	   0,4	   6,5	   6,7	   2,0	  -4,6
*	    45,6167	 1	  2,20	 55,42	  -5,5	   0,5	   6,6	   6,8	   2,1	  -4,5
*	    45,8962	 1	358,20	 54,73	  -5,5	   0,5	   6,6	   6,8	   2,1	  -4,5
*	    46,3565	 1	353,98	 54,16	  -5,5	   0,5	   6,6	   6,8	   2,1	  -4,5
*	    35,7220	 1	187,95	 88,56	  -3,3	   3,7	  11,0	  11,6	   6,7	   0,3
*	    35,2972	 1	194,30	 88,70	  -2,8	   4,2	  11,6	  12,2	   7,3	   0,8
*	    36,2564	 1	188,24	 81,59	  -3,5	   3,5	  10,8	  11,4	   6,5	   0,0
*	    35,8444	 1	194,60	 81,28	  -3,0	   4,0	  11,3	  11,9	   7,0	   0,6
*	    35,9241	 1	201,71	 81,08	  -2,7	   4,3	  11,7	  12,3	   7,4	   0,9
*	    37,3543	 1	188,52	 74,86	  -4,0	   3,0	  10,4	  11,0	   6,1	  -0,4
*	    36,9726	 1	194,89	 74,17	  -3,5	   3,5	  10,9	  11,4	   6,6	   0,1
*	    37,0766	 1	202,01	 73,63	  -3,2	   3,8	  11,2	  11,7	   6,9	   0,4
*	    38,9837	 1	188,81	 68,54	  -4,6	   2,4	   9,7	  10,3	   5,4	  -1,1
*	    38,6455	 1	195,19	 67,53	  -4,2	   2,8	  10,2	  10,7	   5,8	  -0,7
*	    38,7838	 1	202,31	 66,73	  -4,0	   3,1	  10,4	  11,0	   6,1	  -0,4
*	    41,1020	 1	189,10	 62,73	  -5,5	   1,6	   8,9	   9,5	   4,6	  -1,9
*	    40,8149	 1	195,49	 61,50	  -5,1	   1,9	   9,3	   9,9	   5,0	  -1,6
*	    40,9924	 1	202,61	 60,49	  -4,9	   2,1	   9,5	  10,1	   5,2	  -1,3
*	    43,6607	 1	189,38	 57,48	  -6,4	   0,6	   8,0	   8,6	   3,6	  -2,9
*	    43,4273	 1	195,78	 56,08	  -6,1	   0,9	   8,3	   8,9	   4,0	  -2,6
*	    43,6447	 1	202,91	 54,98	  -5,9	   1,1	   8,4	   9,0	   4,1	  -2,4
*	    55,6888	 1	205,78	 40,41	  -7,1	  -1,2	   4,9	   5,1	   0,4	  -6,2
*	    55,3339	 1	200,32	 41,17	  -7,1	  -1,2	   4,9	   5,2	   0,4	  -6,2
*	    55,1998	 1	195,22	 42,15	  -7,2	  -1,2	   4,9	   5,1	   0,3	  -6,3
*	    55,2824	 1	190,50	 43,31	  -7,3	  -1,3	   4,8	   5,0	   0,2	  -6,4
*	    52,8457	 1	205,57	 42,93	  -6,2	  -0,3	   5,8	   6,1	   1,3	  -5,3
*	    52,5006	 1	200,11	 43,70	  -6,2	  -0,3	   5,8	   6,0	   1,3	  -5,3
*	    52,3835	 1	195,00	 44,69	  -6,3	  -0,3	   5,8	   6,0	   1,2	  -5,4
*	    52,4894	 1	190,29	 45,85	  -6,5	  -0,5	   5,6	   5,8	   1,1	  -5,5
*	    50,1473	 1	205,35	 45,72	  -5,3	   0,6	   6,7	   7,0	   2,2	  -4,4
*	    49,8141	 1	199,89	 46,49	  -5,4	   0,6	   6,7	   6,9	   2,2	  -4,4
*	    49,7163	 1	194,79	 47,49	  -5,5	   0,5	   6,6	   6,8	   2,1	  -4,5
*	    49,8478	 1	190,08	 48,64	  -5,6	   0,4	   6,5	   6,7	   1,9	  -4,6
*	    47,6096	 1	205,13	 48,81	  -4,4	   1,5	   7,6	   7,9	   3,1	  -3,5
*	    47,2905	 1	199,67	 49,58	  -4,5	   1,5	   7,6	   7,8	   3,1	  -3,5
*	    47,2141	 1	194,57	 50,56	  -4,6	   1,4	   7,5	   7,7	   2,9	  -3,6
*	    47,3732	 1	189,86	 51,69	  -4,8	   1,2	   7,3	   7,5	   2,7	  -3,8
*	    42,4629	 1	349,87	 59,60	  -0,1	   0,7	  -7,1	  -6,7	 -11,7	  -5,0
*	    42,2574	 1	342,51	 58,15	   0,2	   1,0	  -6,7	  -6,4	 -11,3	  -4,6
*	    42,6385	 1	334,27	 57,06	   0,4	   1,2	  -6,6	  -6,2	 -11,2	  -4,5
*	    39,8239	 1	350,19	 65,86	   0,9	   1,7	  -6,1	  -5,7	 -10,6	  -4,0
*	    39,5538	 1	342,85	 64,64	   1,3	   2,1	  -5,6	  -5,3	 -10,2	  -3,5
*	    39,8905	 1	334,60	 63,73	   1,5	   2,3	  -5,4	  -5,1	 -10,0	  -3,3
*	    37,7787	 1	350,52	 72,81	   1,7	   2,5	  -5,2	  -4,9	  -9,8	  -3,1
*	    37,4510	 1	343,18	 71,94	   2,2	   3,0	  -4,8	  -4,4	  -9,3	  -2,6
*	    37,7466	 1	334,94	 71,31	   2,5	   3,2	  -4,5	  -4,2	  -9,1	  -2,4
*	    36,3926	 1	350,84	 80,33	   2,3	   3,0	  -4,7	  -4,3	  -9,3	  -2,6
*	    36,0231	 1	343,52	 79,92	   2,8	   3,6	  -4,1	  -3,8	  -8,7	  -2,0
*	    36,2880	 1	335,27	 79,67	   3,1	   3,9	  -3,8	  -3,5	  -8,4	  -1,7
*	    35,7158	 1	351,17	 88,22	   2,5	   3,3	  -4,4	  -4,1	  -9,0	  -2,3
*	    35,3280	 1	343,86	 88,36	   3,1	   3,9	  -3,8	  -3,5	  -8,4	  -1,7
*	    45,7258	 1	336,40	 51,58	  -0,9	  -0,1	  -7,8	  -7,5	 -12,4	  -5,8
*	    45,4684	 1	344,40	 52,90	  -1,0	  -0,3	  -8,0	  -7,6	 -12,6	  -5,9
*	    45,7664	 1	351,49	 54,56	  -1,4	  -0,6	  -8,3	  -8,0	 -12,9	  -6,3
*	    49,4318	 1	336,07	 46,64	  -2,2	  -1,4	  -9,2	  -8,8	 -13,8	  -7,2
*	    49,1304	 1	344,07	 48,00	  -2,3	  -1,5	  -9,3	  -8,9	 -13,9	  -7,3
*	    49,3624	 1	351,17	 49,75	  -2,6	  -1,8	  -9,5	  -9,2	 -14,1	  -7,5
*	    53,5184	 1	335,74	 42,42	  -3,6	  -2,8	 -10,5	 -10,2	 -15,2	  -8,6
*	    53,1803	 1	343,74	 43,77	  -3,6	  -2,9	 -10,6	 -10,2	 -15,2	  -8,6
*	    53,3529	 1	350,85	 45,52	  -3,8	  -3,1	 -10,8	 -10,5	 -15,4	  -8,8
*	    42,6303	 1	325,33	 55,70	  -4,5	  -3,7	 -11,4	 -11,1	 -16,0	  -9,3
*	    39,8184	 1	325,65	 62,56	  -3,3	  -2,5	 -10,2	  -9,9	 -14,8	  -8,1
*	    37,6153	 1	325,98	 70,46	  -2,2	  -1,5	  -9,2	  -8,8	 -13,8	  -7,1
*	    36,1121	 1	326,30	 79,28	  -1,5	  -0,8	  -8,5	  -8,1	 -13,1	  -6,3
*	    36,5563	 1	221,54	 55,00	 -11,0	  -4,0	   3,3	   3,9	  -1,0	  -7,4
*	    38,0116	 1	221,70	 51,72	 -11,7	  -4,7	   2,6	   3,2	  -1,7	  -8,2
s	    36,8648	 3	 91,22	 35,22	  22,9	  28,3	  20,6	  21,4	  25,0	  22,4
s	    36,8932	 3	 88,70	 35,24	  24,7	  23,9	   1,0	   1,6	   5,2	  15,7
*	    38,3686	 1	320,85	 55,20	  -2,0	  -1,2	  -8,9	  -8,6	 -13,5	  -6,8
*	    40,9517	 1	325,41	 59,70	 -13,1	  -6,1	   1,2	   1,8	  -3,1	  -9,6
*	    42,2800	 1	325,26	 56,61	 -13,7	  -6,7	   0,7	   1,2	  -3,7	 -10,2
*	    39,1763	 1	323,06	 57,99	 -12,4	  -5,3	   2,0	   2,6	  -2,3	  -8,8
*	    40,5522	 1	322,91	 54,82	 -13,0	  -6,0	   1,4	   2,0	  -2,9	  -9,4
*	    39,5507	 1	232,66	 44,87	 -11,4	  -4,3	   3,0	   3,6	  -1,3	  -7,8
*	    41,3176	 1	232,81	 42,28	 -12,2	  -5,1	   2,2	   2,8	  -2,1	  -8,6
*	    43,1702	 1	232,95	 39,94	 -12,9	  -5,9	   1,4	   2,0	  -2,9	  -9,4
*	    39,7674	 1	308,33	 45,25	 -11,5	  -4,4	   2,9	   3,5	  -1,4	  -7,9
*	    41,5260	 1	308,19	 42,66	 -12,3	  -5,2	   2,1	   2,7	  -2,2	  -8,7
*	    43,3708	 1	308,05	 40,31	 -13,0	  -6,0	   1,3	   1,9	  -3,0	  -9,5
*	    49,4880	 1	267,26	 23,26	 -13,7	  -7,7	  -1,6	  -1,4	  -6,2	 -12,7
*	    49,5635	 1	261,84	 23,46	 -13,7	  -7,8	  -1,7	  -1,4	  -6,2	 -12,8
*	    49,7045	 1	256,58	 23,84	 -13,8	  -7,8	  -1,7	  -1,5	  -6,2	 -12,8
*	    47,8391	 1	267,25	 24,06	 -13,1	  -7,1	  -1,0	  -0,8	  -5,6	 -12,1
*	    47,9166	 1	261,81	 24,27	 -13,1	  -7,2	  -1,1	  -0,8	  -5,6	 -12,2
*	    48,0613	 1	256,53	 24,66	 -13,2	  -7,2	  -1,1	  -0,9	  -5,7	 -12,2
*	    46,2134	 1	267,24	 24,91	 -12,5	  -6,5	  -0,4	  -0,2	  -5,0	 -11,5
*	    46,2930	 1	261,78	 25,12	 -12,5	  -6,6	  -0,5	  -0,2	  -5,0	 -11,5
*	    46,4416	 1	256,48	 25,54	 -12,6	  -6,6	  -0,5	  -0,3	  -5,0	 -11,6
*	    44,6121	 1	267,22	 25,84	 -11,9	  -5,9	   0,2	   0,4	  -4,3	 -10,9
*	    44,6939	 1	261,75	 26,06	 -11,9	  -5,9	   0,2	   0,4	  -4,4	 -10,9
*	    44,8467	 1	256,43	 26,49	 -12,0	  -6,0	   0,1	   0,3	  -4,4	 -11,0
*	    43,0366	 1	267,21	 26,84	 -11,2	  -5,3	   0,8	   1,1	  -3,7	 -10,2
*	    43,1207	 1	261,71	 27,07	 -11,3	  -5,3	   0,8	   1,0	  -3,7	 -10,2
*	    43,2780	 1	256,38	 27,51	 -11,3	  -5,4	   0,7	   1,0	  -3,8	 -10,3
*	    41,4883	 1	267,20	 27,92	 -10,6	  -4,6	   1,5	   1,7	  -3,0	  -9,5
*	    41,5749	 1	261,68	 28,16	 -10,6	  -4,7	   1,4	   1,7	  -3,1	  -9,6
*	    41,7369	 1	256,32	 28,62	 -10,7	  -4,7	   1,4	   1,6	  -3,1	  -9,7
*	    39,9689	 1	267,19	 29,10	  -9,9	  -4,0	   2,1	   2,4	  -2,4	  -8,9
*	    40,0581	 1	261,65	 29,34	 -10,0	  -4,0	   2,1	   2,3	  -2,4	  -8,9
*	    40,2252	 1	256,27	 29,81	 -10,0	  -4,1	   2,0	   2,3	  -2,5	  -9,0
*	    50,2450	 1	293,58	 25,21	 -14,0	  -8,0	  -1,9	  -1,7	  -6,5	 -13,0
*	    49,9506	 1	288,89	 24,47	 -13,9	  -7,9	  -1,8	  -1,6	  -6,4	 -12,9
*	    49,7203	 1	283,90	 23,88	 -13,8	  -7,8	  -1,7	  -1,5	  -6,3	 -12,8
*	    48,6158	 1	293,67	 26,08	 -13,4	  -7,4	  -1,3	  -1,1	  -5,9	 -12,4
*	    48,3137	 1	288,96	 25,32	 -13,3	  -7,3	  -1,2	  -1,0	  -5,8	 -12,3
*	    48,0775	 1	283,95	 24,71	 -13,2	  -7,2	  -1,1	  -0,9	  -5,7	 -12,2
*	    47,0109	 1	293,75	 27,01	 -12,8	  -6,8	  -0,7	  -0,5	  -5,3	 -11,8
*	    46,7008	 1	289,03	 26,21	 -12,7	  -6,7	  -0,6	  -0,4	  -5,2	 -11,7
*	    46,4583	 1	284,01	 25,59	 -12,6	  -6,6	  -0,5	  -0,3	  -5,1	 -11,6
*	    45,4315	 1	293,83	 27,99	 -12,2	  -6,2	  -0,1	   0,1	  -4,7	 -11,2
*	    45,1130	 1	289,10	 27,19	 -12,1	  -6,1	  -0,0	   0,2	  -4,5	 -11,1
*	    44,8639	 1	284,06	 26,53	 -12,0	  -6,0	   0,1	   0,3	  -4,4	 -11,0
*	    43,8793	 1	293,92	 29,07	 -11,6	  -5,6	   0,5	   0,7	  -4,1	 -10,6
*	    43,5518	 1	289,17	 28,23	 -11,5	  -5,5	   0,6	   0,8	  -3,9	 -10,4
*	    43,2956	 1	284,11	 27,56	 -11,4	  -5,4	   0,7	   0,9	  -3,8	 -10,3
*	    42,3557	 1	294,00	 30,23	 -11,0	  -5,0	   1,1	   1,3	  -3,4	  -9,9
*	    42,0187	 1	289,24	 29,36	 -10,8	  -4,9	   1,2	   1,5	  -3,3	  -9,8
*	    41,7551	 1	284,17	 28,67	 -10,7	  -4,8	   1,3	   1,6	  -3,2	  -9,7
*	    40,8625	 1	294,09	 31,47	 -10,3	  -4,4	   1,7	   2,0	  -2,8	  -9,3
*	    40,5154	 1	289,31	 30,59	 -10,2	  -4,2	   1,9	   2,1	  -2,6	  -9,1
*	    40,2439	 1	284,22	 29,86	 -10,1	  -4,1	   2,0	   2,2	  -2,5	  -9,0
*	    47,1651	 1	225,21	 44,43	 -15,0	 -10,3	   2,8	   4,1	   1,0	  -3,8
*	    42,5424	 1	243,81	 36,90	 -13,2	  -8,5	   4,7	   6,0	   2,9	  -1,9
*	    41,2299	 1	257,06	 34,23	 -12,6	  -7,9	   5,2	   6,5	   3,4	  -1,3
*	    40,6613	 1	272,35	 33,14	 -12,4	  -7,7	   5,4	   6,7	   3,7	  -1,1
*	    40,8590	 1	287,78	 33,97	 -12,5	  -7,8	   5,3	   6,6	   3,5	  -1,2
*	    41,8079	 1	301,36	 36,45	 -13,0	  -8,3	   4,9	   6,2	   3,1	  -1,7
*	    43,4603	 1	312,25	 39,95	 -13,7	  -9,0	   4,1	   5,4	   2,4	  -2,4
*	    45,7478	 1	320,60	 43,82	 -14,7	  -9,9	   3,2	   4,5	   1,4	  -3,4
*	    50,6160	 1	242,06	 26,10	 -14,2	  -8,2	  -2,1	  -1,9	  -6,6	 -13,2
*	    51,0553	 1	238,07	 27,09	 -14,3	  -8,3	  -2,2	  -2,0	  -6,8	 -13,4
*	    51,5556	 1	234,43	 28,17	 -14,5	  -8,5	  -2,4	  -2,2	  -7,0	 -13,5
*	    48,9962	 1	241,97	 26,98	 -13,6	  -7,6	  -1,5	  -1,3	  -6,1	 -12,6
*	    49,4464	 1	237,97	 28,01	 -13,7	  -7,8	  -1,7	  -1,4	  -6,2	 -12,8
*	    49,9590	 1	234,32	 29,12	 -13,9	  -8,0	  -1,9	  -1,6	  -6,4	 -13,0
*	    47,4011	 1	241,87	 27,94	 -13,0	  -7,0	  -0,9	  -0,7	  -5,5	 -12,0
*	    47,8629	 1	237,87	 28,99	 -13,2	  -7,2	  -1,1	  -0,9	  -5,6	 -12,2
*	    48,3884	 1	234,22	 30,13	 -13,4	  -7,4	  -1,3	  -1,1	  -5,8	 -12,4
*	    45,8322	 1	241,78	 28,96	 -12,4	  -6,4	  -0,3	  -0,1	  -4,9	 -11,4
*	    46,3061	 1	237,77	 30,04	 -12,6	  -6,6	  -0,5	  -0,3	  -5,0	 -11,6
*	    46,8452	 1	234,11	 31,22	 -12,8	  -6,8	  -0,7	  -0,5	  -5,2	 -11,8
*	    44,2910	 1	241,68	 30,06	 -11,8	  -5,8	   0,3	   0,5	  -4,3	 -10,8
*	    44,7777	 1	237,66	 31,18	 -12,0	  -6,0	   0,1	   0,3	  -4,4	 -11,0
*	    45,3309	 1	234,00	 32,38	 -12,2	  -6,2	  -0,1	   0,1	  -4,7	 -11,2
*	    42,7790	 1	241,59	 31,25	 -11,2	  -5,2	   0,9	   1,1	  -3,6	 -10,2
*	    43,2792	 1	237,56	 32,40	 -11,4	  -5,4	   0,7	   0,9	  -3,8	 -10,4
*	    43,8474	 1	233,89	 33,63	 -11,6	  -5,6	   0,5	   0,7	  -4,1	 -10,6
*	    41,2981	 1	241,49	 32,54	 -10,6	  -4,6	   1,5	   1,7	  -3,0	  -9,5
*	    41,8125	 1	237,46	 33,71	 -10,8	  -4,8	   1,3	   1,5	  -3,2	  -9,7
*	    42,3966	 1	233,79	 34,97	 -11,0	  -5,1	   1,0	   1,3	  -3,5	 -10,0
*	    46,1383	 1	275,58	 25,06	  -3,4	  -2,7	 -10,4	 -10,1	 -15,0	  -8,4
*	    41,3200	 1	275,64	 28,16	  -1,5	  -0,7	  -8,4	  -8,1	 -13,0	  -6,4
*	    41,3984	 1	214,54	 58,39	  -3,3	  -2,5	 -10,2	  -9,9	 -14,8	  -8,2
*	    41,4006	 1	304,79	 42,09	 -13,3	  -6,3	   1,1	   1,7	  -3,2	  -9,7
*	    43,2558	 1	304,66	 39,76	 -14,1	  -7,1	   0,3	   0,9	  -4,0	 -10,6
*	    41,8957	 1	236,38	 42,55	 -13,4	  -6,4	   1,0	   1,5	  -3,4	  -9,9
*	    43,7397	 1	236,51	 40,20	 -14,2	  -7,2	   0,2	   0,8	  -4,2	 -10,7
*	    46,7404	 1	248,62	 26,65	  -3,7	  -2,9	 -10,6	 -10,3	 -15,3	  -8,6
*	    41,9765	 1	248,39	 29,92	  -1,8	  -1,0	  -8,7	  -8,4	 -13,3	  -6,7
*	    52,8256	 1	312,11	 30,66	 -15,0	  -9,0	  -2,9	  -2,7	  -7,4	 -14,0
*	    52,1848	 1	309,15	 29,44	 -14,8	  -8,8	  -2,7	  -2,5	  -7,2	 -13,8
*	    51,6018	 1	305,90	 28,28	 -14,6	  -8,6	  -2,5	  -2,3	  -7,0	 -13,6
*	    51,2591	 1	312,22	 31,66	 -14,4	  -8,5	  -2,4	  -2,1	  -6,9	 -13,5
*	    50,6033	 1	309,26	 30,43	 -14,2	  -8,2	  -2,1	  -1,9	  -6,7	 -13,3
*	    50,0064	 1	306,00	 29,23	 -14,0	  -8,0	  -1,9	  -1,7	  -6,5	 -13,0
*	    49,7199	 1	312,33	 32,74	 -13,9	  -7,9	  -1,8	  -1,6	  -6,4	 -12,9
*	    49,0485	 1	309,37	 31,47	 -13,7	  -7,7	  -1,6	  -1,4	  -6,1	 -12,7
*	    48,4369	 1	306,11	 30,24	 -13,4	  -7,5	  -1,4	  -1,1	  -5,9	 -12,5
*	    48,2096	 1	312,44	 33,88	 -13,4	  -7,4	  -1,3	  -1,1	  -5,8	 -12,4
*	    47,5218	 1	309,48	 32,59	 -13,1	  -7,1	  -1,0	  -0,8	  -5,6	 -12,1
*	    46,8950	 1	306,22	 31,32	 -12,9	  -6,9	  -0,8	  -0,6	  -5,3	 -11,9
*	    46,7299	 1	312,55	 35,11	 -12,8	  -6,8	  -0,7	  -0,5	  -5,3	 -11,8
*	    46,0249	 1	309,59	 33,78	 -12,5	  -6,6	  -0,5	  -0,2	  -5,0	 -11,5
*	    45,3821	 1	306,32	 32,49	 -12,3	  -6,3	  -0,2	   0,0	  -4,7	 -11,3
*	    45,2825	 1	312,66	 36,41	 -12,2	  -6,3	  -0,2	   0,1	  -4,7	 -11,2
*	    44,5596	 1	309,70	 35,06	 -12,0	  -6,0	   0,1	   0,3	  -4,4	 -10,9
*	    43,8999	 1	306,43	 33,75	 -11,7	  -5,7	   0,4	   0,6	  -4,2	 -10,7
*	    43,8694	 1	312,77	 37,82	 -11,7	  -5,7	   0,4	   0,6	  -4,1	 -10,7
*	    43,1278	 1	309,81	 36,44	 -11,4	  -5,4	   0,7	   0,9	  -3,8	 -10,4
*	    42,4505	 1	306,54	 35,09	 -11,1	  -5,1	   1,0	   1,2	  -3,6	 -10,1
*	    47,5222	 1	300,23	 28,53	  -4,0	  -3,3	 -11,0	 -10,6	 -15,6	  -8,9
*	    42,8264	 1	300,53	 31,99	  -2,2	  -1,4	  -9,1	  -8,8	 -13,7	  -7,1
*	    56,6744	 1	220,77	 33,43	 -16,3	 -10,3	  -4,2	  -4,0	  -8,8	 -15,4
*	    53,5388	 1	225,23	 31,91	 -15,3	  -9,3	  -3,2	  -3,0	  -7,8	 -14,4
*	    54,3086	 1	222,84	 33,19	 -15,5	  -9,6	  -3,5	  -3,3	  -8,0	 -14,6
*	    55,1311	 1	220,67	 34,46	 -15,8	  -9,8	  -3,7	  -3,5	  -8,3	 -14,9
*	    51,9885	 1	225,12	 32,95	 -14,8	  -8,8	  -2,7	  -2,5	  -7,2	 -13,8
*	    52,7754	 1	222,73	 34,24	 -15,0	  -9,1	  -3,0	  -2,7	  -7,5	 -14,1
*	    53,6156	 1	220,56	 35,55	 -15,3	  -9,3	  -3,2	  -3,0	  -7,8	 -14,4
*	    50,4661	 1	225,01	 34,05	 -14,2	  -8,3	  -2,2	  -2,0	  -6,7	 -13,3
*	    51,2708	 1	222,62	 35,37	 -14,5	  -8,5	  -2,5	  -2,2	  -7,0	 -13,6
*	    52,1295	 1	220,45	 36,69	 -14,8	  -8,8	  -2,7	  -2,5	  -7,3	 -13,9
*	    48,9734	 1	224,90	 35,23	 -13,7	  -7,7	  -1,6	  -1,4	  -6,2	 -12,7
*	    49,7966	 1	222,51	 36,58	 -14,0	  -8,0	  -1,9	  -1,7	  -6,5	 -13,0
*	    50,6743	 1	220,34	 37,92	 -14,3	  -8,3	  -2,2	  -2,0	  -6,8	 -13,4
*	    47,5120	 1	224,79	 36,47	 -13,2	  -7,2	  -1,1	  -0,9	  -5,6	 -12,2
*	    48,3543	 1	222,40	 37,85	 -13,5	  -7,5	  -1,4	  -1,2	  -5,9	 -12,5
*	    49,2518	 1	220,24	 39,21	 -13,8	  -7,8	  -1,7	  -1,5	  -6,3	 -12,8
*	    46,0837	 1	224,68	 37,80	 -12,6	  -6,7	  -0,6	  -0,3	  -5,1	 -11,6
*	    46,9459	 1	222,29	 39,20	 -13,0	  -7,0	  -0,9	  -0,7	  -5,4	 -12,0
*	    47,8639	 1	220,13	 40,58	 -13,3	  -7,3	  -1,2	  -1,0	  -5,8	 -12,3
*	    44,6905	 1	224,57	 39,23	 -12,1	  -6,1	  -0,0	   0,2	  -4,5	 -11,1
*	    45,5734	 1	222,18	 40,65	 -12,4	  -6,5	  -0,4	  -0,1	  -4,9	 -11,4
*	    46,5126	 1	220,02	 42,04	 -12,8	  -6,8	  -0,7	  -0,5	  -5,3	 -11,8
*	    49,2724	 1	229,15	 32,16	  -4,7	  -3,9	 -11,7	 -11,3	 -16,3	  -9,7
*	    44,7198	 1	228,81	 35,90	  -3,0	  -2,2	 -10,0	  -9,6	 -14,6	  -7,9
*	    44,9508	 1	217,85	 52,47	 -12,0	  -5,0	   2,3	   2,9	  -2,0	  -8,5
*	    49,0884	 1	224,54	 48,67	 -15,0	  -9,0	  -2,9	  -2,7	  -7,4	 -14,0
*	    49,8438	 1	224,59	 47,64	 -15,2	  -9,3	  -3,2	  -2,9	  -7,7	 -14,3
*	    47,8917	 1	222,58	 49,59	 -14,6	  -8,6	  -2,5	  -2,3	  -7,0	 -13,6
*	    48,6325	 1	222,63	 48,52	 -14,8	  -8,9	  -2,8	  -2,6	  -7,3	 -13,9
*	    49,3906	 1	222,69	 47,48	 -15,1	  -9,2	  -3,1	  -2,8	  -7,6	 -14,2
*	    47,4576	 1	220,66	 49,47	 -14,5	  -8,5	  -2,4	  -2,2	  -6,9	 -13,5
*	    48,2007	 1	220,72	 48,39	 -14,7	  -8,8	  -2,7	  -2,4	  -7,2	 -13,8
*	    48,9611	 1	220,78	 47,36	 -15,0	  -9,1	  -3,0	  -2,7	  -7,5	 -14,1
*	    47,0480	 1	218,73	 49,37	 -14,4	  -8,4	  -2,3	  -2,1	  -6,8	 -13,4
*	    47,7931	 1	218,79	 48,31	 -14,7	  -8,7	  -2,6	  -2,4	  -7,1	 -13,7
*	    48,5555	 1	218,86	 47,28	 -14,9	  -9,0	  -2,9	  -2,6	  -7,4	 -14,0
*	    46,6630	 1	216,81	 49,32	 -14,3	  -8,3	  -2,2	  -2,0	  -6,7	 -13,3
*	    47,4098	 1	216,87	 48,24	 -14,6	  -8,6	  -2,5	  -2,3	  -7,0	 -13,6
*	    48,1740	 1	216,93	 47,21	 -14,8	  -8,9	  -2,8	  -2,6	  -7,3	 -13,9
*	    45,0591	 1	322,03	 52,43	 -12,1	  -5,0	   2,3	   2,9	  -2,0	  -8,6
*	    46,7505	 1	322,94	 49,36	 -14,3	  -8,3	  -2,2	  -2,0	  -6,7	 -13,3
*	    47,4966	 1	322,88	 48,29	 -14,6	  -8,6	  -2,5	  -2,3	  -7,0	 -13,6
*	    48,2602	 1	322,81	 47,26	 -14,9	  -8,9	  -2,8	  -2,6	  -7,3	 -13,9
*	    47,1355	 1	321,01	 49,41	 -14,4	  -8,4	  -2,3	  -2,1	  -6,8	 -13,4
*	    47,8800	 1	320,95	 48,35	 -14,7	  -8,7	  -2,6	  -2,4	  -7,1	 -13,7
*	    48,6418	 1	320,89	 47,32	 -14,9	  -9,0	  -2,9	  -2,6	  -7,4	 -14,0
*	    47,5452	 1	319,09	 49,51	 -14,5	  -8,5	  -2,4	  -2,2	  -6,9	 -13,5
*	    48,2877	 1	319,03	 48,44	 -14,8	  -8,8	  -2,7	  -2,5	  -7,2	 -13,8
*	    49,0475	 1	318,97	 47,40	 -15,0	  -9,1	  -3,0	  -2,7	  -7,5	 -14,1
*	    47,9795	 1	317,18	 49,63	 -14,6	  -8,6	  -2,5	  -2,3	  -7,0	 -13,6
*	    48,7196	 1	317,12	 48,56	 -14,9	  -8,9	  -2,8	  -2,6	  -7,3	 -13,9
*	    49,4771	 1	317,07	 47,53	 -15,1	  -9,2	  -3,1	  -2,8	  -7,6	 -14,2
s	    46,0465	 3	 82,31	 93,13	  23,5	  25,0	  17,7	  16,3	  10,1	  16,5
s	    46,0718	 3	 97,25	 93,12	  21,7	  29,5	  37,3	  36,1	  29,9	  23,1
*	    46,3278	 1	316,60	 38,70	  -3,7	  -2,9	 -10,7	 -10,3	 -15,3	  -8,6
*	    56,7463	 1	319,43	 33,55	 -16,4	 -10,5	  -4,4	  -4,1	  -8,9	 -15,5
*	    57,0427	 1	323,20	 37,13	 -16,5	 -10,5	  -4,4	  -4,2	  -9,0	 -15,6
*	    56,0993	 1	321,45	 35,86	 -16,2	 -10,2	  -4,2	  -3,9	  -8,7	 -15,3
*	    55,2045	 1	319,53	 34,58	 -15,9	 -10,0	  -3,9	  -3,7	  -8,4	 -15,0
*	    55,5665	 1	323,31	 38,27	 -16,0	 -10,1	  -4,0	  -3,8	  -8,5	 -15,1
*	    54,6040	 1	321,56	 36,97	 -15,7	  -9,8	  -3,7	  -3,5	  -8,2	 -14,8
*	    53,6906	 1	319,64	 35,67	 -15,4	  -9,5	  -3,4	  -3,2	  -7,9	 -14,5
*	    54,1209	 1	323,41	 39,45	 -15,6	  -9,6	  -3,5	  -3,3	  -8,1	 -14,7
*	    53,1387	 1	321,66	 38,14	 -15,3	  -9,3	  -3,2	  -3,0	  -7,7	 -14,3
*	    52,2061	 1	319,75	 36,81	 -14,9	  -9,0	  -2,9	  -2,7	  -7,4	 -14,0
*	    52,7076	 1	323,51	 40,70	 -15,1	  -9,1	  -3,0	  -2,8	  -7,6	 -14,2
*	    51,7052	 1	321,77	 39,39	 -14,8	  -8,8	  -2,7	  -2,5	  -7,2	 -13,8
*	    50,7526	 1	319,86	 38,04	 -14,4	  -8,5	  -2,4	  -2,2	  -6,9	 -13,5
*	    51,3283	 1	323,62	 42,03	 -14,6	  -8,7	  -2,6	  -2,3	  -7,1	 -13,7
*	    50,3050	 1	321,87	 40,69	 -14,3	  -8,3	  -2,2	  -2,0	  -6,8	 -13,3
*	    49,3318	 1	319,96	 39,33	 -13,9	  -8,0	  -1,9	  -1,6	  -6,4	 -13,0
*	    49,9848	 1	323,72	 43,43	 -14,2	  -8,2	  -2,1	  -1,9	  -6,6	 -13,2
*	    48,9401	 1	321,98	 42,09	 -13,8	  -7,8	  -1,7	  -1,5	  -6,3	 -12,8
*	    47,9457	 1	320,07	 40,70	 -13,4	  -7,5	  -1,4	  -1,1	  -5,9	 -12,5
*	    48,6792	 1	323,82	 44,90	 -13,7	  -7,7	  -1,6	  -1,4	  -6,2	 -12,7
*	    47,6125	 1	322,09	 43,55	 -13,3	  -7,3	  -1,2	  -1,0	  -5,8	 -12,3
*	    46,5963	 1	320,18	 42,17	 -12,9	  -7,0	  -0,9	  -0,6	  -5,4	 -11,9
s	    47,5248	 3	269,90	 54,06	  21,8	  27,2	  19,4	  20,2	  23,8	  21,1
s	    47,5611	 3	270,20	 54,08	  24,8	  17,7	 -20,2	 -19,9	 -16,4	   7,3
*	    49,2346	 1	217,07	 42,90	  -4,7	  -4,0	 -11,7	 -11,3	 -16,3	  -9,7
*	    50,1105	 1	226,30	 47,66	 -14,8	  -8,8	  -2,7	  -2,5	  -7,3	 -13,8
*	    50,1945	 1	313,40	 47,69	 -14,8	  -8,8	  -2,7	  -2,5	  -7,3	 -13,9
s	    52,5297	 2	198,37	 54,85	  23,3	  27,7	  18,9	  19,4	  23,0	  20,2
s	    52,5334	 2	175,00	 53,90	  25,1	  23,3	  -0,7	  -0,4	   3,1	  13,6
s	    52,5570	 2	  4,44	 53,93	  25,8	  29,2	  19,0	  19,3	  22,9	  20,2
s	    52,5673	 2	341,39	 54,88	  25,1	  23,3	  -0,7	  -0,4	   3,1	  13,6
s	    56,4768	 3	198,56	 51,69	  23,4	  27,8	  18,7	  19,2	  22,9	  20,2
s	    56,5129	 3	341,20	 51,72	  22,7	  21,9	  -1,0	  -0,4	   3,1	  13,5
s	    57,6758	 3	195,37	 56,91	  20,8	  26,2	  18,4	  19,2	  22,8	  20,0
s	    57,7331	 3	344,43	 56,94	  23,8	  16,8	 -21,2	 -20,8	 -17,4	   6,3
s	    62,0368	 3	303,80	 59,90	  24,2	  22,3	  -1,8	  -1,6	   2,1	  12,5
s	    62,0394	 3	236,64	 59,91	  21,7	  20,9	  -2,0	  -1,5	   2,1	  12,5
s	    76,8907	 2	 80,20	 88,47	  23,4	  23,8	  15,5	  13,8	   7,5	  13,7
s	    76,9393	 2	 99,23	 88,46	  21,6	  28,3	  35,0	  33,6	  27,3	  20,3
s	    79,9466	 3	 90,00	 16,74	  21,8	  22,3	  -4,5	  -4,9	   6,6	   7,1
s	    79,9722	 3	279,55	 93,10	  22,5	  22,6	  13,7	  11,3	   4,6	  10,4
s	    80,0257	 3	261,00	 93,10	  20,7	  27,1	  33,2	  31,1	  24,4	  17,0
s	    84,1316	 3	 79,40	 88,43	  22,2	  17,4	  -4,8	  -5,2	 -10,6	   8,6
s	    84,1490	 3	 99,98	 88,42	  19,1	  26,9	  34,7	  34,9	  29,6	  22,4
s	    84,2635	 3	 80,30	 88,42	  20,9	  22,4	  15,2	  15,1	   9,7	  15,7
s	    84,3619	 3	 99,09	 88,42	  20,4	  21,9	  14,7	  14,6	   9,2	  15,2
s	   104,0017	 3	132,96	 88,92	  20,9	  16,1	  -6,2	  -6,5	 -12,0	   7,1
s	   112,0443	 3	 15,66	 89,97	  18,5	  20,0	  12,7	  11,2	   4,9	  10,8
s	   112,0673	 3	163,94	 89,96	  18,5	  20,0	  12,7	  11,2	   4,9	  10,8
#END
