#HEADER
CATT-Acoustic v8.0b    Copyright © CATT 1988-2003

 Project                : Auditorio

 GEOMETRICAL INFORMATION
 Src id and loc     [m] :   A1          -9,000        0,000        0,000
 Rec id and loc     [m] :   71          -3,750        0,000       -0,800

 71       15,4682

 VARIABLE SOURCE DATA
 Directivity
   Type (library)       :  OMNI.SD0
   Dir. Index (DI) [dB] :       0,0      0,0      0,0      0,0      0,0      0,0
 Level
   On axis 1m      [dB] :      58,0     64,0     70,3     70,7     65,9     59,9
   Total power     [dB] :      68,9     74,9     81,2     81,6     76,8     70,8
   Auxiliary delay [ms] :       0,0

 VARIABLE AIR DATA
 Temperature       [°C] :      20
 Relative humidity  [%] :      50
 Density        [kg/m³] :       1,2
 Sound speed      [m/s] :     343
 Impedance      [Ns/m³] :     412
 Diss. coeff. [0.001/m] :      0,10     0,30     0,63     1,07     2,28     6,83      (estimated)

#DATAFIELDS
 TYPE DELAY ORDER AZIMUTH ELEVATION SPL125 SPL250 SPL500 SPL1K SPL2K SPL4K
#DATA
d	     0,0000	 0	 90,00	 90,00	  43,5	  49,5	  55,8	  56,2	  51,3	  45,2
*	    23,8635	 1	151,64	 96,73	 -10,7	  -3,7	   3,7	   4,3	  -0,6	  -6,8
*	    16,4570	 1	144,82	 98,15	  -5,3	   1,8	   9,1	   9,7	   4,9	  -1,3
*	    18,2436	 1	134,79	 98,86	  -6,4	   0,6	   8,0	   8,6	   3,8	  -2,4
*	     9,6378	 1	134,56	100,03	   1,1	   8,1	  15,5	  16,1	  11,3	   5,1
*	    11,6025	 1	124,56	100,25	  -0,2	   6,9	  14,3	  14,9	  10,1	   3,9
*	     4,0173	 1	118,82	102,28	   7,9	  14,9	  22,3	  22,9	  18,1	  12,0
*	     5,9144	 1	111,05	101,58	   7,5	  14,5	  21,9	  22,5	  17,7	  11,6
*	    10,4184	 1	106,49	101,07	   3,4	  10,4	  17,8	  18,4	  13,6	   7,5
*	     0,9242	 1	 96,62	103,86	  12,7	  19,7	  27,1	  27,7	  22,9	  16,9
*	     2,3093	 1	 94,64	102,34	  15,5	  22,5	  29,9	  30,5	  25,8	  19,7
*	     7,3469	 1	 93,56	101,51	   9,3	  16,4	  23,8	  24,4	  19,6	  13,4
*	     1,9296	 1	 72,34	103,32	  11,0	  18,0	  25,4	  26,0	  21,3	  15,2
*	     3,5771	 1	 77,45	102,09	  12,1	  19,2	  26,6	  27,2	  22,4	  16,3
*	     8,3924	 1	 80,27	101,37	   7,0	  14,0	  21,4	  22,0	  17,2	  11,1
*	     6,4221	 1	 53,03	101,22	   4,7	  11,7	  19,1	  19,7	  15,0	   8,8
*	     8,4035	 1	 62,22	100,99	   3,7	  10,8	  18,1	  18,8	  14,0	   7,8
*	    12,7123	 1	 40,11	 99,09	  -2,0	   5,0	  12,4	  13,0	   8,2	   2,1
*	    14,6072	 1	 50,29	 99,59	  -3,2	   3,8	  11,2	  11,8	   7,0	   0,8
*	    19,8536	 1	 31,67	 97,43	  -7,9	  -0,9	   6,5	   7,1	   2,3	  -3,9
*	    21,5383	 1	 41,40	 98,26	  -8,9	  -1,9	   5,5	   6,1	   1,3	  -5,0
*	    27,4296	 1	 25,93	 96,20	 -13,0	  -6,0	   1,4	   2,0	  -2,8	  -9,1
*	    19,8823	 1	353,43	 89,41	   0,8	   6,7	  12,6	  14,9	  10,7	   3,8
*	    16,8293	 1	352,34	 89,31	   3,5	   9,4	  15,3	  17,6	  13,3	   6,6
*	    13,9052	 1	350,84	 89,18	   6,4	  12,4	  18,3	  20,6	  16,3	   9,6
*	    11,1344	 1	348,61	 88,98	   9,8	  15,8	  21,7	  24,0	  19,7	  13,0
*	     8,5475	 1	345,00	 88,67	  13,9	  19,8	  25,7	  28,0	  23,8	  17,0
*	     6,1906	 1	338,16	 88,10	  19,0	  24,9	  30,8	  33,1	  28,9	  22,2
*	     4,1830	 1	321,58	 86,83	  25,9	  31,8	  37,7	  40,1	  35,8	  29,1
*	     3,1236	 1	271,42	 84,90	  32,2	  38,1	  44,0	  46,3	  42,1	  35,4
*	     4,1141	 1	219,55	 86,74	  26,2	  32,2	  38,0	  40,4	  36,2	  29,4
*	     6,1015	 1	202,23	 88,07	  19,2	  25,1	  31,0	  33,4	  29,1	  22,4
*	     8,4476	 1	195,19	 88,65	  14,1	  20,0	  25,9	  28,2	  24,0	  17,2
*	    11,0264	 1	191,48	 88,98	  10,0	  15,9	  21,8	  24,1	  19,9	  13,1
*	    13,7903	 1	189,22	 89,18	   6,6	  12,5	  18,4	  20,7	  16,5	   9,7
*	    16,7087	 1	187,70	 89,31	   3,6	   9,5	  15,4	  17,7	  13,5	   6,7
*	    19,7570	 1	186,61	 89,40	   0,9	   6,8	  12,7	  15,0	  10,8	   4,0
s	     7,2795	 1	 92,35	 92,78	  37,1	  44,1	  51,5	  52,1	  47,3	  41,2
*	    30,1439	 1	106,42	 53,10	  -3,2	   3,8	  11,2	  11,8	   6,9	   0,7
*	    29,1742	 1	 98,46	 52,85	  -2,6	   4,4	  11,8	  12,4	   7,6	   1,3
*	    29,0441	 1	 90,45	 53,13	  -2,5	   4,6	  11,9	  12,5	   7,7	   1,4
*	    25,3271	 1	106,77	 57,94	  -0,1	   7,0	  14,3	  14,9	  10,1	   3,9
*	    24,2030	 1	 98,65	 57,70	   0,8	   7,8	  15,2	  15,8	  11,0	   4,7
*	    24,0376	 1	 90,46	 57,98	   1,0	   8,0	  15,4	  16,0	  11,2	   4,9
*	    20,8381	 1	107,13	 63,59	   3,3	  10,4	  17,7	  18,4	  13,5	   7,3
*	    19,5048	 1	 98,84	 63,38	   4,6	  11,6	  19,0	  19,6	  14,8	   8,6
*	    19,2848	 1	 90,47	 63,66	   4,9	  11,9	  19,3	  19,9	  15,1	   8,9
*	    16,8191	 1	107,50	 70,13	   7,0	  14,0	  21,4	  22,0	  17,2	  11,0
*	    15,1927	 1	 99,04	 69,98	   8,9	  15,9	  23,3	  23,9	  19,1	  12,9
*	    14,8830	 1	 90,48	 70,25	   9,4	  16,5	  23,9	  24,5	  19,7	  13,5
*	    13,5115	 1	107,89	 77,58	  10,6	  17,6	  25,0	  25,6	  20,8	  14,6
*	    11,4774	 1	 99,24	 77,53	  13,7	  20,8	  28,2	  28,8	  24,0	  17,8
*	    11,0131	 1	 90,49	 77,76	  14,8	  21,9	  29,2	  29,9	  25,1	  18,9
*	    11,3211	 1	108,30	 85,82	  13,4	  20,4	  27,8	  28,4	  23,6	  17,5
*	     8,8379	 1	 99,46	 85,92	  18,3	  25,3	  32,7	  33,3	  28,5	  22,4
*	     8,1430	 1	 90,50	 86,10	  20,5	  27,5	  34,9	  35,5	  30,8	  24,6
*	    10,7333	 1	108,73	 94,62	  14,0	  21,0	  28,4	  29,0	  24,2	  18,1
*	     8,1677	 1	 99,69	 94,89	  19,2	  26,3	  33,6	  34,3	  29,5	  23,3
*	     7,4255	 1	 90,52	 95,03	  21,7	  28,8	  36,2	  36,8	  32,0	  25,9
*	    55,1032	 1	106,09	 38,28	 -12,7	  -6,7	  -0,6	  -0,4	  -5,1	 -11,6
*	    54,5879	 1	101,10	 38,04	 -12,5	  -6,6	  -0,4	  -0,2	  -4,9	 -11,4
*	    54,3203	 1	 96,06	 38,02	 -12,4	  -6,4	  -0,3	  -0,1	  -4,8	 -11,3
*	    54,3037	 1	 91,03	 38,20	 -12,4	  -6,4	  -0,3	  -0,1	  -4,8	 -11,3
*	    51,2855	 1	106,31	 39,90	 -11,3	  -5,3	   0,8	   1,1	  -3,7	 -10,1
*	    50,7384	 1	101,25	 39,65	 -11,0	  -5,1	   1,1	   1,3	  -3,4	  -9,8
*	    50,4534	 1	 96,14	 39,62	 -10,9	  -4,9	   1,2	   1,4	  -3,3	  -9,7
*	    50,4345	 1	 91,05	 39,82	 -10,9	  -4,9	   1,2	   1,4	  -3,3	  -9,7
*	    47,5090	 1	106,52	 41,68	  -9,7	  -3,7	   2,4	   2,6	  -2,1	  -8,5
*	    46,9259	 1	101,40	 41,41	  -9,5	  -3,5	   2,6	   2,9	  -1,8	  -8,2
*	    46,6211	 1	 96,23	 41,39	  -9,3	  -3,3	   2,8	   3,0	  -1,7	  -8,1
*	    46,5995	 1	 91,06	 41,58	  -9,3	  -3,3	   2,8	   3,0	  -1,7	  -8,1
*	    43,7807	 1	106,74	 43,65	  -8,1	  -2,1	   4,0	   4,3	  -0,5	  -6,8
*	    43,1568	 1	101,56	 43,38	  -7,8	  -1,8	   4,3	   4,6	  -0,2	  -6,5
*	    42,8294	 1	 96,31	 43,35	  -7,6	  -1,6	   4,5	   4,7	   0,0	  -6,4
*	    42,8044	 1	 91,08	 43,54	  -7,6	  -1,6	   4,5	   4,7	   0,0	  -6,3
*	    40,1094	 1	106,97	 45,83	  -6,4	  -0,4	   5,7	   6,0	   1,3	  -5,1
*	    39,4390	 1	101,72	 45,54	  -6,0	  -0,0	   6,1	   6,3	   1,6	  -4,7
*	    39,0854	 1	 96,40	 45,51	  -5,8	   0,1	   6,3	   6,5	   1,8	  -4,5
*	    39,0561	 1	 91,09	 45,72	  -5,8	   0,2	   6,3	   6,5	   1,8	  -4,5
*	    36,5062	 1	107,21	 48,24	  -4,5	   1,4	   7,6	   7,8	   3,1	  -3,2
*	    35,7820	 1	101,89	 47,96	  -4,2	   1,8	   8,0	   8,2	   3,5	  -2,8
*	    35,3977	 1	 96,49	 47,93	  -3,9	   2,1	   8,2	   8,4	   3,7	  -2,6
*	    35,3629	 1	 91,11	 48,14	  -3,9	   2,1	   8,2	   8,5	   3,8	  -2,6
s	     7,3272	 1	 87,49	 92,79	  38,3	  39,1	  31,4	  31,8	  27,0	  34,0
*	    28,2061	 1	 85,04	 53,66	   4,2	   5,0	  -2,7	  -2,4	  -7,3	  -0,3
*	    28,9804	 1	 75,71	 53,69	   3,6	   4,4	  -3,3	  -2,9	  -7,8	  -0,9
*	    22,4654	 1	 84,92	 59,52	   8,3	   9,1	   1,4	   1,7	  -3,1	   3,8
*	    23,4032	 1	 75,36	 59,54	   7,5	   8,2	   0,5	   0,9	  -4,0	   3,0
*	    17,1126	 1	 84,78	 66,54	  13,1	  13,8	   6,1	   6,5	   1,7	   8,7
*	    18,2958	 1	 74,99	 66,52	  11,7	  12,5	   4,8	   5,2	   0,3	   7,3
*	    12,3523	 1	 84,65	 74,82	  18,7	  19,5	  11,8	  12,2	   7,4	  14,4
*	    13,9253	 1	 74,60	 74,75	  16,3	  17,1	   9,4	   9,8	   4,9	  12,0
*	     8,6928	 1	 84,50	 84,30	  25,1	  25,9	  18,2	  18,6	  13,7	  20,8
*	    10,8269	 1	 74,19	 84,15	  20,4	  21,2	  13,5	  13,9	   9,1	  16,1
*	     7,5467	 1	 84,35	 94,66	  27,2	  28,0	  20,3	  20,7	  15,8	  22,9
*	     9,8725	 1	 73,75	 94,39	  21,6	  22,4	  14,7	  15,1	  10,2	  17,3
*	    35,1801	 1	 73,92	 48,94	   0,0	   0,8	  -6,9	  -6,6	 -11,4	  -4,6
*	    34,2856	 1	 83,00	 48,74	   0,5	   1,3	  -6,4	  -6,0	 -10,9	  -4,0
*	    41,2712	 1	 74,29	 44,88	  -3,1	  -2,3	 -10,0	  -9,6	 -14,5	  -7,7
*	    40,4897	 1	 83,16	 44,69	  -2,7	  -1,9	  -9,6	  -9,2	 -14,1	  -7,3
s	     8,3215	 1	270,00	 75,71	  38,0	  43,6	  49,3	  47,7	  41,5	  35,1
*	    22,4877	 1	343,15	 86,08	   4,0	   9,9	  15,8	  18,2	  13,9	   7,0
*	    19,6234	 1	340,55	 85,50	   6,4	  12,3	  18,2	  20,5	  16,3	   9,5
*	    16,9155	 1	337,05	 84,73	   9,0	  14,9	  20,8	  23,1	  18,9	  12,1
*	    14,4017	 1	332,13	 83,69	  11,8	  17,7	  23,6	  25,9	  21,7	  14,9
*	    12,1393	 1	324,86	 82,25	  14,9	  20,8	  26,7	  29,0	  24,8	  18,0
*	    10,2283	 1	313,54	 80,28	  18,1	  24,0	  29,9	  32,2	  28,0	  21,2
*	     8,8568	 1	295,64	 77,96	  21,0	  26,9	  32,8	  35,2	  30,9	  24,2
*	     8,3225	 1	270,54	 76,70	  22,4	  28,3	  34,2	  36,5	  32,3	  25,5
*	     8,8169	 1	245,25	 77,88	  21,1	  27,0	  32,9	  35,3	  31,0	  24,3
*	    10,1609	 1	227,02	 80,18	  18,2	  24,1	  30,0	  32,4	  28,1	  21,4
*	    12,0546	 1	215,49	 82,18	  15,0	  20,9	  26,8	  29,1	  24,9	  18,1
*	    14,3052	 1	208,10	 83,64	  11,9	  17,8	  23,7	  26,1	  21,8	  15,0
*	    16,8101	 1	203,11	 84,69	   9,1	  15,0	  20,9	  23,2	  19,0	  12,2
*	    19,5110	 1	199,56	 85,47	   6,5	  12,4	  18,3	  20,6	  16,4	   9,6
*	    22,3695	 1	196,93	 86,06	   4,1	  10,0	  15,9	  18,2	  14,0	   7,1
*	    19,3881	 1	 47,98	 98,99	   5,7	  12,7	  20,1	  20,7	  15,9	   9,6
*	    16,0138	 1	 56,26	 99,84	   8,8	  15,8	  23,2	  23,8	  19,0	  12,8
*	    13,3334	 1	 65,05	100,53	  12,0	  19,0	  26,4	  27,0	  22,2	  16,1
*	    19,0978	 1	 48,82	 90,72	   6,0	  13,0	  20,4	  21,0	  16,2	   9,9
*	    15,6381	 1	 56,98	 91,24	   9,3	  16,3	  23,7	  24,3	  19,5	  13,3
*	    12,8321	 1	 65,60	 91,77	  12,8	  19,9	  27,2	  27,9	  23,0	  16,9
*	    19,8930	 1	 49,63	 82,68	   5,4	  12,4	  19,8	  20,4	  15,6	   9,4
*	    16,5187	 1	 57,67	 82,90	   8,5	  15,6	  23,0	  23,6	  18,8	  12,6
*	    13,8170	 1	 66,14	 83,28	  11,8	  18,9	  26,2	  26,8	  22,0	  15,9
*	    21,7072	 1	 50,41	 75,16	   4,0	  11,1	  18,4	  19,0	  14,2	   8,0
*	    18,5554	 1	 58,34	 75,14	   6,8	  13,8	  21,2	  21,8	  17,0	  10,8
*	    16,1220	 1	 66,65	 75,40	   9,4	  16,4	  23,8	  24,4	  19,6	  13,4
*	    24,3919	 1	 51,17	 68,35	   2,1	   9,1	  16,5	  17,1	  12,3	   6,1
*	    21,5261	 1	 58,98	 68,15	   4,4	  11,4	  18,8	  19,4	  14,6	   8,3
*	    19,4016	 1	 67,14	 68,34	   6,4	  13,4	  20,8	  21,4	  16,6	  10,3
*	    27,7728	 1	 51,90	 62,31	  -0,1	   6,9	  14,3	  14,9	  10,1	   3,8
*	    25,1975	 1	 59,61	 61,99	   1,7	   8,7	  16,1	  16,7	  11,9	   5,6
*	    23,3534	 1	 67,61	 62,13	   3,2	  10,2	  17,6	  18,2	  13,4	   7,1
*	    31,6916	 1	 52,61	 57,04	  -2,4	   4,6	  12,0	  12,6	   7,7	   1,4
*	    29,3819	 1	 60,20	 56,67	  -1,0	   6,0	  13,4	  14,0	   9,2	   2,9
*	    27,7718	 1	 68,07	 56,76	   0,1	   7,2	  14,5	  15,1	  10,3	   4,0
*	    36,0204	 1	 53,30	 52,47	  -4,8	   2,2	   9,6	  10,2	   5,4	  -1,0
*	    33,9428	 1	 60,78	 52,07	  -3,6	   3,4	  10,8	  11,4	   6,5	   0,2
*	    32,5235	 1	 68,50	 52,15	  -2,8	   4,3	  11,6	  12,2	   7,4	   1,1
*	    55,7613	 1	 68,43	 38,39	 -11,1	  -5,1	   1,0	   1,2	  -3,5	  -9,9
*	    56,4233	 1	 63,50	 38,34	 -11,3	  -5,4	   0,7	   1,0	  -3,8	 -10,2
*	    57,3160	 1	 58,63	 38,51	 -11,7	  -5,7	   0,4	   0,6	  -4,1	 -10,6
*	    58,4305	 1	 53,89	 38,86	 -12,1	  -6,1	  -0,0	   0,2	  -4,5	 -11,0
*	    51,9937	 1	 68,15	 40,00	  -9,6	  -3,7	   2,4	   2,7	  -2,0	  -8,5
*	    52,6960	 1	 63,17	 39,97	  -9,9	  -4,0	   2,1	   2,4	  -2,3	  -8,8
*	    53,6404	 1	 58,24	 40,14	 -10,3	  -4,3	   1,8	   2,0	  -2,7	  -9,2
*	    54,8163	 1	 53,46	 40,52	 -10,8	  -4,8	   1,3	   1,6	  -3,2	  -9,6
*	    48,2720	 1	 67,87	 41,79	  -8,1	  -2,2	   3,9	   4,2	  -0,5	  -6,9
*	    49,0196	 1	 62,82	 41,76	  -8,5	  -2,5	   3,6	   3,9	  -0,9	  -7,3
*	    50,0212	 1	 57,84	 41,94	  -8,9	  -2,9	   3,2	   3,4	  -1,3	  -7,7
*	    51,2648	 1	 53,02	 42,34	  -9,4	  -3,4	   2,7	   2,9	  -1,8	  -8,2
*	    44,6044	 1	 67,58	 43,77	  -6,6	  -0,6	   5,5	   5,8	   1,1	  -5,3
*	    45,4028	 1	 62,47	 43,74	  -6,9	  -1,0	   5,2	   5,4	   0,7	  -5,7
*	    46,4684	 1	 57,44	 43,93	  -7,4	  -1,4	   4,7	   4,9	   0,2	  -6,2
*	    47,7864	 1	 52,57	 44,33	  -8,0	  -2,0	   4,1	   4,3	  -0,4	  -6,8
*	    41,0007	 1	 67,28	 45,94	  -4,9	   1,1	   7,2	   7,4	   2,7	  -3,6
*	    41,8568	 1	 62,11	 45,92	  -5,3	   0,6	   6,8	   7,0	   2,3	  -4,1
*	    42,9936	 1	 57,02	 46,12	  -5,9	   0,1	   6,2	   6,4	   1,7	  -4,6
*	    44,3939	 1	 52,11	 46,54	  -6,5	  -0,6	   5,6	   5,8	   1,1	  -5,3
*	    37,4732	 1	 66,97	 48,36	  -3,2	   2,8	   8,9	   9,2	   4,5	  -1,9
*	    38,3948	 1	 61,74	 48,34	  -3,7	   2,3	   8,4	   8,7	   4,0	  -2,4
*	    39,6117	 1	 56,60	 48,54	  -4,3	   1,7	   7,8	   8,0	   3,3	  -3,0
*	    41,1028	 1	 51,64	 48,97	  -5,0	   0,9	   7,1	   7,3	   2,6	  -3,8
*	    14,3130	 1	118,61	100,29	  16,8	  17,5	   9,9	  10,2	   5,4	  12,4
*	    17,8915	 1	128,58	 99,37	  13,0	  13,8	   6,1	   6,5	   1,6	   8,6
*	    13,9279	 1	117,88	 90,15	  17,4	  18,2	  10,5	  10,8	   6,0	  13,0
*	    17,6261	 1	127,66	 89,58	  13,3	  14,1	   6,4	   6,8	   1,9	   8,9
*	    15,3984	 1	117,19	 80,45	  15,9	  16,7	   9,0	   9,4	   4,6	  11,6
*	    18,9083	 1	126,78	 80,19	  12,3	  13,1	   5,4	   5,8	   0,9	   7,9
*	    18,4401	 1	116,52	 71,68	  13,1	  13,9	   6,2	   6,6	   1,7	   8,7
*	    21,5719	 1	125,93	 71,65	  10,3	  11,0	   3,3	   3,7	  -1,2	   5,8
*	    22,5944	 1	115,88	 64,05	   9,7	  10,5	   2,8	   3,2	  -1,7	   5,3
*	    25,3193	 1	125,12	 64,16	   7,6	   8,4	   0,7	   1,0	  -3,8	   3,1
*	    27,4948	 1	115,28	 57,57	   6,3	   7,1	  -0,6	  -0,3	  -5,1	   1,8
*	    29,8599	 1	124,33	 57,75	   4,7	   5,5	  -2,2	  -1,8	  -6,7	   0,2
*	    32,9014	 1	114,70	 52,12	   3,0	   3,8	  -3,9	  -3,5	  -8,4	  -1,5
*	    34,9688	 1	123,58	 52,35	   1,8	   2,6	  -5,1	  -4,7	  -9,6	  -2,7
*	    45,5672	 1	124,28	 44,85	  -3,3	  -2,5	 -10,2	  -9,8	 -14,7	  -7,9
*	    43,7207	 1	115,77	 44,49	  -2,4	  -1,6	  -9,3	  -9,0	 -13,9	  -7,1
*	    39,8630	 1	125,01	 48,83	  -0,7	   0,1	  -7,6	  -7,2	 -12,1	  -5,3
*	    37,7957	 1	116,35	 48,46	   0,4	   1,2	  -6,5	  -6,2	 -11,1	  -4,2
s	    15,6257	 2	268,24	 77,04	  33,7	  40,4	  47,2	  47,2	  42,0	  35,4
s	    15,6728	 2	271,88	 77,05	  34,9	  35,4	  27,2	  26,9	  21,6	  28,2
*	    16,8985	 1	  1,89	 91,80	 -11,7	  -5,8	   0,1	   2,4	  -1,9	  -8,6
s	    17,1606	 3	 90,00	112,65	  31,7	  38,6	  45,5	  44,2	  38,3	  31,9
*	    41,0650	 1	144,95	 54,48	  -5,0	   2,0	   9,4	  10,0	   5,1	  -1,2
*	    38,2956	 1	138,00	 54,05	  -3,7	   3,4	  10,7	  11,3	   6,5	   0,1
*	    36,0518	 1	130,70	 54,04	  -2,5	   4,6	  11,9	  12,5	   7,7	   1,4
*	    37,3859	 1	145,83	 59,13	  -3,3	   3,8	  11,1	  11,7	   6,9	   0,6
*	    34,4032	 1	138,82	 58,76	  -1,7	   5,4	  12,7	  13,3	   8,5	   2,2
*	    31,9561	 1	131,44	 58,78	  -0,3	   6,8	  14,1	  14,7	   9,9	   3,6
*	    34,1743	 1	146,73	 64,40	  -1,6	   5,4	  12,8	  13,4	   8,5	   2,2
*	    30,9765	 1	139,68	 64,13	   0,2	   7,2	  14,6	  15,2	  10,4	   4,1
*	    28,3162	 1	132,21	 64,23	   1,9	   8,9	  16,3	  16,9	  12,0	   5,8
*	    31,5267	 1	147,65	 70,31	  -0,2	   6,8	  14,2	  14,8	  10,0	   3,7
*	    28,1279	 1	140,55	 70,21	   1,9	   8,9	  16,3	  16,9	  12,0	   5,8
*	    25,2603	 1	132,99	 70,42	   3,8	  10,9	  18,2	  18,8	  14,0	   7,7
*	    29,5432	 1	148,60	 76,83	   0,9	   8,0	  15,3	  15,9	  11,1	   4,8
*	    25,9797	 1	141,45	 76,97	   3,2	  10,2	  17,6	  18,2	  13,4	   7,1
*	    22,9365	 1	133,81	 77,33	   5,4	  12,4	  19,8	  20,4	  15,6	   9,3
*	    28,3138	 1	149,56	 83,86	   1,7	   8,7	  16,1	  16,7	  11,8	   5,6
*	    24,6463	 1	142,37	 84,30	   4,0	  11,1	  18,4	  19,1	  14,2	   8,0
*	    21,4913	 1	134,64	 84,86	   6,4	  13,4	  20,8	  21,4	  16,6	  10,4
*	    27,9016	 1	150,54	 91,24	   1,9	   8,9	  16,3	  16,9	  12,1	   5,8
*	    24,2092	 1	143,31	 92,02	   4,3	  11,3	  18,7	  19,3	  14,5	   8,3
*	    21,0322	 1	135,50	 92,82	   6,7	  13,7	  21,1	  21,7	  16,9	  10,7
*	    62,6114	 1	142,07	 39,40	 -11,2	  -5,2	   0,9	   1,1	  -3,6	 -10,1
*	    61,1662	 1	137,52	 39,06	 -10,7	  -4,7	   1,4	   1,6	  -3,1	  -9,6
*	    59,9193	 1	132,85	 38,90	 -10,2	  -4,3	   1,8	   2,1	  -2,7	  -9,1
*	    58,8811	 1	128,09	 38,92	  -9,9	  -3,9	   2,2	   2,4	  -2,3	  -8,8
*	    59,1994	 1	142,62	 41,10	 -10,0	  -4,0	   2,1	   2,3	  -2,4	  -8,9
*	    57,6851	 1	138,05	 40,75	  -9,5	  -3,5	   2,6	   2,8	  -1,9	  -8,3
*	    56,3755	 1	133,34	 40,57	  -9,0	  -3,0	   3,1	   3,3	  -1,4	  -7,9
*	    55,2822	 1	128,54	 40,59	  -8,6	  -2,6	   3,5	   3,8	  -1,0	  -7,4
*	    55,8682	 1	143,18	 42,97	  -8,8	  -2,8	   3,3	   3,5	  -1,2	  -7,7
*	    54,2796	 1	138,59	 42,59	  -8,2	  -2,2	   3,9	   4,1	  -0,6	  -7,1
*	    52,9021	 1	133,84	 42,41	  -7,7	  -1,7	   4,4	   4,6	  -0,1	  -6,5
*	    51,7486	 1	129,00	 42,42	  -7,2	  -1,2	   4,9	   5,1	   0,4	  -6,0
*	    52,6297	 1	143,75	 45,00	  -7,6	  -1,6	   4,5	   4,7	  -0,0	  -6,4
*	    50,9615	 1	139,13	 44,62	  -6,9	  -1,0	   5,1	   5,4	   0,7	  -5,8
*	    49,5104	 1	134,35	 44,42	  -6,4	  -0,4	   5,7	   6,0	   1,3	  -5,1
*	    48,2913	 1	129,47	 44,43	  -5,8	   0,1	   6,3	   6,5	   1,8	  -4,6
*	    49,4978	 1	144,33	 47,23	  -6,4	  -0,4	   5,7	   5,9	   1,2	  -5,2
*	    47,7445	 1	139,69	 46,84	  -5,6	   0,3	   6,4	   6,7	   2,0	  -4,4
*	    46,2141	 1	134,88	 46,64	  -5,0	   1,0	   7,1	   7,3	   2,6	  -3,7
*	    44,9233	 1	129,95	 46,65	  -4,4	   1,6	   7,7	   7,9	   3,2	  -3,2
*	    46,4887	 1	144,92	 49,68	  -5,1	   0,8	   7,0	   7,2	   2,5	  -3,9
*	    44,6449	 1	140,25	 49,28	  -4,3	   1,7	   7,8	   8,0	   3,3	  -3,1
*	    43,0292	 1	135,41	 49,08	  -3,6	   2,4	   8,5	   8,7	   4,0	  -2,3
*	    41,6604	 1	130,43	 49,08	  -2,9	   3,0	   9,2	   9,4	   4,7	  -1,7
*	    27,1945	 1	184,38	 96,88	  -4,5	   2,7	   8,9	  11,3	   6,4	   1,1
*	    22,6183	 1	185,16	 98,09	  -1,4	   5,8	  12,0	  14,4	   9,6	   4,3
*	    26,5496	 1	355,52	 97,03	  -4,1	   3,1	   9,3	  11,7	   6,9	   1,5
*	    28,0336	 1	 28,87	 96,51	   8,0	   8,7	   1,0	   1,4	  -3,5	   3,5
*	    23,8710	 1	 37,38	 97,71	  10,7	  11,5	   3,8	   4,2	  -0,7	   6,2
*	    27,9063	 1	 30,02	 87,83	   8,1	   8,8	   1,1	   1,5	  -3,4	   3,5
*	    23,7055	 1	 38,48	 88,56	  10,8	  11,6	   3,9	   4,3	  -0,6	   6,4
*	    28,9050	 1	 31,15	 79,45	   7,5	   8,2	   0,5	   0,9	  -4,0	   3,0
*	    24,7969	 1	 39,54	 79,76	  10,1	  10,9	   3,2	   3,6	  -1,3	   5,7
*	    30,9594	 1	 32,25	 71,67	   6,3	   7,1	  -0,6	  -0,3	  -5,1	   1,8
*	    27,0519	 1	 40,58	 71,66	   8,7	   9,5	   1,8	   2,2	  -2,7	   4,2
*	    33,9388	 1	 33,32	 64,69	   4,7	   5,4	  -2,3	  -1,9	  -6,8	   0,1
*	    30,2965	 1	 41,58	 64,45	   6,8	   7,5	  -0,2	   0,2	  -4,7	   2,2
*	    37,6874	 1	 34,37	 58,59	   2,8	   3,5	  -4,2	  -3,8	  -8,7	  -1,8
*	    34,3332	 1	 42,56	 58,22	   4,5	   5,3	  -2,4	  -2,0	  -6,9	  -0,0
*	    42,0542	 1	 35,39	 53,31	   0,7	   1,5	  -6,2	  -5,9	 -10,8	  -4,0
*	    38,9824	 1	 43,50	 52,88	   2,2	   3,0	  -4,8	  -4,4	  -9,3	  -2,4
*	    53,6194	 1	 47,86	 41,81	  -4,1	  -3,3	 -11,0	 -10,7	 -15,6	  -8,8
*	    47,8810	 1	 47,02	 45,21	  -1,8	  -1,0	  -8,7	  -8,4	 -13,3	  -6,5
*	    50,3548	 1	 38,96	 45,53	  -2,8	  -2,1	  -9,8	  -9,4	 -14,3	  -7,6
*	    42,4242	 1	 46,16	 49,21	   0,6	   1,3	  -6,4	  -6,0	 -10,9	  -4,1
*	    45,1327	 1	 38,00	 49,52	  -0,7	   0,1	  -7,6	  -7,2	 -12,2	  -5,3
*	    23,9247	 1	  3,34	 91,63	 -17,2	 -11,3	  -5,4	  -3,1	  -7,4	 -14,2
*	    24,1578	 1	178,57	 91,34	 -17,4	 -11,4	  -5,6	  -3,2	  -7,5	 -14,3
*	    25,4304	 1	184,39	 93,62	  -4,9	   1,0	   6,9	   9,2	   5,0	  -1,9
*	    25,5007	 1	355,73	 92,94	 -12,0	  -6,1	  -0,2	   2,1	  -2,2	  -9,0
*	    25,5754	 1	185,25	 89,53	  -3,4	   2,5	   8,4	  10,7	   6,4	  -0,4
*	    28,8890	 1	184,71	 89,57	  -5,6	   0,4	   6,2	   8,6	   4,3	  -2,6
*	    32,2696	 1	184,28	 89,62	  -7,5	  -1,6	   4,3	   6,6	   2,3	  -4,6
*	    35,7067	 1	183,91	 89,65	  -9,4	  -3,5	   2,4	   4,7	   0,4	  -6,5
*	    39,1917	 1	183,61	 89,67	 -11,2	  -5,2	   0,6	   3,0	  -1,3	  -8,3
*	    42,7173	 1	183,35	 89,70	 -12,8	  -6,9	  -1,0	   1,3	  -3,0	 -10,0
*	    25,6883	 1	185,50	 93,45	   3,9	   9,8	  15,7	  18,0	  13,8	   6,9
*	    25,7244	 1	185,74	 92,73	 -12,2	  -6,2	  -0,4	   2,0	  -2,3	  -9,2
*	    25,7429	 1	355,24	 96,11	  -5,1	   0,8	   6,7	   9,0	   4,8	  -2,1
*	    25,7985	 1	354,38	 92,04	  -3,6	   2,3	   8,2	  10,6	   6,3	  -0,6
*	    29,1076	 1	354,95	 91,84	  -5,7	   0,2	   6,1	   8,5	   4,2	  -2,7
*	    25,8054	 1	355,14	 96,77	   3,8	   9,8	  15,6	  18,0	  13,7	   6,8
*	    27,8933	 1	193,57	 86,82	   0,2	   6,1	  12,0	  14,3	  10,0	   3,2
*	    31,0670	 1	192,23	 87,13	  -1,8	   4,1	  10,0	  12,3	   8,0	   1,2
*	    34,3208	 1	191,13	 87,38	  -3,6	   2,3	   8,2	  10,5	   6,2	  -0,7
*	    37,6426	 1	190,20	 87,60	  -5,4	   0,5	   6,4	   8,7	   4,4	  -2,5
*	    41,0225	 1	189,43	 87,78	  -7,0	  -1,1	   4,7	   7,1	   2,8	  -4,2
*	    44,4523	 1	188,75	 87,93	  -8,6	  -2,7	   3,2	   5,5	   1,2	  -5,8
*	    47,9251	 1	188,17	 88,08	 -10,1	  -4,2	   1,7	   4,0	  -0,3	  -7,3
*	    37,4075	 1	 11,57	 90,97	  -0,7	   6,4	  13,7	  14,3	   9,5	   3,1
*	    33,5906	 1	 18,10	 91,90	   1,3	   8,3	  15,7	  16,3	  11,4	   5,1
*	    30,2579	 1	 25,20	 92,87	   3,1	  10,2	  17,5	  18,1	  13,3	   7,0
*	    37,5886	 1	 12,59	 84,13	  -0,8	   6,3	  13,6	  14,2	   9,4	   3,0
*	    33,7775	 1	 19,14	 84,72	   1,2	   8,2	  15,6	  16,2	  11,3	   5,0
*	    30,4472	 1	 26,22	 85,43	   3,0	  10,1	  17,4	  18,0	  13,2	   6,9
*	    38,4947	 1	 13,61	 77,51	  -1,2	   5,8	  13,2	  13,8	   8,9	   2,6
*	    34,7442	 1	 20,16	 77,79	   0,7	   7,7	  15,1	  15,7	  10,8	   4,5
*	    31,4730	 1	 27,23	 78,28	   2,5	   9,5	  16,9	  17,5	  12,6	   6,3
*	    40,0901	 1	 14,62	 71,26	  -2,0	   5,1	  12,4	  13,0	   8,2	   1,8
*	    36,4473	 1	 21,18	 71,30	  -0,2	   6,8	  14,2	  14,8	  10,0	   3,6
*	    33,2838	 1	 28,21	 71,59	   1,5	   8,5	  15,9	  16,5	  11,6	   5,3
*	    42,3176	 1	 15,62	 65,49	  -3,0	   4,0	  11,4	  12,0	   7,1	   0,8
*	    38,8181	 1	 22,18	 65,34	  -1,4	   5,7	  13,0	  13,6	   8,8	   2,4
*	    35,7971	 1	 29,18	 65,49	   0,2	   7,2	  14,6	  15,2	  10,3	   4,0
*	    45,1078	 1	 16,60	 60,27	  -4,2	   2,8	  10,2	  10,8	   5,9	  -0,5
*	    41,7741	 1	 23,16	 59,98	  -2,7	   4,3	  11,7	  12,2	   7,4	   1,0
*	    38,9158	 1	 30,13	 60,04	  -1,4	   5,7	  13,0	  13,6	   8,8	   2,4
*	    48,3871	 1	 17,58	 55,59	  -5,6	   1,4	   8,8	   9,4	   4,5	  -1,9
*	    45,2301	 1	 24,13	 55,22	  -4,3	   2,8	  10,1	  10,7	   5,9	  -0,5
*	    42,5423	 1	 31,07	 55,21	  -3,1	   4,0	  11,3	  11,9	   7,1	   0,7
*	    52,0846	 1	 18,55	 51,42	  -7,1	  -0,0	   7,3	   7,9	   3,0	  -3,4
*	    49,1062	 1	 25,09	 51,01	  -5,9	   1,1	   8,5	   9,1	   4,2	  -2,2
*	    46,5873	 1	 31,99	 50,98	  -4,8	   2,2	   9,6	  10,2	   5,3	  -1,1
*	    64,1531	 1	 33,05	 39,61	  -9,3	  -3,4	   2,7	   3,0	  -1,8	  -8,3
*	    65,5210	 1	 28,58	 39,65	  -9,8	  -3,8	   2,3	   2,5	  -2,2	  -8,8
*	    67,0712	 1	 24,21	 39,85	 -10,3	  -4,3	   1,8	   2,0	  -2,7	  -9,3
*	    68,7942	 1	 20,00	 40,22	 -10,8	  -4,9	   1,2	   1,5	  -3,3	  -9,8
*	    60,8126	 1	 32,48	 41,32	  -8,2	  -2,2	   3,9	   4,1	  -0,7	  -7,1
*	    62,2399	 1	 27,98	 41,38	  -8,7	  -2,7	   3,4	   3,6	  -1,2	  -7,6
*	    63,8542	 1	 23,59	 41,60	  -9,3	  -3,3	   2,8	   3,1	  -1,7	  -8,2
*	    65,6452	 1	 19,38	 41,97	  -9,8	  -3,9	   2,2	   2,5	  -2,3	  -8,8
*	    57,5576	 1	 31,89	 43,20	  -7,1	  -1,1	   5,0	   5,2	   0,5	  -6,0
*	    59,0477	 1	 27,37	 43,26	  -7,6	  -1,6	   4,5	   4,7	  -0,0	  -6,5
*	    60,7297	 1	 22,98	 43,49	  -8,2	  -2,2	   3,9	   4,1	  -0,6	  -7,1
*	    62,5918	 1	 18,76	 43,87	  -8,8	  -2,9	   3,2	   3,5	  -1,3	  -7,8
*	    54,3998	 1	 31,29	 45,24	  -5,9	   0,0	   6,2	   6,4	   1,7	  -4,8
*	    55,9565	 1	 26,76	 45,31	  -6,5	  -0,5	   5,6	   5,8	   1,1	  -5,4
*	    57,7094	 1	 22,35	 45,55	  -7,2	  -1,2	   4,9	   5,2	   0,4	  -6,0
*	    59,6457	 1	 18,13	 45,93	  -7,8	  -1,9	   4,2	   4,5	  -0,3	  -6,7
*	    51,3533	 1	 30,69	 47,48	  -4,8	   1,2	   7,3	   7,6	   2,8	  -3,6
*	    52,9798	 1	 26,14	 47,55	  -5,4	   0,6	   6,7	   6,9	   2,2	  -4,2
*	    54,8067	 1	 21,72	 47,78	  -6,1	  -0,1	   6,0	   6,2	   1,5	  -5,0
*	    56,8199	 1	 17,50	 48,17	  -6,8	  -0,9	   5,2	   5,5	   0,7	  -5,7
*	    48,4340	 1	 30,08	 49,92	  -3,6	   2,4	   8,5	   8,7	   4,0	  -2,4
*	    50,1332	 1	 25,51	 49,98	  -4,3	   1,7	   7,8	   8,0	   3,3	  -3,1
*	    52,0367	 1	 21,08	 50,21	  -5,1	   0,9	   7,0	   7,3	   2,5	  -3,9
*	    54,1290	 1	 16,86	 50,59	  -5,9	   0,1	   6,2	   6,5	   1,7	  -4,7
*	    47,7053	 1	161,50	 55,81	   0,4	   1,2	  -6,5	  -6,2	 -11,1	  -4,3
*	    44,2123	 1	154,04	 55,45	   1,9	   2,7	  -5,0	  -4,7	  -9,6	  -2,7
*	    44,0536	 1	162,61	 61,16	   2,0	   2,7	  -5,0	  -4,6	  -9,5	  -2,7
*	    40,3368	 1	155,13	 60,90	   3,7	   4,4	  -3,3	  -2,9	  -7,8	  -1,0
*	    41,0399	 1	163,72	 67,20	   3,3	   4,1	  -3,6	  -3,2	  -8,1	  -1,3
*	    37,1170	 1	156,23	 67,13	   5,2	   6,0	  -1,7	  -1,4	  -6,2	   0,6
*	    38,7704	 1	164,85	 73,94	   4,4	   5,2	  -2,5	  -2,2	  -7,1	  -0,2
*	    34,6790	 1	157,36	 74,12	   6,5	   7,2	  -0,5	  -0,1	  -5,0	   1,9
*	    37,3406	 1	165,99	 81,23	   5,1	   5,9	  -1,8	  -1,5	  -6,4	   0,5
*	    33,1398	 1	158,50	 81,76	   7,3	   8,0	   0,3	   0,7	  -4,2	   2,7
*	    36,8199	 1	167,14	 88,91	   5,4	   6,1	  -1,6	  -1,2	  -6,1	   0,8
*	    32,5847	 1	159,66	 89,84	   7,6	   8,3	   0,6	   1,0	  -3,9	   3,0
*	    52,8174	 1	150,23	 46,62	  -1,6	  -0,8	  -8,5	  -8,2	 -13,1	  -6,3
*	    55,7455	 1	157,74	 46,94	  -2,7	  -1,9	  -9,6	  -9,3	 -14,2	  -7,5
*	    58,0527	 1	149,21	 43,09	  -3,5	  -2,7	 -10,5	 -10,1	 -15,0	  -8,3
*	    60,7798	 1	156,69	 43,40	  -4,5	  -3,7	 -11,4	 -11,1	 -16,0	  -9,3
*	    36,7760	 1	205,80	 82,86	  -0,1	   5,8	  11,6	  14,0	   9,7	   2,7
*	    39,7170	 1	203,69	 83,41	  -1,7	   4,2	  10,1	  12,4	   8,1	   1,2
*	    39,9965	 1	196,20	 85,67	  -3,8	   2,1	   8,0	  10,3	   6,0	  -1,0
*	    40,7154	 1	174,11	 90,12	  -0,2	   6,8	  14,1	  14,7	   9,9	   3,5
*	    44,1863	 1	180,24	 89,22	  -1,8	   5,2	  12,6	  13,2	   8,3	   2,0
*	    48,0746	 1	185,86	 88,40	  -3,4	   3,6	  11,0	  11,6	   6,7	   0,3
*	    40,8964	 1	173,10	 83,51	  -0,3	   6,7	  14,1	  14,7	   9,8	   3,4
*	    44,3619	 1	179,27	 82,87	  -1,9	   5,2	  12,5	  13,1	   8,3	   1,9
*	    48,2431	 1	184,93	 82,34	  -3,5	   3,6	  10,9	  11,5	   6,6	   0,2
*	    41,7668	 1	172,10	 77,12	  -0,7	   6,3	  13,7	  14,2	   9,4	   3,0
*	    45,1891	 1	178,29	 76,70	  -2,2	   4,8	  12,2	  12,8	   7,9	   1,5
*	    49,0253	 1	184,00	 76,44	  -3,8	   3,2	  10,6	  11,2	   6,3	  -0,1
*	    43,2954	 1	171,11	 71,05	  -1,4	   5,6	  13,0	  13,6	   8,7	   2,3
*	    46,6407	 1	177,32	 70,82	  -2,9	   4,2	  11,5	  12,1	   7,3	   0,9
*	    50,3981	 1	183,07	 70,80	  -4,4	   2,7	  10,0	  10,6	   5,7	  -0,7
*	    45,4321	 1	170,12	 65,43	  -2,4	   4,7	  12,0	  12,6	   7,8	   1,4
*	    48,6734	 1	176,35	 65,36	  -3,7	   3,3	  10,7	  11,3	   6,4	  -0,0
*	    52,3244	 1	182,14	 65,53	  -5,1	   1,9	   9,3	   9,8	   5,0	  -1,5
*	    48,1154	 1	169,13	 60,30	  -3,5	   3,5	  10,9	  11,5	   6,6	   0,2
*	    51,2334	 1	175,38	 60,35	  -4,7	   2,3	   9,7	  10,2	   5,4	  -1,1
*	    54,7578	 1	181,21	 60,65	  -6,1	   1,0	   8,3	   8,9	   4,0	  -2,4
*	    51,2794	 1	168,15	 55,69	  -4,8	   2,3	   9,6	  10,2	   5,3	  -1,1
*	    54,2625	 1	174,42	 55,81	  -5,9	   1,1	   8,5	   9,1	   4,2	  -2,3
*	    57,6471	 1	180,28	 56,22	  -7,1	  -0,1	   7,3	   7,8	   3,0	  -3,5
*	    54,8595	 1	167,18	 51,57	  -6,1	   0,9	   8,3	   8,8	   4,0	  -2,5
*	    57,7023	 1	173,45	 51,73	  -7,2	  -0,1	   7,2	   7,8	   2,9	  -3,5
*	    60,9403	 1	179,35	 52,19	  -8,3	  -1,2	   6,1	   6,7	   1,8	  -4,7
*	    74,3210	 1	174,16	 40,74	 -10,5	  -4,6	   1,5	   1,8	  -3,0	  -9,6
*	    72,5415	 1	170,16	 40,45	 -10,0	  -4,0	   2,1	   2,3	  -2,5	  -9,0
*	    70,9226	 1	166,01	 40,30	  -9,5	  -3,6	   2,5	   2,8	  -2,0	  -8,5
*	    69,4728	 1	161,77	 40,30	  -9,1	  -3,1	   3,0	   3,2	  -1,5	  -8,1
*	    71,3660	 1	174,79	 42,53	  -9,7	  -3,7	   2,4	   2,6	  -2,1	  -8,7
*	    69,5263	 1	170,79	 42,23	  -9,1	  -3,1	   3,0	   3,2	  -1,6	  -8,1
*	    67,8501	 1	166,64	 42,07	  -8,6	  -2,6	   3,5	   3,7	  -1,0	  -7,6
*	    66,3468	 1	162,39	 42,05	  -8,1	  -2,1	   4,0	   4,2	  -0,6	  -7,1
*	    68,5139	 1	175,41	 44,45	  -8,8	  -2,8	   3,3	   3,5	  -1,2	  -7,8
*	    66,6120	 1	171,42	 44,15	  -8,2	  -2,2	   3,9	   4,1	  -0,6	  -7,2
*	    64,8766	 1	167,27	 43,98	  -7,6	  -1,7	   4,4	   4,7	  -0,1	  -6,6
*	    63,3178	 1	163,01	 43,97	  -7,1	  -1,2	   5,0	   5,2	   0,4	  -6,1
*	    65,7755	 1	176,04	 46,52	  -7,9	  -1,9	   4,2	   4,4	  -0,4	  -6,9
*	    63,8098	 1	172,05	 46,21	  -7,3	  -1,3	   4,8	   5,0	   0,3	  -6,2
*	    62,0134	 1	167,91	 46,05	  -6,7	  -0,7	   5,4	   5,6	   0,9	  -5,6
*	    60,3973	 1	163,64	 46,03	  -6,1	  -0,2	   5,9	   6,2	   1,4	  -5,0
*	    63,1625	 1	176,66	 48,74	  -7,1	  -1,1	   5,0	   5,2	   0,5	  -6,0
*	    61,1319	 1	172,69	 48,45	  -6,4	  -0,4	   5,7	   5,9	   1,2	  -5,3
*	    59,2732	 1	168,55	 48,28	  -5,8	   0,2	   6,3	   6,6	   1,8	  -4,6
*	    57,5982	 1	164,28	 48,27	  -5,2	   0,8	   6,9	   7,2	   2,4	  -4,0
*	    60,6878	 1	177,29	 51,15	  -6,2	  -0,3	   5,9	   6,1	   1,3	  -5,1
*	    58,5917	 1	173,33	 50,86	  -5,5	   0,5	   6,6	   6,8	   2,1	  -4,4
*	    56,6698	 1	169,19	 50,70	  -4,8	   1,2	   7,3	   7,5	   2,8	  -3,7
*	    54,9349	 1	164,92	 50,70	  -4,2	   1,8	   7,9	   8,1	   3,4	  -3,0
*	    51,4500	 1	 10,82	 56,04	   1,0	   1,8	  -5,9	  -5,6	 -10,5	  -3,7
*	    54,8638	 1	  3,88	 56,22	  -0,3	   0,5	  -7,2	  -6,9	 -11,8	  -5,1
*	    48,0005	 1	  9,72	 61,28	   2,4	   3,2	  -4,6	  -4,2	  -9,1	  -2,3
*	    51,5817	 1	  2,80	 61,35	   1,0	   1,7	  -6,0	  -5,6	 -10,5	  -3,8
*	    45,1681	 1	  8,62	 67,14	   3,6	   4,4	  -3,4	  -3,0	  -7,9	  -1,1
*	    48,8978	 1	  1,73	 67,05	   2,0	   2,8	  -4,9	  -4,5	  -9,5	  -2,7
*	    43,0426	 1	  7,51	 73,61	   4,5	   5,3	  -2,4	  -2,1	  -7,0	  -0,1
*	    46,8903	 1	  0,65	 73,30	   2,9	   3,7	  -4,1	  -3,7	  -8,6	  -1,8
*	    41,7033	 1	  6,39	 80,58	   5,1	   5,9	  -1,8	  -1,4	  -6,3	   0,5
*	    45,6270	 1	359,57	 79,99	   3,4	   4,2	  -3,5	  -3,1	  -8,1	  -1,3
*	    41,2072	 1	  5,27	 87,86	   5,4	   6,1	  -1,6	  -1,2	  -6,1	   0,7
*	    45,1562	 1	358,49	 86,95	   3,6	   4,4	  -3,3	  -2,9	  -7,8	  -1,0
*	    59,4905	 1	  3,39	 51,77	  -1,9	  -1,2	  -8,9	  -8,5	 -13,5	  -6,8
*	    56,1344	 1	 10,25	 51,44	  -0,8	   0,0	  -7,7	  -7,4	 -12,3	  -5,5
*	    63,6917	 1	  4,45	 47,75	  -3,4	  -2,6	 -10,3	 -10,0	 -14,9	  -8,2
*	    60,5151	 1	 11,33	 47,39	  -2,3	  -1,5	  -9,3	  -8,9	 -13,8	  -7,1
*	    68,2693	 1	  5,51	 44,19	  -4,8	  -4,1	 -11,8	 -11,5	 -16,4	  -9,7
*	    65,2678	 1	 12,40	 43,84	  -3,9	  -3,1	 -10,8	 -10,5	 -15,4	  -8,8
s	    44,0349	 1	 90,00	 23,56	  29,7	  33,0	  23,1	  23,4	  27,0	  24,4
*	    78,3643	 1	307,55	 37,79	   2,8	   6,2	  -3,8	  -3,5	   0,0	  -2,8
*	    66,2651	 1	324,98	 31,10	   6,4	   9,7	  -0,2	   0,1	   3,6	   0,9
*	    57,2589	 1	354,26	 27,47	   9,4	  12,7	   2,8	   3,1	   6,6	   4,0
*	    52,4541	 1	 26,55	 31,25	  11,1	  14,5	   4,5	   4,9	   8,4	   5,8
*	    73,7114	 1	286,81	 32,71	   4,2	   7,5	  -2,5	  -2,1	   1,4	  -1,4
*	    60,8910	 1	299,28	 21,65	   8,2	  11,5	   1,6	   1,9	   5,4	   2,8
*	    51,1952	 1	345,65	 11,84	  11,7	  15,0	   5,0	   5,4	   8,9	   6,3
*	    45,9420	 1	 51,84	 19,03	  13,7	  17,1	   7,1	   7,5	  11,0	   8,5
*	    46,1013	 1	 70,36	 33,70	  13,8	  17,1	   7,1	   7,5	  11,0	   8,5
*	    73,0976	 1	260,66	 31,93	   4,4	   7,7	  -2,3	  -1,9	   1,6	  -1,2
*	    60,1747	 1	253,01	 19,90	   8,4	  11,8	   1,8	   2,2	   5,7	   3,0
*	    50,3785	 1	205,13	  6,98	  12,0	  15,3	   5,4	   5,7	   9,3	   6,7
*	    45,0583	 1	113,22	 16,44	  14,1	  17,5	   7,5	   7,9	  11,4	   8,9
*	    45,2144	 1	101,04	 32,62	  14,1	  17,5	   7,5	   7,9	  11,4	   8,9
*	    76,6073	 1	237,74	 36,02	   3,3	   6,7	  -3,3	  -3,0	   0,5	  -2,3
*	    64,2466	 1	220,48	 28,07	   7,1	  10,4	   0,4	   0,8	   4,3	   1,6
*	    54,9941	 1	186,99	 23,18	  10,2	  13,5	   3,6	   3,9	   7,5	   4,8
*	    50,0313	 1	148,70	 27,56	  12,1	  15,4	   5,4	   5,8	   9,3	   6,7
*	    72,4242	 1	206,14	 38,16	   4,5	   7,8	  -2,2	  -1,8	   1,7	  -1,1
*	    64,0914	 1	184,03	 36,53	   7,0	  10,4	   0,4	   0,7	   4,2	   1,6
s	    46,3283	 2	 91,72	 30,14	  27,3	  31,7	  22,8	  23,4	  27,0	  24,4
s	    46,3459	 2	 88,16	 30,18	  28,5	  26,7	   2,7	   3,1	   6,6	  17,3
*	    49,7507	 1	188,83	 85,52	   3,4	   4,2	  -3,5	  -3,2	  -8,1	  -1,3
*	    53,4175	 1	195,03	 84,73	   2,0	   2,8	  -4,9	  -4,6	  -9,5	  -2,7
*	    50,2465	 1	187,82	 78,91	   3,2	   4,0	  -3,7	  -3,4	  -8,3	  -1,5
*	    53,8914	 1	194,07	 78,37	   1,8	   2,6	  -5,1	  -4,7	  -9,7	  -2,9
*	    51,4813	 1	186,80	 72,56	   2,7	   3,5	  -4,2	  -3,9	  -8,8	  -2,0
*	    55,0684	 1	193,11	 72,24	   1,4	   2,2	  -5,6	  -5,2	 -10,1	  -3,4
*	    53,4135	 1	185,77	 66,60	   2,0	   2,7	  -5,0	  -4,6	  -9,5	  -2,8
*	    56,9121	 1	192,14	 66,45	   0,7	   1,5	  -6,2	  -5,9	 -10,8	  -4,1
*	    55,9848	 1	184,75	 61,12	   1,0	   1,8	  -6,0	  -5,6	 -10,5	  -3,8
*	    59,3711	 1	191,16	 61,12	  -0,2	   0,6	  -7,1	  -6,8	 -11,7	  -5,0
*	    59,1281	 1	183,72	 56,14	  -0,1	   0,6	  -7,1	  -6,7	 -11,7	  -5,0
*	    62,3856	 1	190,18	 56,24	  -1,2	  -0,5	  -8,2	  -7,8	 -12,8	  -6,1
*	    66,5287	 1	181,73	 48,02	  -2,6	  -1,9	  -9,6	  -9,2	 -14,2	  -7,5
*	    69,5167	 1	188,27	 48,20	  -3,5	  -2,8	 -10,5	 -10,2	 -15,1	  -8,5
*	    70,9574	 1	180,70	 44,46	  -4,0	  -3,2	 -11,0	 -10,6	 -15,6	  -8,9
*	    73,8035	 1	187,27	 44,66	  -4,8	  -4,1	 -11,8	 -11,5	 -16,4	  -9,8
*	    59,3676	 1	356,34	 55,87	  -6,2	   0,8	   8,2	   8,8	   3,9	  -2,6
*	    62,1266	 1	350,69	 55,91	  -7,1	  -0,1	   7,3	   7,8	   2,9	  -3,6
*	    65,2465	 1	345,36	 56,19	  -8,1	  -1,1	   6,2	   6,8	   1,9	  -4,6
*	    56,5779	 1	355,45	 60,13	  -5,2	   1,8	   9,2	   9,8	   4,9	  -1,6
*	    59,4334	 1	349,83	 60,11	  -6,2	   0,8	   8,2	   8,8	   3,9	  -2,6
*	    62,6556	 1	344,54	 60,31	  -7,3	  -0,2	   7,1	   7,7	   2,8	  -3,7
*	    54,2098	 1	354,56	 64,78	  -4,3	   2,7	  10,1	  10,7	   5,8	  -0,7
*	    57,1521	 1	348,97	 64,67	  -5,4	   1,7	   9,0	   9,6	   4,7	  -1,8
*	    60,4661	 1	343,73	 64,75	  -6,5	   0,5	   7,9	   8,5	   3,6	  -2,9
*	    52,3081	 1	353,67	 69,80	  -3,6	   3,5	  10,8	  11,4	   6,5	   0,1
*	    55,3235	 1	348,12	 69,57	  -4,7	   2,3	   9,7	  10,3	   5,4	  -1,1
*	    58,7146	 1	342,93	 69,51	  -5,9	   1,1	   8,5	   9,1	   4,2	  -2,3
*	    50,9140	 1	352,78	 75,16	  -3,0	   4,0	  11,4	  12,0	   7,1	   0,7
*	    53,9847	 1	347,27	 74,76	  -4,2	   2,9	  10,2	  10,8	   5,9	  -0,5
*	    57,4341	 1	342,13	 74,54	  -5,4	   1,6	   9,0	   9,6	   4,7	  -1,8
*	    50,0613	 1	351,90	 80,76	  -2,7	   4,4	  11,7	  12,3	   7,4	   1,0
*	    53,1658	 1	346,43	 80,21	  -3,8	   3,2	  10,5	  11,1	   6,2	  -0,2
*	    56,6513	 1	341,34	 79,78	  -5,1	   1,9	   9,3	   9,9	   5,0	  -1,5
*	    49,7726	 1	351,02	 86,54	  -2,5	   4,5	  11,8	  12,4	   7,6	   1,1
*	    76,1320	 1	  1,41	 40,91	  -9,3	  -3,4	   2,7	   3,0	  -1,8	  -8,4
*	    77,6127	 1	357,45	 40,92	  -9,7	  -3,8	   2,3	   2,6	  -2,2	  -8,8
*	    79,2494	 1	353,57	 41,07	 -10,2	  -4,2	   1,9	   2,1	  -2,7	  -9,3
*	    81,0347	 1	349,82	 41,34	 -10,7	  -4,7	   1,4	   1,6	  -3,2	  -9,8
*	    73,2471	 1	  0,80	 42,69	  -8,5	  -2,5	   3,6	   3,8	  -1,0	  -7,5
*	    74,7733	 1	356,84	 42,71	  -8,9	  -3,0	   3,1	   3,4	  -1,4	  -8,0
*	    76,4587	 1	352,98	 42,86	  -9,4	  -3,4	   2,7	   2,9	  -1,9	  -8,5
*	    78,2952	 1	349,24	 43,13	  -9,9	  -3,9	   2,2	   2,4	  -2,4	  -9,0
*	    70,4658	 1	  0,19	 44,61	  -7,7	  -1,7	   4,4	   4,6	  -0,1	  -6,7
*	    72,0384	 1	356,24	 44,63	  -8,1	  -2,1	   4,0	   4,2	  -0,6	  -7,1
*	    73,7733	 1	352,38	 44,78	  -8,6	  -2,7	   3,4	   3,7	  -1,1	  -7,7
*	    75,6621	 1	348,67	 45,05	  -9,2	  -3,2	   2,9	   3,1	  -1,6	  -8,2
*	    67,7982	 1	359,57	 46,66	  -6,8	  -0,9	   5,2	   5,5	   0,7	  -5,8
*	    69,4180	 1	355,63	 46,68	  -7,3	  -1,3	   4,7	   5,0	   0,2	  -6,3
*	    71,2032	 1	351,79	 46,84	  -7,9	  -1,9	   4,2	   4,4	  -0,3	  -6,9
*	    73,1446	 1	348,09	 47,10	  -8,4	  -2,5	   3,6	   3,9	  -0,9	  -7,5
*	    65,2557	 1	358,96	 48,87	  -6,0	  -0,0	   6,1	   6,3	   1,5	  -5,0
*	    66,9230	 1	355,03	 48,90	  -6,5	  -0,6	   5,5	   5,8	   1,0	  -5,5
*	    68,7587	 1	351,20	 49,04	  -7,1	  -1,1	   5,0	   5,2	   0,4	  -6,1
*	    70,7529	 1	347,52	 49,30	  -7,7	  -1,7	   4,4	   4,6	  -0,2	  -6,7
*	    62,8504	 1	358,35	 51,25	  -5,2	   0,8	   6,9	   7,1	   2,3	  -4,2
*	    64,5652	 1	354,42	 51,26	  -5,8	   0,2	   6,3	   6,5	   1,8	  -4,7
*	    66,4512	 1	350,61	 51,39	  -6,4	  -0,4	   5,7	   5,9	   1,2	  -5,3
*	    68,4978	 1	346,96	 51,63	  -7,0	  -1,0	   5,1	   5,3	   0,5	  -6,0
s	    50,3280	 2	 90,00	 22,10	  26,7	  31,1	  22,2	  22,8	  26,4	  23,8
s	    51,1365	 3	100,63	102,10	  23,8	  31,6	  39,4	  38,2	  32,1	  25,4
s	    51,1422	 3	 78,72	102,08	  25,6	  27,1	  19,9	  18,4	  12,2	  18,8
s	    51,4923	 3	122,24	100,92	  25,6	  27,1	  19,8	  18,4	  12,2	  18,8
s	    51,5131	 3	 57,22	100,87	  23,8	  31,5	  39,3	  38,2	  32,0	  25,4
s	    52,0297	 3	143,00	 98,80	  23,7	  31,5	  39,3	  38,1	  32,0	  25,3
s	    52,0538	 3	 36,51	 98,74	  25,5	  27,0	  19,7	  18,3	  12,1	  18,7
s	    52,4091	 3	 91,67	 28,13	  23,9	  29,3	  21,5	  22,3	  26,0	  23,4
s	    52,4251	 3	 88,22	 28,17	  25,6	  24,8	   2,0	   2,6	   6,1	  16,8
*	    54,4910	 1	 71,63	 36,49	   2,5	   7,2	  20,3	  21,7	  18,6	  13,9
*	    53,5796	 1	101,49	 35,65	   2,8	   7,6	  20,7	  22,0	  19,0	  14,2
s	    56,1447	 2	356,47	 87,58	  27,6	  28,0	  19,7	  18,0	  11,8	  18,3
s	    56,1778	 2	182,99	 87,66	  25,8	  32,5	  39,2	  37,8	  31,6	  24,9
*	    57,6419	 1	201,59	 82,54	  -4,3	   2,7	  10,1	  10,7	   5,8	  -0,7
*	    58,1052	 1	200,85	 77,40	  -4,5	   2,5	   9,9	  10,5	   5,6	  -0,9
*	    60,7786	 1	205,83	 76,97	  -5,4	   1,6	   9,0	   9,6	   4,7	  -1,8
*	    63,8105	 1	210,56	 76,65	  -6,4	   0,6	   8,0	   8,6	   3,7	  -2,8
*	    59,0446	 1	200,09	 72,43	  -4,8	   2,2	   9,6	  10,1	   5,3	  -1,2
*	    61,6886	 1	205,12	 72,10	  -5,7	   1,3	   8,7	   9,3	   4,4	  -2,1
*	    64,6882	 1	209,90	 71,92	  -6,7	   0,3	   7,7	   8,3	   3,4	  -3,1
*	    60,4411	 1	199,33	 67,66	  -5,3	   1,7	   9,1	   9,6	   4,8	  -1,7
*	    63,0419	 1	204,41	 67,45	  -6,2	   0,8	   8,2	   8,8	   3,9	  -2,6
*	    65,9944	 1	209,24	 67,39	  -7,1	  -0,1	   7,3	   7,8	   2,9	  -3,6
*	    62,2687	 1	198,57	 63,16	  -6,0	   1,1	   8,4	   9,0	   4,1	  -2,4
*	    64,8146	 1	203,68	 63,03	  -6,8	   0,2	   7,6	   8,2	   3,3	  -3,2
*	    67,7075	 1	208,56	 63,08	  -7,7	  -0,7	   6,7	   7,3	   2,4	  -4,2
*	    64,4966	 1	197,79	 58,96	  -6,7	   0,3	   7,7	   8,2	   3,3	  -3,2
*	    66,9784	 1	202,95	 58,90	  -7,5	  -0,5	   6,9	   7,5	   2,6	  -4,0
*	    69,8015	 1	207,88	 59,03	  -8,4	  -1,3	   6,0	   6,6	   1,7	  -4,9
*	    67,0915	 1	197,01	 55,08	  -7,6	  -0,5	   6,8	   7,4	   2,5	  -4,0
*	    69,5023	 1	202,21	 55,06	  -8,3	  -1,3	   6,1	   6,7	   1,8	  -4,8
*	    72,2482	 1	207,19	 55,26	  -9,1	  -2,1	   5,3	   5,8	   0,9	  -5,6
*	    86,1800	 1	202,93	 41,61	 -10,6	  -4,6	   1,4	   1,7	  -3,1	  -9,8
*	    84,5366	 1	199,30	 41,41	 -10,2	  -4,2	   1,9	   2,1	  -2,7	  -9,3
*	    83,0398	 1	195,56	 41,34	  -9,8	  -3,8	   2,3	   2,5	  -2,3	  -8,9
*	    81,6960	 1	191,76	 41,38	  -9,5	  -3,5	   2,6	   2,8	  -2,0	  -8,6
*	    83,5750	 1	203,45	 43,41	  -9,9	  -4,0	   2,1	   2,4	  -2,4	  -9,1
*	    81,8895	 1	199,85	 43,22	  -9,5	  -3,5	   2,6	   2,8	  -2,0	  -8,6
*	    80,3534	 1	196,12	 43,13	  -9,1	  -3,1	   3,0	   3,2	  -1,6	  -8,2
*	    78,9734	 1	192,34	 43,18	  -8,7	  -2,7	   3,4	   3,6	  -1,2	  -7,8
*	    81,0778	 1	203,97	 45,33	  -9,3	  -3,3	   2,8	   3,0	  -1,7	  -8,4
*	    79,3498	 1	200,38	 45,14	  -8,8	  -2,8	   3,3	   3,5	  -1,3	  -7,9
*	    77,7739	 1	196,68	 45,06	  -8,4	  -2,4	   3,7	   3,9	  -0,8	  -7,4
*	    76,3574	 1	192,91	 45,10	  -8,0	  -2,0	   4,1	   4,3	  -0,5	  -7,0
*	    78,6969	 1	204,48	 47,37	  -8,6	  -2,6	   3,5	   3,7	  -1,1	  -7,7
*	    76,9264	 1	200,92	 47,18	  -8,1	  -2,1	   4,0	   4,2	  -0,6	  -7,2
*	    75,3107	 1	197,23	 47,10	  -7,7	  -1,7	   4,4	   4,6	  -0,1	  -6,7
*	    73,8574	 1	193,47	 47,14	  -7,2	  -1,3	   4,8	   5,0	   0,3	  -6,3
*	    76,4414	 1	204,98	 49,53	  -8,0	  -2,0	   4,1	   4,3	  -0,4	  -7,0
*	    74,6286	 1	201,44	 49,35	  -7,4	  -1,5	   4,6	   4,8	   0,1	  -6,5
*	    72,9732	 1	197,78	 49,29	  -7,0	  -1,0	   5,1	   5,3	   0,6	  -6,0
*	    71,4833	 1	194,04	 49,34	  -6,5	  -0,6	   5,5	   5,8	   1,0	  -5,6
*	    74,3208	 1	205,49	 51,83	  -7,3	  -1,4	   4,7	   5,0	   0,2	  -6,4
*	    72,4665	 1	201,97	 51,67	  -6,8	  -0,8	   5,3	   5,5	   0,7	  -5,8
*	    70,7719	 1	198,32	 51,61	  -6,3	  -0,3	   5,8	   6,0	   1,2	  -5,3
*	    69,2459	 1	194,60	 51,67	  -5,8	   0,1	   6,2	   6,5	   1,7	  -4,8
*	    66,3482	 1	341,74	 56,71	  -1,0	  -0,3	  -8,0	  -7,6	 -12,6	  -5,9
*	    69,2994	 1	335,66	 56,72	  -1,9	  -1,2	  -8,9	  -8,5	 -13,5	  -6,9
*	    63,5187	 1	340,83	 61,49	  -0,1	   0,7	  -7,0	  -6,7	 -11,6	  -5,0
*	    66,5653	 1	334,81	 61,40	  -1,1	  -0,3	  -8,0	  -7,7	 -12,6	  -5,9
*	    61,2285	 1	339,93	 66,68	   0,7	   1,5	  -6,3	  -5,9	 -10,8	  -4,1
*	    64,3565	 1	333,97	 66,49	  -0,3	   0,4	  -7,3	  -6,9	 -11,9	  -5,2
*	    59,5288	 1	339,04	 72,26	   1,3	   2,1	  -5,7	  -5,3	 -10,2	  -3,5
*	    62,7197	 1	333,15	 71,92	   0,2	   1,0	  -6,7	  -6,4	 -11,3	  -4,6
*	    58,4631	 1	338,16	 78,13	   1,7	   2,5	  -5,3	  -4,9	  -9,8	  -3,1
*	    61,6940	 1	332,33	 77,62	   0,6	   1,4	  -6,3	  -6,0	 -10,9	  -4,2
*	    78,1340	 1	344,66	 44,46	  -4,6	  -3,8	 -11,5	 -11,2	 -16,2	  -9,6
*	    73,9651	 1	343,72	 47,92	  -3,4	  -2,6	 -10,3	 -10,0	 -15,0	  -8,3
*	    76,6860	 1	337,52	 48,03	  -4,1	  -3,4	 -11,1	 -10,8	 -15,7	  -9,1
*	    70,1661	 1	342,79	 51,79	  -2,2	  -1,5	  -9,2	  -8,9	 -13,8	  -7,2
*	    72,9974	 1	336,65	 51,85	  -3,1	  -2,3	 -10,0	  -9,7	 -14,6	  -8,0
s	    62,7849	 3	 12,02	 90,09	  24,3	  25,9	  18,7	  18,6	  13,3	  19,6
s	    62,8194	 3	167,21	 90,21	  24,8	  26,4	  19,2	  19,1	  13,8	  20,1
s	    63,4119	 3	146,42	 93,11	  23,0	  30,8	  38,7	  38,8	  33,6	  26,7
s	    63,4386	 3	 33,01	 93,04	  26,0	  21,3	  -0,9	  -1,3	  -6,6	  12,9
s	    63,5213	 3	101,82	 96,79	  23,0	  30,8	  38,6	  38,8	  33,6	  26,7
s	    63,5223	 3	124,50	 95,46	  24,8	  26,3	  19,1	  19,0	  13,7	  20,0
s	    63,5619	 3	 77,45	 96,77	  26,0	  21,3	  -1,0	  -1,3	  -6,6	  12,9
s	    63,5634	 3	 54,88	 95,41	  24,2	  25,8	  18,6	  18,5	  13,2	  19,5
s	    63,6394	 3	 78,86	 96,81	  24,7	  26,3	  19,1	  19,0	  13,7	  20,0
s	    63,6835	 3	100,42	 96,84	  24,2	  25,8	  18,6	  18,5	  13,2	  19,5
s	    63,8859	 3	 56,25	 95,53	  22,9	  30,7	  38,6	  38,7	  33,5	  26,6
s	    63,9287	 3	123,13	 95,58	  26,0	  21,3	  -1,0	  -1,3	  -6,6	  12,8
s	    64,2944	 3	303,14	 81,05	  24,2	  30,6	  36,7	  34,6	  28,0	  20,9
s	    64,2985	 3	237,42	 81,00	  25,9	  26,1	  17,2	  14,9	   8,2	  14,3
s	    64,5829	 3	281,37	 79,83	  25,9	  26,1	  17,2	  14,8	   8,2	  14,2
s	    64,5870	 3	259,29	 79,82	  24,1	  30,6	  36,7	  34,6	  28,0	  20,8
*	    65,2303	 1	214,30	 78,13	   0,6	   1,3	  -6,4	  -6,0	 -11,0	  -4,3
*	    67,9874	 1	219,84	 77,65	  -0,3	   0,5	  -7,2	  -6,9	 -11,8	  -5,2
*	    66,1027	 1	213,57	 72,58	   0,3	   1,1	  -6,7	  -6,3	 -11,3	  -4,6
*	    68,8338	 1	219,18	 72,24	  -0,6	   0,2	  -7,5	  -7,2	 -12,1	  -5,5
*	    67,5676	 1	212,82	 67,26	  -0,2	   0,6	  -7,2	  -6,8	 -11,8	  -5,1
*	    70,2553	 1	218,50	 67,04	  -1,0	  -0,2	  -8,0	  -7,6	 -12,6	  -5,9
*	    69,5918	 1	212,06	 62,25	  -0,8	  -0,1	  -7,8	  -7,5	 -12,4	  -5,8
*	    72,2217	 1	217,81	 62,13	  -1,6	  -0,9	  -8,6	  -8,2	 -13,2	  -6,6
*	    72,1344	 1	211,29	 57,60	  -1,6	  -0,9	  -8,6	  -8,3	 -13,2	  -6,6
*	    74,6948	 1	217,10	 57,54	  -2,4	  -1,6	  -9,3	  -9,0	 -14,0	  -7,3
*	    75,1498	 1	210,50	 53,30	  -2,5	  -1,8	  -9,5	  -9,2	 -14,1	  -7,5
*	    77,6323	 1	216,39	 53,30	  -3,2	  -2,5	 -10,2	  -9,9	 -14,8	  -8,2
*	    75,7553	 1	210,36	 52,55	  -2,7	  -2,0	  -9,7	  -9,3	 -14,3	  -7,7
*	    78,2227	 1	216,25	 52,57	  -3,4	  -2,6	 -10,4	 -10,0	 -15,0	  -8,4
*	    79,2705	 1	209,56	 48,71	  -3,7	  -3,0	 -10,7	 -10,4	 -15,3	  -8,7
*	    81,6538	 1	215,52	 48,75	  -4,4	  -3,6	 -11,3	 -11,0	 -16,0	  -9,4
*	    83,1577	 1	208,75	 45,23	  -4,8	  -4,0	 -11,8	 -11,4	 -16,4	  -9,8
*	    73,1538	 1	329,11	 56,01	  -8,4	  -1,4	   5,9	   6,5	   1,6	  -5,0
*	    75,1526	 1	324,30	 55,94	  -9,0	  -2,0	   5,4	   5,9	   1,0	  -5,6
*	    77,4681	 1	319,66	 56,05	  -9,6	  -2,6	   4,7	   5,3	   0,4	  -6,2
*	    70,8843	 1	328,47	 59,70	  -7,7	  -0,7	   6,6	   7,2	   2,3	  -4,3
*	    72,9309	 1	323,70	 59,60	  -8,3	  -1,3	   6,0	   6,6	   1,7	  -4,9
*	    75,3004	 1	319,11	 59,66	  -9,0	  -2,0	   5,4	   5,9	   1,0	  -5,6
*	    68,9482	 1	327,84	 63,63	  -7,1	  -0,1	   7,3	   7,8	   2,9	  -3,6
*	    71,0374	 1	323,12	 63,48	  -7,7	  -0,7	   6,6	   7,2	   2,3	  -4,3
*	    73,4549	 1	318,57	 63,47	  -8,4	  -1,4	   5,9	   6,5	   1,6	  -5,0
*	    67,3700	 1	327,22	 67,80	  -6,6	   0,4	   7,8	   8,3	   3,4	  -3,1
*	    69,4951	 1	322,54	 67,58	  -7,3	  -0,2	   7,1	   7,7	   2,8	  -3,8
*	    71,9532	 1	318,04	 67,49	  -8,0	  -1,0	   6,4	   7,0	   2,1	  -4,5
*	    66,1720	 1	326,61	 72,18	  -6,2	   0,8	   8,2	   8,7	   3,8	  -2,7
*	    68,3249	 1	321,97	 71,87	  -6,9	   0,1	   7,5	   8,1	   3,2	  -3,4
*	    70,8147	 1	317,52	 71,69	  -7,6	  -0,6	   6,7	   7,3	   2,4	  -4,1
*	    65,3723	 1	326,00	 76,70	  -5,9	   1,1	   8,4	   9,0	   4,1	  -2,4
*	    67,5441	 1	321,41	 76,32	  -6,6	   0,4	   7,8	   8,3	   3,4	  -3,1
*	    70,0552	 1	317,01	 76,04	  -7,4	  -0,4	   7,0	   7,6	   2,7	  -3,9
*	    87,7531	 1	333,04	 41,69	  -9,8	  -3,8	   2,2	   2,5	  -2,3	  -9,0
*	    88,9446	 1	329,40	 41,64	 -10,1	  -4,1	   1,9	   2,2	  -2,6	  -9,3
*	    90,2854	 1	325,81	 41,71	 -10,4	  -4,5	   1,6	   1,8	  -3,0	  -9,6
*	    91,7703	 1	322,32	 41,88	 -10,8	  -4,8	   1,3	   1,5	  -3,3	 -10,0
*	    85,1882	 1	332,54	 43,49	  -9,2	  -3,2	   2,9	   3,1	  -1,7	  -8,3
*	    86,4079	 1	328,92	 43,44	  -9,5	  -3,5	   2,6	   2,8	  -2,0	  -8,6
*	    87,7800	 1	325,36	 43,51	  -9,8	  -3,8	   2,3	   2,5	  -2,3	  -9,0
*	    89,2990	 1	321,89	 43,69	 -10,2	  -4,2	   1,9	   2,1	  -2,7	  -9,4
*	    82,7311	 1	332,05	 45,40	  -8,5	  -2,5	   3,6	   3,8	  -1,0	  -7,6
*	    83,9791	 1	328,45	 45,36	  -8,8	  -2,9	   3,2	   3,5	  -1,3	  -8,0
*	    85,3825	 1	324,91	 45,42	  -9,2	  -3,2	   2,9	   3,1	  -1,7	  -8,3
*	    86,9355	 1	321,47	 45,59	  -9,6	  -3,6	   2,5	   2,7	  -2,1	  -8,7
*	    80,3901	 1	331,56	 47,43	  -7,9	  -1,9	   4,2	   4,4	  -0,4	  -7,0
*	    81,6662	 1	327,98	 47,38	  -8,2	  -2,2	   3,9	   4,1	  -0,7	  -7,3
*	    83,1009	 1	324,47	 47,45	  -8,6	  -2,6	   3,5	   3,7	  -1,1	  -7,7
*	    84,6877	 1	321,05	 47,61	  -9,0	  -3,0	   3,1	   3,3	  -1,5	  -8,1
*	    78,1740	 1	331,08	 49,59	  -7,2	  -1,3	   4,8	   5,0	   0,3	  -6,3
*	    79,4779	 1	327,52	 49,53	  -7,6	  -1,6	   4,5	   4,7	  -0,1	  -6,7
*	    80,9434	 1	324,03	 49,59	  -8,0	  -2,0	   4,1	   4,3	  -0,5	  -7,1
*	    82,5636	 1	320,64	 49,74	  -8,4	  -2,4	   3,7	   3,9	  -0,9	  -7,5
*	    76,0920	 1	330,60	 51,87	  -6,6	  -0,7	   5,4	   5,6	   0,9	  -5,7
*	    77,4231	 1	327,07	 51,81	  -7,0	  -1,0	   5,1	   5,3	   0,5	  -6,1
*	    78,9188	 1	323,60	 51,84	  -7,4	  -1,4	   4,6	   4,9	   0,1	  -6,5
*	    80,5716	 1	320,23	 51,99	  -7,9	  -1,9	   4,2	   4,4	  -0,4	  -7,0
*	    69,4645	 1	266,36	 71,27	 -11,1	  -4,1	   3,3	   3,9	  -1,0	  -7,6
*	    69,3396	 1	269,14	 71,23	 -11,0	  -4,0	   3,3	   3,9	  -1,0	  -7,5
*	    69,9317	 1	266,33	 68,69	 -11,2	  -4,2	   3,1	   3,7	  -1,2	  -7,8
*	    69,8077	 1	269,14	 68,65	 -11,2	  -4,2	   3,2	   3,8	  -1,2	  -7,7
*	    70,5206	 1	266,30	 66,16	 -11,4	  -4,4	   2,9	   3,5	  -1,4	  -8,0
*	    70,3976	 1	269,13	 66,12	 -11,4	  -4,4	   3,0	   3,6	  -1,4	  -7,9
*	    71,2284	 1	266,27	 63,69	 -11,7	  -4,6	   2,7	   3,3	  -1,6	  -8,2
*	    71,1065	 1	269,12	 63,64	 -11,6	  -4,6	   2,7	   3,3	  -1,6	  -8,1
*	    72,0516	 1	266,25	 61,29	 -11,9	  -4,9	   2,4	   3,0	  -1,9	  -8,5
*	    71,9310	 1	269,12	 61,24	 -11,9	  -4,9	   2,5	   3,1	  -1,9	  -8,4
*	    72,9868	 1	266,22	 58,96	 -12,2	  -5,2	   2,1	   2,7	  -2,2	  -8,8
*	    72,8676	 1	269,11	 58,90	 -12,2	  -5,2	   2,2	   2,8	  -2,2	  -8,7
*	    74,0299	 1	266,19	 56,70	 -12,5	  -5,5	   1,8	   2,4	  -2,5	  -9,1
*	    73,9123	 1	269,10	 56,64	 -12,5	  -5,5	   1,9	   2,4	  -2,5	  -9,1
*	    73,6712	 1	278,94	 58,97	 -12,4	  -5,4	   1,9	   2,5	  -2,4	  -9,0
*	    73,2960	 1	276,10	 58,80	 -12,3	  -5,3	   2,0	   2,6	  -2,3	  -8,9
*	    72,7301	 1	278,87	 61,29	 -12,1	  -5,1	   2,2	   2,8	  -2,1	  -8,7
*	    72,3504	 1	276,05	 61,11	 -12,0	  -5,0	   2,3	   2,9	  -2,0	  -8,6
*	    71,8998	 1	278,81	 63,66	 -11,9	  -4,9	   2,5	   3,1	  -1,8	  -8,4
*	    71,5160	 1	276,01	 63,49	 -11,8	  -4,7	   2,6	   3,2	  -1,7	  -8,3
*	    71,1839	 1	278,74	 66,10	 -11,7	  -4,6	   2,7	   3,3	  -1,6	  -8,2
*	    70,7965	 1	275,96	 65,94	 -11,5	  -4,5	   2,8	   3,4	  -1,5	  -8,1
*	    70,5857	 1	278,68	 68,60	 -11,5	  -4,4	   2,9	   3,5	  -1,4	  -8,0
*	    70,1951	 1	275,92	 68,47	 -11,3	  -4,3	   3,0	   3,6	  -1,3	  -7,8
*	    70,1080	 1	278,62	 71,14	 -11,3	  -4,3	   3,1	   3,7	  -1,3	  -7,8
*	    69,7148	 1	275,88	 71,02	 -11,2	  -4,1	   3,2	   3,8	  -1,1	  -7,7
*	    74,0742	 1	272,10	 56,41	  -1,0	  -0,3	  -8,0	  -7,6	 -12,6	  -6,0
*	    71,9155	 1	272,06	 61,39	  -0,3	   0,4	  -7,3	  -7,0	 -11,9	  -5,3
*	    70,2862	 1	272,03	 66,71	   0,2	   0,9	  -6,8	  -6,4	 -11,4	  -4,7
*	    75,2324	 1	258,18	 57,02	 -12,9	  -5,9	   1,4	   2,0	  -2,9	  -9,5
*	    75,8746	 1	255,43	 57,34	 -13,1	  -6,1	   1,2	   1,8	  -3,1	  -9,7
*	    74,1909	 1	258,26	 59,23	 -12,6	  -5,6	   1,7	   2,3	  -2,6	  -9,2
*	    74,8413	 1	255,54	 59,54	 -12,8	  -5,8	   1,6	   2,1	  -2,8	  -9,4
*	    73,2560	 1	258,35	 61,52	 -12,3	  -5,3	   2,0	   2,6	  -2,3	  -8,9
*	    73,9139	 1	255,64	 61,81	 -12,5	  -5,5	   1,8	   2,4	  -2,5	  -9,1
*	    72,4312	 1	258,44	 63,88	 -12,1	  -5,0	   2,3	   2,9	  -2,0	  -8,6
*	    73,0961	 1	255,75	 64,15	 -12,3	  -5,3	   2,1	   2,7	  -2,2	  -8,8
*	    71,7203	 1	258,52	 66,29	 -11,8	  -4,8	   2,5	   3,1	  -1,8	  -8,4
*	    72,3913	 1	255,85	 66,54	 -12,1	  -5,0	   2,3	   2,9	  -2,0	  -8,6
*	    71,1263	 1	258,60	 68,77	 -11,6	  -4,6	   2,7	   3,3	  -1,6	  -8,2
*	    71,8025	 1	255,95	 68,99	 -11,9	  -4,8	   2,5	   3,1	  -1,8	  -8,4
*	    70,6521	 1	258,68	 71,30	 -11,5	  -4,5	   2,9	   3,5	  -1,5	  -8,0
*	    71,3326	 1	256,05	 71,50	 -11,7	  -4,7	   2,7	   3,2	  -1,7	  -8,2
*	    74,6327	 1	261,60	 56,70	  -1,2	  -0,4	  -8,2	  -7,8	 -12,8	  -6,2
*	    72,4893	 1	261,74	 61,65	  -0,5	   0,2	  -7,5	  -7,2	 -12,1	  -5,5
*	    70,8723	 1	261,87	 66,92	  -0,0	   0,8	  -7,0	  -6,6	 -11,6	  -4,9
*	    71,0373	 1	226,07	 76,42	  -6,0	   1,0	   8,4	   8,9	   4,0	  -2,5
*	    71,8076	 1	225,55	 71,75	  -6,2	   0,8	   8,1	   8,7	   3,8	  -2,8
*	    73,3929	 1	230,43	 71,42	  -6,7	   0,3	   7,7	   8,2	   3,3	  -3,2
*	    75,3871	 1	235,18	 71,23	  -7,3	  -0,2	   7,1	   7,7	   2,8	  -3,8
*	    73,0181	 1	225,02	 67,23	  -6,6	   0,4	   7,7	   8,3	   3,4	  -3,2
*	    74,5843	 1	229,95	 66,95	  -7,1	  -0,0	   7,3	   7,9	   3,0	  -3,6
*	    76,5541	 1	234,76	 66,83	  -7,6	  -0,6	   6,7	   7,3	   2,4	  -4,2
*	    74,6493	 1	224,48	 62,91	  -7,1	  -0,1	   7,2	   7,8	   2,9	  -3,7
*	    76,1902	 1	229,47	 62,68	  -7,5	  -0,5	   6,8	   7,4	   2,5	  -4,1
*	    78,1279	 1	234,33	 62,62	  -8,1	  -1,1	   6,3	   6,9	   1,9	  -4,7
*	    76,6772	 1	223,92	 58,84	  -7,7	  -0,7	   6,6	   7,2	   2,3	  -4,3
*	    78,1877	 1	228,97	 58,63	  -8,1	  -1,1	   6,2	   6,8	   1,9	  -4,7
*	    80,0869	 1	233,89	 58,63	  -8,6	  -1,6	   5,7	   6,3	   1,4	  -5,3
*	    79,0746	 1	223,36	 55,02	  -8,4	  -1,4	   5,9	   6,5	   1,6	  -5,0
*	    80,5506	 1	228,46	 54,84	  -8,8	  -1,8	   5,6	   6,1	   1,2	  -5,4
*	    82,4063	 1	233,44	 54,88	  -9,3	  -2,3	   5,1	   5,6	   0,7	  -5,9
*	    93,3437	 1	233,08	 43,82	  -9,2	  -3,3	   2,8	   3,0	  -1,8	  -8,5
*	    92,0013	 1	229,26	 43,67	  -8,9	  -2,9	   3,2	   3,4	  -1,4	  -8,1
*	    90,8446	 1	225,37	 43,66	  -8,6	  -2,7	   3,4	   3,6	  -1,2	  -7,8
*	    89,8795	 1	221,44	 43,79	  -8,4	  -2,4	   3,7	   3,9	  -0,9	  -7,6
*	    90,8317	 1	233,42	 45,95	  -8,6	  -2,6	   3,5	   3,7	  -1,1	  -7,8
*	    89,4585	 1	229,65	 45,82	  -8,3	  -2,3	   3,8	   4,0	  -0,8	  -7,5
*	    88,2752	 1	225,79	 45,81	  -8,0	  -2,0	   4,1	   4,3	  -0,5	  -7,2
*	    87,2878	 1	221,89	 45,93	  -7,7	  -1,8	   4,3	   4,5	  -0,2	  -6,9
*	    88,4642	 1	233,77	 48,22	  -8,0	  -2,0	   4,1	   4,3	  -0,5	  -7,2
*	    87,0607	 1	230,02	 48,09	  -7,6	  -1,7	   4,4	   4,6	  -0,2	  -6,8
*	    85,8509	 1	226,19	 48,08	  -7,3	  -1,4	   4,7	   4,9	   0,1	  -6,5
*	    84,8416	 1	222,33	 48,21	  -7,1	  -1,1	   5,0	   5,2	   0,4	  -6,2
*	    86,2514	 1	234,10	 50,61	  -7,4	  -1,4	   4,6	   4,9	   0,1	  -6,6
*	    84,8183	 1	230,39	 50,50	  -7,1	  -1,1	   5,0	   5,2	   0,4	  -6,2
*	    83,5828	 1	226,60	 50,50	  -6,7	  -0,8	   5,3	   5,5	   0,8	  -5,9
*	    82,5521	 1	222,76	 50,63	  -6,5	  -0,5	   5,6	   5,8	   1,0	  -5,6
*	    78,2033	 1	315,69	 56,67	  -2,3	  -1,6	  -9,3	  -9,0	 -13,9	  -7,3
*	    79,9503	 1	309,99	 56,51	  -2,8	  -2,0	  -9,8	  -9,4	 -14,4	  -7,8
*	    82,1771	 1	304,48	 56,59	  -3,4	  -2,6	 -10,4	 -10,0	 -15,0	  -8,4
*	    75,7206	 1	315,07	 61,12	  -1,6	  -0,8	  -8,6	  -8,2	 -13,2	  -6,6
*	    77,5104	 1	309,44	 60,90	  -2,1	  -1,3	  -9,1	  -8,7	 -13,7	  -7,1
*	    79,7918	 1	304,01	 60,92	  -2,7	  -2,0	  -9,7	  -9,3	 -14,3	  -7,7
*	    73,7246	 1	314,46	 65,87	  -1,0	  -0,2	  -8,0	  -7,6	 -12,6	  -6,0
*	    75,5504	 1	308,91	 65,60	  -1,5	  -0,8	  -8,5	  -8,1	 -13,1	  -6,5
*	    77,8777	 1	303,54	 65,55	  -2,2	  -1,4	  -9,1	  -8,8	 -13,8	  -7,2
*	    72,2512	 1	313,87	 70,89	  -0,5	   0,2	  -7,5	  -7,2	 -12,1	  -5,5
*	    74,1043	 1	308,38	 70,56	  -1,1	  -0,3	  -8,0	  -7,7	 -12,7	  -6,0
*	    76,4667	 1	303,09	 70,41	  -1,7	  -1,0	  -8,7	  -8,4	 -13,3	  -6,7
*	    71,3296	 1	313,29	 76,12	  -0,3	   0,5	  -7,2	  -6,9	 -11,8	  -5,2
*	    73,1998	 1	307,87	 75,72	  -0,8	  -0,0	  -7,7	  -7,4	 -12,4	  -5,7
*	    84,3259	 1	306,55	 52,50	  -4,0	  -3,2	 -11,0	 -10,6	 -15,6	  -9,1
*	    82,2924	 1	312,20	 52,44	  -3,5	  -2,7	 -10,4	 -10,1	 -15,1	  -8,5
*	    80,7330	 1	317,99	 52,66	  -3,1	  -2,3	 -10,0	  -9,7	 -14,7	  -8,1
*	    85,5935	 1	312,79	 48,68	  -4,3	  -3,6	 -11,3	 -11,0	 -16,0	  -9,4
*	    84,0815	 1	318,66	 48,88	  -4,0	  -3,2	 -10,9	 -10,6	 -15,6	  -9,0
*	    73,2330	 1	282,22	 61,98	  -0,8	  -0,0	  -7,7	  -7,4	 -12,4	  -5,7
*	    71,6317	 1	282,03	 67,19	  -0,3	   0,5	  -7,2	  -6,9	 -11,8	  -5,2
*	    77,1835	 1	288,79	 57,98	 -13,5	  -6,5	   0,8	   1,4	  -3,5	 -10,1
*	    76,1664	 1	288,65	 60,15	 -13,2	  -6,2	   1,1	   1,7	  -3,2	  -9,8
*	    75,2982	 1	286,08	 59,75	 -13,0	  -6,0	   1,4	   2,0	  -3,0	  -9,6
*	    75,2541	 1	288,52	 62,38	 -13,0	  -5,9	   1,4	   2,0	  -2,9	  -9,5
*	    74,3760	 1	285,96	 62,01	 -12,7	  -5,7	   1,7	   2,2	  -2,7	  -9,3
*	    74,4499	 1	288,39	 64,67	 -12,7	  -5,7	   1,6	   2,2	  -2,7	  -9,3
*	    73,5630	 1	285,85	 64,33	 -12,4	  -5,4	   1,9	   2,5	  -2,4	  -9,0
*	    73,7571	 1	288,27	 67,02	 -12,5	  -5,5	   1,9	   2,4	  -2,5	  -9,1
*	    72,8623	 1	285,74	 66,71	 -12,2	  -5,2	   2,1	   2,7	  -2,2	  -8,8
*	    73,1787	 1	288,14	 69,43	 -12,3	  -5,3	   2,0	   2,6	  -2,3	  -8,9
*	    72,2772	 1	285,63	 69,15	 -12,0	  -5,0	   2,3	   2,9	  -2,0	  -8,6
*	    72,7173	 1	288,02	 71,88	 -12,2	  -5,2	   2,2	   2,8	  -2,1	  -8,7
*	    71,8103	 1	285,52	 71,62	 -11,9	  -4,9	   2,5	   3,1	  -1,9	  -8,4
*	    72,2043	 1	253,42	 71,59	  -0,5	   0,3	  -7,4	  -7,1	 -12,0	  -5,4
*	    73,3783	 1	253,17	 66,29	  -0,8	  -0,1	  -7,8	  -7,5	 -12,4	  -5,8
*	    75,0920	 1	252,91	 61,25	  -1,4	  -0,6	  -8,3	  -8,0	 -13,0	  -6,4
*	    79,2819	 1	246,30	 58,96	 -14,2	  -7,2	   0,2	   0,7	  -4,2	 -10,8
*	    77,1723	 1	248,84	 60,59	 -13,6	  -6,6	   0,8	   1,4	  -3,6	 -10,2
*	    78,2898	 1	246,46	 61,06	 -13,9	  -6,9	   0,5	   1,0	  -3,9	 -10,5
*	    76,2709	 1	248,99	 62,80	 -13,3	  -6,3	   1,1	   1,6	  -3,3	  -9,9
*	    77,4004	 1	246,62	 63,23	 -13,6	  -6,6	   0,7	   1,3	  -3,6	 -10,2
*	    75,4767	 1	249,13	 65,05	 -13,1	  -6,0	   1,3	   1,9	  -3,0	  -9,6
*	    76,6170	 1	246,77	 65,46	 -13,4	  -6,4	   1,0	   1,5	  -3,4	 -10,0
*	    74,7928	 1	249,27	 67,37	 -12,9	  -5,8	   1,5	   2,1	  -2,8	  -9,4
*	    75,9426	 1	246,93	 67,74	 -13,2	  -6,2	   1,2	   1,7	  -3,2	  -9,8
*	    74,2220	 1	249,41	 69,74	 -12,7	  -5,7	   1,7	   2,3	  -2,7	  -9,2
*	    75,3800	 1	247,08	 70,07	 -13,0	  -6,0	   1,3	   1,9	  -3,0	  -9,6
*	    73,7668	 1	249,55	 72,14	 -12,5	  -5,5	   1,8	   2,4	  -2,5	  -9,1
*	    74,9314	 1	247,23	 72,44	 -12,9	  -5,9	   1,5	   2,1	  -2,9	  -9,5
*	    74,4472	 1	291,83	 72,18	  -1,2	  -0,4	  -8,2	  -7,8	 -12,8	  -6,2
*	    75,5883	 1	292,15	 67,06	  -1,6	  -0,8	  -8,5	  -8,2	 -13,1	  -6,5
*	    77,2565	 1	292,47	 62,16	  -2,1	  -1,3	  -9,0	  -8,7	 -13,7	  -7,1
*	    74,6772	 1	267,06	 55,32	 -12,7	  -5,7	   1,6	   2,2	  -2,7	  -9,3
*	    75,8869	 1	267,04	 53,20	 -13,1	  -6,1	   1,3	   1,8	  -3,1	  -9,7
*	    74,9404	 1	240,52	 72,80	  -1,5	  -0,8	  -8,5	  -8,1	 -13,1	  -6,5
*	    76,0714	 1	240,11	 67,75	  -1,9	  -1,1	  -8,8	  -8,5	 -13,5	  -6,9
*	    77,7264	 1	239,69	 62,92	  -2,4	  -1,6	  -9,3	  -9,0	 -14,0	  -7,4
*	    79,8753	 1	239,26	 58,36	  -3,0	  -2,2	  -9,9	  -9,6	 -14,6	  -8,0
*	    82,4832	 1	238,81	 54,11	  -3,7	  -3,0	 -10,7	 -10,3	 -15,3	  -8,8
*	    84,1373	 1	238,56	 51,86	  -4,2	  -3,4	 -11,1	 -10,8	 -15,8	  -9,2
*	    75,0704	 1	270,00	 54,42	  -3,0	  -2,2	  -9,9	  -9,6	 -14,5	  -7,9
*	    75,0838	 1	277,61	 55,55	 -12,9	  -5,9	   1,5	   2,1	  -2,9	  -9,4
*	    76,2876	 1	277,67	 53,43	 -13,2	  -6,2	   1,1	   1,7	  -3,2	  -9,8
*	    81,2999	 1	297,33	 59,82	 -14,8	  -7,8	  -0,4	   0,1	  -4,8	 -11,4
*	    80,0042	 1	295,10	 59,27	 -14,4	  -7,4	  -0,1	   0,5	  -4,4	 -11,1
*	    80,3305	 1	297,16	 61,88	 -14,5	  -7,5	  -0,2	   0,4	  -4,5	 -11,2
*	    79,0204	 1	294,94	 61,36	 -14,2	  -7,1	   0,2	   0,8	  -4,2	 -10,8
*	    79,4620	 1	296,99	 64,00	 -14,3	  -7,3	   0,1	   0,7	  -4,3	 -10,9
*	    78,1386	 1	294,78	 63,51	 -13,9	  -6,9	   0,5	   1,0	  -3,9	 -10,5
*	    78,6975	 1	296,81	 66,16	 -14,1	  -7,0	   0,3	   0,9	  -4,0	 -10,7
*	    77,3621	 1	294,61	 65,72	 -13,7	  -6,7	   0,7	   1,3	  -3,7	 -10,3
*	    78,0398	 1	296,64	 68,39	 -13,9	  -6,9	   0,5	   1,1	  -3,9	 -10,5
*	    76,6938	 1	294,45	 67,98	 -13,5	  -6,5	   0,9	   1,5	  -3,5	 -10,1
*	    77,4914	 1	296,48	 70,66	 -13,7	  -6,7	   0,7	   1,2	  -3,7	 -10,3
*	    76,1364	 1	294,30	 70,29	 -13,3	  -6,3	   1,1	   1,6	  -3,3	  -9,9
*	    77,0545	 1	296,31	 72,95	 -13,6	  -6,6	   0,8	   1,4	  -3,6	 -10,2
*	    75,6921	 1	294,14	 72,63	 -13,2	  -6,2	   1,2	   1,8	  -3,1	  -9,7
*	    83,5288	 1	302,51	 54,10	 -15,5	  -8,5	  -1,2	  -0,6	  -5,5	 -12,2
*	    82,2648	 1	302,30	 55,98	 -15,2	  -8,2	  -0,8	  -0,3	  -5,2	 -11,8
*	    81,0924	 1	302,10	 57,93	 -14,9	  -7,8	  -0,5	   0,1	  -4,9	 -11,5
*	    80,0153	 1	301,89	 59,95	 -14,6	  -7,5	  -0,2	   0,4	  -4,5	 -11,2
*	    79,0369	 1	301,69	 62,03	 -14,3	  -7,3	   0,1	   0,7	  -4,3	 -10,9
*	    78,1606	 1	301,48	 64,17	 -14,0	  -7,0	   0,3	   0,9	  -4,0	 -10,6
*	    77,3896	 1	301,29	 66,36	 -13,8	  -6,8	   0,6	   1,1	  -3,8	 -10,4
*	    76,7267	 1	301,09	 68,61	 -13,6	  -6,6	   0,8	   1,3	  -3,6	 -10,2
*	    76,1745	 1	300,89	 70,90	 -13,4	  -6,4	   0,9	   1,5	  -3,4	 -10,0
*	    75,7353	 1	300,70	 73,21	 -13,3	  -6,3	   1,1	   1,6	  -3,3	  -9,9
*	    84,1622	 1	301,39	 51,87	 -13,3	  -7,3	  -1,2	  -1,0	  -5,8	 -12,4
*	    85,0176	 1	302,97	 52,35	 -13,5	  -7,5	  -1,5	  -1,2	  -6,0	 -12,7
*	    85,1693	 1	301,54	 50,62	 -13,6	  -7,6	  -1,5	  -1,3	  -6,1	 -12,7
*	    86,0157	 1	303,12	 51,11	 -13,8	  -7,8	  -1,7	  -1,5	  -6,3	 -12,9
*	    86,2168	 1	301,69	 49,40	 -13,8	  -7,9	  -1,8	  -1,6	  -6,3	 -13,0
*	    87,0540	 1	303,27	 49,90	 -14,1	  -8,1	  -2,0	  -1,8	  -6,6	 -13,2
*	    87,3035	 1	301,84	 48,23	 -14,1	  -8,2	  -2,1	  -1,8	  -6,6	 -13,3
*	    88,1314	 1	303,43	 48,72	 -14,3	  -8,4	  -2,3	  -2,1	  -6,9	 -13,5
*	    88,4280	 1	301,99	 47,07	 -14,4	  -8,4	  -2,4	  -2,1	  -6,9	 -13,6
*	    89,2466	 1	303,58	 47,58	 -14,6	  -8,7	  -2,6	  -2,3	  -7,1	 -13,8
*	    89,5891	 1	302,14	 45,96	 -14,7	  -8,7	  -2,7	  -2,4	  -7,2	 -13,9
*	    90,3982	 1	303,74	 46,48	 -14,9	  -8,9	  -2,9	  -2,6	  -7,4	 -14,1
*	    90,7856	 1	302,30	 44,87	 -15,0	  -9,0	  -3,0	  -2,7	  -7,5	 -14,2
*	    91,5852	 1	303,90	 45,39	 -15,2	  -9,2	  -3,2	  -2,9	  -7,7	 -14,4
*	    92,0162	 1	302,45	 43,82	 -15,3	  -9,4	  -3,3	  -3,1	  -7,8	 -14,5
*	    92,8064	 1	304,06	 44,35	 -15,5	  -9,5	  -3,5	  -3,2	  -8,0	 -14,7
*	    93,2799	 1	302,61	 42,80	 -15,6	  -9,7	  -3,6	  -3,4	  -8,2	 -14,9
*	    94,0605	 1	304,22	 43,32	 -15,8	  -9,9	  -3,8	  -3,6	  -8,4	 -15,1
*	    94,5753	 1	302,77	 41,81	 -15,9	 -10,0	  -3,9	  -3,7	  -8,5	 -15,2
*	    95,3465	 1	304,38	 42,33	 -16,1	 -10,2	  -4,1	  -3,9	  -8,7	 -15,4
*	    75,9799	 1	280,51	 54,93	  -3,3	  -2,5	 -10,2	  -9,9	 -14,8	  -8,2
*	    78,9780	 1	243,49	 64,26	  -2,5	  -1,8	  -9,5	  -9,2	 -14,1	  -7,6
*	    77,4872	 1	243,85	 69,07	  -2,1	  -1,3	  -9,1	  -8,7	 -13,7	  -7,1
*	    79,2542	 1	247,40	 57,66	 -14,2	  -7,2	   0,2	   0,8	  -4,2	 -10,8
*	    80,4011	 1	247,25	 55,63	 -14,5	  -7,5	  -0,2	   0,4	  -4,5	 -11,1
*	    80,6016	 1	294,56	 57,27	  -4,7	  -3,9	 -11,6	 -11,3	 -16,3	  -9,7
*	    82,4994	 1	298,49	 59,10	 -15,1	  -8,1	  -0,8	  -0,2	  -5,1	 -11,8
*	    83,6059	 1	298,68	 57,14	 -15,4	  -8,4	  -1,1	  -0,5	  -5,5	 -12,1
*	    81,1660	 1	296,32	 58,53	 -14,8	  -7,8	  -0,4	   0,2	  -4,8	 -11,4
*	    82,2887	 1	296,50	 56,55	 -15,1	  -8,1	  -0,7	  -0,2	  -5,1	 -11,7
*	    89,7713	 1	268,86	 38,15	 -14,4	  -8,5	  -2,4	  -2,2	  -7,0	 -13,6
*	    89,8345	 1	266,62	 38,21	 -14,4	  -8,5	  -2,4	  -2,2	  -7,0	 -13,6
*	    89,9479	 1	264,39	 38,30	 -14,5	  -8,5	  -2,4	  -2,2	  -7,0	 -13,7
*	    88,4131	 1	268,87	 39,18	 -14,1	  -8,1	  -2,0	  -1,8	  -6,6	 -13,3
*	    88,4771	 1	266,64	 39,24	 -14,1	  -8,1	  -2,0	  -1,8	  -6,6	 -13,3
*	    88,5920	 1	264,43	 39,33	 -14,1	  -8,2	  -2,1	  -1,9	  -6,6	 -13,3
*	    87,0874	 1	268,88	 40,24	 -13,7	  -7,8	  -1,7	  -1,5	  -6,3	 -12,9
*	    87,1523	 1	266,66	 40,29	 -13,8	  -7,8	  -1,7	  -1,5	  -6,3	 -12,9
*	    87,2688	 1	264,46	 40,38	 -13,8	  -7,8	  -1,7	  -1,5	  -6,3	 -13,0
*	    85,7956	 1	268,88	 41,35	 -13,4	  -7,4	  -1,3	  -1,1	  -5,9	 -12,6
*	    85,8614	 1	266,68	 41,39	 -13,4	  -7,4	  -1,4	  -1,1	  -5,9	 -12,6
*	    85,9794	 1	264,49	 41,48	 -13,4	  -7,5	  -1,4	  -1,2	  -6,0	 -12,6
*	    84,5390	 1	268,89	 42,48	 -13,1	  -7,1	  -1,0	  -0,8	  -5,6	 -12,2
*	    84,6057	 1	266,70	 42,54	 -13,1	  -7,1	  -1,0	  -0,8	  -5,6	 -12,2
*	    84,7253	 1	264,52	 42,63	 -13,1	  -7,1	  -1,0	  -0,8	  -5,6	 -12,3
*	    83,3191	 1	268,90	 43,66	 -12,7	  -6,8	  -0,7	  -0,4	  -5,2	 -11,9
*	    83,3866	 1	266,72	 43,71	 -12,7	  -6,8	  -0,7	  -0,5	  -5,2	 -11,9
*	    83,5077	 1	264,55	 43,80	 -12,8	  -6,8	  -0,7	  -0,5	  -5,3	 -11,9
*	    82,1371	 1	268,90	 44,87	 -12,4	  -6,4	  -0,3	  -0,1	  -4,9	 -11,5
*	    82,2055	 1	266,74	 44,92	 -12,4	  -6,5	  -0,4	  -0,1	  -4,9	 -11,5
*	    82,3282	 1	264,58	 45,01	 -12,5	  -6,5	  -0,4	  -0,2	  -5,0	 -11,6
*	    90,3936	 1	280,19	 38,64	 -14,6	  -8,6	  -2,5	  -2,3	  -7,1	 -13,8
*	    90,1520	 1	278,02	 38,45	 -14,5	  -8,6	  -2,5	  -2,3	  -7,1	 -13,7
*	    89,9600	 1	275,81	 38,30	 -14,5	  -8,5	  -2,4	  -2,2	  -7,0	 -13,7
*	    89,0438	 1	280,13	 39,67	 -14,3	  -8,3	  -2,2	  -2,0	  -6,8	 -13,4
*	    88,7989	 1	277,97	 39,48	 -14,2	  -8,2	  -2,1	  -1,9	  -6,7	 -13,4
*	    88,6044	 1	275,78	 39,33	 -14,1	  -8,2	  -2,1	  -1,9	  -6,7	 -13,3
*	    87,7266	 1	280,08	 40,74	 -13,9	  -7,9	  -1,9	  -1,6	  -6,4	 -13,1
*	    87,4784	 1	277,93	 40,54	 -13,8	  -7,9	  -1,8	  -1,6	  -6,4	 -13,0
*	    87,2813	 1	275,74	 40,40	 -13,8	  -7,8	  -1,7	  -1,5	  -6,3	 -13,0
*	    86,4433	 1	280,02	 41,84	 -13,6	  -7,6	  -1,5	  -1,3	  -6,1	 -12,7
*	    86,1918	 1	277,88	 41,64	 -13,5	  -7,5	  -1,4	  -1,2	  -6,0	 -12,7
*	    85,9921	 1	275,71	 41,50	 -13,5	  -7,5	  -1,4	  -1,2	  -6,0	 -12,6
*	    85,1952	 1	279,96	 42,97	 -13,2	  -7,3	  -1,2	  -1,0	  -5,8	 -12,4
*	    84,9405	 1	277,84	 42,78	 -13,2	  -7,2	  -1,1	  -0,9	  -5,7	 -12,3
*	    84,7381	 1	275,68	 42,63	 -13,1	  -7,2	  -1,1	  -0,8	  -5,6	 -12,3
*	    83,9838	 1	279,91	 44,14	 -12,9	  -6,9	  -0,9	  -0,6	  -5,4	 -12,1
*	    83,7257	 1	277,79	 43,95	 -12,8	  -6,9	  -0,8	  -0,6	  -5,4	 -12,0
*	    83,5207	 1	275,64	 43,81	 -12,8	  -6,8	  -0,7	  -0,5	  -5,3	 -11,9
*	    82,8103	 1	279,85	 45,34	 -12,6	  -6,6	  -0,5	  -0,3	  -5,1	 -11,7
*	    82,5489	 1	277,75	 45,16	 -12,5	  -6,6	  -0,5	  -0,2	  -5,0	 -11,7
*	    82,3413	 1	275,61	 45,01	 -12,5	  -6,5	  -0,4	  -0,2	  -5,0	 -11,6
*	    82,5311	 1	252,98	 52,42	 -14,7	  -7,7	  -0,3	   0,2	  -4,7	 -11,3
*	    83,9043	 1	252,86	 50,57	 -15,1	  -8,0	  -0,7	  -0,1	  -5,1	 -11,7
*	    85,3621	 1	252,73	 48,78	 -15,5	  -8,4	  -1,1	  -0,5	  -5,5	 -12,1
*	    82,6738	 1	287,61	 52,51	 -14,7	  -7,7	  -0,4	   0,2	  -4,7	 -11,4
*	    84,0449	 1	287,74	 50,65	 -15,1	  -8,1	  -0,7	  -0,2	  -5,1	 -11,8
*	    85,5005	 1	287,86	 48,88	 -15,5	  -8,5	  -1,1	  -0,6	  -5,5	 -12,2
*	    82,8224	 1	285,86	 52,46	 -17,9	 -10,9	  -3,6	  -3,0	  -7,9	 -14,6
*	    84,1917	 1	285,97	 50,62	 -18,3	 -11,3	  -4,0	  -3,4	  -8,3	 -15,0
*	    85,6454	 1	286,09	 48,83	 -18,7	 -11,7	  -4,4	  -3,8	  -8,7	 -15,4
*	    90,7019	 1	257,64	 38,88	 -14,7	  -8,7	  -2,6	  -2,4	  -7,2	 -13,9
*	    91,0670	 1	255,54	 39,16	 -14,8	  -8,8	  -2,7	  -2,5	  -7,3	 -14,0
*	    91,4803	 1	253,49	 39,47	 -14,9	  -8,9	  -2,8	  -2,6	  -7,4	 -14,1
*	    89,3562	 1	257,71	 39,91	 -14,4	  -8,4	  -2,3	  -2,1	  -6,9	 -13,5
*	    89,7262	 1	255,62	 40,19	 -14,4	  -8,5	  -2,4	  -2,2	  -7,0	 -13,6
*	    90,1450	 1	253,58	 40,49	 -14,6	  -8,6	  -2,5	  -2,3	  -7,1	 -13,8
*	    88,0431	 1	257,78	 40,97	 -14,0	  -8,0	  -2,0	  -1,7	  -6,5	 -13,2
*	    88,4180	 1	255,70	 41,24	 -14,1	  -8,1	  -2,1	  -1,8	  -6,6	 -13,3
*	    88,8423	 1	253,67	 41,55	 -14,2	  -8,2	  -2,2	  -1,9	  -6,7	 -13,4
*	    86,7640	 1	257,85	 42,06	 -13,7	  -7,7	  -1,6	  -1,4	  -6,2	 -12,9
*	    87,1438	 1	255,78	 42,34	 -13,8	  -7,8	  -1,7	  -1,5	  -6,3	 -13,0
*	    87,5736	 1	253,76	 42,64	 -13,9	  -7,9	  -1,8	  -1,6	  -6,4	 -13,1
*	    85,5201	 1	257,92	 43,19	 -13,4	  -7,4	  -1,3	  -1,1	  -5,9	 -12,5
*	    85,9048	 1	255,86	 43,46	 -13,5	  -7,5	  -1,4	  -1,2	  -6,0	 -12,6
*	    86,3401	 1	253,85	 43,77	 -13,6	  -7,6	  -1,5	  -1,3	  -6,1	 -12,7
*	    84,3128	 1	257,99	 44,36	 -13,0	  -7,1	  -1,0	  -0,7	  -5,5	 -12,2
*	    84,7024	 1	255,94	 44,63	 -13,1	  -7,2	  -1,1	  -0,9	  -5,6	 -12,3
*	    85,1432	 1	253,94	 44,94	 -13,2	  -7,3	  -1,2	  -1,0	  -5,8	 -12,4
*	    83,1434	 1	258,05	 45,56	 -12,7	  -6,7	  -0,6	  -0,4	  -5,2	 -11,8
*	    83,5379	 1	256,02	 45,83	 -12,8	  -6,8	  -0,8	  -0,5	  -5,3	 -12,0
*	    83,9842	 1	254,03	 46,13	 -12,9	  -7,0	  -0,9	  -0,7	  -5,4	 -12,1
*	    87,0269	 1	272,24	 40,34	  -4,7	  -3,9	 -11,7	 -11,3	 -16,3	  -9,8
*	    83,1876	 1	272,21	 43,84	  -3,7	  -2,9	 -10,6	 -10,3	 -15,3	  -8,7
*	    83,4708	 1	254,52	 52,67	 -18,1	 -11,1	  -3,7	  -3,2	  -8,1	 -14,7
*	    84,8311	 1	254,41	 50,83	 -18,5	 -11,4	  -4,1	  -3,5	  -8,5	 -15,1
*	    86,2755	 1	254,30	 49,06	 -18,9	 -11,8	  -4,5	  -3,9	  -8,9	 -15,5
*	    88,8211	 1	247,03	 49,96	 -20,8	 -16,1	  -3,0	  -1,7	  -4,8	  -9,7
*	    85,2062	 1	258,34	 47,91	 -19,9	 -15,1	  -2,0	  -0,7	  -3,8	  -8,8
*	    91,4200	 1	259,80	 50,22	 -21,4	 -16,7	  -3,6	  -2,3	  -5,4	 -10,4
*	    97,7522	 1	261,00	 52,27	 -22,9	 -18,2	  -5,1	  -3,8	  -7,0	 -12,0
*	    84,1378	 1	264,55	 47,28	 -19,6	 -14,8	  -1,7	  -0,4	  -3,6	  -8,5
*	    90,4151	 1	265,42	 49,72	 -21,2	 -16,5	  -3,4	  -2,1	  -5,2	 -10,1
*	    96,8047	 1	266,15	 51,87	 -22,7	 -18,0	  -4,9	  -3,6	  -6,7	 -11,7
*	    83,5868	 1	270,97	 47,01	 -19,4	 -14,7	  -1,6	  -0,3	  -3,4	  -8,3
*	    89,8973	 1	271,20	 49,50	 -21,0	 -16,3	  -3,2	  -1,9	  -5,0	 -10,0
*	    96,3168	 1	271,41	 51,69	 -22,6	 -17,9	  -4,8	  -3,5	  -6,6	 -11,6
*	    83,5623	 1	277,44	 47,08	 -19,4	 -14,7	  -1,6	  -0,3	  -3,4	  -8,3
*	    89,8740	 1	277,04	 49,57	 -21,0	 -16,3	  -3,2	  -1,9	  -5,0	 -10,0
*	    96,2945	 1	276,70	 51,76	 -22,6	 -17,9	  -4,8	  -3,5	  -6,6	 -11,6
*	    84,0643	 1	283,82	 47,52	 -19,6	 -14,8	  -1,7	  -0,4	  -3,5	  -8,5
*	    90,3453	 1	282,79	 49,92	 -21,2	 -16,4	  -3,3	  -2,0	  -5,2	 -10,1
*	    96,7382	 1	281,95	 52,06	 -22,7	 -18,0	  -4,9	  -3,6	  -6,7	 -11,7
*	    85,0843	 1	289,93	 48,29	 -19,8	 -15,1	  -2,0	  -0,7	  -3,8	  -8,7
*	    86,6056	 1	295,69	 49,33	 -20,2	 -15,5	  -2,4	  -1,1	  -4,2	  -9,2
*	    87,5104	 1	261,02	 40,70	  -4,8	  -4,1	 -11,8	 -11,5	 -16,4	  -9,9
*	    83,6908	 1	261,17	 44,19	  -3,8	  -3,0	 -10,8	 -10,4	 -15,4	  -8,9
*	    92,5406	 1	290,63	 40,24	 -15,2	  -9,2	  -3,1	  -2,9	  -7,7	 -14,4
*	    92,0051	 1	288,69	 39,85	 -15,0	  -9,1	  -3,0	  -2,8	  -7,6	 -14,3
*	    91,5163	 1	286,69	 39,50	 -14,9	  -9,0	  -2,9	  -2,7	  -7,5	 -14,1
*	    91,2191	 1	290,52	 41,27	 -14,8	  -8,9	  -2,8	  -2,6	  -7,4	 -14,1
*	    90,6767	 1	288,59	 40,88	 -14,7	  -8,7	  -2,7	  -2,4	  -7,2	 -13,9
*	    90,1815	 1	286,60	 40,52	 -14,6	  -8,6	  -2,5	  -2,3	  -7,1	 -13,8
*	    89,9303	 1	290,41	 42,32	 -14,5	  -8,6	  -2,5	  -2,3	  -7,0	 -13,7
*	    89,3809	 1	288,49	 41,94	 -14,4	  -8,4	  -2,3	  -2,1	  -6,9	 -13,6
*	    88,8793	 1	286,51	 41,58	 -14,3	  -8,3	  -2,2	  -2,0	  -6,8	 -13,4
*	    88,6754	 1	290,31	 43,41	 -14,2	  -8,2	  -2,1	  -1,9	  -6,7	 -13,4
*	    88,1190	 1	288,39	 43,02	 -14,1	  -8,1	  -2,0	  -1,8	  -6,6	 -13,2
*	    87,6110	 1	286,42	 42,67	 -13,9	  -8,0	  -1,9	  -1,7	  -6,4	 -13,1
*	    87,4558	 1	290,20	 44,53	 -13,9	  -7,9	  -1,8	  -1,6	  -6,4	 -13,1
*	    86,8924	 1	288,29	 44,14	 -13,7	  -7,8	  -1,7	  -1,5	  -6,3	 -12,9
*	    86,3780	 1	286,33	 43,80	 -13,6	  -7,6	  -1,5	  -1,3	  -6,1	 -12,8
*	    86,2727	 1	290,09	 45,68	 -13,6	  -7,6	  -1,5	  -1,3	  -6,1	 -12,7
*	    85,7024	 1	288,19	 45,31	 -13,4	  -7,5	  -1,4	  -1,1	  -5,9	 -12,6
*	    85,1815	 1	286,24	 44,96	 -13,3	  -7,3	  -1,2	  -1,0	  -5,8	 -12,4
*	    85,1274	 1	289,99	 46,87	 -13,3	  -7,3	  -1,2	  -1,0	  -5,8	 -12,4
*	    84,5502	 1	288,10	 46,50	 -13,1	  -7,1	  -1,1	  -0,8	  -5,6	 -12,3
*	    84,0229	 1	286,15	 46,16	 -13,0	  -7,0	  -0,9	  -0,7	  -5,5	 -12,1
*	    84,3444	 1	283,04	 44,66	  -4,0	  -3,2	 -11,0	 -10,6	 -15,6	  -9,1
*	    95,8187	 1	243,77	 40,60	 -16,0	 -10,0	  -4,0	  -3,8	  -8,6	 -15,3
*	    93,1436	 1	247,48	 40,66	 -15,4	  -9,4	  -3,3	  -3,1	  -7,9	 -14,6
*	    93,7948	 1	245,66	 41,11	 -15,5	  -9,6	  -3,5	  -3,3	  -8,1	 -14,8
*	    94,4902	 1	243,90	 41,58	 -15,7	  -9,7	  -3,6	  -3,4	  -8,2	 -14,9
*	    91,8297	 1	247,59	 41,69	 -15,0	  -9,1	  -3,0	  -2,8	  -7,6	 -14,3
*	    92,4892	 1	245,79	 42,13	 -15,2	  -9,2	  -3,1	  -2,9	  -7,7	 -14,4
*	    93,1933	 1	244,03	 42,60	 -15,4	  -9,4	  -3,3	  -3,1	  -7,9	 -14,6
*	    90,5486	 1	247,71	 42,74	 -14,7	  -8,8	  -2,7	  -2,5	  -7,2	 -13,9
*	    91,2163	 1	245,91	 43,18	 -14,9	  -8,9	  -2,8	  -2,6	  -7,4	 -14,1
*	    91,9291	 1	244,16	 43,65	 -15,1	  -9,1	  -3,0	  -2,8	  -7,6	 -14,3
*	    89,3015	 1	247,83	 43,82	 -14,4	  -8,4	  -2,3	  -2,1	  -6,9	 -13,6
*	    89,9774	 1	246,04	 44,27	 -14,6	  -8,6	  -2,5	  -2,3	  -7,1	 -13,8
*	    90,6989	 1	244,29	 44,72	 -14,8	  -8,8	  -2,7	  -2,5	  -7,3	 -14,0
*	    88,0895	 1	247,94	 44,94	 -14,1	  -8,1	  -2,0	  -1,8	  -6,6	 -13,3
*	    88,7738	 1	246,16	 45,37	 -14,3	  -8,3	  -2,2	  -2,0	  -6,8	 -13,5
*	    89,5039	 1	244,42	 45,83	 -14,5	  -8,5	  -2,4	  -2,2	  -7,0	 -13,7
*	    86,9141	 1	248,05	 46,09	 -13,8	  -7,8	  -1,7	  -1,5	  -6,3	 -13,0
*	    87,6065	 1	246,28	 46,52	 -14,0	  -8,0	  -1,9	  -1,7	  -6,5	 -13,1
*	    88,3453	 1	244,55	 46,97	 -14,2	  -8,2	  -2,1	  -1,9	  -6,7	 -13,3
*	    85,7765	 1	248,17	 47,27	 -13,5	  -7,5	  -1,4	  -1,2	  -6,0	 -12,6
*	    86,4770	 1	246,39	 47,69	 -13,7	  -7,7	  -1,6	  -1,4	  -6,2	 -12,8
*	    87,2243	 1	244,67	 48,15	 -13,9	  -7,9	  -1,8	  -1,6	  -6,4	 -13,0
*	    85,8280	 1	250,89	 45,65	  -4,4	  -3,7	 -11,4	 -11,1	 -16,0	  -9,5
*	    87,9913	 1	244,81	 54,90	 -16,9	  -9,9	  -2,6	  -2,0	  -6,9	 -13,6
*	    86,3860	 1	242,60	 54,57	 -16,5	  -9,5	  -2,1	  -1,6	  -6,5	 -13,2
*	    88,1020	 1	295,14	 54,86	 -16,9	  -9,9	  -2,6	  -2,0	  -6,9	 -13,6
*	    86,5025	 1	297,36	 54,54	 -16,5	  -9,5	  -2,2	  -1,6	  -6,5	 -13,2
*	    87,1025	 1	292,84	 46,46	  -4,8	  -4,0	 -11,8	 -11,4	 -16,4	  -9,9
*	    97,4298	 1	299,69	 41,66	 -16,4	 -10,5	  -4,4	  -4,2	  -9,0	 -15,7
*	    96,6324	 1	298,07	 41,15	 -16,3	 -10,3	  -4,2	  -4,0	  -8,8	 -15,5
*	    95,8765	 1	296,38	 40,64	 -16,1	 -10,1	  -4,0	  -3,8	  -8,6	 -15,3
*	    96,1211	 1	299,55	 42,63	 -16,1	 -10,2	  -4,1	  -3,9	  -8,7	 -15,4
*	    95,3139	 1	297,93	 42,13	 -15,9	 -10,0	  -3,9	  -3,7	  -8,5	 -15,2
*	    94,5487	 1	296,25	 41,62	 -15,8	  -9,8	  -3,7	  -3,5	  -8,3	 -15,0
*	    94,8440	 1	299,41	 43,65	 -15,8	  -9,9	  -3,8	  -3,6	  -8,4	 -15,1
*	    94,0270	 1	297,80	 43,13	 -15,6	  -9,7	  -3,6	  -3,4	  -8,2	 -14,9
*	    93,2525	 1	296,12	 42,64	 -15,4	  -9,5	  -3,4	  -3,2	  -8,0	 -14,7
*	    93,5997	 1	299,27	 44,69	 -15,5	  -9,6	  -3,5	  -3,3	  -8,1	 -14,8
*	    92,7730	 1	297,66	 44,18	 -15,3	  -9,4	  -3,3	  -3,1	  -7,9	 -14,6
*	    91,9890	 1	295,99	 43,68	 -15,1	  -9,2	  -3,1	  -2,9	  -7,7	 -14,4
*	    92,3893	 1	299,13	 45,75	 -15,2	  -9,3	  -3,2	  -3,0	  -7,8	 -14,5
*	    91,5529	 1	297,53	 45,24	 -15,0	  -9,1	  -3,0	  -2,8	  -7,5	 -14,2
*	    90,7595	 1	295,86	 44,76	 -14,8	  -8,9	  -2,8	  -2,6	  -7,3	 -14,0
*	    91,2141	 1	298,99	 46,84	 -14,9	  -9,0	  -2,9	  -2,7	  -7,5	 -14,1
*	    90,3679	 1	297,39	 46,35	 -14,7	  -8,8	  -2,7	  -2,5	  -7,2	 -13,9
*	    89,5651	 1	295,73	 45,87	 -14,5	  -8,6	  -2,5	  -2,2	  -7,0	 -13,7
*	    90,0751	 1	298,86	 47,97	 -14,6	  -8,7	  -2,6	  -2,4	  -7,2	 -13,8
*	    89,2193	 1	297,26	 47,48	 -14,4	  -8,5	  -2,4	  -2,2	  -6,9	 -13,6
*	    88,4072	 1	295,60	 47,01	 -14,2	  -8,3	  -2,2	  -1,9	  -6,7	 -13,4
*	    88,9737	 1	298,72	 49,14	 -14,4	  -8,4	  -2,3	  -2,1	  -6,9	 -13,6
*	    88,1083	 1	297,13	 48,66	 -14,1	  -8,2	  -2,1	  -1,9	  -6,7	 -13,3
*	    87,2870	 1	295,48	 48,18	 -13,9	  -8,0	  -1,9	  -1,7	  -6,4	 -13,1
s	    93,5163	 3	300,16	 50,55	  23,5	  21,6	  -2,5	  -2,3	   1,4	  11,7
s	   104,6779	 3	 90,00	 15,98	  19,8	  21,6	  -3,5	  -3,0	   8,9	   9,9
s	   118,2654	 3	147,42	 69,00	  19,9	  24,3	  15,2	  15,7	  19,3	  16,3
s	   118,8913	 3	 54,91	 71,66	  19,9	  24,3	  15,2	  15,6	  19,3	  16,3
s	   118,8979	 3	124,46	 71,72	  21,0	  13,9	 -24,1	 -23,8	 -20,4	   3,0
s	   119,0739	 3	 78,00	 73,16	  21,0	  13,9	 -24,1	 -23,8	 -20,4	   3,0
s	   119,0776	 3	101,27	 73,19	  19,9	  24,3	  15,2	  15,6	  19,3	  16,3
s	   133,0107	 3	322,45	 61,74	  18,3	  17,5	  -5,4	  -4,9	  -1,4	   8,6
s	   133,0733	 3	217,17	 61,79	  18,8	  18,0	  -4,9	  -4,4	  -0,9	   9,2
s	   133,6843	 3	355,99	 66,44	  19,0	  23,4	  14,3	  14,7	  18,3	  15,2
s	   133,7089	 3	183,41	 66,53	  20,1	  13,0	 -25,0	 -24,7	 -21,3	   2,0
s	   133,9497	 3	332,65	 63,14	  20,8	  18,9	  -5,3	  -5,1	  -1,5	   8,6
s	   134,0180	 3	206,79	 63,23	  18,3	  17,4	  -5,5	  -4,9	  -1,5	   8,6
#END
