#HEADER
CATT-Acoustic v8.0b    Copyright © CATT 1988-2003

 Project                : Auditorio

 GEOMETRICAL INFORMATION
 Src id and loc     [m] :   A1          -9,000        0,000        0,000
 Rec id and loc     [m] :   51          -3,750        7,000       -0,800

 51       25,5924

 VARIABLE SOURCE DATA
 Directivity
   Type (library)       :  OMNI.SD0
   Dir. Index (DI) [dB] :       0,0      0,0      0,0      0,0      0,0      0,0
 Level
   On axis 1m      [dB] :      58,0     64,0     70,3     70,7     65,9     59,9
   Total power     [dB] :      68,9     74,9     81,2     81,6     76,8     70,8
   Auxiliary delay [ms] :       0,0

 VARIABLE AIR DATA
 Temperature       [°C] :      20
 Relative humidity  [%] :      50
 Density        [kg/m³] :       1,2
 Sound speed      [m/s] :     343
 Impedance      [Ns/m³] :     412
 Diss. coeff. [0.001/m] :      0,10     0,30     0,63     1,07     2,28     6,83      (estimated)

#DATAFIELDS
 TYPE DELAY ORDER AZIMUTH ELEVATION SPL125 SPL250 SPL500 SPL1K SPL2K SPL4K
#DATA
d	     0,0000	 0	 90,00	 90,00	  39,1	  45,1	  51,4	  51,8	  46,9	  40,8
*	     0,3021	 1	109,70	100,29	   3,2	   9,1	  15,0	  17,4	  13,1	   6,4
*	    24,9155	 1	110,82	 96,35	 -15,0	  -7,9	  -0,6	   0,0	  -4,8	 -11,1
*	    25,3448	 1	104,52	 96,48	 -14,6	  -7,6	  -0,2	   0,4	  -4,4	 -10,8
*	    17,2654	 1	108,69	 96,61	  -9,8	  -2,7	   4,6	   5,2	   0,4	  -5,9
*	    17,5222	 1	101,74	 96,70	  -8,8	  -1,8	   5,6	   6,2	   1,4	  -4,9
*	    10,1834	 1	105,94	 96,93	  -3,8	   3,2	  10,6	  11,2	   6,4	   0,2
*	    10,0361	 1	 98,23	 96,96	  -1,2	   5,8	  13,2	  13,8	   9,0	   2,8
*	    12,7967	 1	 91,51	 96,88	  -3,2	   3,8	  11,2	  11,8	   7,0	   0,7
*	     4,5019	 1	102,29	 97,32	   1,4	   8,5	  15,8	  16,5	  11,6	   5,5
*	     3,7633	 1	 93,72	 97,24	   7,7	  14,7	  22,1	  22,7	  17,9	  11,7
*	     7,1411	 1	 86,54	 97,07	   3,7	  10,7	  18,1	  18,7	  13,9	   7,7
*	     1,3887	 1	 97,24	 97,81	   2,5	   9,5	  16,9	  17,5	  12,7	   6,5
*	     1,3670	 1	 87,80	 97,56	   6,4	  13,5	  20,8	  21,5	  16,7	  10,5
*	     4,9248	 1	 80,32	 97,22	   3,0	  10,0	  17,4	  18,0	  13,2	   7,0
*	     0,4837	 1	 89,95	 98,40	   0,9	   7,9	  15,3	  15,9	  11,1	   5,0
*	     1,7071	 1	 79,86	 97,86	   1,2	   8,2	  15,6	  16,2	  11,4	   5,2
*	     0,8293	 1	 78,98	 99,05	  -0,4	   6,6	  14,0	  14,6	   9,8	   3,7
*	     3,0441	 1	 69,21	 98,03	  -2,1	   4,9	  12,3	  12,9	   8,1	   1,9
*	     2,2523	 1	 62,41	 99,39	  -1,2	   5,9	  13,2	  13,9	   9,1	   2,9
*	     5,2693	 1	 55,37	 97,83	  -4,4	   2,6	  10,0	  10,6	   5,8	  -0,4
*	     5,1111	 1	 39,88	 98,64	  -2,6	   4,5	  11,8	  12,5	   7,6	   1,5
*	     1,7766	 1	119,65	105,43	   2,7	   8,6	  14,5	  16,8	  12,6	   5,8
*	     1,8229	 1	123,57	 96,81	  -5,3	   0,6	   6,5	   8,9	   4,6	  -2,2
*	     2,0038	 1	146,71	109,52	   7,8	  13,8	  19,7	  22,0	  17,7	  11,0
*	     2,3830	 1	152,86	105,43	  16,0	  21,9	  27,8	  30,1	  25,9	  19,1
*	     2,2561	 1	176,12	112,38	  21,9	  27,8	  33,7	  36,0	  31,8	  25,0
*	     2,5398	 1	147,93	122,50	  13,6	  19,5	  25,4	  27,8	  23,5	  16,7
*	    37,3623	 1	128,72	 97,58	 -14,4	  -7,2	  -1,0	   1,4	  -3,5	  -8,9
*	    32,7603	 1	128,85	 97,85	 -12,4	  -5,2	   1,0	   3,4	  -1,4	  -6,9
*	     2,6470	 1	149,80	129,90	  15,6	  22,8	  29,0	  31,5	  26,6	  21,4
s	     2,9911	 2	170,48	106,95	  35,1	  40,6	  46,6	  45,0	  40,1	  32,5
*	     3,1945	 1	139,84	 94,17	   9,4	  15,3	  21,2	  23,5	  19,3	  12,5
*	     3,9403	 1	137,09	 94,18	   7,0	  12,9	  18,8	  21,1	  16,9	  10,1
*	     4,8225	 1	135,31	 94,18	   5,1	  11,0	  16,9	  19,3	  15,0	   8,2
*	     5,8554	 1	134,05	 94,20	   3,6	   9,5	  15,4	  17,8	  13,5	   6,7
*	     7,0570	 1	133,12	 94,20	   2,3	   8,2	  14,1	  16,4	  12,2	   5,4
*	     8,4459	 1	132,41	 94,20	   1,1	   7,0	  12,9	  15,2	  11,0	   4,1
*	    10,0381	 1	131,84	 94,20	  -0,1	   5,8	  11,7	  14,0	   9,8	   2,9
*	    11,8447	 1	131,38	 94,19	  -1,3	   4,6	  10,5	  12,8	   8,6	   1,7
*	    13,8694	 1	131,00	 94,19	  -2,6	   3,4	   9,2	  11,6	   7,3	   0,5
*	    16,1082	 1	130,69	 94,20	  -3,9	   2,0	   7,9	  10,3	   6,0	  -0,9
*	    18,5496	 1	130,42	 94,19	  -5,3	   0,7	   6,5	   8,9	   4,6	  -2,3
*	    21,1766	 1	130,17	 94,19	  -6,7	  -0,8	   5,1	   7,5	   3,2	  -3,7
*	    23,9690	 1	129,98	 94,19	  -8,1	  -2,2	   3,7	   6,0	   1,7	  -5,2
*	    26,9060	 1	129,79	 94,19	  -9,6	  -3,7	   2,2	   4,5	   0,2	  -6,7
*	    29,9671	 1	129,63	 94,19	 -11,1	  -5,2	   0,7	   3,1	  -1,3	  -8,2
s	     4,3193	 1	 77,47	 90,63	  36,0	  36,8	  29,1	  29,5	  24,6	  31,6
*	    23,8340	 1	 81,96	 59,62	   1,0	   1,7	  -6,0	  -5,6	 -10,5	  -3,6
*	    22,3269	 1	 77,15	 56,59	   1,4	   2,1	  -5,6	  -5,2	 -10,1	  -3,2
*	    18,5398	 1	 81,87	 64,99	   4,6	   5,4	  -2,3	  -1,9	  -6,8	   0,1
*	    17,0386	 1	 76,99	 62,17	   4,9	   5,7	  -2,0	  -1,6	  -6,5	   0,4
*	    13,6289	 1	 81,77	 71,01	   9,0	   9,7	   2,0	   2,4	  -2,4	   4,5
*	    12,2211	 1	 76,82	 68,55	   8,9	   9,7	   2,0	   2,3	  -2,5	   4,4
*	     9,2671	 1	 81,67	 77,65	  14,2	  15,0	   7,3	   7,7	   2,8	   9,8
*	     8,1155	 1	 76,65	 75,72	  13,2	  14,0	   6,3	   6,6	   1,8	   8,8
*	     5,9109	 1	 81,57	 84,82	  20,2	  21,0	  13,3	  13,7	   8,8	  15,9
*	     5,2211	 1	 76,47	 83,58	  17,1	  17,8	  10,1	  10,5	   5,7	  12,7
*	     4,9208	 1	 81,47	 92,32	  22,2	  23,0	  15,3	  15,6	  10,8	  17,8
*	     4,3723	 1	 76,29	 91,91	  18,1	  18,9	  11,2	  11,6	   6,7	  13,7
*	    27,7258	 1	 76,04	 50,99	  -1,8	  -1,0	  -8,7	  -8,4	 -13,3	  -6,4
*	    28,9975	 1	 81,01	 54,17	  -2,1	  -1,4	  -9,1	  -8,7	 -13,6	  -6,8
*	    33,6065	 1	 76,22	 46,83	  -4,7	  -3,9	 -11,6	 -11,3	 -16,2	  -9,4
s	     4,6525	 1	 69,31	 90,47	  34,6	  41,7	  49,0	  49,6	  44,8	  38,7
*	     5,4485	 1	 59,83	 97,62	   6,1	  13,1	  20,5	  21,1	  16,3	  10,1
*	     5,1182	 1	 66,18	 97,51	   7,1	  14,1	  21,5	  22,1	  17,3	  11,1
*	     5,2252	 1	 71,13	 97,36	   8,5	  15,6	  22,9	  23,5	  18,7	  12,6
*	     5,1774	 1	 60,29	 87,44	   6,4	  13,4	  20,8	  21,4	  16,6	  10,4
*	     4,7460	 1	 66,51	 88,53	   7,6	  14,6	  22,0	  22,6	  17,8	  11,6
*	     4,7156	 1	 71,36	 89,40	   9,3	  16,4	  23,8	  24,4	  19,6	  13,4
*	     6,0840	 1	 60,75	 77,70	   5,6	  12,7	  20,0	  20,7	  15,8	   9,6
*	     5,6474	 1	 66,83	 79,85	   6,8	  13,8	  21,2	  21,8	  17,0	  10,8
*	     5,6514	 1	 71,59	 81,65	   8,4	  15,4	  22,8	  23,4	  18,6	  12,4
*	     8,0790	 1	 61,19	 68,85	   4,0	  11,1	  18,4	  19,1	  14,2	   8,0
*	     7,7181	 1	 67,14	 71,83	   5,0	  12,0	  19,4	  20,0	  15,2	   9,0
*	     7,8750	 1	 71,81	 74,35	   6,1	  13,1	  20,5	  21,1	  16,3	  10,1
*	    10,9846	 1	 61,61	 61,15	   1,9	   8,9	  16,3	  16,9	  12,1	   5,8
*	    10,7309	 1	 67,45	 64,63	   2,5	   9,6	  17,0	  17,6	  12,7	   6,5
*	    11,0525	 1	 72,03	 67,70	   3,1	  10,2	  17,6	  18,2	  13,3	   7,1
*	    14,6005	 1	 62,03	 54,60	  -0,6	   6,4	  13,8	  14,4	   9,6	   3,3
*	    14,4477	 1	 67,74	 58,36	  -0,2	   6,9	  14,2	  14,8	  10,0	   3,8
*	    14,8925	 1	 72,24	 61,75	   0,1	   7,1	  14,5	  15,1	  10,3	   4,0
*	    18,7501	 1	 62,43	 49,11	  -3,2	   3,8	  11,2	  11,8	   7,0	   0,7
*	    18,6774	 1	 68,03	 52,97	  -2,9	   4,1	  11,5	  12,1	   7,3	   1,0
*	    19,1981	 1	 72,45	 56,52	  -2,8	   4,2	  11,6	  12,2	   7,3	   1,0
*	    23,2957	 1	 62,83	 44,51	  -5,8	   1,3	   8,6	   9,2	   4,4	  -1,9
*	    23,2813	 1	 68,32	 48,34	  -5,6	   1,4	   8,8	   9,4	   4,6	  -1,7
*	    23,8411	 1	 72,66	 51,94	  -5,6	   1,4	   8,8	   9,4	   4,5	  -1,8
*	    46,3337	 1	 72,56	 37,09	 -13,5	  -7,6	  -1,4	  -1,2	  -5,9	 -12,4
*	    45,9928	 1	 69,74	 34,88	 -13,5	  -7,5	  -1,4	  -1,1	  -5,9	 -12,3
*	    45,8669	 1	 66,44	 32,64	 -13,4	  -7,5	  -1,4	  -1,1	  -5,9	 -12,3
*	    45,9550	 1	 62,56	 30,42	 -13,5	  -7,5	  -1,4	  -1,2	  -5,9	 -12,4
*	    42,5989	 1	 72,42	 38,78	 -12,1	  -6,1	  -0,0	   0,2	  -4,5	 -10,9
*	    42,2509	 1	 69,57	 36,49	 -12,0	  -6,1	   0,0	   0,3	  -4,4	 -10,9
*	    42,1267	 1	 66,22	 34,19	 -12,0	  -6,1	   0,1	   0,3	  -4,4	 -10,9
*	    42,2249	 1	 62,29	 31,89	 -12,1	  -6,1	  -0,0	   0,2	  -4,5	 -10,9
*	    38,9125	 1	 72,28	 40,61	 -10,6	  -4,7	   1,4	   1,7	  -3,0	  -9,4
*	    38,5585	 1	 69,39	 38,27	 -10,6	  -4,6	   1,5	   1,8	  -3,0	  -9,4
*	    38,4376	 1	 66,01	 35,89	 -10,6	  -4,6	   1,5	   1,8	  -3,0	  -9,4
*	    38,5478	 1	 62,02	 33,51	 -10,6	  -4,7	   1,4	   1,7	  -3,0	  -9,4
*	    35,2829	 1	 72,14	 42,63	  -9,1	  -3,1	   3,0	   3,2	  -1,5	  -7,8
*	    34,9247	 1	 69,22	 40,24	  -9,0	  -3,0	   3,1	   3,3	  -1,4	  -7,8
*	    34,8090	 1	 65,78	 37,79	  -9,0	  -3,1	   3,1	   3,3	  -1,4	  -7,8
*	    34,9332	 1	 61,74	 35,34	  -9,1	  -3,2	   3,0	   3,2	  -1,5	  -7,9
*	    31,7199	 1	 72,00	 44,85	  -7,5	  -1,5	   4,6	   4,9	   0,2	  -6,2
*	    31,3601	 1	 69,04	 42,41	  -7,4	  -1,4	   4,7	   4,9	   0,2	  -6,1
*	    31,2525	 1	 65,56	 39,90	  -7,4	  -1,5	   4,7	   4,9	   0,2	  -6,2
*	    31,3933	 1	 61,46	 37,37	  -7,6	  -1,6	   4,5	   4,8	   0,1	  -6,3
*	    28,2360	 1	 71,85	 47,30	  -5,8	   0,2	   6,3	   6,6	   1,9	  -4,5
*	    27,8784	 1	 68,85	 44,83	  -5,7	   0,3	   6,4	   6,6	   1,9	  -4,4
*	    27,7824	 1	 65,33	 42,26	  -5,8	   0,2	   6,3	   6,6	   1,9	  -4,5
*	    27,9429	 1	 61,17	 39,66	  -5,9	   0,1	   6,2	   6,4	   1,7	  -4,6
s	     5,4661	 1	 54,77	 89,96	  35,7	  36,4	  28,7	  29,1	  24,3	  31,3
*	     6,3033	 1	 38,75	 97,93	  13,3	  14,1	   6,4	   6,8	   1,9	   8,9
*	     5,7778	 1	 50,11	 97,81	  12,8	  13,5	   5,8	   6,2	   1,4	   8,4
*	     6,3056	 1	 40,00	 80,36	  13,2	  13,9	   6,2	   6,6	   1,8	   8,8
*	     5,6891	 1	 50,95	 83,38	  12,8	  13,6	   5,9	   6,3	   1,4	   8,4
*	     7,9034	 1	 41,21	 64,92	  11,6	  12,4	   4,7	   5,1	   0,2	   7,2
*	     7,1439	 1	 51,77	 70,18	  11,5	  12,3	   4,6	   5,0	   0,1	   7,1
*	    10,8178	 1	 42,38	 52,93	   9,2	   9,9	   2,2	   2,6	  -2,3	   4,7
*	     9,9403	 1	 52,55	 59,19	   9,4	  10,1	   2,4	   2,8	  -2,0	   4,9
*	    14,7244	 1	 43,50	 44,10	   6,3	   7,1	  -0,6	  -0,2	  -5,1	   1,8
*	    13,7898	 1	 53,31	 50,51	   6,7	   7,4	  -0,3	   0,1	  -4,8	   2,2
*	    19,3566	 1	 44,58	 37,60	   3,3	   4,1	  -3,6	  -3,2	  -8,1	  -1,2
*	    18,4189	 1	 54,04	 43,77	   3,8	   4,5	  -3,2	  -2,8	  -7,7	  -0,8
*	    24,5177	 1	 45,63	 32,74	   0,4	   1,2	  -6,5	  -6,1	 -11,0	  -4,1
*	    23,6109	 1	 54,75	 38,53	   0,8	   1,6	  -6,1	  -5,7	 -10,6	  -3,7
*	    33,7501	 1	 57,53	 32,91	  -4,0	  -3,3	 -11,0	 -10,6	 -15,5	  -8,7
*	    34,4111	 1	 49,71	 27,83	  -4,3	  -3,5	 -11,3	 -10,9	 -15,8	  -9,0
*	    27,9053	 1	 56,91	 36,46	  -1,3	  -0,6	  -8,3	  -7,9	 -12,8	  -5,9
*	    28,6115	 1	 48,81	 30,98	  -1,6	  -0,9	  -8,6	  -8,2	 -13,1	  -6,3
*	     6,2602	 1	158,13	 89,52	  11,4	  17,3	  23,2	  25,5	  21,2	  14,5
*	     6,9159	 1	152,28	 90,42	   9,5	  15,4	  21,3	  23,6	  19,3	  12,5
*	     7,7653	 1	148,19	 91,06	   7,8	  13,7	  19,6	  22,0	  17,7	  10,9
*	     8,7951	 1	145,21	 91,52	   6,4	  12,3	  18,2	  20,5	  16,3	   9,5
*	    10,0054	 1	142,93	 91,87	   5,1	  11,0	  16,9	  19,3	  15,0	   8,2
*	    11,4013	 1	141,15	 92,13	   3,9	   9,8	  15,7	  18,0	  13,8	   6,9
*	    12,9890	 1	139,73	 92,35	   2,7	   8,6	  14,5	  16,9	  12,6	   5,8
*	    14,7726	 1	138,56	 92,52	   1,6	   7,5	  13,4	  15,7	  11,4	   4,6
*	    16,7525	 1	137,58	 92,67	   0,4	   6,3	  12,2	  14,5	  10,2	   3,3
*	    18,9244	 1	136,76	 92,78	  -0,9	   5,0	  10,9	  13,3	   9,0	   2,1
*	    21,2795	 1	136,05	 92,88	  -2,1	   3,8	   9,7	  12,0	   7,7	   0,8
*	    23,8053	 1	135,44	 92,98	  -3,4	   2,5	   8,4	  10,7	   6,4	  -0,5
*	    26,4867	 1	134,90	 93,05	  -4,8	   1,2	   7,0	   9,4	   5,1	  -1,9
*	    29,3077	 1	134,43	 93,13	  -6,1	  -0,2	   5,7	   8,0	   3,7	  -3,2
*	    32,2520	 1	134,01	 93,19	  -7,4	  -1,5	   4,4	   6,7	   2,4	  -4,6
*	    30,3100	 1	 92,30	 64,23	  -6,8	   0,2	   7,6	   8,1	   3,3	  -3,1
*	    27,7384	 1	 88,64	 62,43	  -5,7	   1,4	   8,7	   9,3	   4,5	  -1,9
*	    25,8370	 1	 84,48	 60,55	  -4,9	   2,2	   9,5	  10,1	   5,3	  -1,1
*	    26,0830	 1	 92,32	 68,35	  -4,2	   2,8	  10,2	  10,8	   6,0	  -0,4
*	    23,2986	 1	 88,62	 66,69	  -2,7	   4,3	  11,7	  12,3	   7,4	   1,1
*	    21,2749	 1	 84,42	 64,95	  -1,8	   5,2	  12,6	  13,2	   8,3	   2,0
*	    22,1737	 1	 92,33	 72,78	  -1,3	   5,7	  13,1	  13,7	   8,9	   2,6
*	    19,1279	 1	 88,61	 71,33	   0,6	   7,6	  15,0	  15,6	  10,7	   4,5
*	    16,9663	 1	 84,37	 69,78	   1,7	   8,7	  16,1	  16,7	  11,8	   5,6
*	    18,6933	 1	 92,35	 77,53	   1,8	   8,9	  16,2	  16,8	  12,0	   5,7
*	    15,3106	 1	 88,60	 76,33	   4,4	  11,4	  18,8	  19,4	  14,6	   8,3
*	    12,9841	 1	 84,32	 75,04	   5,8	  12,8	  20,2	  20,8	  16,0	   9,7
*	    15,8431	 1	 92,37	 82,52	   5,0	  12,0	  19,4	  20,0	  15,2	   8,9
*	    12,0193	 1	 88,59	 81,64	   8,8	  15,8	  23,2	  23,8	  19,0	  12,7
*	     9,4760	 1	 84,26	 80,67	  10,8	  17,8	  25,2	  25,8	  21,0	  14,8
*	    13,9849	 1	 92,39	 87,74	   7,4	  14,5	  21,8	  22,4	  17,6	  11,4
*	     9,6899	 1	 88,57	 87,20	  13,0	  20,0	  27,4	  28,0	  23,2	  17,0
*	     6,8717	 1	 84,21	 86,60	  16,2	  23,2	  30,6	  31,2	  26,4	  20,2
*	    13,5646	 1	 92,41	 93,08	   7,8	  14,9	  22,2	  22,9	  18,0	  11,8
*	     9,1771	 1	 88,56	 92,92	  13,7	  20,8	  28,1	  28,8	  23,9	  17,7
*	     6,2894	 1	 84,15	 92,72	  17,3	  24,3	  31,7	  32,3	  27,5	  21,3
*	    53,0242	 1	 92,72	 49,45	 -14,6	  -8,7	  -2,6	  -2,3	  -7,1	 -13,6
*	    51,6239	 1	 90,38	 48,07	 -14,2	  -8,2	  -2,1	  -1,9	  -6,6	 -13,1
*	    50,4310	 1	 87,84	 46,68	 -13,8	  -7,9	  -1,7	  -1,5	  -6,3	 -12,7
*	    49,4530	 1	 85,06	 45,29	 -13,5	  -7,6	  -1,4	  -1,2	  -6,0	 -12,4
*	    49,5263	 1	 92,73	 51,29	 -13,4	  -7,4	  -1,3	  -1,1	  -5,8	 -12,3
*	    48,0673	 1	 90,39	 49,91	 -12,9	  -6,9	  -0,8	  -0,6	  -5,3	 -11,8
*	    46,8256	 1	 87,82	 48,51	 -12,5	  -6,5	  -0,4	  -0,2	  -4,9	 -11,4
*	    45,8096	 1	 85,03	 47,12	 -12,2	  -6,2	  -0,1	   0,2	  -4,6	 -11,0
*	    46,0868	 1	 92,75	 53,25	 -12,0	  -6,1	   0,0	   0,3	  -4,5	 -10,9
*	    44,5647	 1	 90,39	 51,89	 -11,5	  -5,5	   0,6	   0,8	  -3,9	 -10,4
*	    43,2707	 1	 87,81	 50,48	 -11,1	  -5,1	   1,0	   1,2	  -3,5	  -9,9
*	    42,2146	 1	 85,00	 49,08	 -10,7	  -4,7	   1,4	   1,6	  -3,1	  -9,6
*	    42,7129	 1	 92,76	 55,35	 -10,7	  -4,7	   1,4	   1,7	  -3,1	  -9,5
*	    41,1226	 1	 90,39	 53,99	 -10,1	  -4,1	   2,0	   2,3	  -2,5	  -8,9
*	    39,7726	 1	 87,80	 52,60	  -9,6	  -3,6	   2,5	   2,7	  -2,0	  -8,4
*	    38,6741	 1	 84,97	 51,20	  -9,2	  -3,2	   2,9	   3,1	  -1,6	  -8,0
*	    39,4125	 1	 92,78	 57,59	  -9,2	  -3,2	   2,9	   3,1	  -1,6	  -8,0
*	    37,7482	 1	 90,39	 56,24	  -8,6	  -2,6	   3,5	   3,8	  -0,9	  -7,3
*	    36,3380	 1	 87,79	 54,87	  -8,0	  -2,0	   4,1	   4,3	  -0,4	  -6,8
*	    35,1950	 1	 84,94	 53,48	  -7,6	  -1,6	   4,5	   4,7	   0,0	  -6,4
*	    36,1953	 1	 92,79	 59,96	  -7,7	  -1,7	   4,4	   4,7	  -0,1	  -6,4
*	    34,4502	 1	 90,39	 58,65	  -7,0	  -1,0	   5,1	   5,4	   0,7	  -5,7
*	    32,9749	 1	 87,77	 57,30	  -6,4	  -0,4	   5,7	   6,0	   1,3	  -5,1
*	    31,7849	 1	 84,91	 55,93	  -5,9	   0,1	   6,2	   6,4	   1,7	  -4,6
*	     8,6338	 1	354,39	 86,68	  11,0	  18,0	  25,4	  26,0	  21,2	  15,0
*	     7,1483	 1	 16,39	 89,06	  10,3	  17,4	  24,7	  25,4	  20,5	  14,3
*	     6,6597	 1	 31,37	 90,78	   8,9	  15,9	  23,3	  23,9	  19,1	  12,9
*	     9,3837	 1	356,71	 63,33	   9,6	  16,6	  24,0	  24,6	  19,8	  13,6
*	     7,7909	 1	 18,28	 68,55	   9,3	  16,3	  23,7	  24,3	  19,5	  13,3
*	     7,1669	 1	 32,72	 73,96	   8,2	  15,2	  22,6	  23,2	  18,4	  12,2
*	    11,4876	 1	359,04	 46,53	   6,8	  13,8	  21,2	  21,8	  17,0	  10,7
*	     9,7516	 1	 20,14	 52,74	   6,9	  14,0	  21,3	  22,0	  17,1	  10,9
*	     8,9174	 1	 34,02	 59,90	   6,4	  13,4	  20,8	  21,4	  16,6	  10,4
*	    14,4937	 1	  1,37	 35,68	   3,6	  10,6	  18,0	  18,6	  13,8	   7,5
*	    12,6655	 1	 21,95	 41,77	   4,1	  11,1	  18,5	  19,1	  14,3	   8,0
*	    11,6561	 1	 35,29	 49,20	   4,0	  11,1	  18,4	  19,0	  14,2	   8,0
*	    18,1122	 1	  3,69	 28,60	   0,6	   7,6	  15,0	  15,6	  10,7	   4,5
*	    16,2554	 1	 23,71	 34,25	   1,2	   8,2	  15,6	  16,2	  11,4	   5,1
*	    15,1402	 1	 36,52	 41,32	   1,4	   8,4	  15,8	  16,4	  11,6	   5,3
*	    22,1806	 1	  6,01	 23,77	  -2,3	   4,7	  12,1	  12,7	   7,9	   1,6
*	    20,3437	 1	 25,43	 28,97	  -1,6	   5,4	  12,8	  13,4	   8,6	   2,3
*	    19,1839	 1	 37,71	 35,49	  -1,3	   5,8	  13,1	  13,7	   8,9	   2,6
*	    26,5985	 1	  8,30	 20,33	  -4,9	   2,1	   9,5	  10,1	   5,2	  -1,1
*	    24,8131	 1	 27,10	 25,11	  -4,3	   2,8	  10,1	  10,7	   5,9	  -0,4
*	    23,6516	 1	 38,87	 31,07	  -3,9	   3,2	  10,5	  11,1	   6,3	  -0,0
*	    31,2965	 1	 10,58	 17,77	  -7,4	  -0,4	   7,0	   7,6	   2,7	  -3,6
*	    29,5807	 1	 28,72	 22,20	  -6,8	   0,3	   7,6	   8,2	   3,4	  -3,0
*	    28,4444	 1	 39,99	 27,67	  -6,4	   0,7	   8,0	   8,6	   3,8	  -2,6
*	    47,7064	 1	 41,25	 18,80	 -12,4	  -6,4	  -0,3	  -0,1	  -4,8	 -11,3
*	    48,3965	 1	 34,46	 16,06	 -12,6	  -6,6	  -0,5	  -0,3	  -5,0	 -11,5
*	    49,2921	 1	 24,96	 13,58	 -12,9	  -6,9	  -0,8	  -0,6	  -5,3	 -11,8
*	    50,3889	 1	 11,75	 11,59	 -13,2	  -7,3	  -1,2	  -0,9	  -5,7	 -12,2
*	    44,0437	 1	 40,52	 19,76	 -11,1	  -5,1	   1,0	   1,3	  -3,5	  -9,9
*	    44,7581	 1	 33,51	 16,90	 -11,3	  -5,3	   0,8	   1,0	  -3,7	 -10,1
*	    45,6864	 1	 23,73	 14,32	 -11,6	  -5,6	   0,5	   0,7	  -4,0	 -10,5
*	    46,8242	 1	 10,18	 12,27	 -12,0	  -6,0	   0,1	   0,4	  -4,4	 -10,8
*	    40,4370	 1	 39,76	 20,86	  -9,7	  -3,7	   2,4	   2,7	  -2,1	  -8,5
*	    41,1759	 1	 32,53	 17,85	  -9,9	  -3,9	   2,2	   2,4	  -2,3	  -8,7
*	    42,1377	 1	 22,47	 15,15	 -10,2	  -4,2	   1,9	   2,1	  -2,6	  -9,1
*	    43,3177	 1	  8,60	 13,06	 -10,6	  -4,6	   1,5	   1,7	  -3,0	  -9,5
*	    36,8951	 1	 38,99	 22,10	  -8,2	  -2,2	   3,9	   4,1	  -0,6	  -7,0
*	    37,6582	 1	 31,54	 18,94	  -8,5	  -2,5	   3,6	   3,9	  -0,8	  -7,2
*	    38,6536	 1	 21,18	 16,12	  -8,8	  -2,8	   3,3	   3,5	  -1,2	  -7,6
*	    39,8770	 1	  7,02	 13,96	  -9,2	  -3,2	   2,9	   3,1	  -1,6	  -8,0
*	    33,4285	 1	 38,20	 23,54	  -6,7	  -0,7	   5,4	   5,7	   0,9	  -5,4
*	    34,2146	 1	 30,52	 20,20	  -7,0	  -1,0	   5,1	   5,4	   0,7	  -5,7
*	    35,2433	 1	 19,87	 17,24	  -7,3	  -1,3	   4,8	   5,0	   0,3	  -6,1
*	    36,5107	 1	  5,42	 15,02	  -7,8	  -1,8	   4,3	   4,6	  -0,2	  -6,5
*	    30,0498	 1	 37,39	 25,20	  -5,1	   0,9	   7,0	   7,2	   2,5	  -3,8
*	    30,8566	 1	 29,49	 21,67	  -5,4	   0,6	   6,7	   6,9	   2,2	  -4,1
*	    31,9174	 1	 18,54	 18,56	  -5,8	   0,2	   6,3	   6,6	   1,9	  -4,5
*	    33,2288	 1	  3,81	 16,27	  -6,3	  -0,3	   5,8	   6,1	   1,4	  -5,0
s	     8,4971	 3	201,04	 93,18	  33,4	  33,7	  24,8	  23,9	  18,3	  24,4
*	    10,0514	 1	171,19	 86,19	  10,5	  16,4	  22,3	  24,6	  20,3	  13,5
*	    10,5496	 1	164,28	 87,40	   9,1	  15,1	  20,9	  23,3	  19,0	  12,2
s	    11,0797	 2	184,52	 85,93	  33,5	  34,0	  25,7	  25,5	  20,2	  26,8
*	    28,5591	 1	340,64	 17,38	   1,6	   2,4	  -5,3	  -4,9	  -9,8	  -3,0
*	    31,2983	 1	307,76	 17,98	   0,5	   1,3	  -6,4	  -6,0	 -10,9	  -4,1
*	    23,7346	 1	337,82	 21,31	   4,6	   5,3	  -2,4	  -2,0	  -6,9	  -0,0
*	    26,6478	 1	306,05	 22,38	   3,3	   4,0	  -3,7	  -3,3	  -8,2	  -1,3
*	    19,3506	 1	335,10	 27,14	   7,8	   8,5	   0,8	   1,2	  -3,7	   3,2
*	    22,4494	 1	304,48	 28,74	   6,2	   7,0	  -0,7	  -0,3	  -5,2	   1,7
*	    15,5543	 1	332,49	 36,32	  11,2	  12,0	   4,3	   4,7	  -0,2	   6,8
*	    18,8550	 1	303,01	 38,37	   9,4	  10,2	   2,5	   2,8	  -2,0	   4,9
*	    12,6226	 1	330,01	 51,56	  14,8	  15,6	   7,9	   8,2	   3,4	  10,3
*	    16,1379	 1	301,66	 53,42	  12,4	  13,2	   5,5	   5,9	   1,0	   8,0
*	    11,0970	 1	327,65	 75,80	  17,3	  18,1	  10,4	  10,7	   5,9	  12,8
*	    14,7710	 1	300,40	 75,53	  14,4	  15,2	   7,5	   7,9	   3,0	  10,0
*	    37,0060	 1	302,70	 15,50	  -2,3	  -1,5	  -9,2	  -8,9	 -13,8	  -7,0
*	    34,2670	 1	335,70	 14,20	  -1,2	  -0,5	  -8,2	  -7,8	 -12,7	  -5,9
*	    42,2594	 1	304,31	 13,00	  -4,6	  -3,8	 -11,6	 -11,2	 -16,1	  -9,4
*	    39,6896	 1	338,65	 12,12	  -3,7	  -2,9	 -10,7	 -10,3	 -15,2	  -8,4
s	    12,8829	 3	 69,18	106,72	  30,2	  37,2	  44,1	  42,8	  36,8	  30,4
*	    14,3211	 1	180,21	 83,97	   8,8	  14,7	  20,6	  23,0	  18,7	  11,8
*	    18,8721	 1	 96,57	 96,70	  11,0	  11,7	   4,0	   4,4	  -0,5	   6,4
*	    24,0265	 1	100,96	 96,55	   6,8	   7,6	  -0,1	   0,3	  -4,6	   2,2
*	    18,4237	 1	 96,51	 90,87	  11,6	  12,4	   4,7	   5,1	   0,2	   7,1
*	    23,6974	 1	100,87	 91,07	   7,2	   8,0	   0,3	   0,6	  -4,2	   2,6
*	    19,5801	 1	 96,45	 85,12	  10,5	  11,3	   3,6	   4,0	  -0,9	   6,0
*	    24,6623	 1	100,77	 85,67	   6,5	   7,3	  -0,4	  -0,1	  -5,0	   1,9
*	    22,1061	 1	 96,39	 79,57	   8,2	   9,0	   1,3	   1,6	  -3,3	   3,6
*	    26,8013	 1	100,68	 80,42	   4,9	   5,7	  -2,0	  -1,6	  -6,5	   0,3
*	    25,6105	 1	 96,33	 74,30	   5,4	   6,2	  -1,5	  -1,2	  -6,0	   0,8
*	    29,8809	 1	100,59	 75,42	   2,9	   3,6	  -4,1	  -3,7	  -8,6	  -1,8
*	    29,7913	 1	 96,28	 69,37	   2,6	   3,4	  -4,3	  -4,0	  -8,9	  -2,0
*	    33,6738	 1	100,50	 70,70	   0,6	   1,4	  -6,3	  -6,0	 -10,9	  -4,1
*	    34,4594	 1	 96,22	 64,84	  -0,0	   0,7	  -7,0	  -6,6	 -11,5	  -4,7
*	    38,0066	 1	100,42	 66,33	  -1,7	  -0,9	  -8,6	  -8,2	 -13,2	  -6,4
*	    44,3528	 1	 97,15	 58,04	  -4,6	  -3,9	 -11,6	 -11,2	 -16,2	  -9,4
*	    42,6052	 1	101,26	 63,47	  -3,8	  -3,0	 -10,7	 -10,4	 -15,3	  -8,5
*	    39,1385	 1	 97,21	 61,89	  -2,3	  -1,6	  -9,3	  -8,9	 -13,8	  -7,0
*	    18,8877	 1	186,53	 82,56	   7,0	  12,9	  18,8	  21,1	  16,9	  10,0
*	    35,6629	 1	280,05	 22,41	  -5,3	   1,7	   9,1	   9,7	   4,8	  -1,6
*	    38,5845	 1	265,94	 26,90	  -6,5	   0,5	   7,9	   8,5	   3,6	  -2,8
*	    41,9805	 1	256,79	 31,82	  -7,9	  -0,9	   6,5	   7,1	   2,2	  -4,2
*	    31,7930	 1	279,73	 26,63	  -3,2	   3,8	  11,2	  11,8	   6,9	   0,6
*	    34,9053	 1	266,05	 31,47	  -4,6	   2,4	   9,8	  10,4	   5,5	  -0,9
*	    38,5146	 1	257,07	 36,62	  -6,2	   0,8	   8,2	   8,8	   3,9	  -2,5
*	    28,2704	 1	279,43	 32,16	  -1,0	   6,0	  13,4	  14,0	   9,1	   2,8
*	    31,5946	 1	266,15	 37,28	  -2,7	   4,3	  11,7	  12,3	   7,4	   1,1
*	    35,4344	 1	257,34	 42,53	  -4,6	   2,5	   9,8	  10,4	   5,6	  -0,8
*	    25,1845	 1	279,14	 39,54	   1,2	   8,2	  15,6	  16,2	  11,3	   5,0
*	    28,7410	 1	266,24	 44,73	  -0,8	   6,2	  13,6	  14,2	   9,3	   3,0
*	    32,8230	 1	257,60	 49,81	  -3,0	   4,0	  11,4	  12,0	   7,1	   0,7
*	    22,6671	 1	278,88	 49,49	   3,3	  10,4	  17,7	  18,3	  13,5	   7,2
*	    26,4650	 1	266,33	 54,25	   0,9	   7,9	  15,3	  15,9	  11,0	   4,7
*	    30,7831	 1	257,84	 58,65	  -1,7	   5,4	  12,7	  13,3	   8,5	   2,1
*	    20,9075	 1	278,62	 62,66	   5,1	  12,1	  19,5	  20,1	  15,2	   8,9
*	    24,9197	 1	266,42	 66,05	   2,2	   9,3	  16,6	  17,2	  12,4	   6,1
*	    29,4320	 1	258,08	 69,06	  -0,7	   6,4	  13,7	  14,3	   9,5	   3,1
*	    20,1334	 1	278,38	 78,77	   6,0	  13,0	  20,4	  21,0	  16,2	   9,9
*	    56,2508	 1	285,31	 11,29	 -11,5	  -5,5	   0,6	   0,8	  -4,0	 -10,5
*	    57,6954	 1	272,23	 13,17	 -11,9	  -6,0	   0,1	   0,4	  -4,4	 -10,9
*	    59,3218	 1	262,91	 15,48	 -12,4	  -6,5	  -0,4	  -0,1	  -4,9	 -11,4
*	    61,1208	 1	256,26	 17,99	 -13,0	  -7,0	  -0,9	  -0,7	  -5,4	 -12,0
*	    52,9133	 1	284,90	 12,32	 -10,4	  -4,4	   1,7	   1,9	  -2,8	  -9,3
*	    54,4115	 1	272,18	 14,31	 -10,8	  -4,9	   1,2	   1,5	  -3,3	  -9,8
*	    56,0980	 1	263,04	 16,73	 -11,4	  -5,4	   0,7	   1,0	  -3,8	 -10,3
*	    57,9626	 1	256,49	 19,35	 -11,9	  -6,0	   0,1	   0,4	  -4,4	 -10,9
*	    49,6440	 1	284,51	 13,46	  -9,2	  -3,2	   2,9	   3,1	  -1,6	  -8,1
*	    51,1989	 1	272,13	 15,58	  -9,7	  -3,7	   2,4	   2,6	  -2,1	  -8,6
*	    52,9492	 1	263,18	 18,12	 -10,3	  -4,3	   1,8	   2,1	  -2,7	  -9,2
*	    54,8832	 1	256,71	 20,86	 -10,9	  -4,9	   1,2	   1,4	  -3,3	  -9,8
*	    46,4503	 1	284,14	 14,78	  -8,0	  -2,0	   4,1	   4,4	  -0,4	  -6,8
*	    48,0654	 1	272,08	 17,01	  -8,5	  -2,5	   3,6	   3,8	  -0,9	  -7,4
*	    49,8833	 1	263,30	 19,69	  -9,1	  -3,1	   3,0	   3,2	  -1,6	  -8,0
*	    51,8909	 1	256,92	 22,56	  -9,8	  -3,8	   2,3	   2,5	  -2,2	  -8,7
*	    43,3408	 1	283,79	 16,27	  -6,7	  -0,7	   5,4	   5,6	   0,9	  -5,5
*	    45,0197	 1	272,04	 18,66	  -7,3	  -1,3	   4,8	   5,0	   0,3	  -6,1
*	    46,9096	 1	263,43	 21,47	  -8,0	  -2,0	   4,1	   4,4	  -0,4	  -6,8
*	    48,9953	 1	257,12	 24,47	  -8,7	  -2,7	   3,4	   3,6	  -1,1	  -7,6
*	    40,3252	 1	283,46	 18,00	  -5,4	   0,6	   6,7	   6,9	   2,2	  -4,2
*	    42,0721	 1	271,99	 20,54	  -6,0	  -0,1	   6,0	   6,3	   1,6	  -4,9
*	    44,0385	 1	263,55	 23,51	  -6,8	  -0,8	   5,3	   5,5	   0,8	  -5,6
*	    46,2072	 1	257,32	 26,64	  -7,6	  -1,6	   4,5	   4,7	   0,0	  -6,4
s	    21,8185	 2	305,82	 82,94	  31,2	  31,6	  23,3	  21,7	  15,4	  22,1
s	    22,7793	 3	288,74	 82,29	  30,3	  25,6	   3,3	   3,0	  -2,2	  17,5
*	    47,1023	 1	110,55	 70,11	  -8,6	  -1,6	   5,7	   6,3	   1,5	  -5,0
*	    43,5211	 1	107,21	 69,26	  -7,2	  -0,1	   7,2	   7,8	   2,9	  -3,5
*	    40,3206	 1	103,59	 68,43	  -5,8	   1,3	   8,6	   9,2	   4,3	  -2,1
*	    44,0944	 1	110,68	 73,60	  -7,4	  -0,3	   7,0	   7,6	   2,7	  -3,7
*	    40,3091	 1	107,32	 72,86	  -5,7	   1,3	   8,7	   9,3	   4,4	  -2,0
*	    36,8974	 1	103,68	 72,13	  -4,1	   3,0	  10,3	  10,9	   6,0	  -0,4
*	    41,5142	 1	110,81	 77,27	  -6,2	   0,8	   8,2	   8,8	   3,9	  -2,5
*	    37,5281	 1	107,43	 76,66	  -4,3	   2,7	  10,1	  10,6	   5,8	  -0,6
*	    33,8998	 1	103,77	 76,04	  -2,5	   4,6	  11,9	  12,5	   7,7	   1,3
*	    39,4286	 1	110,94	 81,10	  -5,2	   1,8	   9,2	   9,7	   4,9	  -1,5
*	    35,2588	 1	107,55	 80,62	  -3,2	   3,9	  11,2	  11,8	   7,0	   0,6
*	    31,4241	 1	103,87	 80,14	  -1,0	   6,0	  13,4	  14,0	   9,1	   2,7
*	    37,9041	 1	111,08	 85,05	  -4,5	   2,5	   9,9	  10,5	   5,6	  -0,8
*	    33,5873	 1	107,67	 84,73	  -2,2	   4,8	  12,2	  12,8	   7,9	   1,5
*	    29,5804	 1	103,97	 84,41	   0,1	   7,2	  14,5	  15,1	  10,3	   3,9
*	    36,9975	 1	111,21	 89,10	  -4,1	   3,0	  10,3	  10,9	   6,1	  -0,3
*	    32,5911	 1	107,78	 88,96	  -1,7	   5,3	  12,7	  13,3	   8,4	   2,1
*	    28,4766	 1	104,06	 88,80	   0,8	   7,9	  15,2	  15,8	  11,0	   4,6
*	    36,7448	 1	111,35	 93,21	  -4,0	   3,1	  10,4	  11,0	   6,2	  -0,2
*	    32,3213	 1	107,90	 93,24	  -1,6	   5,5	  12,8	  13,4	   8,6	   2,2
*	    28,1875	 1	104,16	 93,27	   1,0	   8,0	  15,4	  16,0	  11,1	   4,8
*	    65,6706	 1	110,46	 56,46	 -12,8	  -6,9	  -0,8	  -0,5	  -5,3	 -11,9
*	    63,6974	 1	108,25	 55,70	 -12,2	  -6,3	  -0,2	   0,0	  -4,7	 -11,3
*	    61,8840	 1	105,93	 54,95	 -11,7	  -5,7	   0,4	   0,6	  -4,2	 -10,7
*	    60,2413	 1	103,48	 54,22	 -11,2	  -5,2	   0,9	   1,1	  -3,6	 -10,2
*	    62,6861	 1	110,54	 58,25	 -11,9	  -5,9	   0,2	   0,4	  -4,4	 -10,9
*	    60,6394	 1	108,32	 57,49	 -11,3	  -5,3	   0,8	   1,0	  -3,7	 -10,3
*	    58,7553	 1	106,00	 56,75	 -10,7	  -4,7	   1,4	   1,6	  -3,1	  -9,7
*	    57,0460	 1	103,54	 56,03	 -10,1	  -4,1	   2,0	   2,2	  -2,6	  -9,1
*	    59,7964	 1	110,63	 60,11	 -11,0	  -5,0	   1,1	   1,3	  -3,4	 -10,0
*	    57,6721	 1	108,40	 59,37	 -10,3	  -4,3	   1,8	   2,0	  -2,7	  -9,3
*	    55,7130	 1	106,07	 58,65	  -9,6	  -3,7	   2,4	   2,7	  -2,1	  -8,6
*	    53,9325	 1	103,60	 57,94	  -9,0	  -3,1	   3,0	   3,3	  -1,5	  -8,0
*	    57,0116	 1	110,71	 62,06	 -10,1	  -4,1	   2,0	   2,3	  -2,5	  -9,0
*	    54,8058	 1	108,48	 61,35	  -9,3	  -3,3	   2,8	   3,0	  -1,7	  -8,3
*	    52,7671	 1	106,14	 60,64	  -8,6	  -2,6	   3,5	   3,7	  -1,0	  -7,5
*	    50,9106	 1	103,67	 59,96	  -7,9	  -1,9	   4,2	   4,4	  -0,4	  -6,8
*	    54,3435	 1	110,80	 64,11	  -9,1	  -3,1	   3,0	   3,2	  -1,6	  -8,1
*	    52,0522	 1	108,56	 63,43	  -8,3	  -2,3	   3,8	   4,0	  -0,7	  -7,2
*	    49,9293	 1	106,21	 62,74	  -7,5	  -1,5	   4,6	   4,8	   0,1	  -6,4
*	    47,9916	 1	103,73	 62,08	  -6,8	  -0,8	   5,3	   5,5	   0,8	  -5,7
*	    51,8051	 1	110,89	 66,24	  -8,2	  -2,2	   3,9	   4,1	  -0,6	  -7,1
*	    49,4246	 1	108,64	 65,59	  -7,3	  -1,3	   4,8	   5,0	   0,3	  -6,2
*	    47,2130	 1	106,29	 64,94	  -6,5	  -0,5	   5,6	   5,9	   1,1	  -5,3
*	    45,1887	 1	103,79	 64,30	  -5,6	   0,3	   6,4	   6,7	   1,9	  -4,5
*	    28,4716	 1	194,45	 80,92	   3,6	   9,5	  15,4	  17,7	  13,4	   6,5
*	    43,3705	 1	251,14	 35,16	  -0,1	   0,7	  -7,0	  -6,7	 -11,6	  -4,8
*	    47,1653	 1	243,19	 39,84	  -1,6	  -0,8	  -8,5	  -8,2	 -13,1	  -6,4
*	    39,6111	 1	251,55	 41,01	   1,7	   2,5	  -5,2	  -4,9	  -9,8	  -3,0
*	    43,6512	 1	243,67	 45,69	  -0,0	   0,7	  -7,0	  -6,6	 -11,5	  -4,8
*	    36,4011	 1	251,94	 48,29	   3,4	   4,2	  -3,5	  -3,2	  -8,1	  -1,3
*	    40,6914	 1	244,13	 52,70	   1,4	   2,2	  -5,5	  -5,2	 -10,1	  -3,3
*	    33,8684	 1	252,32	 57,27	   4,9	   5,7	  -2,0	  -1,7	  -6,6	   0,2
*	    38,3940	 1	244,58	 61,02	   2,6	   3,4	  -4,3	  -4,0	  -8,9	  -2,1
*	    32,1620	 1	252,68	 68,01	   6,0	   6,8	  -0,9	  -0,5	  -5,5	   1,4
*	    36,8743	 1	245,01	 70,58	   3,5	   4,3	  -3,4	  -3,1	  -8,0	  -1,2
*	    52,8281	 1	250,21	 26,14	  -3,9	  -3,1	 -10,9	 -10,5	 -15,5	  -8,8
*	    48,2044	 1	250,66	 29,86	  -2,1	  -1,4	  -9,1	  -8,7	 -13,7	  -6,9
*	    51,7363	 1	242,63	 34,40	  -3,4	  -2,6	 -10,4	 -10,0	 -14,9	  -8,2
*	    35,6492	 1	128,82	 96,00	 -15,1	  -9,2	  -3,3	  -1,0	  -5,3	 -12,3
*	    35,8008	 1	129,38	 94,19	 -13,7	  -7,8	  -1,9	   0,4	  -3,9	 -10,9
*	    39,1201	 1	129,26	 94,19	 -15,1	  -9,2	  -3,3	  -1,0	  -5,3	 -12,3
*	    42,5052	 1	129,16	 94,18	 -16,4	 -10,5	  -4,6	  -2,3	  -6,7	 -13,7
s	    37,3069	 1	 90,00	 29,13	  29,2	  32,5	  22,6	  22,9	  26,5	  23,9
*	    65,4499	 1	200,79	 38,60	   3,7	   7,1	  -2,9	  -2,6	   0,9	  -1,9
*	    52,9499	 1	191,10	 27,30	   7,6	  10,9	   0,9	   1,3	   4,8	   2,1
*	    43,6442	 1	160,56	 15,31	  10,8	  14,1	   4,1	   4,5	   8,0	   5,4
*	    38,7968	 1	 90,20	 16,08	  12,5	  15,9	   5,9	   6,3	   9,8	   7,2
*	    65,5866	 1	182,20	 43,68	   3,5	   6,9	  -3,1	  -2,8	   0,7	  -2,0
*	    53,0584	 1	167,66	 36,10	   7,4	  10,7	   0,7	   1,1	   4,6	   1,9
*	    43,5828	 1	142,42	 30,24	  10,6	  14,0	   4,0	   4,4	   7,9	   5,3
*	    38,3632	 1	109,78	 30,86	  12,7	  16,1	   6,1	   6,4	  10,0	   7,4
*	    38,3483	 1	 85,06	 37,95	  12,9	  16,2	   6,2	   6,6	  10,1	   7,6
*	    69,4698	 1	169,30	 50,03	   2,4	   5,7	  -4,3	  -3,9	  -0,5	  -3,2
*	    57,4007	 1	155,47	 45,58	   5,9	   9,2	  -0,7	  -0,4	   3,1	   0,4
*	    48,2269	 1	136,88	 42,79	   9,0	  12,3	   2,4	   2,7	   6,2	   3,6
*	    42,9979	 1	115,94	 43,40	  11,0	  14,4	   4,4	   4,8	   8,3	   5,7
*	    42,6602	 1	 97,48	 47,33	  11,4	  14,8	   4,8	   5,2	   8,7	   6,1
*	    76,6619	 1	160,63	 56,04	   0,5	   3,8	  -6,2	  -5,9	  -2,4	  -5,2
*	    65,4035	 1	148,63	 53,53	   3,5	   6,9	  -3,1	  -2,8	   0,7	  -2,1
*	    56,9132	 1	134,24	 52,22	   6,2	   9,5	  -0,5	  -0,1	   3,4	   0,7
*	    52,0587	 1	118,88	 52,78	   8,0	  11,3	   1,3	   1,7	   5,2	   2,5
*	    76,3101	 1	144,35	 59,75	   0,6	   3,9	  -6,0	  -5,7	  -2,2	  -5,1
*	    68,6934	 1	132,71	 59,16	   2,7	   6,1	  -3,9	  -3,6	  -0,1	  -2,9
*	    37,8800	 1	133,35	 93,28	  -9,8	  -3,9	   2,0	   4,3	  -0,0	  -7,0
*	    41,0934	 1	133,04	 93,32	 -11,1	  -5,2	   0,7	   3,0	  -1,3	  -8,3
*	    44,3787	 1	132,77	 93,36	 -12,4	  -6,4	  -0,6	   1,7	  -2,6	  -9,6
*	    47,7260	 1	132,51	 93,40	 -13,6	  -7,7	  -1,8	   0,5	  -3,8	 -10,9
*	    51,1269	 1	132,27	 93,43	 -14,8	  -8,9	  -3,0	  -0,7	  -5,0	 -12,1
*	    54,5742	 1	132,06	 93,46	 -15,9	 -10,0	  -4,2	  -1,9	  -6,2	 -13,3
*	    58,0617	 1	131,86	 93,49	 -17,1	 -11,2	  -5,3	  -3,0	  -7,3	 -14,5
*	    38,3786	 1	199,11	 80,00	   0,6	   6,5	  12,4	  14,7	  10,4	   3,4
s	    39,1846	 2	 79,27	 32,53	  28,1	  26,3	   2,3	   2,7	   6,2	  16,9
*	    55,2220	 1	118,94	 72,06	  -3,0	  -2,3	 -10,0	  -9,6	 -14,6	  -7,9
*	    51,1927	 1	115,09	 71,44	  -1,6	  -0,8	  -8,5	  -8,2	 -13,1	  -6,4
*	    52,2918	 1	119,12	 75,92	  -2,0	  -1,2	  -8,9	  -8,6	 -13,5	  -6,8
*	    48,0674	 1	115,26	 75,41	  -0,3	   0,4	  -7,3	  -6,9	 -11,9	  -5,1
*	    49,9256	 1	119,32	 79,96	  -1,1	  -0,3	  -8,0	  -7,7	 -12,6	  -5,9
*	    45,5268	 1	115,44	 79,58	   0,7	   1,5	  -6,3	  -5,9	 -10,8	  -4,1
*	    48,1882	 1	119,51	 84,16	  -0,4	   0,3	  -7,4	  -7,0	 -12,0	  -5,2
*	    43,6518	 1	115,61	 83,93	   1,5	   2,3	  -5,5	  -5,1	 -10,0	  -3,3
*	    47,1338	 1	119,71	 88,46	  -0,0	   0,7	  -7,0	  -6,6	 -11,5	  -4,8
*	    42,5123	 1	115,79	 88,40	   2,0	   2,7	  -5,0	  -4,6	  -9,5	  -2,8
*	    46,7972	 1	119,91	 92,85	   0,1	   0,9	  -6,9	  -6,5	 -11,4	  -4,7
*	    42,1544	 1	115,97	 92,94	   2,1	   2,9	  -4,8	  -4,5	  -9,4	  -2,6
*	    58,0911	 1	113,87	 64,06	  -4,0	  -3,2	 -11,0	 -10,6	 -15,6	  -8,9
*	    52,2693	 1	235,91	 43,66	  -7,8	  -0,8	   6,5	   7,1	   2,2	  -4,3
*	    55,2462	 1	230,99	 46,57	  -8,9	  -1,9	   5,5	   6,1	   1,2	  -5,4
*	    58,5232	 1	226,98	 49,34	 -10,0	  -3,0	   4,4	   4,9	   0,0	  -6,5
*	    49,4837	 1	236,32	 48,13	  -6,7	   0,3	   7,7	   8,2	   3,4	  -3,1
*	    52,5896	 1	231,40	 50,96	  -7,9	  -0,9	   6,5	   7,1	   2,2	  -4,3
*	    55,9944	 1	227,39	 53,59	  -9,1	  -2,1	   5,3	   5,8	   0,9	  -5,6
*	    47,0481	 1	236,73	 53,23	  -5,7	   1,3	   8,7	   9,3	   4,4	  -2,1
*	    50,2800	 1	231,82	 55,86	  -7,0	   0,0	   7,4	   8,0	   3,1	  -3,4
*	    53,8074	 1	227,79	 58,30	  -8,3	  -1,3	   6,1	   6,7	   1,8	  -4,8
*	    45,0096	 1	237,12	 58,97	  -4,8	   2,2	   9,6	  10,2	   5,3	  -1,2
*	    48,3589	 1	232,22	 61,32	  -6,2	   0,9	   8,2	   8,8	   3,9	  -2,6
*	    51,9983	 1	228,19	 63,46	  -7,6	  -0,6	   6,8	   7,4	   2,5	  -4,0
*	    43,4174	 1	237,51	 65,34	  -4,0	   3,0	  10,4	  10,9	   6,1	  -0,4
*	    46,8681	 1	232,62	 67,27	  -5,5	   1,5	   8,9	   9,4	   4,6	  -1,9
*	    50,6023	 1	228,59	 69,03	  -7,0	   0,0	   7,4	   7,9	   3,0	  -3,4
*	    42,3187	 1	237,89	 72,29	  -3,5	   3,5	  10,9	  11,5	   6,6	   0,2
*	    45,8463	 1	233,01	 73,69	  -5,0	   2,0	   9,3	   9,9	   5,0	  -1,4
*	    49,6510	 1	228,97	 74,94	  -6,6	   0,4	   7,8	   8,3	   3,5	  -3,0
*	    69,0931	 1	234,57	 28,30	 -10,8	  -4,8	   1,3	   1,5	  -3,3	  -9,9
*	    70,7661	 1	230,79	 30,29	 -11,2	  -5,3	   0,8	   1,0	  -3,7	 -10,3
*	    72,5901	 1	227,57	 32,28	 -11,7	  -5,8	   0,3	   0,5	  -4,2	 -10,9
*	    74,5567	 1	224,81	 34,25	 -12,3	  -6,3	  -0,2	   0,0	  -4,8	 -11,4
*	    66,2116	 1	234,90	 29,98	  -9,9	  -3,9	   2,2	   2,4	  -2,4	  -9,0
*	    67,9393	 1	231,12	 32,01	 -10,4	  -4,4	   1,7	   1,9	  -2,9	  -9,5
*	    69,8211	 1	227,90	 34,04	 -10,9	  -5,0	   1,1	   1,3	  -3,4	 -10,1
*	    71,8473	 1	225,13	 36,04	 -11,5	  -5,5	   0,6	   0,8	  -4,0	 -10,6
*	    63,4232	 1	235,23	 31,82	  -9,0	  -3,1	   3,0	   3,2	  -1,5	  -8,1
*	    65,2082	 1	231,45	 33,89	  -9,6	  -3,6	   2,5	   2,7	  -2,1	  -8,6
*	    67,1497	 1	228,23	 35,95	 -10,2	  -4,2	   1,9	   2,1	  -2,6	  -9,2
*	    69,2375	 1	225,45	 37,98	 -10,8	  -4,8	   1,3	   1,5	  -3,3	  -9,9
*	    60,7370	 1	235,55	 33,85	  -8,2	  -2,2	   3,9	   4,1	  -0,6	  -7,2
*	    62,5815	 1	231,77	 35,95	  -8,8	  -2,8	   3,3	   3,5	  -1,2	  -7,8
*	    64,5849	 1	228,55	 38,03	  -9,4	  -3,4	   2,7	   2,9	  -1,8	  -8,4
*	    66,7362	 1	225,76	 40,07	 -10,0	  -4,0	   2,1	   2,3	  -2,5	  -9,1
*	    58,1628	 1	235,86	 36,07	  -7,3	  -1,3	   4,8	   5,0	   0,2	  -6,3
*	    60,0690	 1	232,09	 38,20	  -7,9	  -2,0	   4,1	   4,4	  -0,4	  -6,9
*	    62,1364	 1	228,86	 40,29	  -8,6	  -2,6	   3,5	   3,7	  -1,1	  -7,6
*	    64,3527	 1	226,07	 42,34	  -9,3	  -3,3	   2,8	   3,0	  -1,8	  -8,3
*	    55,7118	 1	236,17	 38,53	  -6,5	  -0,5	   5,6	   5,8	   1,1	  -5,4
*	    57,6818	 1	232,40	 40,65	  -7,1	  -1,1	   5,0	   5,2	   0,4	  -6,1
*	    59,8146	 1	229,17	 42,76	  -7,8	  -1,9	   4,2	   4,5	  -0,3	  -6,8
*	    62,0971	 1	226,38	 44,79	  -8,6	  -2,6	   3,5	   3,7	  -1,0	  -7,6
s	    43,2904	 2	 90,00	 26,94	  26,3	  30,7	  21,8	  22,4	  26,0	  23,4
s	    45,0092	 3	 79,44	 30,10	  25,3	  24,5	   1,6	   2,2	   5,8	  16,4
s	    45,6568	 2	 72,54	 29,98	  28,2	  34,4	  40,8	  41,2	  36,5	  30,1
*	    45,9787	 1	 77,23	 37,52	   1,9	   6,7	  19,8	  21,1	  18,1	  13,3
*	    50,6610	 1	 92,71	 46,94	   0,6	   5,3	  18,4	  19,7	  16,6	  11,9
s	    46,0060	 2	 60,00	 30,03	  28,3	  29,4	  21,7	  22,3	  17,2	  23,7
*	    48,4990	 1	202,16	 79,47	  -2,0	   3,9	   9,8	  12,1	   7,8	   0,7
*	    50,9191	 1	123,65	 93,92	  -5,2	   1,8	   9,2	   9,7	   4,8	  -1,7
*	    54,4498	 1	127,17	 93,74	  -6,6	   0,5	   7,8	   8,4	   3,5	  -3,0
*	    58,2720	 1	130,50	 93,56	  -7,9	  -0,9	   6,5	   7,1	   2,2	  -4,4
*	    51,0035	 1	123,45	 90,11	  -5,2	   1,8	   9,1	   9,7	   4,8	  -1,7
*	    54,5344	 1	126,96	 90,02	  -6,6	   0,4	   7,8	   8,4	   3,5	  -3,0
*	    58,3562	 1	130,29	 89,95	  -7,9	  -0,9	   6,5	   7,0	   2,1	  -4,4
*	    51,6269	 1	123,26	 86,34	  -5,5	   1,6	   8,9	   9,5	   4,6	  -1,9
*	    55,1284	 1	126,76	 86,35	  -6,8	   0,3	   7,6	   8,2	   3,3	  -3,2
*	    58,9222	 1	130,08	 86,36	  -8,1	  -1,1	   6,3	   6,9	   2,0	  -4,6
*	    52,7755	 1	123,08	 82,64	  -5,9	   1,1	   8,5	   9,1	   4,2	  -2,3
*	    56,2203	 1	126,56	 82,74	  -7,1	  -0,1	   7,2	   7,8	   2,9	  -3,6
*	    59,9603	 1	129,87	 82,83	  -8,4	  -1,4	   6,0	   6,5	   1,6	  -4,9
*	    54,4238	 1	122,89	 79,04	  -6,5	   0,6	   7,9	   8,5	   3,6	  -2,9
*	    57,7885	 1	126,36	 79,20	  -7,7	  -0,6	   6,7	   7,3	   2,4	  -4,2
*	    61,4524	 1	129,66	 79,39	  -8,9	  -1,9	   5,5	   6,1	   1,1	  -5,4
*	    56,5373	 1	122,71	 75,56	  -7,2	  -0,2	   7,2	   7,8	   2,9	  -3,7
*	    59,8040	 1	126,16	 75,79	  -8,3	  -1,3	   6,0	   6,6	   1,7	  -4,8
*	    63,3736	 1	129,45	 76,06	  -9,5	  -2,5	   4,9	   5,5	   0,5	  -6,0
*	    59,0765	 1	122,52	 72,22	  -8,0	  -1,0	   6,3	   6,9	   2,0	  -4,6
*	    62,2327	 1	125,97	 72,51	  -9,1	  -2,1	   5,3	   5,8	   0,9	  -5,6
*	    65,6948	 1	129,25	 72,85	 -10,2	  -3,2	   4,2	   4,8	  -0,2	  -6,8
*	    61,9999	 1	122,34	 69,03	  -9,0	  -2,0	   5,4	   6,0	   1,0	  -5,5
*	    65,0382	 1	125,78	 69,37	 -10,0	  -2,9	   4,4	   5,0	   0,1	  -6,5
*	    68,3840	 1	129,04	 69,76	 -11,0	  -4,0	   3,4	   4,0	  -1,0	  -7,6
*	    74,1729	 1	120,61	 58,85	 -10,6	  -4,6	   1,5	   1,7	  -3,1	  -9,7
*	    76,9542	 1	127,45	 61,51	 -11,4	  -5,4	   0,7	   0,9	  -3,9	 -10,5
*	    74,9904	 1	125,27	 61,17	 -10,8	  -4,9	   1,2	   1,4	  -3,3	 -10,0
*	    73,1611	 1	123,03	 60,85	 -10,3	  -4,4	   1,7	   2,0	  -2,8	  -9,5
*	    71,4744	 1	120,73	 60,58	  -9,8	  -3,9	   2,2	   2,4	  -2,3	  -9,0
*	    74,5204	 1	127,58	 63,25	 -10,7	  -4,7	   1,3	   1,6	  -3,2	  -9,9
*	    72,5027	 1	125,40	 62,94	 -10,2	  -4,2	   1,9	   2,1	  -2,7	  -9,3
*	    70,6204	 1	123,15	 62,64	  -9,6	  -3,6	   2,5	   2,7	  -2,1	  -8,7
*	    68,8820	 1	120,84	 62,38	  -9,1	  -3,1	   3,0	   3,2	  -1,6	  -8,2
*	    72,2043	 1	127,71	 65,08	 -10,1	  -4,1	   2,0	   2,2	  -2,6	  -9,2
*	    70,1323	 1	125,52	 64,78	  -9,5	  -3,5	   2,6	   2,8	  -2,0	  -8,6
*	    68,1962	 1	123,27	 64,50	  -8,9	  -2,9	   3,2	   3,4	  -1,4	  -8,0
*	    66,4051	 1	120,95	 64,25	  -8,4	  -2,4	   3,7	   3,9	  -0,8	  -7,4
*	    70,0150	 1	127,84	 66,98	  -9,5	  -3,5	   2,6	   2,8	  -2,0	  -8,6
*	    67,8886	 1	125,65	 66,69	  -8,8	  -2,9	   3,2	   3,4	  -1,3	  -7,9
*	    65,8983	 1	123,40	 66,44	  -8,2	  -2,3	   3,8	   4,1	  -0,7	  -7,3
*	    64,0540	 1	121,07	 66,20	  -7,7	  -1,7	   4,4	   4,6	  -0,1	  -6,7
*	    67,9618	 1	127,98	 68,94	  -8,9	  -2,9	   3,2	   3,4	  -1,4	  -8,0
*	    65,7815	 1	125,78	 68,67	  -8,2	  -2,2	   3,8	   4,1	  -0,7	  -7,3
*	    63,7373	 1	123,52	 68,44	  -7,6	  -1,6	   4,5	   4,7	  -0,0	  -6,6
*	    61,8395	 1	121,19	 68,21	  -7,0	  -1,0	   5,1	   5,3	   0,6	  -6,0
s	    51,5858	 3	 72,82	 27,94	  22,9	  31,2	  39,9	  41,0	  36,1	  29,7
s	    51,9082	 3	 60,47	 27,97	  24,7	  26,7	  20,4	  21,2	  16,3	  23,0
*	    60,1296	 1	223,39	 52,07	  -1,9	  -1,2	  -8,9	  -8,6	 -13,5	  -6,9
*	    63,3327	 1	218,32	 54,58	  -3,0	  -2,2	 -10,0	  -9,6	 -14,6	  -8,0
*	    66,9553	 1	214,07	 56,97	  -4,1	  -3,4	 -11,1	 -10,7	 -15,7	  -9,1
*	    57,2798	 1	223,89	 57,30	  -1,0	  -0,2	  -7,9	  -7,6	 -12,5	  -5,9
*	    60,6150	 1	218,81	 59,59	  -2,1	  -1,3	  -9,1	  -8,7	 -13,7	  -7,0
*	    64,3698	 1	214,55	 61,77	  -3,3	  -2,6	 -10,3	  -9,9	 -14,9	  -8,3
*	    54,9518	 1	224,37	 63,11	  -0,1	   0,7	  -7,1	  -6,7	 -11,7	  -5,0
*	    58,4063	 1	219,29	 65,11	  -1,3	  -0,6	  -8,3	  -8,0	 -12,9	  -6,3
*	    62,2782	 1	215,02	 66,98	  -2,6	  -1,9	  -9,6	  -9,3	 -14,2	  -7,6
*	    53,2036	 1	224,86	 69,48	   0,6	   1,3	  -6,4	  -6,0	 -11,0	  -4,3
*	    56,7563	 1	219,77	 71,09	  -0,8	   0,0	  -7,7	  -7,4	 -12,3	  -5,6
*	    60,7230	 1	215,48	 72,56	  -2,1	  -1,4	  -9,1	  -8,7	 -13,7	  -7,1
*	    52,0871	 1	225,33	 76,30	   1,0	   1,8	  -5,9	  -5,6	 -10,5	  -3,8
*	    55,7083	 1	220,24	 77,42	  -0,4	   0,4	  -7,3	  -7,0	 -11,9	  -5,2
*	    68,9438	 1	214,74	 51,87	  -4,7	  -4,0	 -11,7	 -11,3	 -16,3	  -9,7
*	    65,5772	 1	219,19	 49,31	  -3,7	  -2,9	 -10,7	 -10,3	 -15,3	  -8,7
*	    62,6418	 1	224,53	 46,66	  -2,8	  -2,0	  -9,7	  -9,4	 -14,4	  -7,7
*	    69,1994	 1	218,68	 45,23	  -4,8	  -4,0	 -11,8	 -11,4	 -16,4	  -9,8
*	    66,4006	 1	224,02	 42,54	  -4,0	  -3,2	 -10,9	 -10,6	 -15,5	  -9,0
*	    58,6316	 1	138,22	 92,02	 -12,8	  -6,9	  -1,1	   1,2	  -3,1	 -10,3
*	    59,8353	 1	132,44	 92,01	  -1,0	  -0,2	  -8,0	  -7,6	 -12,6	  -5,9
*	    63,2094	 1	136,29	 91,80	  -2,1	  -1,3	  -9,1	  -8,7	 -13,7	  -7,1
*	    60,1724	 1	132,20	 88,01	  -1,1	  -0,3	  -8,1	  -7,7	 -12,7	  -6,0
*	    63,5357	 1	136,03	 87,87	  -2,2	  -1,4	  -9,2	  -8,8	 -13,8	  -7,2
*	    61,0951	 1	131,95	 84,06	  -1,4	  -0,6	  -8,3	  -8,0	 -13,0	  -6,3
*	    64,4216	 1	135,77	 83,99	  -2,5	  -1,7	  -9,4	  -9,1	 -14,0	  -7,4
*	    62,5841	 1	131,71	 80,21	  -1,8	  -1,1	  -8,8	  -8,5	 -13,4	  -6,8
*	    65,8505	 1	135,52	 80,20	  -2,9	  -2,1	  -9,8	  -9,5	 -14,5	  -7,9
*	    64,6096	 1	131,47	 76,47	  -2,5	  -1,7	  -9,4	  -9,1	 -14,0	  -7,4
*	    67,7963	 1	135,27	 76,53	  -3,4	  -2,7	 -10,4	 -10,1	 -15,0	  -8,4
*	    67,1339	 1	131,24	 72,89	  -3,2	  -2,4	 -10,2	  -9,8	 -14,8	  -8,2
*	    70,2259	 1	135,01	 72,99	  -4,1	  -3,4	 -11,1	 -10,8	 -15,7	  -9,2
*	    69,0757	 1	211,59	 55,19	 -14,2	  -7,2	   0,2	   0,8	  -4,2	 -10,8
*	    67,7278	 1	211,81	 57,22	 -13,8	  -6,8	   0,6	   1,2	  -3,8	 -10,4
*	    66,4738	 1	212,03	 59,35	 -13,4	  -6,4	   1,0	   1,6	  -3,4	 -10,0
*	    65,3181	 1	212,25	 61,55	 -13,0	  -6,0	   1,3	   1,9	  -3,0	  -9,6
*	    64,2651	 1	212,47	 63,83	 -12,7	  -5,7	   1,7	   2,2	  -2,7	  -9,3
*	    63,3190	 1	212,69	 66,21	 -12,4	  -5,4	   2,0	   2,5	  -2,4	  -8,9
*	    62,4837	 1	212,90	 68,66	 -12,1	  -5,1	   2,2	   2,8	  -2,1	  -8,7
*	    61,7630	 1	213,12	 71,19	 -11,9	  -4,9	   2,5	   3,1	  -1,9	  -8,4
*	    61,1605	 1	213,33	 73,78	 -11,7	  -4,7	   2,7	   3,3	  -1,6	  -8,2
*	    60,6791	 1	213,55	 76,42	 -11,5	  -4,5	   2,8	   3,4	  -1,5	  -8,0
*	    70,2393	 1	209,68	 53,41	 -12,1	  -6,1	  -0,0	   0,2	  -4,6	 -11,2
*	    70,5682	 1	211,68	 53,22	 -12,2	  -6,2	  -0,1	   0,1	  -4,7	 -11,3
*	    71,3011	 1	209,52	 52,10	 -12,4	  -6,4	  -0,3	  -0,1	  -4,9	 -11,5
*	    71,6279	 1	211,53	 51,90	 -12,5	  -6,5	  -0,4	  -0,2	  -5,0	 -11,6
*	    72,4035	 1	209,36	 50,82	 -12,7	  -6,8	  -0,7	  -0,4	  -5,2	 -11,9
*	    72,7282	 1	211,37	 50,63	 -12,8	  -6,8	  -0,7	  -0,5	  -5,3	 -11,9
*	    73,5451	 1	209,20	 49,59	 -13,0	  -7,1	  -1,0	  -0,8	  -5,5	 -12,2
*	    73,8676	 1	211,21	 49,39	 -13,1	  -7,1	  -1,0	  -0,8	  -5,6	 -12,3
*	    74,7245	 1	209,04	 48,41	 -13,4	  -7,4	  -1,3	  -1,1	  -5,9	 -12,5
*	    75,0447	 1	211,05	 48,20	 -13,4	  -7,5	  -1,4	  -1,2	  -5,9	 -12,6
*	    75,9403	 1	208,88	 47,26	 -13,7	  -7,7	  -1,6	  -1,4	  -6,2	 -12,9
*	    76,2581	 1	210,89	 47,05	 -13,8	  -7,8	  -1,7	  -1,5	  -6,3	 -12,9
*	    77,1911	 1	208,72	 46,14	 -14,0	  -8,1	  -2,0	  -1,8	  -6,5	 -13,2
*	    77,5065	 1	210,74	 45,94	 -14,1	  -8,1	  -2,0	  -1,8	  -6,6	 -13,3
*	    78,4756	 1	208,55	 45,06	 -14,4	  -8,4	  -2,3	  -2,1	  -6,9	 -13,6
*	    78,7886	 1	210,57	 44,86	 -14,4	  -8,5	  -2,4	  -2,2	  -7,0	 -13,6
*	    79,7926	 1	208,39	 44,02	 -14,7	  -8,7	  -2,6	  -2,4	  -7,2	 -13,9
*	    80,1031	 1	210,42	 43,82	 -14,8	  -8,8	  -2,7	  -2,5	  -7,3	 -14,0
*	    81,1408	 1	208,23	 43,02	 -15,1	  -9,1	  -3,0	  -2,8	  -7,6	 -14,3
*	    81,4487	 1	210,25	 42,81	 -15,1	  -9,1	  -3,1	  -2,8	  -7,6	 -14,3
*	    66,7208	 1	199,22	 64,19	 -13,3	  -6,3	   1,1	   1,6	  -3,3	  -9,9
*	    65,6983	 1	199,44	 66,35	 -13,0	  -6,0	   1,4	   1,9	  -3,0	  -9,6
*	    65,6759	 1	196,96	 66,79	 -13,0	  -6,0	   1,3	   1,9	  -3,0	  -9,6
*	    64,7809	 1	199,66	 68,60	 -12,7	  -5,7	   1,6	   2,2	  -2,7	  -9,3
*	    64,7612	 1	197,18	 69,01	 -12,8	  -5,7	   1,6	   2,2	  -2,7	  -9,3
*	    63,9720	 1	199,89	 70,91	 -12,5	  -5,5	   1,9	   2,5	  -2,4	  -9,0
*	    63,9550	 1	197,40	 71,29	 -12,5	  -5,5	   1,9	   2,4	  -2,5	  -9,1
*	    63,2750	 1	200,11	 73,27	 -12,3	  -5,2	   2,1	   2,7	  -2,2	  -8,8
*	    63,2605	 1	197,63	 73,63	 -12,3	  -5,3	   2,1	   2,7	  -2,3	  -8,8
*	    62,6930	 1	200,33	 75,69	 -12,1	  -5,1	   2,3	   2,9	  -2,0	  -8,6
*	    62,6808	 1	197,85	 76,03	 -12,1	  -5,1	   2,3	   2,8	  -2,1	  -8,6
*	    62,2285	 1	200,55	 78,16	 -11,9	  -4,9	   2,4	   3,0	  -1,9	  -8,5
*	    62,2183	 1	198,07	 78,47	 -12,0	  -4,9	   2,4	   3,0	  -1,9	  -8,5
*	    62,5509	 1	204,59	 77,55	  -0,4	   0,3	  -7,4	  -7,0	 -12,0	  -5,4
*	    63,7281	 1	204,11	 72,20	  -0,8	  -0,0	  -7,8	  -7,4	 -12,4	  -5,8
*	    65,4442	 1	203,64	 67,11	  -1,3	  -0,6	  -8,3	  -8,0	 -12,9	  -6,3
*	    66,2476	 1	190,83	 68,05	 -13,3	  -6,3	   1,1	   1,6	  -3,3	  -9,9
*	    66,6973	 1	188,64	 68,57	 -13,4	  -6,4	   0,9	   1,5	  -3,4	 -10,0
*	    65,3463	 1	191,05	 70,21	 -13,0	  -6,0	   1,3	   1,9	  -3,0	  -9,6
*	    65,8031	 1	188,86	 70,70	 -13,2	  -6,2	   1,2	   1,8	  -3,2	  -9,8
*	    64,5525	 1	191,27	 72,42	 -12,8	  -5,8	   1,6	   2,2	  -2,8	  -9,3
*	    65,0160	 1	189,08	 72,89	 -12,9	  -5,9	   1,4	   2,0	  -2,9	  -9,5
*	    63,8694	 1	191,49	 74,69	 -12,6	  -5,6	   1,8	   2,4	  -2,5	  -9,1
*	    64,3389	 1	189,29	 75,13	 -12,7	  -5,7	   1,6	   2,2	  -2,7	  -9,3
*	    63,2999	 1	191,71	 77,01	 -12,4	  -5,4	   2,0	   2,5	  -2,4	  -9,0
*	    63,7745	 1	189,51	 77,41	 -12,6	  -5,6	   1,8	   2,4	  -2,5	  -9,1
*	    62,8461	 1	191,93	 79,37	 -12,3	  -5,2	   2,1	   2,7	  -2,2	  -8,8
*	    63,3252	 1	189,73	 79,73	 -12,4	  -5,4	   1,9	   2,5	  -2,4	  -9,0
*	    67,9036	 1	208,62	 62,98	 -13,6	  -6,5	   0,8	   1,4	  -3,5	 -10,2
*	    67,4020	 1	205,97	 63,25	 -13,4	  -6,4	   0,9	   1,5	  -3,4	 -10,0
*	    66,8837	 1	208,84	 65,19	 -13,3	  -6,2	   1,1	   1,7	  -3,2	  -9,8
*	    66,3792	 1	206,19	 65,45	 -13,1	  -6,1	   1,2	   1,8	  -3,1	  -9,7
*	    65,9680	 1	209,05	 67,46	 -13,0	  -6,0	   1,4	   2,0	  -2,9	  -9,5
*	    65,4611	 1	206,41	 67,72	 -12,9	  -5,8	   1,5	   2,1	  -2,8	  -9,4
*	    65,1602	 1	209,26	 69,81	 -12,7	  -5,7	   1,6	   2,2	  -2,7	  -9,3
*	    64,6512	 1	206,62	 70,06	 -12,6	  -5,6	   1,8	   2,3	  -2,6	  -9,2
*	    64,4636	 1	209,47	 72,22	 -12,5	  -5,5	   1,9	   2,4	  -2,5	  -9,1
*	    63,9530	 1	206,84	 72,46	 -12,4	  -5,4	   2,0	   2,6	  -2,4	  -8,9
*	    63,8813	 1	209,68	 74,68	 -12,3	  -5,3	   2,1	   2,6	  -2,3	  -8,9
*	    63,3694	 1	207,05	 74,91	 -12,2	  -5,2	   2,2	   2,7	  -2,2	  -8,7
*	    63,4161	 1	209,89	 77,19	 -12,2	  -5,1	   2,2	   2,8	  -2,1	  -8,7
*	    62,9033	 1	207,27	 77,43	 -12,0	  -5,0	   2,3	   2,9	  -2,0	  -8,6
*	    64,8171	 1	193,89	 70,01	  -1,3	  -0,5	  -8,2	  -7,9	 -12,9	  -6,3
*	    63,2617	 1	194,37	 75,00	  -0,8	  -0,0	  -7,8	  -7,4	 -12,4	  -5,8
*	    65,8891	 1	182,90	 81,22	 -13,3	  -6,3	   1,0	   1,6	  -3,3	  -9,9
*	    64,9749	 1	184,79	 80,86	 -13,0	  -6,0	   1,3	   1,9	  -3,0	  -9,6
*	    66,3066	 1	182,70	 79,04	 -13,5	  -6,4	   0,9	   1,5	  -3,4	 -10,0
*	    65,3981	 1	184,59	 78,64	 -13,2	  -6,2	   1,2	   1,8	  -3,1	  -9,7
*	    66,8357	 1	182,49	 76,88	 -13,6	  -6,6	   0,8	   1,3	  -3,6	 -10,2
*	    65,9342	 1	184,38	 76,45	 -13,3	  -6,3	   1,0	   1,6	  -3,3	  -9,9
*	    67,4744	 1	182,29	 74,77	 -13,8	  -6,8	   0,6	   1,1	  -3,8	 -10,4
*	    66,5811	 1	184,17	 74,30	 -13,5	  -6,5	   0,8	   1,4	  -3,5	 -10,1
*	    68,2204	 1	182,08	 72,71	 -14,0	  -7,0	   0,4	   0,9	  -4,0	 -10,6
*	    67,3363	 1	183,96	 72,19	 -13,7	  -6,7	   0,6	   1,2	  -3,7	 -10,3
*	    69,0711	 1	181,88	 70,69	 -14,2	  -7,2	   0,1	   0,7	  -4,2	 -10,9
*	    68,1970	 1	183,75	 70,13	 -14,0	  -7,0	   0,4	   1,0	  -4,0	 -10,6
*	    70,0235	 1	181,67	 68,70	 -14,5	  -7,5	  -0,1	   0,4	  -4,5	 -11,1
*	    69,1604	 1	183,54	 68,12	 -14,3	  -7,2	   0,1	   0,7	  -4,2	 -10,9
*	    68,5247	 1	185,53	 67,29	  -2,5	  -1,7	  -9,5	  -9,1	 -14,1	  -7,5
*	    66,5146	 1	186,00	 71,78	  -1,9	  -1,1	  -8,9	  -8,5	 -13,5	  -6,9
*	    65,0074	 1	186,46	 76,51	  -1,5	  -0,7	  -8,4	  -8,1	 -13,0	  -6,4
*	    66,9206	 1	140,58	 90,68	  -8,2	  -1,2	   6,1	   6,7	   1,8	  -4,8
*	    67,2529	 1	140,35	 87,42	  -8,3	  -1,3	   6,0	   6,6	   1,7	  -4,9
*	    69,4561	 1	143,57	 87,24	  -9,0	  -2,0	   5,4	   5,9	   1,0	  -5,6
*	    71,9491	 1	146,73	 87,07	  -9,7	  -2,7	   4,6	   5,2	   0,3	  -6,4
*	    67,9674	 1	140,12	 84,20	  -8,5	  -1,5	   5,8	   6,4	   1,5	  -5,1
*	    70,1539	 1	143,33	 84,04	  -9,2	  -2,2	   5,2	   5,7	   0,8	  -5,8
*	    72,6294	 1	146,48	 83,90	  -9,9	  -2,9	   4,5	   5,0	   0,1	  -6,5
*	    69,0554	 1	139,89	 81,03	  -8,8	  -1,8	   5,5	   6,1	   1,2	  -5,4
*	    71,2157	 1	143,10	 80,91	  -9,5	  -2,5	   4,9	   5,5	   0,5	  -6,1
*	    73,6639	 1	146,24	 80,80	 -10,2	  -3,2	   4,2	   4,8	  -0,2	  -6,8
*	    70,5038	 1	139,66	 77,95	  -9,2	  -2,2	   5,1	   5,7	   0,8	  -5,9
*	    72,6296	 1	142,86	 77,83	  -9,9	  -2,8	   4,5	   5,1	   0,1	  -6,5
*	    75,0415	 1	146,00	 77,76	 -10,5	  -3,5	   3,8	   4,4	  -0,5	  -7,2
*	    72,2963	 1	139,44	 74,94	  -9,7	  -2,7	   4,6	   5,2	   0,3	  -6,4
*	    74,3802	 1	142,63	 74,85	 -10,3	  -3,3	   4,0	   4,6	  -0,3	  -7,0
*	    76,7481	 1	145,76	 74,81	 -11,0	  -4,0	   3,4	   4,0	  -1,0	  -7,7
*	    74,4137	 1	139,22	 72,05	 -10,3	  -3,3	   4,1	   4,6	  -0,3	  -7,0
*	    76,4499	 1	142,40	 71,97	 -10,9	  -3,9	   3,5	   4,1	  -0,9	  -7,6
*	    78,7675	 1	145,52	 71,95	 -11,5	  -4,5	   2,9	   3,4	  -1,5	  -8,2
*	    88,3844	 1	144,00	 62,19	 -11,4	  -5,4	   0,7	   0,9	  -4,0	 -10,7
*	    86,9283	 1	141,82	 62,16	 -11,0	  -5,1	   1,0	   1,2	  -3,6	 -10,3
*	    85,6028	 1	139,63	 62,16	 -10,7	  -4,8	   1,3	   1,5	  -3,3	 -10,0
*	    84,4125	 1	137,41	 62,20	 -10,4	  -4,5	   1,6	   1,8	  -3,0	  -9,7
*	    86,2306	 1	144,16	 63,88	 -10,9	  -4,9	   1,2	   1,4	  -3,4	 -10,2
*	    84,7440	 1	141,98	 63,85	 -10,5	  -4,6	   1,5	   1,7	  -3,1	  -9,8
*	    83,3894	 1	139,78	 63,86	 -10,2	  -4,2	   1,9	   2,1	  -2,7	  -9,4
*	    82,1717	 1	137,56	 63,90	  -9,9	  -3,9	   2,2	   2,4	  -2,4	  -9,1
*	    84,1926	 1	144,32	 65,63	 -10,4	  -4,4	   1,6	   1,8	  -3,0	  -9,7
*	    82,6758	 1	142,14	 65,61	 -10,0	  -4,1	   2,0	   2,2	  -2,6	  -9,3
*	    81,2924	 1	139,94	 65,63	  -9,7	  -3,7	   2,4	   2,6	  -2,2	  -8,9
*	    80,0477	 1	137,71	 65,68	  -9,3	  -3,4	   2,7	   2,9	  -1,9	  -8,6
*	    82,2769	 1	144,49	 67,45	 -10,0	  -4,0	   2,1	   2,3	  -2,5	  -9,2
*	    80,7307	 1	142,30	 67,44	  -9,6	  -3,6	   2,5	   2,7	  -2,1	  -8,8
*	    79,3192	 1	140,09	 67,46	  -9,2	  -3,2	   2,9	   3,1	  -1,7	  -8,4
*	    78,0478	 1	137,86	 67,50	  -8,8	  -2,9	   3,2	   3,4	  -1,4	  -8,0
*	    80,4904	 1	144,65	 69,31	  -9,5	  -3,5	   2,5	   2,8	  -2,0	  -8,7
*	    78,9157	 1	142,46	 69,31	  -9,1	  -3,1	   3,0	   3,2	  -1,6	  -8,3
*	    77,4769	 1	140,25	 69,33	  -8,7	  -2,7	   3,3	   3,6	  -1,2	  -7,9
*	    76,1796	 1	138,01	 69,40	  -8,4	  -2,4	   3,7	   3,9	  -0,9	  -7,5
*	    68,0001	 1	189,39	 65,20	 -13,8	  -6,8	   0,6	   1,1	  -3,8	 -10,4
*	    69,1513	 1	189,18	 63,21	 -14,1	  -7,1	   0,2	   0,8	  -4,1	 -10,8
*	    68,0659	 1	191,54	 63,83	  -3,9	  -3,1	 -10,8	 -10,5	 -15,5	  -8,9
*	    68,1879	 1	207,19	 62,03	 -13,7	  -6,6	   0,7	   1,3	  -3,6	 -10,3
*	    69,3589	 1	206,97	 59,94	 -14,0	  -7,0	   0,4	   0,9	  -4,0	 -10,6
*	    68,2788	 1	204,96	 61,42	  -3,8	  -3,0	 -10,8	 -10,4	 -15,4	  -8,8
*	    71,7410	 1	178,88	 69,42	  -3,5	  -2,7	 -10,5	 -10,1	 -15,1	  -8,6
*	    69,8146	 1	179,31	 73,64	  -3,0	  -2,2	  -9,9	  -9,6	 -14,6	  -8,0
*	    68,3750	 1	179,74	 78,06	  -2,6	  -1,8	  -9,5	  -9,2	 -14,2	  -7,6
*	    73,1554	 1	176,91	 70,13	 -15,5	  -8,5	  -1,1	  -0,6	  -5,5	 -12,1
*	    74,4316	 1	175,38	 70,71	 -15,8	  -8,8	  -1,5	  -0,9	  -5,8	 -12,5
*	    72,2259	 1	177,10	 72,00	 -15,2	  -8,2	  -0,9	  -0,3	  -5,2	 -11,9
*	    73,5154	 1	175,57	 72,54	 -15,6	  -8,6	  -1,2	  -0,7	  -5,6	 -12,3
*	    71,3950	 1	177,29	 73,92	 -15,0	  -8,0	  -0,7	  -0,1	  -5,0	 -11,7
*	    72,6967	 1	175,75	 74,43	 -15,4	  -8,4	  -1,0	  -0,4	  -5,4	 -12,0
*	    70,6655	 1	177,48	 75,88	 -14,8	  -7,8	  -0,5	   0,1	  -4,8	 -11,4
*	    71,9782	 1	175,94	 76,34	 -15,2	  -8,2	  -0,8	  -0,3	  -5,2	 -11,8
*	    70,0396	 1	177,67	 77,87	 -14,6	  -7,6	  -0,3	   0,3	  -4,6	 -11,3
*	    71,3621	 1	176,13	 78,29	 -15,0	  -8,0	  -0,7	  -0,1	  -5,0	 -11,7
*	    69,5196	 1	177,86	 79,88	 -14,5	  -7,5	  -0,1	   0,4	  -4,5	 -11,1
*	    70,8503	 1	176,31	 80,27	 -14,9	  -7,9	  -0,5	   0,1	  -4,9	 -11,5
*	    69,1071	 1	178,06	 81,94	 -14,4	  -7,4	  -0,0	   0,5	  -4,4	 -11,0
*	    70,4447	 1	176,50	 82,27	 -14,8	  -7,7	  -0,4	   0,2	  -4,8	 -11,4
*	    69,9991	 1	183,92	 65,94	  -4,5	  -3,8	 -11,5	 -11,2	 -16,1	  -9,6
*	    70,3888	 1	182,10	 67,33	 -14,6	  -7,6	  -0,2	   0,3	  -4,6	 -11,2
*	    71,5028	 1	181,90	 65,43	 -14,9	  -7,9	  -0,6	   0,0	  -4,9	 -11,5
s	    71,2077	 2	115,83	 93,32	  25,0	  25,4	  17,0	  15,4	   9,1	  15,4
*	    71,9471	 1	174,99	 82,49	  -3,7	  -3,0	 -10,7	 -10,3	 -15,3	  -8,8
*	    72,9590	 1	174,60	 78,27	  -4,0	  -3,2	 -11,0	 -10,6	 -15,6	  -9,0
*	    74,4544	 1	174,20	 74,19	  -4,4	  -3,6	 -11,4	 -11,0	 -16,0	  -9,5
*	    72,5151	 1	198,26	 59,02	 -14,7	  -7,7	  -0,4	   0,2	  -4,7	 -11,4
*	    73,8869	 1	198,04	 57,17	 -15,1	  -8,1	  -0,7	  -0,2	  -5,1	 -11,7
*	    75,3431	 1	197,82	 55,39	 -15,5	  -8,5	  -1,1	  -0,6	  -5,5	 -12,2
*	    72,9638	 1	149,16	 88,09	  -2,9	  -2,1	  -9,8	  -9,5	 -14,5	  -7,9
*	    74,8947	 1	152,93	 87,80	  -3,4	  -2,6	 -10,4	 -10,0	 -15,0	  -8,5
*	    73,6386	 1	148,86	 84,35	  -3,0	  -2,3	 -10,0	  -9,7	 -14,6	  -8,1
*	    75,5579	 1	152,62	 84,06	  -3,6	  -2,8	 -10,5	 -10,2	 -15,2	  -8,6
*	    74,8036	 1	148,57	 80,67	  -3,3	  -2,6	 -10,3	 -10,0	 -15,0	  -8,4
*	    76,7011	 1	152,32	 80,41	  -3,9	  -3,1	 -10,8	 -10,5	 -15,5	  -8,9
*	    76,4419	 1	148,27	 77,10	  -3,8	  -3,0	 -10,7	 -10,4	 -15,4	  -8,8
*	    78,3086	 1	152,01	 76,83	  -4,3	  -3,5	 -11,2	 -10,9	 -15,9	  -9,4
*	    78,5311	 1	147,98	 73,65	  -4,3	  -3,5	 -11,3	 -10,9	 -15,9	  -9,4
*	    80,3590	 1	151,71	 73,38	  -4,8	  -4,0	 -11,7	 -11,4	 -16,4	  -9,9
*	    75,3776	 1	207,23	 58,47	 -18,9	 -11,9	  -4,5	  -4,0	  -8,9	 -15,6
*	    73,2673	 1	208,43	 57,45	 -18,3	 -11,3	  -4,0	  -3,4	  -8,3	 -15,0
*	    82,2567	 1	177,33	 61,68	 -21,8	 -17,1	  -4,0	  -2,7	  -5,8	 -10,8
*	    79,8129	 1	180,84	 60,13	 -21,2	 -16,5	  -3,4	  -2,1	  -5,2	 -10,2
*	    85,6763	 1	183,68	 61,49	 -22,6	 -17,9	  -4,8	  -3,5	  -6,6	 -11,6
*	    77,7872	 1	184,72	 58,57	 -20,7	 -15,9	  -2,8	  -1,5	  -4,7	  -9,6
*	    83,7555	 1	187,45	 60,13	 -22,1	 -17,4	  -4,3	  -3,0	  -6,1	 -11,1
*	    76,2050	 1	189,03	 57,03	 -20,2	 -15,5	  -2,4	  -1,1	  -4,2	  -9,1
*	    82,2595	 1	191,56	 58,81	 -21,7	 -17,0	  -3,9	  -2,6	  -5,7	 -10,7
*	    75,0885	 1	193,77	 55,56	 -19,9	 -15,2	  -2,1	  -0,8	  -3,9	  -8,8
*	    81,2077	 1	196,04	 57,55	 -21,4	 -16,7	  -3,6	  -2,3	  -5,4	 -10,4
*	    74,4566	 1	198,94	 54,20	 -19,7	 -15,0	  -1,9	  -0,6	  -3,7	  -8,6
*	    74,3228	 1	204,50	 53,05	 -19,6	 -14,9	  -1,8	  -0,5	  -3,6	  -8,5
*	    79,8616	 1	170,55	 72,70	 -17,4	 -10,4	  -3,0	  -2,5	  -7,4	 -14,1
*	    77,3586	 1	171,97	 73,91	 -16,8	  -9,7	  -2,4	  -1,8	  -6,8	 -13,4
*	    78,9963	 1	170,72	 74,41	 -17,2	 -10,2	  -2,8	  -2,3	  -7,2	 -13,9
*	    76,5734	 1	172,14	 75,69	 -16,6	  -9,5	  -2,2	  -1,6	  -6,6	 -13,2
*	    78,2243	 1	170,89	 76,16	 -17,0	 -10,0	  -2,6	  -2,1	  -7,0	 -13,7
*	    75,8850	 1	172,32	 77,50	 -16,4	  -9,4	  -2,0	  -1,5	  -6,4	 -13,1
*	    77,5476	 1	171,06	 77,93	 -16,8	  -9,8	  -2,4	  -1,9	  -6,8	 -13,5
*	    75,2952	 1	172,49	 79,34	 -16,2	  -9,2	  -1,9	  -1,3	  -6,2	 -12,9
*	    76,9682	 1	171,23	 79,73	 -16,7	  -9,6	  -2,3	  -1,7	  -6,7	 -13,3
*	    74,8059	 1	172,67	 81,21	 -16,1	  -9,1	  -1,7	  -1,2	  -6,1	 -12,8
*	    76,4877	 1	171,40	 81,54	 -16,5	  -9,5	  -2,2	  -1,6	  -6,5	 -13,2
*	    74,4186	 1	172,84	 83,09	 -16,0	  -9,0	  -1,6	  -1,1	  -6,0	 -12,7
*	    76,1074	 1	171,57	 83,39	 -16,4	  -9,4	  -2,1	  -1,5	  -6,4	 -13,1
*	    82,0417	 1	197,29	 46,28	 -15,0	  -9,0	  -2,9	  -2,7	  -7,5	 -14,2
*	    81,9870	 1	195,51	 46,64	 -15,0	  -9,0	  -2,9	  -2,7	  -7,5	 -14,2
*	    81,9796	 1	193,78	 47,03	 -15,0	  -9,0	  -2,9	  -2,7	  -7,5	 -14,2
*	    80,7142	 1	197,45	 47,30	 -14,6	  -8,7	  -2,6	  -2,4	  -7,1	 -13,8
*	    80,6602	 1	195,67	 47,66	 -14,6	  -8,7	  -2,6	  -2,4	  -7,1	 -13,8
*	    80,6540	 1	193,94	 48,04	 -14,6	  -8,7	  -2,6	  -2,4	  -7,2	 -13,8
*	    79,4194	 1	197,62	 48,36	 -14,3	  -8,3	  -2,2	  -2,0	  -6,8	 -13,5
*	    79,3661	 1	195,84	 48,72	 -14,3	  -8,3	  -2,2	  -2,0	  -6,8	 -13,5
*	    79,3612	 1	194,10	 49,10	 -14,3	  -8,3	  -2,2	  -2,0	  -6,8	 -13,5
*	    78,1585	 1	197,78	 49,44	 -14,0	  -8,0	  -1,9	  -1,7	  -6,5	 -13,2
*	    78,1059	 1	196,00	 49,80	 -14,0	  -8,0	  -1,9	  -1,7	  -6,5	 -13,2
*	    78,1024	 1	194,26	 50,18	 -14,0	  -8,0	  -1,9	  -1,7	  -6,5	 -13,2
*	    76,9328	 1	197,94	 50,55	 -13,7	  -7,7	  -1,6	  -1,4	  -6,2	 -12,8
*	    76,8811	 1	196,16	 50,91	 -13,7	  -7,7	  -1,6	  -1,4	  -6,2	 -12,8
*	    76,8789	 1	194,43	 51,29	 -13,7	  -7,7	  -1,6	  -1,4	  -6,2	 -12,8
*	    75,7436	 1	198,10	 51,72	 -13,3	  -7,4	  -1,3	  -1,1	  -5,8	 -12,5
*	    75,6927	 1	196,32	 52,06	 -13,3	  -7,4	  -1,3	  -1,1	  -5,8	 -12,5
*	    75,6921	 1	194,59	 52,43	 -13,4	  -7,4	  -1,3	  -1,1	  -5,9	 -12,5
*	    74,5922	 1	198,26	 52,90	 -13,0	  -7,1	  -1,0	  -0,8	  -5,5	 -12,2
*	    74,5423	 1	196,49	 53,25	 -13,0	  -7,1	  -1,0	  -0,8	  -5,5	 -12,2
*	    74,5432	 1	194,75	 53,63	 -13,0	  -7,1	  -1,0	  -0,8	  -5,6	 -12,2
*	    82,3415	 1	188,69	 48,37	 -15,1	  -9,1	  -3,0	  -2,8	  -7,6	 -14,3
*	    82,5746	 1	187,14	 48,86	 -15,2	  -9,2	  -3,1	  -2,9	  -7,7	 -14,4
*	    82,8538	 1	185,63	 49,35	 -15,2	  -9,3	  -3,2	  -3,0	  -7,8	 -14,5
*	    81,0244	 1	188,85	 49,39	 -14,8	  -8,8	  -2,7	  -2,5	  -7,3	 -14,0
*	    81,2615	 1	187,30	 49,87	 -14,8	  -8,9	  -2,8	  -2,6	  -7,4	 -14,1
*	    81,5452	 1	185,78	 50,35	 -14,9	  -9,0	  -2,9	  -2,7	  -7,4	 -14,1
*	    79,7402	 1	189,01	 50,43	 -14,5	  -8,5	  -2,4	  -2,2	  -7,0	 -13,7
*	    79,9814	 1	187,45	 50,91	 -14,5	  -8,6	  -2,5	  -2,3	  -7,0	 -13,7
*	    80,2697	 1	185,94	 51,39	 -14,6	  -8,6	  -2,5	  -2,3	  -7,1	 -13,8
*	    78,4902	 1	189,17	 51,50	 -14,1	  -8,2	  -2,1	  -1,9	  -6,7	 -13,3
*	    78,7356	 1	187,61	 51,98	 -14,2	  -8,2	  -2,1	  -1,9	  -6,7	 -13,4
*	    79,0285	 1	186,10	 52,46	 -14,3	  -8,3	  -2,2	  -2,0	  -6,8	 -13,5
*	    77,2756	 1	189,33	 52,61	 -13,8	  -7,9	  -1,8	  -1,5	  -6,3	 -13,0
*	    77,5252	 1	187,77	 53,08	 -13,9	  -7,9	  -1,8	  -1,6	  -6,4	 -13,1
*	    77,8227	 1	186,25	 53,56	 -14,0	  -8,0	  -1,9	  -1,7	  -6,5	 -13,2
*	    76,0978	 1	189,48	 53,75	 -13,5	  -7,5	  -1,5	  -1,2	  -6,0	 -12,7
*	    76,3516	 1	187,93	 54,21	 -13,6	  -7,6	  -1,5	  -1,3	  -6,1	 -12,8
*	    76,6538	 1	186,41	 54,69	 -13,7	  -7,7	  -1,6	  -1,4	  -6,2	 -12,9
*	    74,9580	 1	189,64	 54,92	 -13,2	  -7,2	  -1,2	  -0,9	  -5,7	 -12,4
*	    75,2160	 1	188,08	 55,38	 -13,3	  -7,3	  -1,2	  -1,0	  -5,8	 -12,5
*	    75,5229	 1	186,56	 55,85	 -13,4	  -7,4	  -1,3	  -1,1	  -5,9	 -12,5
*	    84,5667	 1	206,66	 43,97	 -15,5	  -9,6	  -3,5	  -3,3	  -8,1	 -14,8
*	    84,2262	 1	204,73	 44,16	 -15,5	  -9,5	  -3,4	  -3,2	  -8,0	 -14,7
*	    83,9318	 1	202,83	 44,38	 -15,4	  -9,4	  -3,4	  -3,1	  -7,9	 -14,6
*	    83,2157	 1	206,82	 44,96	 -15,2	  -9,2	  -3,1	  -2,9	  -7,7	 -14,4
*	    82,8723	 1	204,89	 45,15	 -15,1	  -9,2	  -3,1	  -2,9	  -7,7	 -14,4
*	    82,5755	 1	203,00	 45,37	 -15,1	  -9,1	  -3,0	  -2,8	  -7,6	 -14,3
*	    81,8960	 1	206,98	 45,99	 -14,9	  -8,9	  -2,8	  -2,6	  -7,4	 -14,1
*	    81,5495	 1	205,05	 46,17	 -14,8	  -8,8	  -2,7	  -2,5	  -7,3	 -14,0
*	    81,2504	 1	203,16	 46,40	 -14,7	  -8,8	  -2,7	  -2,5	  -7,3	 -14,0
*	    80,6085	 1	207,13	 47,04	 -14,5	  -8,6	  -2,5	  -2,3	  -7,1	 -13,8
*	    80,2592	 1	205,21	 47,23	 -14,5	  -8,5	  -2,4	  -2,2	  -7,0	 -13,7
*	    79,9578	 1	203,32	 47,44	 -14,4	  -8,4	  -2,4	  -2,1	  -6,9	 -13,6
*	    79,3548	 1	207,29	 48,13	 -14,2	  -8,3	  -2,2	  -2,0	  -6,7	 -13,4
*	    79,0026	 1	205,37	 48,32	 -14,2	  -8,2	  -2,1	  -1,9	  -6,7	 -13,3
*	    78,6990	 1	203,48	 48,54	 -14,1	  -8,1	  -2,0	  -1,8	  -6,6	 -13,3
*	    78,1358	 1	207,45	 49,26	 -13,9	  -7,9	  -1,8	  -1,6	  -6,4	 -13,1
*	    77,7809	 1	205,53	 49,44	 -13,8	  -7,9	  -1,8	  -1,6	  -6,3	 -13,0
*	    77,4751	 1	203,64	 49,66	 -13,8	  -7,8	  -1,7	  -1,5	  -6,3	 -12,9
*	    76,9531	 1	207,60	 50,42	 -13,6	  -7,6	  -1,5	  -1,3	  -6,1	 -12,8
*	    76,5955	 1	205,68	 50,61	 -13,5	  -7,6	  -1,5	  -1,2	  -6,0	 -12,7
*	    76,2876	 1	203,80	 50,82	 -13,5	  -7,5	  -1,4	  -1,2	  -6,0	 -12,6
*	    75,8078	 1	207,76	 51,62	 -13,3	  -7,3	  -1,2	  -1,0	  -5,8	 -12,5
*	    75,4476	 1	205,84	 51,80	 -13,2	  -7,2	  -1,2	  -0,9	  -5,7	 -12,4
*	    75,1376	 1	203,96	 52,01	 -13,1	  -7,2	  -1,1	  -0,9	  -5,7	 -12,3
*	    75,6793	 1	191,95	 53,24	  -4,3	  -3,6	 -11,3	 -11,0	 -16,0	  -9,4
*	    75,7885	 1	200,87	 51,40	  -4,3	  -3,5	 -11,3	 -10,9	 -15,9	  -9,4
*	    76,8397	 1	157,28	 86,92	  -9,1	  -2,1	   5,3	   5,8	   0,9	  -5,8
*	    77,4550	 1	157,00	 83,59	  -9,3	  -2,2	   5,1	   5,7	   0,7	  -6,0
*	    78,1274	 1	160,32	 83,24	  -9,4	  -2,4	   4,9	   5,5	   0,5	  -6,1
*	    79,1454	 1	163,70	 82,91	  -9,7	  -2,7	   4,7	   5,2	   0,3	  -6,4
*	    78,4418	 1	156,72	 80,34	  -9,5	  -2,5	   4,8	   5,4	   0,5	  -6,2
*	    79,1090	 1	160,03	 79,96	  -9,7	  -2,7	   4,7	   5,2	   0,3	  -6,4
*	    80,1191	 1	163,40	 79,61	  -9,9	  -2,9	   4,4	   5,0	   0,0	  -6,7
*	    79,7898	 1	156,44	 77,15	  -9,8	  -2,8	   4,5	   5,1	   0,1	  -6,6
*	    80,4493	 1	159,75	 76,76	 -10,0	  -3,0	   4,3	   4,9	  -0,0	  -6,7
*	    81,4480	 1	163,11	 76,39	 -10,3	  -3,3	   4,1	   4,6	  -0,3	  -7,0
*	    81,4853	 1	156,16	 74,06	 -10,3	  -3,2	   4,1	   4,7	  -0,3	  -7,0
*	    82,1348	 1	159,46	 73,64	 -10,4	  -3,4	   3,9	   4,5	  -0,5	  -7,2
*	    83,1190	 1	162,81	 73,27	 -10,7	  -3,7	   3,7	   4,2	  -0,7	  -7,4
*	    83,5122	 1	155,88	 71,07	 -10,8	  -3,7	   3,6	   4,2	  -0,8	  -7,5
*	    84,1498	 1	159,17	 70,63	 -10,9	  -3,9	   3,4	   4,0	  -1,0	  -7,7
*	    85,1168	 1	162,51	 70,24	 -11,2	  -4,1	   3,2	   3,8	  -1,2	  -7,9
*	    94,5968	 1	162,33	 60,66	 -10,4	  -4,4	   1,7	   1,9	  -3,0	  -9,7
*	    93,8490	 1	159,86	 60,93	 -10,2	  -4,3	   1,8	   2,0	  -2,8	  -9,6
*	    93,2689	 1	157,40	 61,26	 -10,1	  -4,1	   2,0	   2,2	  -2,7	  -9,4
*	    92,8589	 1	155,00	 61,63	 -10,0	  -4,0	   2,1	   2,3	  -2,6	  -9,3
*	    92,3571	 1	162,55	 62,56	  -9,9	  -3,9	   2,2	   2,4	  -2,5	  -9,2
*	    91,5953	 1	160,07	 62,84	  -9,7	  -3,8	   2,3	   2,5	  -2,3	  -9,0
*	    91,0038	 1	157,61	 63,15	  -9,6	  -3,6	   2,5	   2,7	  -2,1	  -8,9
*	    90,5853	 1	155,20	 63,52	  -9,5	  -3,5	   2,6	   2,8	  -2,0	  -8,8
*	    90,2594	 1	162,76	 64,54	  -9,4	  -3,5	   2,6	   2,8	  -2,0	  -8,7
*	    89,4839	 1	160,28	 64,81	  -9,2	  -3,3	   2,8	   3,0	  -1,8	  -8,5
*	    88,8814	 1	157,82	 65,13	  -9,1	  -3,1	   2,9	   3,2	  -1,7	  -8,4
*	    88,4547	 1	155,40	 65,47	  -9,0	  -3,0	   3,1	   3,3	  -1,6	  -8,3
*	    88,3114	 1	162,98	 66,58	  -9,0	  -3,0	   3,1	   3,3	  -1,5	  -8,3
*	    87,5228	 1	160,50	 66,85	  -8,8	  -2,8	   3,3	   3,5	  -1,3	  -8,1
*	    86,9099	 1	158,03	 67,16	  -8,7	  -2,7	   3,4	   3,6	  -1,2	  -7,9
*	    86,4753	 1	155,61	 67,50	  -8,5	  -2,6	   3,5	   3,7	  -1,1	  -7,8
*	    84,0892	 1	181,31	 50,97	 -15,6	  -9,7	  -3,6	  -3,4	  -8,2	 -14,9
*	    84,5991	 1	180,01	 51,51	 -15,7	  -9,8	  -3,7	  -3,5	  -8,3	 -15,0
*	    85,1521	 1	178,77	 52,05	 -15,9	  -9,9	  -3,8	  -3,6	  -8,4	 -15,1
*	    82,7987	 1	181,46	 51,97	 -15,3	  -9,3	  -3,3	  -3,0	  -7,8	 -14,5
*	    83,3155	 1	180,16	 52,50	 -15,4	  -9,5	  -3,4	  -3,2	  -8,0	 -14,7
*	    83,8758	 1	178,91	 53,04	 -15,6	  -9,6	  -3,5	  -3,3	  -8,1	 -14,8
*	    81,5413	 1	181,61	 52,99	 -15,0	  -9,0	  -2,9	  -2,7	  -7,5	 -14,2
*	    82,0651	 1	180,31	 53,53	 -15,1	  -9,2	  -3,1	  -2,9	  -7,7	 -14,4
*	    82,6326	 1	179,05	 54,07	 -15,3	  -9,3	  -3,2	  -3,0	  -7,8	 -14,5
*	    80,3183	 1	181,76	 54,04	 -14,7	  -8,7	  -2,6	  -2,4	  -7,2	 -13,9
*	    80,8490	 1	180,45	 54,58	 -14,8	  -8,9	  -2,8	  -2,6	  -7,4	 -14,0
*	    81,4239	 1	179,20	 55,11	 -15,0	  -9,0	  -2,9	  -2,7	  -7,5	 -14,2
*	    79,1308	 1	181,91	 55,14	 -14,4	  -8,4	  -2,3	  -2,1	  -6,9	 -13,6
*	    79,6684	 1	180,60	 55,66	 -14,5	  -8,6	  -2,5	  -2,3	  -7,1	 -13,7
*	    80,2506	 1	179,34	 56,19	 -14,7	  -8,7	  -2,6	  -2,4	  -7,2	 -13,9
*	    77,9801	 1	182,05	 56,24	 -14,1	  -8,1	  -2,0	  -1,8	  -6,6	 -13,3
*	    78,5247	 1	180,75	 56,76	 -14,3	  -8,3	  -2,2	  -2,0	  -6,8	 -13,4
*	    79,1141	 1	179,49	 57,28	 -14,4	  -8,4	  -2,4	  -2,1	  -6,9	 -13,6
*	    76,8674	 1	182,20	 57,39	 -13,8	  -7,9	  -1,8	  -1,5	  -6,3	 -13,0
*	    77,4189	 1	180,89	 57,90	 -14,0	  -8,0	  -1,9	  -1,7	  -6,5	 -13,2
*	    78,0156	 1	179,63	 58,41	 -14,1	  -8,2	  -2,1	  -1,9	  -6,6	 -13,3
*	    77,1174	 1	184,15	 55,62	  -4,8	  -4,1	 -11,8	 -11,4	 -16,4	  -9,9
s	    78,4912	 3	112,24	 93,55	  21,8	  23,4	  16,2	  16,1	  10,7	  16,9
*	    79,5119	 1	171,08	 71,58	 -17,3	 -10,3	  -2,9	  -2,4	  -7,3	 -14,0
*	    80,5207	 1	170,91	 69,91	 -17,5	 -10,5	  -3,2	  -2,6	  -7,6	 -14,3
*	    87,2112	 1	175,20	 53,79	 -16,5	 -10,5	  -4,4	  -4,2	  -9,0	 -15,8
*	    85,9604	 1	175,34	 54,76	 -16,2	 -10,2	  -4,1	  -3,9	  -8,7	 -15,5
*	    86,7371	 1	174,28	 55,31	 -16,4	 -10,4	  -4,3	  -4,1	  -8,9	 -15,6
*	    87,5530	 1	173,25	 55,87	 -16,6	 -10,6	  -4,5	  -4,3	  -9,1	 -15,8
*	    84,7429	 1	175,47	 55,76	 -15,9	  -9,9	  -3,8	  -3,6	  -8,4	 -15,2
*	    85,5287	 1	174,41	 56,31	 -16,1	 -10,1	  -4,0	  -3,8	  -8,6	 -15,3
*	    86,3539	 1	173,38	 56,85	 -16,3	 -10,3	  -4,2	  -4,0	  -8,8	 -15,6
*	    83,5597	 1	175,61	 56,78	 -15,6	  -9,7	  -3,6	  -3,4	  -8,2	 -14,9
*	    84,3546	 1	174,54	 57,33	 -15,8	  -9,8	  -3,8	  -3,5	  -8,3	 -15,1
*	    85,1890	 1	173,51	 57,86	 -16,0	 -10,0	  -4,0	  -3,7	  -8,6	 -15,3
*	    82,4120	 1	175,75	 57,84	 -15,3	  -9,4	  -3,3	  -3,1	  -7,9	 -14,6
*	    83,2158	 1	174,67	 58,37	 -15,5	  -9,6	  -3,5	  -3,3	  -8,1	 -14,8
*	    84,0595	 1	173,64	 58,90	 -15,7	  -9,8	  -3,7	  -3,5	  -8,3	 -15,0
*	    81,3008	 1	175,88	 58,91	 -15,1	  -9,1	  -3,0	  -2,8	  -7,6	 -14,3
*	    82,1136	 1	174,81	 59,44	 -15,3	  -9,3	  -3,2	  -3,0	  -7,8	 -14,5
*	    82,9664	 1	173,77	 59,96	 -15,5	  -9,5	  -3,4	  -3,2	  -8,0	 -14,7
*	    80,2274	 1	176,02	 60,02	 -14,8	  -8,8	  -2,7	  -2,5	  -7,3	 -14,0
*	    81,0490	 1	174,94	 60,53	 -15,0	  -9,0	  -3,0	  -2,7	  -7,5	 -14,2
*	    81,9108	 1	173,90	 61,05	 -15,2	  -9,3	  -3,2	  -3,0	  -7,8	 -14,4
s	    80,5898	 3	101,15	 93,87	  22,2	  23,7	  16,5	  16,4	  11,1	  17,2
*	    81,1191	 1	174,41	 66,46	 -17,1	 -10,1	  -2,8	  -2,2	  -7,1	 -13,8
*	    82,3566	 1	174,24	 64,84	 -17,4	 -10,4	  -3,1	  -2,5	  -7,4	 -14,2
*	    83,6755	 1	174,06	 63,26	 -17,7	 -10,7	  -3,4	  -2,8	  -7,8	 -14,5
*	    81,6869	 1	175,66	 66,36	 -18,2	 -11,1	  -3,8	  -3,2	  -8,2	 -14,9
*	    82,9186	 1	175,48	 64,76	 -18,5	 -11,4	  -4,1	  -3,5	  -8,5	 -15,2
*	    84,2314	 1	175,30	 63,18	 -18,8	 -11,8	  -4,4	  -3,9	  -8,8	 -15,5
s	    82,2931	 3	 12,96	 89,93	  19,6	  27,4	  35,2	  34,0	  27,7	  20,8
s	    82,7628	 3	 40,22	 92,14	  21,4	  22,9	  15,6	  14,2	   7,9	  14,2
*	    86,9954	 1	170,72	 60,53	 -16,6	 -10,6	  -4,5	  -4,3	  -9,1	 -15,9
*	    85,9324	 1	170,85	 61,56	 -16,3	 -10,4	  -4,3	  -4,1	  -8,9	 -15,6
*	    86,9852	 1	169,98	 62,07	 -16,6	 -10,6	  -4,5	  -4,3	  -9,1	 -15,9
*	    84,9066	 1	170,97	 62,61	 -16,1	 -10,1	  -4,0	  -3,8	  -8,6	 -15,4
*	    85,9694	 1	170,10	 63,11	 -16,3	 -10,4	  -4,3	  -4,1	  -8,9	 -15,6
*	    87,0671	 1	169,26	 63,60	 -16,6	 -10,6	  -4,6	  -4,3	  -9,2	 -15,9
s	    85,0395	 3	 77,16	 93,89	  23,0	  18,2	  -4,1	  -5,8	 -12,1	   7,3
*	    88,3270	 1	170,64	 68,94	 -17,9	 -10,9	  -3,6	  -3,0	  -8,0	 -14,7
*	    87,2072	 1	168,89	 69,01	 -17,7	 -10,7	  -3,3	  -2,8	  -7,7	 -14,5
s	    96,2714	 3	 90,00	 17,30	  19,7	  21,5	  -3,7	  -3,1	   8,8	   9,7
s	   105,4213	 3	303,66	 64,79	  23,0	  24,0	  16,1	  16,5	  11,5	  17,6
s	   130,2054	 3	170,13	 69,15	  17,9	  17,1	  -5,8	  -5,3	  -1,9	   8,2
s	   142,4540	 3	131,89	 73,84	  19,0	  11,9	 -26,0	 -25,8	 -22,4	   0,7
#END
