#HEADER
CATT-Acoustic v8.0b    Copyright © CATT 1988-2003

 Project                : Auditorio

 GEOMETRICAL INFORMATION
 Src id and loc     [m] :   A1          -9,000        0,000        0,000
 Rec id and loc     [m] :   22           4,350        3,000        0,550

 22       39,8864

 VARIABLE SOURCE DATA
 Directivity
   Type (library)       :  OMNI.SD0
   Dir. Index (DI) [dB] :       0,0      0,0      0,0      0,0      0,0      0,0
 Level
   On axis 1m      [dB] :      58,0     64,0     70,3     70,7     65,9     59,9
   Total power     [dB] :      68,9     74,9     81,2     81,6     76,8     70,8
   Auxiliary delay [ms] :       0,0

 VARIABLE AIR DATA
 Temperature       [°C] :      20
 Relative humidity  [%] :      50
 Density        [kg/m³] :       1,2
 Sound speed      [m/s] :     343
 Impedance      [Ns/m³] :     412
 Diss. coeff. [0.001/m] :      0,10     0,30     0,63     1,07     2,28     6,83      (estimated)

#DATAFIELDS
 TYPE DELAY ORDER AZIMUTH ELEVATION SPL125 SPL250 SPL500 SPL1K SPL2K SPL4K
#DATA
d	     0,0000	 0	 90,00	 90,00	  35,3	  41,3	  47,5	  47,9	  43,0	  36,8
*	    22,0463	 1	115,69	 94,39	 -13,2	  -6,2	   1,2	   1,8	  -3,1	  -9,5
*	    15,7210	 1	111,03	 94,70	  -9,5	  -2,4	   4,9	   5,5	   0,7	  -5,7
*	    18,2793	 1	108,02	 94,11	  -9,7	  -2,7	   4,7	   5,3	   0,4	  -5,9
*	     9,9129	 1	105,82	 95,03	  -5,1	   1,9	   9,3	   9,9	   5,0	  -1,3
*	    12,3108	 1	103,10	 94,36	  -4,7	   2,3	   9,6	  10,2	   5,4	  -0,9
*	     4,9697	 1	100,04	 95,33	  -0,3	   6,7	  14,1	  14,7	   9,9	   3,6
*	     6,9185	 1	 97,75	 94,59	   1,8	   8,9	  16,2	  16,8	  12,0	   5,7
*	    11,3745	 1	 95,86	 93,98	  -0,4	   6,6	  14,0	  14,6	   9,7	   3,4
*	     1,7497	 1	 93,72	 95,61	   3,5	  10,5	  17,9	  18,5	  13,7	   7,4
*	     2,9791	 1	 91,99	 94,79	   9,4	  16,5	  23,8	  24,4	  19,6	  13,3
*	     7,8822	 1	 90,58	 94,13	   5,4	  12,4	  19,8	  20,4	  15,5	   9,2
*	     1,4217	 1	 86,96	 95,83	   2,7	   9,7	  17,1	  17,7	  12,8	   6,6
*	     3,1253	 1	 85,91	 94,96	   6,6	  13,6	  21,0	  21,6	  16,8	  10,5
*	     7,9495	 1	 85,08	 94,25	   3,4	  10,4	  17,8	  18,4	  13,6	   7,3
*	     3,5731	 1	 79,94	 95,96	  -1,3	   5,8	  13,1	  13,7	   8,9	   2,6
*	     6,1352	 1	 79,65	 95,06	  -0,4	   6,6	  14,0	  14,6	   9,7	   3,4
*	     7,0900	 1	 72,83	 96,01	  -5,3	   1,7	   9,1	   9,7	   4,9	  -1,4
*	    10,1076	 1	 73,32	 95,11	  -5,6	   1,4	   8,8	   9,4	   4,5	  -1,8
*	    11,4539	 1	 65,85	 95,97	  -8,8	  -1,8	   5,6	   6,2	   1,3	  -5,0
*	    14,6745	 1	 67,10	 95,09	  -9,6	  -2,6	   4,8	   5,4	   0,5	  -5,8
*	    16,4566	 1	 59,21	 95,85	 -12,0	  -4,9	   2,4	   3,0	  -1,8	  -8,2
s	     3,0533	 1	245,53	 94,23	  32,8	  38,5	  44,1	  42,5	  36,3	  29,8
*	     7,8184	 1	329,28	 92,13	   8,8	  14,7	  20,6	  22,9	  18,6	  11,7
*	     5,4734	 1	318,70	 92,99	  14,6	  20,5	  26,4	  28,7	  24,5	  17,6
*	     3,5487	 1	288,11	 94,81	  22,3	  28,3	  34,1	  36,5	  32,2	  25,3
*	     3,1789	 1	224,72	 94,20	  22,2	  28,1	  34,0	  36,4	  32,1	  25,2
*	     4,3203	 1	195,40	 92,06	  14,8	  20,7	  26,6	  28,9	  24,6	  17,7
*	     5,8704	 1	185,16	 91,14	   9,2	  15,2	  21,0	  23,4	  19,1	  12,2
*	     7,5894	 1	180,29	 90,70	   5,2	  11,1	  17,0	  19,4	  15,1	   8,2
*	     9,4287	 1	177,49	 90,44	   2,1	   8,0	  13,9	  16,2	  11,9	   5,0
*	    11,3733	 1	175,69	 90,26	  -0,4	   5,5	  11,4	  13,7	   9,4	   2,5
*	    13,4169	 1	174,42	 90,15	  -2,6	   3,3	   9,2	  11,5	   7,2	   0,3
*	    15,5553	 1	173,48	 90,06	  -4,5	   1,4	   7,3	   9,6	   5,3	  -1,7
*	    17,7857	 1	172,76	 90,00	  -6,2	  -0,3	   5,6	   7,9	   3,6	  -3,4
*	    20,1050	 1	172,20	 89,94	  -7,8	  -1,9	   4,0	   6,3	   2,0	  -5,0
*	    22,5101	 1	171,74	 89,90	  -9,2	  -3,3	   2,6	   4,9	   0,6	  -6,4
*	    24,9978	 1	171,36	 89,86	 -10,6	  -4,7	   1,2	   3,5	  -0,8	  -7,8
*	     6,7330	 1	 47,26	 97,00	 -16,6	 -10,7	  -4,8	  -2,5	  -6,8	 -13,7
*	     6,9836	 1	 51,30	 97,17	 -15,0	  -9,1	  -3,2	  -0,8	  -5,1	 -12,0
s	     7,0314	 1	 86,84	 89,66	  32,1	  32,8	  25,1	  25,5	  20,6	  27,5
*	    22,5617	 1	 86,50	 68,53	   0,6	   1,4	  -6,3	  -6,0	 -10,9	  -4,1
*	    22,3576	 1	 81,85	 68,17	   0,4	   1,1	  -6,6	  -6,2	 -11,1	  -4,3
*	    18,1454	 1	 86,51	 72,82	   3,8	   4,6	  -3,1	  -2,8	  -7,7	  -0,8
*	    18,0715	 1	 81,88	 72,53	   3,3	   4,1	  -3,6	  -3,2	  -8,1	  -1,3
*	    14,0693	 1	 86,52	 77,26	   7,7	   8,4	   0,7	   1,1	  -3,8	   3,1
*	    14,2113	 1	 81,91	 77,08	   6,7	   7,5	  -0,2	   0,1	  -4,8	   2,1
*	    10,4606	 1	 86,53	 81,86	  12,5	  13,3	   5,6	   5,9	   1,0	   7,9
*	    10,9687	 1	 81,94	 81,75	  10,5	  11,2	   3,5	   3,9	  -1,0	   5,9
*	     7,7355	 1	 86,54	 86,51	  18,2	  18,9	  11,2	  11,6	   6,7	  13,6
*	     8,7897	 1	 81,96	 86,51	  13,9	  14,7	   7,0	   7,4	   2,5	   9,4
*	     7,2200	 1	 86,55	 91,20	  19,9	  20,7	  13,0	  13,3	   8,4	  15,3
*	     8,4617	 1	 81,99	 91,28	  14,7	  15,5	   7,8	   8,1	   3,3	  10,1
*	    27,0296	 1	 80,69	 63,97	  -2,3	  -1,6	  -9,3	  -8,9	 -13,8	  -7,1
*	    27,1173	 1	 85,40	 64,35	  -2,1	  -1,4	  -9,1	  -8,7	 -13,6	  -6,9
*	    31,9009	 1	 80,66	 60,08	  -4,7	  -3,9	 -11,6	 -11,3	 -16,2	  -9,5
*	    32,0581	 1	 85,38	 60,50	  -4,6	  -3,8	 -11,5	 -11,2	 -16,1	  -9,4
s	     7,3436	 1	 89,16	 89,64	  30,7	  37,8	  45,1	  45,7	  40,9	  34,6
*	    25,4375	 1	 97,06	 68,57	  -6,7	   0,3	   7,7	   8,3	   3,4	  -3,0
*	    24,2076	 1	 93,14	 68,34	  -6,0	   1,0	   8,3	   8,9	   4,1	  -2,3
*	    23,6732	 1	 89,14	 68,18	  -5,8	   1,2	   8,6	   9,2	   4,3	  -2,1
*	    21,7708	 1	 97,04	 72,12	  -4,3	   2,7	  10,1	  10,7	   5,8	  -0,6
*	    20,3975	 1	 93,13	 71,92	  -3,4	   3,6	  11,0	  11,5	   6,7	   0,3
*	    19,8145	 1	 89,14	 71,80	  -3,1	   3,9	  11,3	  11,9	   7,0	   0,6
*	    18,4043	 1	 97,02	 75,80	  -1,7	   5,3	  12,7	  13,3	   8,4	   2,1
*	    16,8355	 1	 93,12	 75,65	  -0,4	   6,6	  14,0	  14,5	   9,7	   3,3
*	    16,1856	 1	 89,14	 75,54	   0,0	   7,0	  14,4	  15,0	  10,1	   3,8
*	    15,4353	 1	 97,00	 79,58	   1,2	   8,2	  15,6	  16,2	  11,3	   5,0
*	    13,5890	 1	 93,11	 79,46	   3,1	  10,1	  17,5	  18,1	  13,2	   6,9
*	    12,8384	 1	 89,14	 79,40	   3,8	  10,8	  18,2	  18,8	  13,9	   7,6
*	    13,0510	 1	 96,98	 83,43	   4,1	  11,2	  18,5	  19,1	  14,3	   8,0
*	    10,8129	 1	 93,10	 83,37	   7,2	  14,3	  21,6	  22,2	  17,4	  11,1
*	     9,8989	 1	 89,15	 83,33	   8,5	  15,5	  22,9	  23,5	  18,6	  12,3
*	    11,5996	 1	 96,96	 87,33	   6,4	  13,4	  20,8	  21,4	  16,6	  10,2
*	     8,9260	 1	 93,10	 87,31	  11,2	  18,3	  25,6	  26,2	  21,4	  15,1
*	     7,7756	 1	 89,15	 87,31	  13,6	  20,7	  28,0	  28,6	  23,8	  17,5
*	    11,5158	 1	 96,94	 91,22	   6,7	  13,7	  21,1	  21,7	  16,9	  10,5
*	     8,7688	 1	 93,09	 91,25	  11,8	  18,9	  26,2	  26,8	  22,0	  15,7
*	     7,5692	 1	 89,15	 91,29	  14,6	  21,6	  29,0	  29,6	  24,7	  18,4
*	    42,2965	 1	 97,73	 56,07	 -12,2	  -6,2	  -0,1	   0,1	  -4,6	 -11,2
*	    41,5760	 1	 95,03	 55,82	 -11,9	  -6,0	   0,1	   0,4	  -4,4	 -10,9
*	    41,0813	 1	 92,27	 55,61	 -11,8	  -5,8	   0,3	   0,5	  -4,2	 -10,7
*	    40,8171	 1	 89,48	 55,48	 -11,7	  -5,7	   0,4	   0,6	  -4,1	 -10,7
*	    39,2144	 1	 97,72	 58,05	 -11,0	  -5,0	   1,1	   1,3	  -3,5	 -10,0
*	    38,4598	 1	 95,02	 57,81	 -10,7	  -4,8	   1,3	   1,6	  -3,2	  -9,7
*	    37,9429	 1	 92,26	 57,62	 -10,6	  -4,6	   1,5	   1,8	  -3,0	  -9,5
*	    37,6691	 1	 89,48	 57,48	 -10,5	  -4,5	   1,6	   1,8	  -2,9	  -9,4
*	    36,2070	 1	 97,71	 60,13	  -9,8	  -3,8	   2,3	   2,5	  -2,2	  -8,7
*	    35,4143	 1	 95,01	 59,88	  -9,5	  -3,5	   2,6	   2,8	  -1,9	  -8,4
*	    34,8727	 1	 92,26	 59,71	  -9,3	  -3,3	   2,8	   3,0	  -1,7	  -8,2
*	    34,5886	 1	 89,48	 59,58	  -9,2	  -3,2	   2,9	   3,1	  -1,6	  -8,1
*	    33,2808	 1	 97,69	 62,27	  -8,5	  -2,5	   3,6	   3,8	  -0,9	  -7,4
*	    32,4452	 1	 95,00	 62,05	  -8,1	  -2,2	   3,9	   4,2	  -0,6	  -7,0
*	    31,8757	 1	 92,25	 61,87	  -7,9	  -1,9	   4,2	   4,4	  -0,3	  -6,8
*	    31,5803	 1	 89,48	 61,75	  -7,8	  -1,8	   4,3	   4,5	  -0,2	  -6,7
*	    30,4433	 1	 97,68	 64,50	  -7,1	  -1,2	   4,9	   5,2	   0,4	  -6,0
*	    29,5589	 1	 94,99	 64,30	  -6,7	  -0,8	   5,3	   5,6	   0,9	  -5,6
*	    28,9576	 1	 92,25	 64,13	  -6,5	  -0,5	   5,6	   5,9	   1,1	  -5,3
*	    28,6495	 1	 89,48	 64,01	  -6,4	  -0,4	   5,7	   6,0	   1,2	  -5,2
*	     7,4055	 1	 54,42	 97,25	 -13,8	  -7,8	  -2,0	   0,4	  -3,9	 -10,8
*	     8,0087	 1	 56,93	 97,31	 -12,7	  -6,8	  -0,9	   1,4	  -2,9	  -9,8
*	    11,6390	 1	306,17	 88,66	   9,5	  15,4	  21,3	  23,6	  19,3	  12,4
*	     9,8131	 1	291,68	 88,14	  12,6	  18,5	  24,4	  26,8	  22,5	  15,5
*	     8,5729	 1	269,89	 87,57	  14,9	  20,9	  26,7	  29,1	  24,8	  17,9
*	     8,2068	 1	243,96	 87,35	  15,0	  20,9	  26,8	  29,1	  24,8	  17,9
*	     8,7096	 1	222,41	 87,58	  12,9	  18,8	  24,7	  27,0	  22,7	  15,8
*	     9,7942	 1	208,13	 87,92	  10,0	  15,9	  21,8	  24,1	  19,8	  12,9
*	    11,2213	 1	199,03	 88,21	   7,2	  13,1	  19,0	  21,3	  17,0	  10,1
*	    12,8679	 1	193,02	 88,41	   4,7	  10,6	  16,5	  18,8	  14,5	   7,6
*	    14,6751	 1	188,83	 88,58	   2,5	   8,4	  14,3	  16,6	  12,3	   5,3
*	    16,6126	 1	185,77	 88,70	   0,5	   6,4	  12,3	  14,6	  10,3	   3,4
*	    18,6638	 1	183,45	 88,79	  -1,2	   4,7	  10,6	  12,9	   8,6	   1,6
*	    20,8180	 1	181,65	 88,86	  -2,8	   3,1	   9,0	  11,3	   7,0	  -0,0
*	    23,0678	 1	180,19	 88,93	  -4,3	   1,6	   7,5	   9,8	   5,5	  -1,5
*	    25,4076	 1	179,01	 88,97	  -5,7	   0,2	   6,1	   8,4	   4,1	  -2,9
*	    27,8323	 1	178,02	 89,01	  -7,0	  -1,1	   4,8	   7,1	   2,8	  -4,3
*	     8,8059	 1	 58,95	 97,33	 -11,8	  -5,9	  -0,0	   2,3	  -2,0	  -8,9
s	    10,1156	 2	248,38	 93,98	  30,8	  31,3	  23,0	  22,7	  17,5	  23,9
*	    13,9655	 1	 70,15	 94,84	   0,1	   7,1	  14,5	  15,1	  10,2	   3,9
*	    12,2561	 1	 74,27	 94,63	   2,4	   9,5	  16,8	  17,4	  12,6	   6,3
*	    11,0017	 1	 78,18	 94,41	   5,1	  12,1	  19,5	  20,1	  15,2	   8,9
*	    13,3348	 1	 70,09	 90,48	   0,5	   7,5	  14,9	  15,5	  10,6	   4,3
*	    11,5423	 1	 74,22	 90,37	   3,1	  10,1	  17,4	  18,0	  13,2	   6,9
*	    10,1675	 1	 78,15	 90,27	   6,0	  13,0	  20,4	  21,0	  16,2	   9,9
*	    13,5891	 1	 70,03	 86,11	   0,2	   7,3	  14,6	  15,2	  10,4	   4,0
*	    11,8634	 1	 74,18	 86,09	   2,7	   9,7	  17,1	  17,7	  12,8	   6,5
*	    10,5848	 1	 78,11	 86,10	   5,4	  12,4	  19,8	  20,4	  15,5	   9,2
*	    14,6920	 1	 69,97	 81,75	  -0,6	   6,4	  13,8	  14,4	   9,5	   3,2
*	    13,1526	 1	 74,13	 81,83	   1,4	   8,4	  15,8	  16,4	  11,5	   5,2
*	    12,1228	 1	 78,08	 81,95	   3,5	  10,5	  17,9	  18,5	  13,6	   7,3
*	    16,5384	 1	 69,91	 77,46	  -2,0	   5,1	  12,4	  13,0	   8,2	   1,8
*	    15,2359	 1	 74,08	 77,63	  -0,4	   6,7	  14,0	  14,6	   9,8	   3,4
*	    14,4862	 1	 78,05	 77,86	   1,1	   8,1	  15,5	  16,1	  11,3	   4,9
*	    19,0004	 1	 69,85	 73,28	  -3,5	   3,5	  10,9	  11,4	   6,6	   0,2
*	    17,9312	 1	 74,03	 73,54	  -2,3	   4,7	  12,1	  12,7	   7,8	   1,4
*	    17,4266	 1	 78,01	 73,87	  -1,3	   5,7	  13,1	  13,7	   8,8	   2,4
*	    21,9616	 1	 69,79	 69,26	  -5,2	   1,8	   9,1	   9,7	   4,9	  -1,5
*	    21,0969	 1	 73,99	 69,60	  -4,3	   2,7	  10,0	  10,6	   5,8	  -0,6
*	    20,7865	 1	 77,97	 70,01	  -3,7	   3,4	  10,7	  11,3	   6,5	   0,1
*	    25,3284	 1	 69,73	 65,41	  -7,0	   0,1	   7,4	   8,0	   3,1	  -3,3
*	    24,6332	 1	 73,94	 65,82	  -6,3	   0,7	   8,1	   8,7	   3,8	  -2,6
*	    24,4709	 1	 77,94	 66,31	  -5,9	   1,2	   8,5	   9,1	   4,3	  -2,2
*	    43,1908	 1	 76,78	 52,12	 -11,7	  -5,7	   0,4	   0,6	  -4,1	 -10,7
*	    43,1146	 1	 73,96	 51,64	 -11,7	  -5,8	   0,3	   0,6	  -4,2	 -10,7
*	    43,2390	 1	 71,05	 51,23	 -11,9	  -5,9	   0,2	   0,4	  -4,3	 -10,8
*	    43,5597	 1	 68,04	 50,88	 -12,0	  -6,1	   0,0	   0,3	  -4,5	 -11,0
*	    40,0179	 1	 76,80	 54,08	 -10,6	  -4,6	   1,5	   1,8	  -3,0	  -9,5
*	    39,9611	 1	 73,99	 53,61	 -10,6	  -4,7	   1,5	   1,7	  -3,1	  -9,6
*	    40,1126	 1	 71,09	 53,21	 -10,8	  -4,8	   1,3	   1,5	  -3,2	  -9,7
*	    40,4672	 1	 68,09	 52,88	 -11,0	  -5,0	   1,1	   1,3	  -3,4	  -9,9
*	    36,9184	 1	 76,83	 56,13	  -9,4	  -3,4	   2,7	   2,9	  -1,8	  -8,3
*	    36,8854	 1	 74,03	 55,69	  -9,5	  -3,5	   2,6	   2,8	  -1,9	  -8,4
*	    37,0690	 1	 71,13	 55,30	  -9,7	  -3,7	   2,4	   2,7	  -2,1	  -8,6
*	    37,4624	 1	 68,14	 54,97	  -9,9	  -3,9	   2,2	   2,4	  -2,3	  -8,8
*	    33,8996	 1	 76,86	 58,27	  -8,2	  -2,2	   3,9	   4,2	  -0,6	  -7,0
*	    33,8958	 1	 74,06	 57,84	  -8,3	  -2,3	   3,8	   4,0	  -0,7	  -7,2
*	    34,1171	 1	 71,17	 57,47	  -8,5	  -2,5	   3,6	   3,8	  -0,9	  -7,4
*	    34,5551	 1	 68,18	 57,16	  -8,8	  -2,8	   3,3	   3,5	  -1,2	  -7,7
*	    30,9697	 1	 76,88	 60,52	  -6,9	  -0,9	   5,2	   5,4	   0,7	  -5,7
*	    31,0016	 1	 74,09	 60,11	  -7,1	  -1,1	   5,0	   5,3	   0,5	  -5,9
*	    31,2674	 1	 71,21	 59,75	  -7,3	  -1,4	   4,8	   5,0	   0,3	  -6,2
*	    31,7567	 1	 68,23	 59,46	  -7,7	  -1,7	   4,4	   4,7	  -0,1	  -6,5
*	    28,1383	 1	 76,91	 62,84	  -5,6	   0,4	   6,5	   6,8	   2,0	  -4,4
*	    28,2138	 1	 74,13	 62,47	  -5,8	   0,2	   6,3	   6,5	   1,8	  -4,6
*	    28,5321	 1	 71,25	 62,14	  -6,1	  -0,1	   6,0	   6,2	   1,5	  -5,0
*	    29,0802	 1	 68,28	 61,87	  -6,5	  -0,5	   5,6	   5,8	   1,1	  -5,4
s	    10,4059	 2	246,20	 93,93	  29,5	  36,3	  43,0	  43,0	  37,8	  31,0
*	    12,4653	 1	336,86	 96,63	   1,6	   7,5	  13,4	  15,7	  11,4	   4,5
*	    15,1911	 1	101,05	 93,92	   9,6	  10,4	   2,7	   3,0	  -1,9	   5,0
*	    18,3362	 1	105,50	 93,92	   6,2	   7,0	  -0,7	  -0,4	  -5,3	   1,6
*	    14,4154	 1	101,09	 89,45	  10,4	  11,1	   3,4	   3,8	  -1,1	   5,8
*	    17,6863	 1	105,55	 89,48	   6,7	   7,5	  -0,2	   0,1	  -4,8	   2,1
*	    15,1648	 1	101,12	 84,96	   9,4	  10,2	   2,5	   2,8	  -2,0	   4,8
*	    18,2704	 1	105,60	 85,01	   6,1	   6,9	  -0,8	  -0,4	  -5,4	   1,5
*	    17,2164	 1	101,16	 80,50	   7,3	   8,1	   0,3	   0,7	  -4,2	   2,6
*	    19,9790	 1	105,65	 80,58	   4,7	   5,5	  -2,2	  -1,9	  -6,8	   0,0
*	    20,1954	 1	101,19	 76,13	   4,7	   5,5	  -2,2	  -1,8	  -6,8	   0,1
*	    22,5912	 1	105,70	 76,23	   2,8	   3,6	  -4,1	  -3,7	  -8,7	  -1,9
*	    23,8173	 1	101,23	 71,89	   2,2	   3,0	  -4,8	  -4,4	  -9,3	  -2,5
*	    25,8938	 1	105,75	 72,02	   0,8	   1,6	  -6,1	  -5,8	 -10,7	  -3,9
*	    27,9099	 1	101,26	 67,83	  -0,2	   0,6	  -7,2	  -6,8	 -11,7	  -5,0
*	    29,7264	 1	105,80	 67,96	  -1,3	  -0,5	  -8,2	  -7,9	 -12,8	  -6,0
*	    36,3978	 1	102,41	 61,07	  -4,3	  -3,5	 -11,2	 -10,9	 -15,8	  -9,1
*	    33,5428	 1	106,91	 64,96	  -3,1	  -2,3	 -10,0	  -9,7	 -14,6	  -7,9
*	    31,7341	 1	102,37	 64,78	  -2,2	  -1,4	  -9,1	  -8,8	 -13,7	  -7,0
*	    17,6288	 1	 59,66	 95,56	   3,9	   4,6	  -3,1	  -2,7	  -7,6	  -0,8
*	    15,9134	 1	 64,62	 95,20	   5,5	   6,3	  -1,4	  -1,1	  -6,0	   0,9
*	    17,0782	 1	 59,55	 90,10	   4,1	   4,9	  -2,8	  -2,4	  -7,3	  -0,5
*	    15,3281	 1	 64,53	 89,94	   5,8	   6,6	  -1,1	  -0,8	  -5,7	   1,2
*	    17,4636	 1	 59,44	 84,61	   3,9	   4,7	  -3,0	  -2,7	  -7,6	  -0,7
*	    15,7724	 1	 64,44	 84,65	   5,5	   6,3	  -1,4	  -1,1	  -6,0	   0,9
*	    18,7550	 1	 59,33	 79,19	   3,2	   4,0	  -3,7	  -3,4	  -8,3	  -1,4
*	    17,1995	 1	 64,35	 79,40	   4,6	   5,4	  -2,3	  -2,0	  -6,9	  -0,0
*	    20,8744	 1	 59,21	 73,92	   2,1	   2,9	  -4,8	  -4,4	  -9,4	  -2,5
*	    19,4969	 1	 64,25	 74,30	   3,3	   4,1	  -3,6	  -3,3	  -8,2	  -1,4
*	    23,7178	 1	 59,10	 68,88	   0,8	   1,6	  -6,1	  -5,8	 -10,7	  -3,9
*	    22,5281	 1	 64,16	 69,41	   1,7	   2,5	  -5,2	  -4,9	  -9,8	  -3,0
*	    27,1772	 1	 58,98	 64,13	  -0,7	   0,0	  -7,7	  -7,3	 -12,2	  -5,5
*	    26,1636	 1	 64,06	 64,78	   0,0	   0,8	  -6,9	  -6,6	 -11,5	  -4,7
*	    33,7517	 1	 65,04	 57,47	  -3,1	  -2,3	 -10,0	  -9,7	 -14,6	  -7,9
*	    34,3792	 1	 60,00	 56,62	  -3,5	  -2,8	 -10,5	 -10,1	 -15,1	  -8,3
*	    29,2644	 1	 65,13	 61,53	  -1,3	  -0,5	  -8,2	  -7,9	 -12,8	  -6,0
*	    30,0252	 1	 60,11	 60,76	  -1,8	  -1,1	  -8,8	  -8,4	 -13,4	  -6,6
*	    20,6103	 1	 47,74	 94,49	  -2,9	   4,2	  11,5	  12,1	   7,3	   0,9
*	    19,3161	 1	 52,51	 94,12	  -2,0	   5,0	  12,3	  12,9	   8,1	   1,7
*	    18,3728	 1	 56,89	 93,76	  -1,2	   5,8	  13,2	  13,8	   8,9	   2,5
*	    20,3704	 1	 47,60	 89,10	  -2,8	   4,3	  11,6	  12,2	   7,4	   1,0
*	    19,0783	 1	 52,39	 88,96	  -1,9	   5,1	  12,4	  13,0	   8,2	   1,8
*	    18,1368	 1	 56,78	 88,82	  -1,1	   5,9	  13,3	  13,9	   9,0	   2,6
*	    20,7811	 1	 47,45	 83,72	  -2,9	   4,1	  11,4	  12,0	   7,2	   0,8
*	    19,5176	 1	 52,26	 83,77	  -2,2	   4,9	  12,2	  12,8	   8,0	   1,6
*	    18,6099	 1	 56,67	 83,86	  -1,4	   5,7	  13,0	  13,6	   8,8	   2,4
*	    21,8279	 1	 47,30	 78,40	  -3,4	   3,6	  11,0	  11,6	   6,7	   0,3
*	    20,6157	 1	 52,13	 78,66	  -2,7	   4,4	  11,7	  12,3	   7,4	   1,1
*	    19,7684	 1	 56,56	 78,97	  -2,0	   5,1	  12,4	  13,0	   8,2	   1,8
*	    23,4775	 1	 47,15	 73,26	  -4,1	   2,9	  10,3	  10,9	   6,0	  -0,4
*	    22,3331	 1	 52,00	 73,70	  -3,4	   3,6	  10,9	  11,5	   6,7	   0,3
*	    21,5637	 1	 56,45	 74,20	  -2,8	   4,2	  11,6	  12,2	   7,3	   0,9
*	    25,6827	 1	 47,01	 68,36	  -5,0	   2,0	   9,4	  10,0	   5,1	  -1,3
*	    24,6155	 1	 51,87	 68,94	  -4,4	   2,6	  10,0	  10,5	   5,7	  -0,7
*	    23,9317	 1	 56,34	 69,62	  -3,9	   3,1	  10,5	  11,1	   6,2	  -0,2
*	    28,3885	 1	 46,86	 63,74	  -6,1	   0,9	   8,3	   8,9	   4,0	  -2,4
*	    27,4014	 1	 51,74	 64,45	  -5,6	   1,4	   8,8	   9,4	   4,5	  -1,9
*	    26,8030	 1	 56,23	 65,28	  -5,1	   1,9	   9,2	   9,8	   5,0	  -1,5
*	    31,5371	 1	 46,71	 59,44	  -7,3	  -0,2	   7,1	   7,7	   2,8	  -3,6
*	    30,6284	 1	 51,61	 60,26	  -6,8	   0,2	   7,5	   8,1	   3,3	  -3,2
*	    30,1100	 1	 56,12	 61,19	  -6,5	   0,5	   7,9	   8,5	   3,6	  -2,8
*	    44,8158	 1	 54,33	 48,38	  -9,7	  -3,7	   2,4	   2,6	  -2,1	  -8,7
*	    45,0535	 1	 51,24	 47,62	  -9,8	  -3,8	   2,3	   2,5	  -2,2	  -8,8
*	    45,4564	 1	 47,97	 46,94	  -9,9	  -4,0	   2,1	   2,4	  -2,4	  -8,9
*	    46,0220	 1	 44,53	 46,33	 -10,1	  -4,2	   1,9	   2,2	  -2,6	  -9,1
*	    41,8496	 1	 54,41	 50,43	  -8,7	  -2,7	   3,4	   3,6	  -1,2	  -7,7
*	    42,1089	 1	 51,32	 49,69	  -8,9	  -2,9	   3,2	   3,5	  -1,3	  -7,8
*	    42,5360	 1	 48,07	 49,01	  -9,0	  -3,0	   3,1	   3,3	  -1,5	  -8,0
*	    43,1283	 1	 44,63	 48,40	  -9,2	  -3,3	   2,8	   3,1	  -1,7	  -8,2
*	    38,9891	 1	 54,49	 52,59	  -7,8	  -1,8	   4,3	   4,5	  -0,2	  -6,7
*	    39,2723	 1	 51,41	 51,87	  -7,9	  -1,9	   4,2	   4,4	  -0,4	  -6,9
*	    39,7257	 1	 48,17	 51,21	  -8,1	  -2,1	   4,0	   4,2	  -0,6	  -7,1
*	    40,3463	 1	 44,74	 50,62	  -8,3	  -2,4	   3,7	   4,0	  -0,8	  -7,3
*	    36,2459	 1	 54,58	 54,88	  -6,8	  -0,8	   5,3	   5,5	   0,8	  -5,7
*	    36,5557	 1	 51,50	 54,19	  -7,0	  -1,0	   5,1	   5,3	   0,6	  -5,9
*	    37,0375	 1	 48,27	 53,54	  -7,2	  -1,2	   4,9	   5,1	   0,4	  -6,1
*	    37,6880	 1	 44,85	 52,97	  -7,5	  -1,5	   4,6	   4,8	   0,1	  -6,4
*	    33,6332	 1	 54,66	 57,30	  -5,9	   0,1	   6,2	   6,4	   1,7	  -4,8
*	    33,9722	 1	 51,59	 56,63	  -6,1	  -0,1	   6,0	   6,2	   1,5	  -5,0
*	    34,4845	 1	 48,36	 56,01	  -6,3	  -0,3	   5,8	   6,0	   1,3	  -5,2
*	    35,1667	 1	 44,95	 55,47	  -6,6	  -0,6	   5,5	   5,7	   1,0	  -5,5
*	    31,1656	 1	 54,73	 59,84	  -5,0	   1,0	   7,1	   7,4	   2,6	  -3,8
*	    31,5364	 1	 51,68	 59,22	  -5,2	   0,8	   6,9	   7,1	   2,4	  -4,0
*	    32,0813	 1	 48,46	 58,63	  -5,5	   0,5	   6,6	   6,9	   2,1	  -4,3
*	    32,7965	 1	 45,06	 58,12	  -5,8	   0,2	   6,3	   6,6	   1,8	  -4,6
*	    34,3543	 1	117,21	 69,10	  -7,8	  -0,7	   6,6	   7,2	   2,3	  -4,2
*	    32,3426	 1	113,34	 69,03	  -6,7	   0,3	   7,7	   8,2	   3,4	  -3,1
*	    30,7495	 1	109,46	 69,05	  -5,8	   1,2	   8,6	   9,2	   4,3	  -2,2
*	    31,6400	 1	117,14	 72,61	  -6,6	   0,4	   7,8	   8,4	   3,5	  -3,0
*	    29,4674	 1	113,27	 72,53	  -5,4	   1,6	   9,0	   9,6	   4,7	  -1,7
*	    27,7082	 1	109,40	 72,54	  -4,3	   2,8	  10,1	  10,7	   5,8	  -0,6
*	    29,3587	 1	117,07	 76,23	  -5,5	   1,5	   8,9	   9,5	   4,6	  -1,9
*	    27,0236	 1	113,21	 76,16	  -4,1	   2,9	  10,2	  10,8	   6,0	  -0,5
*	    25,0885	 1	109,35	 76,15	  -2,8	   4,2	  11,6	  12,2	   7,3	   0,9
*	    27,5731	 1	117,00	 79,95	  -4,6	   2,4	   9,7	  10,3	   5,5	  -1,0
*	    25,0871	 1	113,15	 79,88	  -3,1	   4,0	  11,3	  11,9	   7,0	   0,6
*	    22,9798	 1	109,30	 79,85	  -1,5	   5,5	  12,9	  13,5	   8,6	   2,2
*	    26,3453	 1	116,93	 83,74	  -4,0	   3,0	  10,4	  11,0	   6,1	  -0,3
*	    23,7380	 1	113,09	 83,68	  -2,3	   4,8	  12,1	  12,7	   7,8	   1,4
*	    21,4851	 1	109,25	 83,63	  -0,5	   6,6	  13,9	  14,5	   9,6	   3,2
*	    25,7276	 1	116,86	 87,57	  -3,7	   3,4	  10,7	  11,3	   6,5	   0,0
*	    23,0482	 1	113,03	 87,50	  -1,8	   5,2	  12,6	  13,2	   8,3	   1,9
*	    20,7055	 1	109,20	 87,45	   0,1	   7,1	  14,5	  15,1	  10,2	   3,8
*	    25,7516	 1	116,79	 91,40	  -3,6	   3,4	  10,8	  11,3	   6,5	   0,0
*	    23,0636	 1	112,97	 91,33	  -1,8	   5,2	  12,6	  13,2	   8,3	   1,9
*	    20,7097	 1	109,15	 91,26	   0,2	   7,2	  14,5	  15,1	  10,3	   3,9
*	    48,6624	 1	118,11	 56,69	 -10,7	  -4,7	   1,4	   1,6	  -3,1	  -9,7
*	    47,5595	 1	115,40	 56,61	 -10,3	  -4,3	   1,8	   2,0	  -2,7	  -9,3
*	    46,6351	 1	112,69	 56,59	  -9,9	  -3,9	   2,2	   2,4	  -2,4	  -8,9
*	    45,8975	 1	109,99	 56,62	  -9,6	  -3,6	   2,5	   2,7	  -2,1	  -8,6
*	    45,9376	 1	118,06	 58,66	  -9,8	  -3,8	   2,3	   2,5	  -2,2	  -8,8
*	    44,7802	 1	115,36	 58,58	  -9,3	  -3,4	   2,7	   3,0	  -1,8	  -8,3
*	    43,8047	 1	112,65	 58,56	  -8,9	  -3,0	   3,1	   3,4	  -1,4	  -7,9
*	    43,0205	 1	109,96	 58,59	  -8,6	  -2,6	   3,5	   3,7	  -1,1	  -7,6
*	    43,3245	 1	118,01	 60,71	  -8,9	  -2,9	   3,2	   3,4	  -1,4	  -7,9
*	    42,1085	 1	115,31	 60,63	  -8,4	  -2,4	   3,7	   3,9	  -0,9	  -7,4
*	    41,0775	 1	112,61	 60,61	  -8,0	  -2,0	   4,1	   4,3	  -0,4	  -6,9
*	    40,2420	 1	109,92	 60,64	  -7,6	  -1,6	   4,5	   4,7	  -0,0	  -6,5
*	    40,8344	 1	117,96	 62,84	  -8,0	  -2,0	   4,1	   4,3	  -0,5	  -7,0
*	    39,5558	 1	115,26	 62,76	  -7,5	  -1,5	   4,6	   4,8	   0,1	  -6,4
*	    38,4645	 1	112,57	 62,74	  -7,0	  -1,0	   5,1	   5,3	   0,6	  -5,9
*	    37,5724	 1	109,88	 62,77	  -6,5	  -0,6	   5,5	   5,8	   1,0	  -5,5
*	    38,4801	 1	117,91	 65,04	  -7,1	  -1,2	   4,9	   5,2	   0,4	  -6,1
*	    37,1349	 1	115,22	 64,97	  -6,5	  -0,6	   5,5	   5,8	   1,0	  -5,5
*	    35,9782	 1	112,53	 64,95	  -6,0	  -0,0	   6,1	   6,3	   1,6	  -4,9
*	    35,0239	 1	109,85	 64,97	  -5,5	   0,5	   6,6	   6,8	   2,1	  -4,4
*	    29,1002	 1	 41,64	 63,05	   0,4	   1,1	  -6,6	  -6,2	 -11,2	  -4,4
*	    29,9060	 1	 35,83	 61,95	   0,1	   0,8	  -6,9	  -6,5	 -11,4	  -4,7
*	    26,1823	 1	 41,83	 68,47	   1,5	   2,3	  -5,5	  -5,1	 -10,0	  -3,2
*	    27,0278	 1	 36,05	 67,57	   1,2	   1,9	  -5,8	  -5,4	 -10,3	  -3,6
*	    23,9056	 1	 42,02	 74,29	   2,4	   3,2	  -4,5	  -4,2	  -9,1	  -2,3
*	    24,7879	 1	 36,27	 73,66	   2,1	   2,8	  -4,9	  -4,5	  -9,4	  -2,7
*	    22,3406	 1	 42,21	 80,42	   3,0	   3,8	  -3,9	  -3,5	  -8,4	  -1,6
*	    23,2543	 1	 36,49	 80,12	   2,7	   3,5	  -4,3	  -3,9	  -8,8	  -2,0
*	    21,5419	 1	 42,40	 86,74	   3,4	   4,2	  -3,6	  -3,2	  -8,1	  -1,3
*	    22,4791	 1	 36,71	 86,81	   3,0	   3,8	  -3,9	  -3,6	  -8,5	  -1,7
*	    21,5398	 1	 42,59	 93,10	   3,4	   4,2	  -3,5	  -3,2	  -8,1	  -1,3
*	    22,4900	 1	 36,93	 93,55	   3,0	   3,8	  -3,9	  -3,6	  -8,5	  -1,7
*	    33,5933	 1	 34,15	 56,54	  -1,3	  -0,5	  -8,2	  -7,9	 -12,8	  -6,1
*	    32,7177	 1	 40,14	 57,78	  -1,0	  -0,2	  -7,9	  -7,6	 -12,5	  -5,8
*	    37,5114	 1	 33,92	 51,91	  -2,6	  -1,8	  -9,6	  -9,2	 -14,2	  -7,5
*	    36,6772	 1	 39,93	 53,24	  -2,4	  -1,6	  -9,3	  -9,0	 -13,9	  -7,2
*	    41,8461	 1	 33,69	 47,77	  -4,0	  -3,3	 -11,0	 -10,6	 -15,6	  -8,9
*	    41,0526	 1	 39,73	 49,16	  -3,8	  -3,0	 -10,8	 -10,4	 -15,4	  -8,7
*	    28,6363	 1	239,68	 45,55	  -6,9	   0,1	   7,5	   8,1	   3,2	  -3,2
*	    28,8849	 1	232,54	 46,82	  -7,2	  -0,1	   7,2	   7,8	   2,9	  -3,5
*	    27,1042	 1	239,52	 49,67	  -5,9	   1,2	   8,5	   9,1	   4,2	  -2,2
*	    27,3806	 1	232,36	 50,92	  -6,2	   0,8	   8,2	   8,8	   3,9	  -2,5
*	    25,7120	 1	239,36	 54,39	  -4,9	   2,2	   9,5	  10,1	   5,2	  -1,2
*	    26,0179	 1	232,17	 55,60	  -5,2	   1,8	   9,1	   9,7	   4,9	  -1,6
*	    24,4820	 1	239,20	 59,79	  -3,9	   3,1	  10,5	  11,0	   6,2	  -0,2
*	    24,8178	 1	231,99	 60,90	  -4,4	   2,7	  10,0	  10,6	   5,7	  -0,7
*	    23,4395	 1	239,03	 65,92	  -3,1	   3,9	  11,3	  11,9	   7,0	   0,6
*	    23,8041	 1	231,80	 66,87	  -3,6	   3,4	  10,8	  11,4	   6,5	   0,1
*	    22,6120	 1	238,87	 72,76	  -2,4	   4,6	  12,0	  12,6	   7,7	   1,3
*	    23,0020	 1	231,61	 73,46	  -2,9	   4,1	  11,5	  12,1	   7,2	   0,8
*	    22,0264	 1	238,70	 80,23	  -1,9	   5,1	  12,5	  13,1	   8,2	   1,8
*	    22,4354	 1	231,42	 80,61	  -2,5	   4,6	  11,9	  12,5	   7,7	   1,3
*	    29,5857	 1	268,19	 45,38	  -7,1	  -0,0	   7,3	   7,9	   3,0	  -3,4
*	    28,0517	 1	268,18	 49,48	  -6,0	   1,0	   8,4	   9,0	   4,1	  -2,4
*	    27,4757	 1	260,29	 48,77	  -5,8	   1,3	   8,6	   9,2	   4,3	  -2,1
*	    26,6563	 1	268,17	 54,22	  -5,0	   2,0	   9,4	  10,0	   5,1	  -1,3
*	    26,0634	 1	260,23	 53,52	  -4,7	   2,3	   9,7	  10,2	   5,4	  -1,0
*	    25,4217	 1	268,16	 59,67	  -4,1	   3,0	  10,3	  10,9	   6,0	  -0,4
*	    24,8119	 1	260,17	 59,00	  -3,7	   3,3	  10,6	  11,2	   6,4	  -0,1
*	    24,3741	 1	268,15	 65,85	  -3,2	   3,8	  11,2	  11,8	   6,9	   0,5
*	    23,7480	 1	260,12	 65,27	  -2,9	   4,2	  11,5	  12,1	   7,3	   0,8
*	    23,5416	 1	268,14	 72,79	  -2,5	   4,5	  11,9	  12,5	   7,6	   1,2
*	    22,9014	 1	260,06	 72,32	  -2,1	   4,9	  12,3	  12,9	   8,0	   1,6
*	    22,9523	 1	268,13	 80,36	  -2,0	   5,1	  12,4	  13,0	   8,2	   1,8
*	    22,3012	 1	260,00	 80,05	  -1,6	   5,5	  12,8	  13,4	   8,6	   2,2
*	    28,6287	 1	249,13	 44,66	   4,8	   5,6	  -2,1	  -1,8	  -6,7	   0,1
*	    25,4355	 1	248,88	 54,41	   7,1	   7,8	   0,1	   0,5	  -4,4	   2,4
*	    23,0301	 1	248,62	 67,58	   9,0	   9,8	   2,1	   2,5	  -2,4	   4,3
*	    31,3208	 1	 28,58	 59,84	  -5,8	   1,3	   8,6	   9,2	   4,3	  -2,1
*	    31,8071	 1	 22,99	 58,54	  -5,8	   1,3	   8,6	   9,2	   4,3	  -2,1
*	    32,6749	 1	 16,74	 57,41	  -5,9	   1,1	   8,5	   9,1	   4,2	  -2,3
*	    28,7385	 1	 28,80	 64,86	  -4,8	   2,3	   9,6	  10,2	   5,3	  -1,1
*	    29,2160	 1	 23,24	 63,74	  -4,8	   2,3	   9,6	  10,2	   5,3	  -1,1
*	    30,0796	 1	 17,01	 62,77	  -4,9	   2,2	   9,5	  10,1	   5,2	  -1,2
*	    26,6216	 1	 29,03	 70,30	  -3,9	   3,1	  10,4	  11,0	   6,2	  -0,3
*	    27,0905	 1	 23,49	 69,43	  -3,9	   3,1	  10,5	  11,1	   6,2	  -0,3
*	    27,9486	 1	 17,28	 68,66	  -4,0	   3,0	  10,4	  11,0	   6,1	  -0,3
*	    25,0173	 1	 29,25	 76,11	  -3,3	   3,7	  11,1	  11,7	   6,8	   0,4
*	    25,4799	 1	 23,73	 75,54	  -3,3	   3,8	  11,1	  11,7	   6,8	   0,4
*	    26,3333	 1	 17,56	 75,06	  -3,3	   3,7	  11,1	  11,7	   6,8	   0,4
*	    23,9657	 1	 29,47	 82,21	  -2,9	   4,2	  11,5	  12,1	   7,3	   0,8
*	    24,4264	 1	 23,98	 82,00	  -2,8	   4,2	  11,6	  12,2	   7,3	   0,9
*	    25,2785	 1	 17,83	 81,84	  -2,9	   4,2	  11,5	  12,1	   7,2	   0,8
*	    23,4950	 1	 29,69	 88,46	  -2,7	   4,4	  11,7	  12,3	   7,4	   1,0
*	    23,9597	 1	 24,22	 88,63	  -2,6	   4,4	  11,8	  12,4	   7,5	   1,1
*	    24,8158	 1	 18,10	 88,84	  -2,7	   4,4	  11,7	  12,3	   7,4	   1,0
*	    23,6177	 1	 29,91	 94,72	  -2,7	   4,3	  11,7	  12,3	   7,4	   1,0
*	    47,8378	 1	 28,39	 42,45	  -9,1	  -3,1	   3,0	   3,2	  -1,6	  -8,1
*	    48,1027	 1	 24,64	 41,36	  -9,1	  -3,2	   2,9	   3,2	  -1,6	  -8,2
*	    48,5267	 1	 20,59	 40,37	  -9,2	  -3,2	   2,9	   3,1	  -1,7	  -8,2
*	    49,1105	 1	 16,23	 39,52	  -9,3	  -3,3	   2,8	   3,0	  -1,8	  -8,4
*	    45,0095	 1	 28,54	 44,54	  -8,2	  -2,3	   3,8	   4,1	  -0,7	  -7,2
*	    45,2745	 1	 24,80	 43,46	  -8,3	  -2,3	   3,8	   4,0	  -0,7	  -7,3
*	    45,7014	 1	 20,77	 42,46	  -8,3	  -2,4	   3,7	   4,0	  -0,8	  -7,3
*	    46,2914	 1	 16,42	 41,59	  -8,5	  -2,5	   3,6	   3,8	  -0,9	  -7,5
*	    42,2939	 1	 28,69	 46,78	  -7,4	  -1,4	   4,7	   4,9	   0,2	  -6,4
*	    42,5582	 1	 24,96	 45,70	  -7,4	  -1,4	   4,7	   4,9	   0,1	  -6,4
*	    42,9871	 1	 20,94	 44,71	  -7,5	  -1,5	   4,6	   4,8	   0,1	  -6,5
*	    43,5822	 1	 16,60	 43,83	  -7,6	  -1,6	   4,5	   4,7	  -0,0	  -6,6
*	    39,7026	 1	 28,84	 49,21	  -6,5	  -0,6	   5,5	   5,8	   1,0	  -5,5
*	    39,9654	 1	 25,13	 48,14	  -6,6	  -0,6	   5,5	   5,7	   1,0	  -5,5
*	    40,3954	 1	 21,12	 47,15	  -6,6	  -0,7	   5,4	   5,7	   0,9	  -5,6
*	    40,9945	 1	 16,79	 46,28	  -6,7	  -0,8	   5,3	   5,6	   0,8	  -5,7
*	    37,2485	 1	 29,00	 51,81	  -5,7	   0,3	   6,4	   6,6	   1,9	  -4,6
*	    37,5089	 1	 25,29	 50,77	  -5,7	   0,2	   6,3	   6,6	   1,8	  -4,7
*	    37,9388	 1	 21,29	 49,79	  -5,8	   0,2	   6,3	   6,5	   1,8	  -4,7
*	    38,5407	 1	 16,97	 48,93	  -5,9	   0,1	   6,2	   6,4	   1,7	  -4,8
*	    34,9450	 1	 29,15	 54,60	  -4,9	   1,1	   7,2	   7,4	   2,7	  -3,8
*	    35,2024	 1	 25,45	 53,60	  -4,9	   1,0	   7,2	   7,4	   2,6	  -3,8
*	    35,6312	 1	 21,46	 52,65	  -5,0	   1,0	   7,1	   7,3	   2,6	  -3,9
*	    36,2345	 1	 17,16	 51,82	  -5,1	   0,9	   7,0	   7,2	   2,5	  -4,0
*	    25,5026	 1	212,55	 83,06	  -5,5	   1,5	   8,9	   9,5	   4,6	  -1,8
*	    24,3556	 1	217,11	 82,60	  -4,5	   2,5	   9,9	  10,5	   5,6	  -0,8
*	    25,9618	 1	212,75	 77,26	  -5,8	   1,2	   8,6	   9,2	   4,3	  -2,1
*	    24,8380	 1	217,32	 76,38	  -4,9	   2,2	   9,5	  10,1	   5,2	  -1,2
*	    26,6277	 1	212,95	 71,74	  -6,2	   0,8	   8,2	   8,8	   3,9	  -2,5
*	    25,5369	 1	217,53	 70,50	  -5,3	   1,7	   9,0	   9,6	   4,8	  -1,7
*	    27,4867	 1	213,15	 66,56	  -6,8	   0,3	   7,6	   8,2	   3,3	  -3,1
*	    26,4360	 1	217,73	 65,05	  -6,0	   1,1	   8,4	   9,0	   4,1	  -2,3
*	    28,5235	 1	213,36	 61,79	  -7,4	  -0,4	   7,0	   7,6	   2,7	  -3,7
*	    27,5172	 1	217,93	 60,06	  -6,7	   0,4	   7,7	   8,3	   3,4	  -3,0
*	    29,7218	 1	213,56	 57,41	  -8,1	  -1,1	   6,3	   6,9	   2,0	  -4,5
*	    28,7621	 1	218,14	 55,56	  -7,4	  -0,4	   7,0	   7,5	   2,7	  -3,8
*	    31,0660	 1	213,75	 53,45	  -8,9	  -1,8	   5,5	   6,1	   1,2	  -5,2
*	    30,1530	 1	218,34	 51,50	  -8,2	  -1,2	   6,1	   6,7	   1,8	  -4,6
*	    29,5807	 1	223,82	 49,14	   3,8	   4,5	  -3,2	  -2,8	  -7,7	  -1,0
*	    26,6098	 1	223,39	 58,60	   5,7	   6,4	  -1,3	  -0,9	  -5,8	   0,9
*	    24,4253	 1	222,95	 70,61	   7,2	   8,0	   0,3	   0,6	  -4,3	   2,5
*	    24,5795	 1	279,83	 80,75	   8,4	   9,2	   1,5	   1,8	  -3,1	   3,7
*	    26,1147	 1	279,71	 66,07	   7,2	   7,9	   0,2	   0,6	  -4,3	   2,4
*	    28,6100	 1	279,61	 54,29	   5,3	   6,1	  -1,6	  -1,3	  -6,2	   0,6
s	    24,8204	 1	 14,91	 90,83	  29,3	  30,0	  22,3	  22,7	  17,8	  24,6
*	    32,3647	 1	 12,90	 57,14	   0,7	   1,5	  -6,2	  -5,9	 -10,8	  -4,1
*	    32,8404	 1	  5,18	 55,35	   0,9	   1,7	  -6,1	  -5,7	 -10,6	  -3,9
*	    29,4646	 1	 13,24	 63,61	   1,9	   2,7	  -5,0	  -4,7	  -9,6	  -2,9
*	    29,8885	 1	  5,55	 62,08	   2,1	   2,9	  -4,8	  -4,5	  -9,4	  -2,6
*	    27,2030	 1	 13,57	 70,87	   2,9	   3,6	  -4,1	  -3,7	  -8,6	  -1,9
*	    27,5779	 1	  5,92	 69,75	   3,2	   3,9	  -3,8	  -3,4	  -8,3	  -1,6
*	    25,6603	 1	 13,90	 78,79	   3,5	   4,3	  -3,4	  -3,0	  -8,0	  -1,2
*	    25,9988	 1	  6,29	 78,23	   3,9	   4,7	  -3,0	  -2,7	  -7,6	  -0,8
*	    24,8994	 1	 14,23	 87,15	   3,9	   4,6	  -3,1	  -2,7	  -7,6	  -0,8
*	    25,2237	 1	  6,65	 87,27	   4,3	   5,0	  -2,7	  -2,3	  -7,2	  -0,5
*	    44,7136	 1	 11,85	 41,80	  -3,7	  -2,9	 -10,6	 -10,3	 -15,2	  -8,6
*	    45,3075	 1	  4,02	 39,84	  -3,7	  -2,9	 -10,6	 -10,3	 -15,3	  -8,6
*	    40,3344	 1	 12,18	 45,94	  -2,2	  -1,4	  -9,2	  -8,8	 -13,8	  -7,1
*	    40,9007	 1	  4,39	 43,97	  -2,2	  -1,4	  -9,1	  -8,8	 -13,7	  -7,1
*	    36,3468	 1	 12,52	 50,75	  -0,8	  -0,0	  -7,7	  -7,4	 -12,3	  -5,6
*	    36,8757	 1	  4,76	 48,81	  -0,7	   0,1	  -7,7	  -7,3	 -12,2	  -5,5
s	    25,5975	 1	354,36	 91,63	  27,9	  34,9	  42,3	  42,9	  38,0	  31,6
*	    34,1222	 1	355,33	 52,20	  -5,6	   1,5	   8,8	   9,4	   4,5	  -2,0
*	    34,3918	 1	347,75	 50,48	  -5,3	   1,7	   9,0	   9,6	   4,7	  -1,7
*	    35,0929	 1	339,20	 49,21	  -5,3	   1,7	   9,1	   9,7	   4,8	  -1,7
*	    31,5158	 1	355,66	 57,69	  -4,4	   2,6	  10,0	  10,6	   5,7	  -0,8
*	    31,7318	 1	348,10	 56,10	  -4,1	   2,9	  10,3	  10,8	   6,0	  -0,5
*	    32,3974	 1	339,54	 54,90	  -4,0	   3,0	  10,4	  10,9	   6,1	  -0,4
*	    29,3177	 1	355,99	 63,95	  -3,4	   3,6	  11,0	  11,6	   6,7	   0,3
*	    29,4783	 1	348,44	 62,58	  -3,0	   4,0	  11,4	  11,9	   7,1	   0,6
*	    30,1049	 1	339,90	 61,55	  -2,9	   4,2	  11,5	  12,1	   7,2	   0,8
*	    27,5861	 1	356,33	 70,96	  -2,6	   4,5	  11,8	  12,4	   7,5	   1,1
*	    27,6954	 1	348,79	 69,94	  -2,1	   4,9	  12,3	  12,9	   8,0	   1,5
*	    28,2844	 1	340,25	 69,18	  -1,9	   5,1	  12,5	  13,1	   8,2	   1,8
*	    26,3766	 1	356,66	 78,61	  -2,0	   5,1	  12,4	  13,0	   8,2	   1,7
*	    26,4469	 1	349,14	 78,07	  -1,5	   5,6	  12,9	  13,5	   8,7	   2,2
*	    27,0063	 1	340,60	 77,72	  -1,2	   5,9	  13,2	  13,8	   8,9	   2,5
*	    25,7343	 1	356,99	 86,70	  -1,6	   5,4	  12,8	  13,3	   8,5	   2,1
*	    25,7855	 1	349,49	 86,75	  -1,1	   5,9	  13,3	  13,9	   9,0	   2,6
*	    26,3303	 1	340,96	 86,86	  -0,8	   6,2	  13,6	  14,2	   9,3	   2,9
*	    50,8442	 1	354,73	 34,58	  -9,0	  -3,0	   3,1	   3,3	  -1,4	  -8,0
*	    51,0889	 1	349,41	 33,35	  -8,9	  -3,0	   3,1	   3,3	  -1,4	  -8,0
*	    51,5118	 1	343,58	 32,34	  -9,0	  -3,0	   3,1	   3,3	  -1,5	  -8,0
*	    52,1148	 1	337,33	 31,59	  -9,1	  -3,1	   3,0	   3,2	  -1,5	  -8,1
*	    48,0014	 1	354,96	 36,55	  -8,1	  -2,1	   4,0	   4,2	  -0,5	  -7,1
*	    48,2336	 1	349,65	 35,28	  -8,0	  -2,0	   4,0	   4,3	  -0,5	  -7,1
*	    48,6499	 1	343,83	 34,23	  -8,0	  -2,1	   4,0	   4,3	  -0,5	  -7,1
*	    49,2525	 1	337,58	 33,46	  -8,1	  -2,1	   4,0	   4,2	  -0,6	  -7,2
*	    45,2602	 1	355,20	 38,72	  -7,1	  -1,2	   4,9	   5,2	   0,4	  -6,1
*	    45,4775	 1	349,90	 37,43	  -7,1	  -1,1	   5,0	   5,2	   0,4	  -6,1
*	    45,8848	 1	344,08	 36,35	  -7,1	  -1,1	   5,0	   5,2	   0,4	  -6,1
*	    46,4852	 1	337,82	 35,53	  -7,2	  -1,2	   4,9	   5,1	   0,4	  -6,2
*	    42,6314	 1	355,43	 41,12	  -6,2	  -0,3	   5,8	   6,1	   1,3	  -5,2
*	    42,8312	 1	350,14	 39,80	  -6,2	  -0,2	   5,9	   6,1	   1,4	  -5,1
*	    43,2270	 1	344,33	 38,69	  -6,1	  -0,2	   5,9	   6,2	   1,4	  -5,1
*	    43,8228	 1	338,07	 37,85	  -6,2	  -0,2	   5,9	   6,1	   1,3	  -5,2
*	    40,1272	 1	355,67	 43,79	  -5,3	   0,7	   6,8	   7,0	   2,2	  -4,3
*	    40,3066	 1	350,39	 42,45	  -5,2	   0,8	   6,9	   7,1	   2,3	  -4,2
*	    40,6882	 1	344,57	 41,31	  -5,2	   0,8	   6,9	   7,1	   2,4	  -4,1
*	    41,2771	 1	338,32	 40,46	  -5,2	   0,7	   6,8	   7,1	   2,3	  -4,2
*	    37,7613	 1	355,90	 46,74	  -4,4	   1,6	   7,7	   7,9	   3,2	  -3,3
*	    37,9174	 1	350,63	 45,39	  -4,3	   1,7	   7,8	   8,0	   3,3	  -3,2
*	    38,2819	 1	344,83	 44,25	  -4,2	   1,7	   7,8	   8,1	   3,3	  -3,2
*	    38,8614	 1	338,57	 43,38	  -4,3	   1,7	   7,8	   8,0	   3,3	  -3,2
s	    25,6525	 2	299,33	 93,41	  27,2	  34,0	  40,7	  40,7	  35,4	  28,6
*	    33,3349	 1	291,29	 51,24	  -9,0	  -2,0	   5,4	   6,0	   1,1	  -5,4
*	    32,0438	 1	285,88	 49,30	  -8,4	  -1,3	   6,0	   6,6	   1,7	  -4,7
*	    31,9398	 1	291,38	 55,25	  -8,2	  -1,2	   6,2	   6,8	   1,9	  -4,6
*	    30,6015	 1	285,96	 53,35	  -7,5	  -0,4	   6,9	   7,5	   2,6	  -3,8
*	    30,6862	 1	291,48	 59,74	  -7,4	  -0,4	   7,0	   7,6	   2,7	  -3,8
*	    29,3002	 1	286,03	 57,95	  -6,6	   0,4	   7,8	   8,4	   3,5	  -3,0
*	    29,5917	 1	291,58	 64,72	  -6,7	   0,3	   7,7	   8,3	   3,4	  -3,0
*	    28,1593	 1	286,11	 63,10	  -5,8	   1,2	   8,6	   9,2	   4,3	  -2,2
*	    28,6752	 1	291,67	 70,19	  -6,0	   1,0	   8,3	   8,9	   4,0	  -2,4
*	    27,2001	 1	286,19	 68,82	  -5,1	   1,9	   9,3	   9,9	   5,0	  -1,4
*	    27,9557	 1	291,77	 76,12	  -5,5	   1,5	   8,8	   9,4	   4,6	  -1,9
*	    26,4443	 1	286,27	 75,08	  -4,5	   2,5	   9,8	  10,4	   5,6	  -0,9
*	    27,4502	 1	291,87	 82,42	  -5,2	   1,9	   9,2	   9,8	   4,9	  -1,5
*	    25,9122	 1	286,35	 81,79	  -4,1	   2,9	  10,3	  10,8	   6,0	  -0,4
*	    34,5569	 1	332,14	 48,91	   1,8	   2,6	  -5,1	  -4,8	  -9,7	  -3,0
*	    34,8305	 1	320,45	 47,00	   2,1	   2,8	  -4,9	  -4,5	  -9,5	  -2,8
*	    35,8550	 1	307,50	 46,35	   2,0	   2,7	  -5,0	  -4,6	  -9,6	  -2,9
*	    31,3638	 1	332,57	 56,33	   3,4	   4,2	  -3,5	  -3,2	  -8,1	  -1,4
*	    31,5544	 1	320,85	 54,53	   3,8	   4,5	  -3,2	  -2,8	  -7,7	  -1,0
*	    32,5581	 1	307,83	 53,92	   3,7	   4,5	  -3,2	  -2,9	  -7,8	  -1,1
*	    28,8107	 1	332,99	 65,35	   4,8	   5,6	  -2,1	  -1,8	  -6,7	   0,0
*	    28,9137	 1	321,26	 63,90	   5,3	   6,1	  -1,6	  -1,3	  -6,2	   0,6
*	    29,8906	 1	308,16	 63,44	   5,3	   6,1	  -1,6	  -1,3	  -6,2	   0,6
*	    27,0376	 1	333,43	 75,97	   5,8	   6,6	  -1,1	  -0,7	  -5,7	   1,1
*	    27,0661	 1	321,67	 75,18	   6,5	   7,3	  -0,5	  -0,1	  -5,0	   1,8
*	    28,0174	 1	308,49	 75,00	   6,5	   7,3	  -0,4	  -0,0	  -5,0	   1,8
*	    26,1732	 1	333,86	 87,76	   6,4	   7,1	  -0,6	  -0,2	  -5,1	   1,6
*	    26,1642	 1	322,08	 87,88	   7,1	   7,8	   0,1	   0,5	  -4,4	   2,3
*	    39,2762	 1	310,96	 40,41	   0,2	   1,0	  -6,7	  -6,4	 -11,3	  -4,6
*	    38,4423	 1	323,59	 41,45	   0,3	   1,0	  -6,7	  -6,3	 -11,3	  -4,6
*	    38,2934	 1	334,76	 43,60	   0,0	   0,8	  -6,9	  -6,6	 -11,5	  -4,8
*	    43,4706	 1	310,62	 35,67	  -1,6	  -0,8	  -8,5	  -8,2	 -13,1	  -6,5
*	    42,6183	 1	323,19	 36,64	  -1,5	  -0,7	  -8,4	  -8,1	 -13,0	  -6,4
*	    42,4014	 1	334,34	 38,72	  -1,6	  -0,9	  -8,6	  -8,2	 -13,2	  -6,5
*	    47,9907	 1	310,28	 31,87	  -3,3	  -2,5	 -10,3	  -9,9	 -14,9	  -8,3
*	    47,1300	 1	322,79	 32,75	  -3,2	  -2,4	 -10,2	  -9,8	 -14,8	  -8,1
*	    46,8605	 1	333,92	 34,70	  -3,3	  -2,5	 -10,2	  -9,9	 -14,9	  -8,2
*	    51,9218	 1	322,39	 29,57	  -4,9	  -4,1	 -11,8	 -11,5	 -16,4	  -9,8
s	    26,3229	 2	317,47	 92,94	  28,4	  28,9	  20,6	  20,3	  15,0	  21,3
*	    37,4888	 1	302,41	 41,89	 -12,0	  -4,9	   2,4	   3,0	  -1,9	  -8,4
*	    35,7594	 1	302,54	 44,74	 -11,1	  -4,1	   3,3	   3,9	  -1,0	  -7,5
*	    34,1310	 1	302,68	 47,94	 -10,2	  -3,2	   4,1	   4,7	  -0,2	  -6,6
*	    32,6157	 1	302,82	 51,53	  -9,4	  -2,4	   5,0	   5,6	   0,7	  -5,8
*	    31,2274	 1	302,96	 55,55	  -8,6	  -1,6	   5,8	   6,4	   1,5	  -5,0
*	    29,9817	 1	303,10	 60,02	  -7,8	  -0,8	   6,6	   7,2	   2,3	  -4,2
*	    28,8962	 1	303,24	 64,98	  -7,1	  -0,1	   7,3	   7,9	   3,0	  -3,5
*	    27,9892	 1	303,38	 70,42	  -6,5	   0,5	   7,9	   8,5	   3,6	  -2,8
*	    27,2793	 1	303,52	 76,29	  -6,0	   1,0	   8,4	   9,0	   4,1	  -2,3
*	    26,7829	 1	303,67	 82,52	  -5,6	   1,4	   8,7	   9,3	   4,5	  -2,0
*	    38,5855	 1	299,52	 38,04	 -10,1	  -4,1	   2,0	   2,2	  -2,5	  -9,0
*	    39,4484	 1	302,76	 39,57	 -10,5	  -4,5	   1,6	   1,9	  -2,9	  -9,4
*	    39,9304	 1	299,43	 36,43	 -10,7	  -4,7	   1,4	   1,6	  -3,2	  -9,7
*	    40,7720	 1	302,66	 37,94	 -11,1	  -5,1	   1,0	   1,3	  -3,5	 -10,0
*	    41,3123	 1	299,34	 34,95	 -11,3	  -5,3	   0,8	   1,0	  -3,8	 -10,3
*	    42,1335	 1	302,57	 36,42	 -11,6	  -5,7	   0,4	   0,7	  -4,1	 -10,6
*	    42,7287	 1	299,25	 33,57	 -11,9	  -5,9	   0,2	   0,4	  -4,4	 -10,9
*	    43,5305	 1	302,48	 35,02	 -12,2	  -6,2	  -0,1	   0,1	  -4,7	 -11,2
*	    44,1776	 1	299,16	 32,30	 -12,5	  -6,5	  -0,4	  -0,2	  -5,0	 -11,5
*	    44,9609	 1	302,38	 33,71	 -12,8	  -6,8	  -0,7	  -0,5	  -5,3	 -11,8
*	    45,6570	 1	299,08	 31,12	 -13,1	  -7,1	  -1,0	  -0,8	  -5,6	 -12,1
*	    46,4226	 1	302,29	 32,49	 -13,4	  -7,4	  -1,3	  -1,1	  -5,8	 -12,4
*	    47,1653	 1	298,99	 30,01	 -13,7	  -7,7	  -1,6	  -1,4	  -6,1	 -12,7
*	    47,9138	 1	302,20	 31,35	 -13,9	  -8,0	  -1,9	  -1,6	  -6,4	 -13,0
*	    48,7007	 1	298,90	 28,98	 -14,2	  -8,3	  -2,2	  -1,9	  -6,7	 -13,3
*	    49,4331	 1	302,11	 30,29	 -14,5	  -8,5	  -2,4	  -2,2	  -7,0	 -13,5
*	    50,2620	 1	298,81	 28,03	 -14,8	  -8,8	  -2,7	  -2,5	  -7,3	 -13,8
*	    50,9789	 1	302,01	 29,29	 -15,0	  -9,1	  -3,0	  -2,7	  -7,5	 -14,1
*	    51,8478	 1	298,72	 27,13	 -15,3	  -9,4	  -3,3	  -3,1	  -7,8	 -14,4
*	    52,5498	 1	301,92	 28,36	 -15,6	  -9,6	  -3,5	  -3,3	  -8,1	 -14,6
s	    26,8846	 1	 90,00	 34,34	  28,7	  32,0	  22,1	  22,4	  25,9	  23,3
*	    38,6690	 1	326,63	 16,75	   8,1	  11,4	   1,4	   1,8	   5,3	   2,6
*	    32,5808	 1	 30,50	 20,83	   9,5	  12,8	   2,9	   3,2	   6,7	   4,1
*	    30,5321	 1	 53,40	 34,01	   9,7	  13,0	   3,0	   3,4	   6,9	   4,3
*	    32,1774	 1	 61,69	 45,00	   9,0	  12,4	   2,4	   2,7	   6,3	   3,6
*	    35,7722	 1	217,39	  7,88	   9,0	  12,3	   2,4	   2,7	   6,2	   3,6
*	    29,3626	 1	 96,00	 15,31	  10,6	  13,9	   4,0	   4,3	   7,9	   5,2
*	    26,9996	 1	 85,34	 31,83	  11,0	  14,3	   4,3	   4,7	   8,2	   5,6
*	    28,3469	 1	 82,40	 43,94	  10,5	  13,9	   3,9	   4,3	   7,8	   5,2
*	    33,4323	 1	 81,04	 52,41	   9,2	  12,5	   2,6	   2,9	   6,4	   3,8
*	    38,0570	 1	180,39	 25,13	   7,8	  11,2	   1,2	   1,6	   5,1	   2,4
*	    31,5041	 1	137,49	 27,45	   9,6	  12,9	   3,0	   3,3	   6,8	   4,2
*	    28,7799	 1	113,28	 37,11	  10,2	  13,6	   3,6	   4,0	   7,5	   4,9
*	    29,7291	 1	101,93	 46,46	  10,1	  13,4	   3,5	   3,8	   7,3	   4,7
*	    34,4892	 1	 95,82	 53,72	   9,0	  12,3	   2,4	   2,7	   6,2	   3,6
*	    44,7979	 1	174,66	 39,68	   5,3	   8,6	  -1,3	  -1,0	   2,5	  -0,2
*	    38,3691	 1	149,73	 40,40	   7,0	  10,3	   0,3	   0,7	   4,2	   1,5
*	    35,4679	 1	129,97	 45,18	   7,8	  11,1	   1,2	   1,5	   5,0	   2,4
*	    36,1368	 1	116,91	 51,06	   7,8	  11,2	   1,2	   1,5	   5,1	   2,4
*	    48,7834	 1	154,96	 50,13	   3,6	   7,0	  -3,0	  -2,7	   0,8	  -1,9
*	    45,9493	 1	139,51	 52,52	   4,4	   7,8	  -2,2	  -1,9	   1,6	  -1,1
*	    32,9940	 1	207,77	 56,06	   1,5	   2,2	  -5,5	  -5,1	 -10,1	  -3,3
*	    30,3843	 1	207,36	 64,64	   2,8	   3,6	  -4,1	  -3,7	  -8,7	  -1,9
*	    28,5188	 1	206,95	 74,70	   3,9	   4,7	  -3,1	  -2,7	  -7,6	  -0,9
*	    38,4970	 1	126,91	 69,58	  -1,8	  -1,1	  -8,8	  -8,4	 -13,4	  -6,7
*	    36,3388	 1	122,37	 69,60	  -0,9	  -0,1	  -7,8	  -7,5	 -12,4	  -5,7
*	    35,8026	 1	126,80	 73,73	  -0,8	  -0,1	  -7,8	  -7,4	 -12,4	  -5,7
*	    33,4972	 1	122,27	 73,73	   0,3	   1,1	  -6,7	  -6,3	 -11,2	  -4,5
*	    33,6937	 1	126,69	 78,04	  -0,0	   0,8	  -7,0	  -6,6	 -11,5	  -4,8
*	    31,2545	 1	122,17	 78,01	   1,2	   2,0	  -5,7	  -5,4	 -10,3	  -3,5
*	    32,2329	 1	126,59	 82,47	   0,6	   1,4	  -6,4	  -6,0	 -10,9	  -4,2
*	    29,6874	 1	122,08	 82,41	   1,9	   2,7	  -5,0	  -4,6	  -9,6	  -2,8
*	    31,4707	 1	126,48	 86,97	   0,9	   1,7	  -6,0	  -5,7	 -10,6	  -3,9
*	    28,8606	 1	121,98	 86,88	   2,3	   3,1	  -4,6	  -4,3	  -9,2	  -2,4
*	    31,4374	 1	126,37	 91,48	   1,0	   1,7	  -6,0	  -5,6	 -10,6	  -3,8
*	    28,8146	 1	121,88	 91,36	   2,4	   3,1	  -4,6	  -4,2	  -9,1	  -2,4
*	    43,1227	 1	121,56	 62,01	  -3,3	  -2,5	 -10,2	  -9,9	 -14,8	  -8,2
*	    44,8833	 1	126,11	 61,91	  -4,0	  -3,2	 -11,0	 -10,6	 -15,6	  -8,9
*	    47,3455	 1	121,65	 58,50	  -4,7	  -3,9	 -11,6	 -11,3	 -16,3	  -9,6
*	    36,7368	 1	293,67	 46,02	  -4,7	  -3,9	 -11,6	 -11,3	 -16,2	  -9,5
*	    33,4313	 1	293,89	 53,62	  -2,9	  -2,1	  -9,9	  -9,5	 -14,4	  -7,7
*	    30,7501	 1	294,11	 63,21	  -1,3	  -0,5	  -8,2	  -7,9	 -12,8	  -6,0
*	    28,8631	 1	294,34	 74,95	  -0,0	   0,8	  -7,0	  -6,6	 -11,5	  -4,8
*	    29,3079	 1	169,74	 92,37	 -14,2	  -8,3	  -2,4	  -0,1	  -4,4	 -11,5
*	    34,5871	 1	204,05	 58,28	 -11,0	  -4,0	   3,4	   3,9	  -0,9	  -7,4
*	    36,0333	 1	201,46	 59,98	 -11,7	  -4,7	   2,6	   3,2	  -1,7	  -8,2
*	    33,3587	 1	203,87	 61,90	 -10,4	  -3,4	   4,0	   4,5	  -0,3	  -6,8
*	    34,8494	 1	201,29	 63,46	 -11,2	  -4,2	   3,2	   3,8	  -1,1	  -7,6
*	    32,2705	 1	203,69	 65,78	  -9,9	  -2,9	   4,5	   5,1	   0,2	  -6,3
*	    33,8033	 1	201,12	 67,18	 -10,7	  -3,7	   3,7	   4,3	  -0,6	  -7,1
*	    31,3335	 1	203,51	 69,92	  -9,4	  -2,4	   5,0	   5,6	   0,7	  -5,8
*	    32,9048	 1	200,95	 71,13	 -10,3	  -3,3	   4,1	   4,7	  -0,2	  -6,7
*	    30,5586	 1	203,33	 74,31	  -9,0	  -2,0	   5,4	   6,0	   1,1	  -5,4
*	    32,1631	 1	200,78	 75,28	  -9,9	  -2,9	   4,5	   5,1	   0,2	  -6,3
*	    29,9557	 1	203,15	 78,91	  -8,7	  -1,7	   5,7	   6,3	   1,4	  -5,0
*	    31,5867	 1	200,61	 79,61	  -9,6	  -2,6	   4,7	   5,3	   0,5	  -6,0
*	    29,5328	 1	202,97	 83,67	  -8,5	  -1,4	   5,9	   6,5	   1,6	  -4,8
*	    31,1825	 1	200,44	 84,06	  -9,4	  -2,4	   4,9	   5,5	   0,7	  -5,8
*	    29,5429	 1	236,11	 44,29	  -7,5	  -0,5	   6,9	   7,5	   2,6	  -3,9
*	    31,2400	 1	236,28	 40,95	  -8,5	  -1,5	   5,9	   6,5	   1,6	  -4,9
*	    29,7280	 1	170,81	 89,82	 -12,9	  -7,0	  -1,1	   1,2	  -3,1	 -10,1
*	    32,4296	 1	170,57	 89,79	 -14,0	  -8,1	  -2,3	   0,1	  -4,3	 -11,3
*	    35,1997	 1	170,36	 89,78	 -15,1	  -9,2	  -3,4	  -1,1	  -5,4	 -12,5
*	    38,0347	 1	170,18	 89,76	 -16,2	 -10,3	  -4,5	  -2,1	  -6,5	 -13,6
*	    40,9308	 1	170,01	 89,74	 -17,3	 -11,4	  -5,5	  -3,2	  -7,5	 -14,7
*	    30,0794	 1	243,62	 41,85	   2,2	   3,0	  -4,7	  -4,4	  -9,3	  -2,6
s	    31,0277	 2	358,61	 91,35	  25,9	  27,7	  21,1	  21,7	  16,8	  23,5
s	    31,1095	 3	312,71	 92,99	  27,0	  22,2	  -0,0	  -0,3	  -5,6	  13,9
s	    31,3086	 2	 86,68	 38,90	  27,3	  25,4	   1,5	   1,9	   5,4	  16,0
*	    31,4648	 1	220,10	 47,22	   1,0	   1,8	  -5,9	  -5,6	 -10,5	  -3,8
s	    31,5147	 2	 89,12	 39,08	  26,0	  30,4	  21,5	  22,1	  25,7	  23,1
*	    31,6755	 1	215,20	 50,60	  -9,2	  -2,1	   5,2	   5,8	   0,9	  -5,5
*	    33,2390	 1	215,40	 47,23	 -10,0	  -2,9	   4,4	   5,0	   0,1	  -6,4
s	    32,1958	 2	 90,00	 31,26	  25,9	  30,3	  21,4	  22,0	  25,6	  23,0
*	    32,4509	 1	176,58	 89,08	  -9,2	  -3,3	   2,6	   4,9	   0,6	  -6,5
*	    35,0921	 1	175,95	 89,10	 -10,3	  -4,4	   1,5	   3,8	  -0,6	  -7,6
*	    37,8025	 1	175,40	 89,13	 -11,4	  -5,5	   0,4	   2,7	  -1,6	  -8,7
*	    40,5782	 1	174,91	 89,15	 -12,4	  -6,5	  -0,7	   1,7	  -2,7	  -9,8
*	    33,0011	 1	198,23	 84,18	   1,0	   1,8	  -5,9	  -5,6	 -10,5	  -3,8
*	    34,0710	 1	198,58	 75,28	   0,5	   1,3	  -6,4	  -6,1	 -11,0	  -4,3
*	    35,8816	 1	198,93	 67,07	  -0,3	   0,4	  -7,3	  -6,9	 -11,9	  -5,1
*	    33,0993	 1	284,01	 45,47	   1,0	   1,7	  -6,0	  -5,6	 -10,6	  -3,8
*	    34,7712	 1	293,68	 50,40	  -9,8	  -2,7	   4,6	   5,2	   0,3	  -6,2
*	    36,3256	 1	293,58	 47,03	 -10,6	  -3,6	   3,8	   4,4	  -0,5	  -7,0
*	    33,4270	 1	288,64	 48,40	  -9,1	  -2,1	   5,3	   5,8	   1,0	  -5,5
*	    35,0281	 1	288,55	 45,02	 -10,0	  -3,0	   4,4	   5,0	   0,1	  -6,4
*	    33,7620	 1	130,54	 92,89	  -4,6	   2,5	   9,8	  10,4	   5,5	  -1,0
*	    35,5133	 1	134,56	 93,07	  -5,4	   1,6	   9,0	   9,6	   4,7	  -1,8
*	    37,6021	 1	138,66	 93,24	  -6,3	   0,8	   8,1	   8,7	   3,8	  -2,7
*	    33,5757	 1	130,65	 88,83	  -4,5	   2,5	   9,9	  10,5	   5,6	  -0,9
*	    35,3281	 1	134,67	 88,95	  -5,3	   1,7	   9,0	   9,6	   4,7	  -1,8
*	    37,4184	 1	138,78	 89,07	  -6,2	   0,8	   8,2	   8,8	   3,9	  -2,6
*	    33,9443	 1	130,76	 84,75	  -4,7	   2,4	   9,7	  10,3	   5,4	  -1,1
*	    35,6763	 1	134,79	 84,81	  -5,5	   1,6	   8,9	   9,5	   4,6	  -1,9
*	    37,7480	 1	138,91	 84,90	  -6,3	   0,7	   8,1	   8,6	   3,7	  -2,8
*	    34,8572	 1	130,87	 80,72	  -5,0	   2,0	   9,4	  10,0	   5,1	  -1,4
*	    36,5491	 1	134,91	 80,71	  -5,8	   1,2	   8,6	   9,2	   4,3	  -2,2
*	    38,5835	 1	139,04	 80,76	  -6,6	   0,4	   7,8	   8,4	   3,5	  -3,1
*	    36,2908	 1	130,97	 76,75	  -5,6	   1,5	   8,8	   9,4	   4,5	  -2,0
*	    37,9266	 1	135,02	 76,70	  -6,3	   0,7	   8,1	   8,7	   3,8	  -2,7
*	    39,9078	 1	139,17	 76,71	  -7,1	  -0,0	   7,3	   7,9	   3,0	  -3,5
*	    38,2123	 1	131,08	 72,90	  -6,3	   0,8	   8,1	   8,7	   3,8	  -2,7
*	    39,7802	 1	135,14	 72,80	  -6,9	   0,1	   7,5	   8,0	   3,1	  -3,4
*	    41,6959	 1	139,29	 72,77	  -7,7	  -0,6	   6,7	   7,3	   2,4	  -4,1
*	    40,5822	 1	131,19	 69,18	  -7,1	  -0,1	   7,3	   7,9	   3,0	  -3,5
*	    42,0750	 1	135,26	 69,03	  -7,7	  -0,7	   6,7	   7,3	   2,4	  -4,2
*	    43,9168	 1	139,42	 68,98	  -8,4	  -1,3	   6,0	   6,6	   1,7	  -4,9
*	    43,3588	 1	131,30	 65,63	  -8,0	  -1,0	   6,4	   6,9	   2,0	  -4,5
*	    44,7731	 1	135,38	 65,43	  -8,6	  -1,5	   5,8	   6,4	   1,5	  -5,1
*	    46,5361	 1	139,55	 65,35	  -9,2	  -2,2	   5,2	   5,8	   0,9	  -5,7
*	    55,5066	 1	138,58	 55,97	  -9,8	  -3,8	   2,3	   2,5	  -2,3	  -8,9
*	    54,5198	 1	135,79	 56,08	  -9,5	  -3,5	   2,6	   2,8	  -2,0	  -8,6
*	    53,6830	 1	133,05	 56,24	  -9,2	  -3,3	   2,8	   3,1	  -1,7	  -8,3
*	    53,0001	 1	130,34	 56,46	  -9,0	  -3,0	   3,1	   3,3	  -1,5	  -8,1
*	    53,0799	 1	138,50	 57,99	  -9,1	  -3,2	   2,9	   3,2	  -1,6	  -8,2
*	    52,0589	 1	135,71	 58,08	  -8,8	  -2,8	   3,3	   3,5	  -1,3	  -7,9
*	    51,1893	 1	132,97	 58,25	  -8,5	  -2,5	   3,6	   3,8	  -1,0	  -7,6
*	    50,4755	 1	130,27	 58,45	  -8,2	  -2,3	   3,8	   4,0	  -0,7	  -7,3
*	    50,7796	 1	138,41	 60,10	  -8,5	  -2,5	   3,6	   3,8	  -0,9	  -7,5
*	    49,7234	 1	135,63	 60,18	  -8,1	  -2,2	   3,9	   4,2	  -0,6	  -7,2
*	    48,8200	 1	132,90	 60,33	  -7,8	  -1,8	   4,3	   4,5	  -0,3	  -6,8
*	    48,0741	 1	130,20	 60,52	  -7,5	  -1,5	   4,6	   4,8	   0,0	  -6,5
*	    48,6154	 1	138,33	 62,28	  -7,8	  -1,9	   4,2	   4,5	  -0,3	  -6,9
*	    47,5237	 1	135,55	 62,36	  -7,5	  -1,5	   4,6	   4,8	   0,1	  -6,5
*	    46,5857	 1	132,82	 62,50	  -7,1	  -1,1	   5,0	   5,2	   0,4	  -6,1
*	    45,8064	 1	130,13	 62,68	  -6,8	  -0,8	   5,3	   5,5	   0,7	  -5,8
*	    46,5979	 1	138,25	 64,56	  -7,2	  -1,2	   4,9	   5,1	   0,3	  -6,2
*	    45,4704	 1	135,47	 64,63	  -6,8	  -0,8	   5,3	   5,5	   0,7	  -5,8
*	    44,4973	 1	132,75	 64,75	  -6,5	  -0,5	   5,6	   5,8	   1,1	  -5,4
*	    43,6838	 1	130,06	 64,92	  -6,1	  -0,1	   6,0	   6,2	   1,4	  -5,1
*	    42,1586	 1	194,70	 65,17	 -14,7	  -7,7	  -0,3	   0,2	  -4,7	 -11,2
*	    39,2590	 1	196,10	 67,04	 -13,5	  -6,5	   0,9	   1,4	  -3,5	 -10,0
*	    41,1179	 1	194,56	 68,22	 -14,3	  -7,3	   0,1	   0,6	  -4,3	 -10,8
*	    38,3119	 1	195,95	 70,36	 -13,1	  -6,1	   1,2	   1,8	  -3,1	  -9,6
*	    40,2046	 1	194,42	 71,39	 -14,0	  -6,9	   0,4	   1,0	  -3,9	 -10,4
*	    37,5022	 1	195,80	 73,83	 -12,8	  -5,8	   1,6	   2,2	  -2,7	  -9,2
*	    39,4247	 1	194,28	 74,69	 -13,6	  -6,6	   0,7	   1,3	  -3,6	 -10,1
*	    36,8362	 1	195,65	 77,42	 -12,5	  -5,5	   1,9	   2,4	  -2,4	  -8,9
*	    38,7839	 1	194,14	 78,11	 -13,4	  -6,4	   1,0	   1,6	  -3,3	  -9,8
*	    36,3197	 1	195,51	 81,12	 -12,3	  -5,3	   2,1	   2,7	  -2,2	  -8,7
*	    38,2871	 1	194,00	 81,61	 -13,2	  -6,2	   1,2	   1,8	  -3,1	  -9,6
*	    35,9571	 1	195,36	 84,91	 -12,1	  -5,1	   2,2	   2,8	  -2,1	  -8,6
*	    37,9381	 1	193,86	 85,18	 -13,0	  -6,0	   1,3	   1,9	  -3,0	  -9,5
s	    36,3121	 3	 86,66	 35,68	  24,6	  23,8	   1,0	   1,5	   5,1	  15,7
*	    36,4703	 1	264,70	 38,49	 -10,1	  -3,1	   4,3	   4,9	  -0,0	  -6,5
*	    38,3544	 1	264,73	 36,04	 -11,0	  -4,0	   3,4	   3,9	  -1,0	  -7,5
*	    40,3152	 1	264,75	 33,87	 -11,9	  -4,9	   2,4	   3,0	  -1,9	  -8,4
s	    36,5047	 3	 89,11	 35,86	  22,8	  28,3	  20,5	  21,3	  24,9	  22,3
*	    38,0675	 1	140,98	 91,69	   0,3	   1,1	  -6,7	  -6,3	 -11,2	  -4,6
*	    39,5396	 1	145,59	 91,91	  -0,3	   0,5	  -7,2	  -6,9	 -11,8	  -5,1
*	    38,1215	 1	141,13	 86,95	   0,3	   1,0	  -6,7	  -6,3	 -11,3	  -4,6
*	    39,5860	 1	145,75	 87,06	  -0,3	   0,5	  -7,2	  -6,9	 -11,8	  -5,2
*	    38,8082	 1	141,28	 82,23	   0,0	   0,8	  -6,9	  -6,6	 -11,5	  -4,8
*	    40,2501	 1	145,92	 82,23	  -0,5	   0,3	  -7,5	  -7,1	 -12,1	  -5,4
*	    40,1102	 1	141,43	 77,60	  -0,4	   0,4	  -7,4	  -7,0	 -11,9	  -5,3
*	    41,5166	 1	146,08	 77,50	  -0,9	  -0,2	  -7,9	  -7,5	 -12,5	  -5,8
*	    41,9970	 1	141,58	 73,10	  -1,0	  -0,3	  -8,0	  -7,6	 -12,6	  -5,9
*	    43,3576	 1	146,24	 72,91	  -1,5	  -0,7	  -8,5	  -8,1	 -13,1	  -6,4
*	    44,4283	 1	141,73	 68,80	  -1,8	  -1,0	  -8,7	  -8,4	 -13,4	  -6,7
*	    45,7357	 1	146,40	 68,52	  -2,2	  -1,5	  -9,2	  -8,9	 -13,8	  -7,2
*	    50,4631	 1	142,02	 61,16	  -3,6	  -2,9	 -10,6	 -10,2	 -15,2	  -8,6
*	    51,6580	 1	146,72	 60,76	  -4,0	  -3,2	 -11,0	 -10,6	 -15,6	  -9,0
*	    54,2131	 1	142,18	 57,54	  -4,7	  -3,9	 -11,6	 -11,3	 -16,3	  -9,7
*	    38,5930	 1	260,35	 36,50	 -15,5	  -8,5	  -1,1	  -0,6	  -5,5	 -12,0
*	    40,5454	 1	260,39	 34,31	 -16,4	  -9,4	  -2,0	  -1,5	  -6,4	 -12,9
*	    49,0230	 1	242,24	 23,95	 -13,8	  -7,8	  -1,7	  -1,5	  -6,3	 -12,8
*	    49,0542	 1	237,24	 24,49	 -13,8	  -7,9	  -1,8	  -1,6	  -6,3	 -12,9
*	    49,1495	 1	232,52	 25,19	 -13,9	  -7,9	  -1,8	  -1,6	  -6,4	 -12,9
*	    47,3848	 1	242,14	 24,77	 -13,2	  -7,2	  -1,2	  -0,9	  -5,7	 -12,2
*	    47,4200	 1	237,13	 25,34	 -13,3	  -7,3	  -1,2	  -1,0	  -5,7	 -12,3
*	    47,5209	 1	232,40	 26,06	 -13,3	  -7,4	  -1,3	  -1,0	  -5,8	 -12,3
*	    45,7703	 1	242,04	 25,66	 -12,6	  -6,6	  -0,5	  -0,3	  -5,1	 -11,6
*	    45,8098	 1	237,02	 26,25	 -12,7	  -6,7	  -0,6	  -0,4	  -5,1	 -11,7
*	    45,9168	 1	232,28	 26,98	 -12,7	  -6,8	  -0,7	  -0,4	  -5,2	 -11,7
*	    44,1807	 1	241,94	 26,62	 -12,0	  -6,0	   0,1	   0,3	  -4,5	 -11,0
*	    44,2250	 1	236,90	 27,22	 -12,1	  -6,1	   0,0	   0,2	  -4,5	 -11,0
*	    44,3385	 1	232,15	 27,99	 -12,1	  -6,2	  -0,1	   0,2	  -4,6	 -11,1
*	    42,6175	 1	241,84	 27,65	 -11,4	  -5,4	   0,7	   0,9	  -3,8	 -10,4
*	    42,6669	 1	236,79	 28,28	 -11,4	  -5,5	   0,6	   0,9	  -3,9	 -10,4
*	    42,7875	 1	232,03	 29,08	 -11,5	  -5,5	   0,6	   0,8	  -4,0	 -10,5
*	    41,0822	 1	241,74	 28,78	 -10,8	  -4,8	   1,3	   1,6	  -3,2	  -9,7
*	    41,1372	 1	236,67	 29,42	 -10,8	  -4,8	   1,3	   1,5	  -3,3	  -9,8
*	    41,2653	 1	231,91	 30,23	 -10,9	  -4,9	   1,2	   1,4	  -3,3	  -9,9
*	    39,5764	 1	241,64	 29,99	 -10,1	  -4,1	   2,0	   2,2	  -2,5	  -9,0
*	    39,6375	 1	236,56	 30,66	 -10,2	  -4,2	   1,9	   2,1	  -2,6	  -9,1
*	    39,7739	 1	231,78	 31,50	 -10,3	  -4,3	   1,8	   2,0	  -2,7	  -9,2
*	    51,3884	 1	199,13	 52,47	 -17,2	 -12,5	   0,6	   1,9	  -1,2	  -6,1
*	    45,1596	 1	208,83	 45,18	 -14,9	 -10,2	   2,9	   4,2	   1,1	  -3,7
*	    42,8055	 1	216,07	 41,15	 -13,9	  -9,2	   3,9	   5,2	   2,1	  -2,7
*	    41,0550	 1	225,67	 37,24	 -13,1	  -8,4	   4,7	   6,0	   2,9	  -1,8
*	    39,9805	 1	238,20	 34,01	 -12,6	  -7,9	   5,3	   6,6	   3,5	  -1,3
*	    39,6407	 1	253,43	 32,18	 -12,3	  -7,6	   5,5	   6,8	   3,7	  -1,0
*	    40,0670	 1	269,73	 32,31	 -12,4	  -7,7	   5,4	   6,7	   3,6	  -1,1
*	    41,2536	 1	284,72	 34,40	 -12,9	  -8,2	   5,0	   6,3	   3,2	  -1,6
*	    39,6889	 1	289,45	 43,37	 -11,5	  -4,5	   2,9	   3,4	  -1,5	  -8,0
*	    41,5238	 1	290,76	 40,06	 -13,9	  -8,0	  -1,9	  -1,6	  -6,4	 -12,9
*	    42,3548	 1	290,72	 39,02	 -14,3	  -8,3	  -2,2	  -2,0	  -6,7	 -13,3
*	    43,2011	 1	290,68	 38,04	 -14,7	  -8,7	  -2,6	  -2,4	  -7,1	 -13,6
*	    42,0649	 1	288,28	 40,57	 -14,1	  -8,1	  -2,0	  -1,8	  -6,5	 -13,1
*	    42,8906	 1	288,25	 39,53	 -14,5	  -8,5	  -2,4	  -2,2	  -6,9	 -13,4
*	    43,7317	 1	288,22	 38,53	 -14,8	  -8,8	  -2,7	  -2,5	  -7,3	 -13,8
*	    42,6327	 1	285,89	 41,11	 -14,3	  -8,3	  -2,2	  -2,0	  -6,7	 -13,3
*	    43,4527	 1	285,86	 40,06	 -14,6	  -8,7	  -2,6	  -2,3	  -7,1	 -13,6
*	    44,2882	 1	285,83	 39,06	 -15,0	  -9,0	  -2,9	  -2,7	  -7,4	 -14,0
*	    43,2266	 1	283,58	 41,70	 -14,5	  -8,5	  -2,4	  -2,2	  -6,9	 -13,5
*	    44,0405	 1	283,56	 40,65	 -14,8	  -8,9	  -2,8	  -2,5	  -7,3	 -13,8
*	    44,8700	 1	283,54	 39,64	 -15,2	  -9,2	  -3,1	  -2,9	  -7,6	 -14,2
*	    49,9925	 1	269,33	 24,11	 -14,0	  -8,1	  -2,0	  -1,7	  -6,5	 -13,1
*	    49,6572	 1	264,14	 23,68	 -13,9	  -8,0	  -1,9	  -1,6	  -6,4	 -13,0
*	    49,3860	 1	258,79	 23,44	 -13,9	  -7,9	  -1,8	  -1,6	  -6,3	 -12,9
*	    48,3631	 1	269,33	 24,93	 -13,4	  -7,5	  -1,4	  -1,1	  -5,9	 -12,5
*	    48,0222	 1	264,12	 24,50	 -13,3	  -7,4	  -1,3	  -1,1	  -5,8	 -12,4
*	    47,7472	 1	258,75	 24,24	 -13,3	  -7,3	  -1,2	  -1,0	  -5,7	 -12,3
*	    46,7571	 1	269,33	 25,82	 -12,8	  -6,9	  -0,8	  -0,5	  -5,3	 -11,9
*	    46,4106	 1	264,10	 25,37	 -12,7	  -6,8	  -0,7	  -0,4	  -5,2	 -11,8
*	    46,1317	 1	258,70	 25,11	 -12,7	  -6,7	  -0,6	  -0,4	  -5,1	 -11,7
*	    45,1760	 1	269,32	 26,77	 -12,2	  -6,3	  -0,2	   0,1	  -4,7	 -11,2
*	    44,8235	 1	264,07	 26,31	 -12,1	  -6,2	  -0,1	   0,2	  -4,6	 -11,1
*	    44,5406	 1	258,66	 26,04	 -12,1	  -6,1	   0,0	   0,2	  -4,5	 -11,1
*	    43,6210	 1	269,32	 27,80	 -11,6	  -5,6	   0,5	   0,7	  -4,1	 -10,6
*	    43,2624	 1	264,05	 27,33	 -11,5	  -5,5	   0,6	   0,8	  -4,0	 -10,5
*	    42,9754	 1	258,62	 27,05	 -11,4	  -5,5	   0,6	   0,9	  -3,9	 -10,4
*	    42,0936	 1	269,32	 28,92	 -11,0	  -5,0	   1,1	   1,3	  -3,4	 -10,0
*	    41,7286	 1	264,03	 28,43	 -10,9	  -4,9	   1,2	   1,4	  -3,3	  -9,8
*	    41,4374	 1	258,57	 28,15	 -10,8	  -4,8	   1,3	   1,5	  -3,2	  -9,7
*	    40,5955	 1	269,32	 30,12	 -10,3	  -4,4	   1,7	   2,0	  -2,8	  -9,3
*	    40,2239	 1	264,01	 29,62	 -10,2	  -4,2	   1,9	   2,1	  -2,7	  -9,2
*	    39,9284	 1	258,53	 29,33	 -10,1	  -4,2	   1,9	   2,2	  -2,6	  -9,1
*	    40,7086	 1	187,43	 85,32	  -3,0	  -2,3	 -10,0	  -9,6	 -14,6	  -7,9
*	    41,6157	 1	187,71	 78,43	  -3,4	  -2,6	 -10,3	 -10,0	 -14,9	  -8,2
*	    43,1565	 1	187,99	 71,87	  -3,9	  -3,2	 -10,9	 -10,5	 -15,5	  -8,8
*	    45,2877	 1	188,27	 65,77	  -4,7	  -3,9	 -11,6	 -11,3	 -16,2	  -9,6
*	    49,9093	 1	220,10	 28,14	 -14,3	  -8,3	  -2,2	  -2,0	  -6,8	 -13,4
*	    50,2958	 1	216,79	 29,27	 -14,5	  -8,5	  -2,4	  -2,2	  -6,9	 -13,5
*	    50,7412	 1	213,78	 30,44	 -14,6	  -8,7	  -2,6	  -2,3	  -7,1	 -13,7
*	    48,3087	 1	219,97	 29,09	 -13,8	  -7,8	  -1,7	  -1,5	  -6,2	 -12,8
*	    48,7072	 1	216,65	 30,26	 -13,9	  -7,9	  -1,8	  -1,6	  -6,4	 -13,0
*	    49,1656	 1	213,64	 31,46	 -14,1	  -8,1	  -2,0	  -1,8	  -6,6	 -13,1
*	    46,7344	 1	219,83	 30,12	 -13,2	  -7,2	  -1,1	  -0,9	  -5,7	 -12,2
*	    47,1454	 1	216,52	 31,31	 -13,4	  -7,4	  -1,3	  -1,1	  -5,8	 -12,4
*	    47,6177	 1	213,51	 32,55	 -13,6	  -7,6	  -1,5	  -1,3	  -6,0	 -12,6
*	    45,1877	 1	219,70	 31,21	 -12,6	  -6,6	  -0,5	  -0,3	  -5,1	 -11,6
*	    45,6122	 1	216,38	 32,43	 -12,8	  -6,8	  -0,7	  -0,5	  -5,3	 -11,8
*	    46,0989	 1	213,38	 33,69	 -13,0	  -7,0	  -0,9	  -0,7	  -5,5	 -12,0
*	    43,6705	 1	219,56	 32,38	 -12,0	  -6,1	   0,0	   0,3	  -4,5	 -11,0
*	    44,1091	 1	216,25	 33,63	 -12,2	  -6,3	  -0,2	   0,1	  -4,7	 -11,2
*	    44,6111	 1	213,24	 34,93	 -12,5	  -6,5	  -0,4	  -0,2	  -4,9	 -11,5
*	    42,1844	 1	219,42	 33,64	 -11,5	  -5,5	   0,6	   0,8	  -3,9	 -10,4
*	    42,6378	 1	216,11	 34,92	 -11,7	  -5,7	   0,4	   0,6	  -4,1	 -10,6
*	    43,1559	 1	213,11	 36,24	 -11,9	  -5,9	   0,2	   0,4	  -4,4	 -10,9
*	    40,7313	 1	219,28	 34,99	 -10,9	  -4,9	   1,2	   1,4	  -3,3	  -9,8
*	    41,2005	 1	215,97	 36,31	 -11,1	  -5,1	   1,0	   1,2	  -3,5	 -10,0
*	    41,7355	 1	212,97	 37,65	 -11,3	  -5,4	   0,7	   1,0	  -3,8	 -10,3
*	    45,7538	 1	250,08	 25,21	  -3,5	  -2,8	 -10,5	 -10,1	 -15,1	  -8,5
*	    40,9596	 1	249,84	 28,36	  -1,6	  -0,8	  -8,6	  -8,2	 -13,2	  -6,5
*	    40,9767	 1	189,35	 85,91	 -14,7	  -7,7	  -0,3	   0,3	  -4,6	 -11,2
*	    41,2890	 1	189,48	 82,67	 -14,8	  -7,8	  -0,4	   0,1	  -4,8	 -11,3
*	    41,7400	 1	189,61	 79,49	 -15,0	  -8,0	  -0,6	  -0,0	  -4,9	 -11,5
*	    42,3268	 1	189,74	 76,38	 -15,2	  -8,2	  -0,8	  -0,2	  -5,1	 -11,7
*	    43,0458	 1	189,86	 73,33	 -15,5	  -8,4	  -1,1	  -0,5	  -5,4	 -11,9
*	    43,8924	 1	189,99	 70,39	 -15,8	  -8,7	  -1,4	  -0,8	  -5,7	 -12,3
*	    44,8617	 1	190,12	 67,56	 -16,1	  -9,1	  -1,7	  -1,2	  -6,1	 -12,6
*	    45,9486	 1	190,25	 64,83	 -16,5	  -9,5	  -2,1	  -1,5	  -6,4	 -13,0
*	    47,1473	 1	190,38	 62,22	 -16,9	  -9,9	  -2,5	  -2,0	  -6,9	 -13,4
*	    48,4524	 1	190,51	 59,74	 -17,3	 -10,3	  -3,0	  -2,4	  -7,3	 -13,9
*	    49,8582	 1	190,64	 57,38	 -17,8	 -10,8	  -3,4	  -2,9	  -7,8	 -14,4
*	    49,5051	 1	189,70	 56,77	 -16,5	 -10,5	  -4,4	  -4,2	  -9,0	 -15,5
*	    41,0716	 1	151,01	 91,10	  -6,4	   0,6	   8,0	   8,6	   3,7	  -2,9
*	    41,7718	 1	154,99	 91,30	  -6,6	   0,4	   7,8	   8,4	   3,5	  -3,1
*	    41,1778	 1	151,15	 86,87	  -6,4	   0,6	   7,9	   8,5	   3,6	  -2,9
*	    41,8731	 1	155,14	 86,96	  -6,6	   0,4	   7,7	   8,3	   3,4	  -3,1
*	    42,8948	 1	159,35	 87,07	  -6,9	   0,1	   7,5	   8,0	   3,1	  -3,4
*	    41,7172	 1	151,30	 82,67	  -6,6	   0,4	   7,8	   8,3	   3,4	  -3,1
*	    42,4048	 1	155,30	 82,64	  -6,8	   0,2	   7,6	   8,2	   3,2	  -3,3
*	    43,4183	 1	159,52	 82,65	  -7,1	  -0,0	   7,3	   7,9	   3,0	  -3,6
*	    42,6812	 1	151,45	 78,53	  -6,9	   0,1	   7,5	   8,0	   3,1	  -3,4
*	    43,3587	 1	155,46	 78,39	  -7,1	  -0,1	   7,3	   7,9	   2,9	  -3,6
*	    44,3606	 1	159,69	 78,31	  -7,4	  -0,3	   7,0	   7,6	   2,7	  -3,9
*	    44,0554	 1	151,60	 74,50	  -7,3	  -0,3	   7,0	   7,6	   2,7	  -3,8
*	    44,7205	 1	155,62	 74,26	  -7,5	  -0,5	   6,8	   7,4	   2,5	  -4,0
*	    45,7080	 1	159,86	 74,09	  -7,8	  -0,8	   6,6	   7,2	   2,3	  -4,3
*	    45,8200	 1	151,75	 70,61	  -7,9	  -0,9	   6,5	   7,1	   2,2	  -4,4
*	    46,4710	 1	155,78	 70,28	  -8,1	  -1,0	   6,3	   6,9	   2,0	  -4,6
*	    47,4414	 1	160,02	 70,03	  -8,3	  -1,3	   6,1	   6,6	   1,7	  -4,8
*	    47,9516	 1	151,90	 66,89	  -8,5	  -1,5	   5,8	   6,4	   1,5	  -5,1
*	    48,5870	 1	155,94	 66,48	  -8,7	  -1,7	   5,7	   6,3	   1,3	  -5,2
*	    49,5383	 1	160,19	 66,17	  -8,9	  -1,9	   5,4	   6,0	   1,1	  -5,5
*	    62,4402	 1	160,04	 51,65	 -10,1	  -4,1	   2,0	   2,2	  -2,6	  -9,2
*	    61,8572	 1	157,05	 51,99	  -9,9	  -4,0	   2,1	   2,3	  -2,5	  -9,1
*	    61,4170	 1	154,16	 52,39	  -9,8	  -3,9	   2,2	   2,4	  -2,3	  -9,0
*	    61,1206	 1	151,37	 52,85	  -9,8	  -3,8	   2,3	   2,5	  -2,3	  -8,9
*	    60,0294	 1	159,92	 53,65	  -9,4	  -3,5	   2,6	   2,8	  -2,0	  -8,6
*	    59,4347	 1	156,93	 53,98	  -9,3	  -3,3	   2,8	   3,0	  -1,8	  -8,5
*	    58,9851	 1	154,05	 54,37	  -9,2	  -3,2	   2,9	   3,1	  -1,7	  -8,3
*	    58,6814	 1	151,27	 54,82	  -9,1	  -3,2	   2,9	   3,1	  -1,6	  -8,3
*	    57,7365	 1	159,80	 55,75	  -8,8	  -2,9	   3,2	   3,4	  -1,3	  -8,0
*	    57,1302	 1	156,82	 56,08	  -8,7	  -2,7	   3,4	   3,6	  -1,2	  -7,8
*	    56,6712	 1	153,94	 56,45	  -8,6	  -2,6	   3,5	   3,7	  -1,1	  -7,7
*	    56,3602	 1	151,16	 56,88	  -8,5	  -2,5	   3,6	   3,8	  -1,0	  -7,6
*	    55,5698	 1	159,69	 57,96	  -8,3	  -2,3	   3,8	   4,0	  -0,7	  -7,4
*	    54,9523	 1	156,71	 58,26	  -8,1	  -2,1	   4,0	   4,2	  -0,6	  -7,2
*	    54,4839	 1	153,83	 58,63	  -8,0	  -2,0	   4,1	   4,3	  -0,5	  -7,1
*	    54,1655	 1	151,06	 59,05	  -7,9	  -1,9	   4,2	   4,4	  -0,4	  -7,0
*	    53,5385	 1	159,57	 60,29	  -7,7	  -1,7	   4,4	   4,6	  -0,2	  -6,8
*	    52,9099	 1	156,59	 60,57	  -7,5	  -1,6	   4,5	   4,8	  -0,0	  -6,6
*	    52,4323	 1	153,72	 60,91	  -7,4	  -1,4	   4,7	   4,9	   0,1	  -6,5
*	    52,1065	 1	150,95	 61,29	  -7,3	  -1,4	   4,7	   5,0	   0,2	  -6,4
*	    51,6514	 1	159,45	 62,71	  -7,2	  -1,2	   4,9	   5,1	   0,4	  -6,2
*	    51,0122	 1	156,48	 62,98	  -7,0	  -1,0	   5,1	   5,3	   0,5	  -6,1
*	    50,5256	 1	153,61	 63,29	  -6,9	  -0,9	   5,2	   5,4	   0,7	  -5,9
*	    50,1925	 1	150,85	 63,65	  -6,8	  -0,8	   5,3	   5,5	   0,7	  -5,8
*	    44,8016	 1	192,80	 66,81	  -4,1	  -3,4	 -11,1	 -10,7	 -15,7	  -9,0
*	    42,8004	 1	192,51	 73,19	  -3,4	  -2,6	 -10,4	 -10,0	 -15,0	  -8,3
*	    41,4080	 1	192,23	 80,06	  -2,9	  -2,1	  -9,8	  -9,5	 -14,4	  -7,8
*	    46,1470	 1	225,48	 28,53	  -3,9	  -3,1	 -10,8	 -10,5	 -15,4	  -8,8
*	    41,4489	 1	225,07	 32,01	  -2,0	  -1,3	  -9,0	  -8,6	 -13,6	  -6,9
s	    41,5744	 2	246,74	 50,99	  26,1	  24,3	   0,3	   0,7	   4,2	  14,7
*	    41,8137	 1	195,52	 63,05	 -14,6	  -7,5	  -0,2	   0,4	  -4,5	 -11,0
*	    43,0529	 1	195,67	 60,18	 -15,0	  -8,0	  -0,7	  -0,1	  -5,0	 -11,5
*	    54,3853	 1	291,03	 27,66	 -15,5	  -9,5	  -3,4	  -3,2	  -8,0	 -14,6
*	    53,7149	 1	287,46	 26,58	 -15,3	  -9,3	  -3,2	  -3,0	  -7,8	 -14,4
*	    53,1017	 1	283,57	 25,60	 -15,1	  -9,1	  -3,0	  -2,8	  -7,6	 -14,2
*	    52,7859	 1	291,09	 28,55	 -15,0	  -9,0	  -2,9	  -2,7	  -7,4	 -14,0
*	    52,1022	 1	287,52	 27,45	 -14,7	  -8,8	  -2,7	  -2,5	  -7,2	 -13,8
*	    51,4770	 1	283,62	 26,43	 -14,6	  -8,6	  -2,5	  -2,3	  -7,0	 -13,6
*	    51,2109	 1	291,15	 29,50	 -14,4	  -8,4	  -2,3	  -2,1	  -6,9	 -13,5
*	    50,5134	 1	287,57	 28,37	 -14,2	  -8,2	  -2,1	  -1,9	  -6,7	 -13,2
*	    49,8757	 1	283,66	 27,33	 -14,0	  -8,0	  -1,9	  -1,7	  -6,5	 -13,0
*	    49,6617	 1	291,22	 30,52	 -13,9	  -7,9	  -1,8	  -1,6	  -6,3	 -12,9
*	    48,9499	 1	287,63	 29,37	 -13,6	  -7,7	  -1,6	  -1,3	  -6,1	 -12,7
*	    48,2992	 1	283,71	 28,29	 -13,4	  -7,4	  -1,3	  -1,1	  -5,9	 -12,4
*	    48,1398	 1	291,28	 31,61	 -13,3	  -7,3	  -1,2	  -1,0	  -5,8	 -12,3
*	    47,4129	 1	287,68	 30,42	 -13,1	  -7,1	  -1,0	  -0,8	  -5,5	 -12,1
*	    46,7486	 1	283,75	 29,32	 -12,8	  -6,9	  -0,8	  -0,5	  -5,3	 -11,8
*	    46,6465	 1	291,35	 32,78	 -12,7	  -6,8	  -0,7	  -0,4	  -5,2	 -11,7
*	    45,9041	 1	287,74	 31,55	 -12,5	  -6,5	  -0,4	  -0,2	  -4,9	 -11,5
*	    45,2256	 1	283,80	 30,42	 -12,2	  -6,3	  -0,2	   0,1	  -4,7	 -11,2
*	    45,1838	 1	291,41	 34,02	 -12,1	  -6,2	  -0,1	   0,2	  -4,6	 -11,1
*	    44,4250	 1	287,80	 32,78	 -11,9	  -5,9	   0,2	   0,4	  -4,3	 -10,9
*	    43,7316	 1	283,85	 31,61	 -11,6	  -5,7	   0,4	   0,7	  -4,1	 -10,6
*	    43,7533	 1	291,47	 35,38	 -11,6	  -5,6	   0,5	   0,7	  -4,0	 -10,5
*	    42,9774	 1	287,85	 34,10	 -11,3	  -5,3	   0,8	   1,0	  -3,7	 -10,3
*	    42,2685	 1	283,89	 32,91	 -11,0	  -5,0	   1,1	   1,3	  -3,5	 -10,0
*	    47,3243	 1	276,75	 26,91	  -4,0	  -3,3	 -11,0	 -10,6	 -15,6	  -9,0
*	    42,6077	 1	276,82	 30,21	  -2,1	  -1,4	  -9,1	  -8,8	 -13,7	  -7,0
*	    43,4265	 1	173,26	 88,41	  -6,0	   1,0	   8,4	   9,0	   4,1	  -2,5
*	    42,8661	 1	177,82	 88,52	  -5,6	   1,4	   8,7	   9,3	   4,4	  -2,1
*	    43,8886	 1	173,47	 83,19	  -6,1	   0,9	   8,2	   8,8	   3,9	  -2,6
*	    43,3337	 1	178,04	 83,04	  -5,8	   1,2	   8,6	   9,2	   4,3	  -2,3
*	    43,1688	 1	183,06	 82,93	  -5,5	   1,5	   8,9	   9,4	   4,5	  -2,0
*	    44,8245	 1	173,68	 78,07	  -6,4	   0,6	   7,9	   8,5	   3,6	  -3,0
*	    44,2847	 1	178,26	 77,68	  -6,1	   0,9	   8,3	   8,9	   3,9	  -2,6
*	    44,1327	 1	183,29	 77,33	  -5,8	   1,2	   8,5	   9,1	   4,2	  -2,3
*	    46,2173	 1	173,89	 73,15	  -6,9	   0,1	   7,5	   8,1	   3,2	  -3,4
*	    45,7008	 1	178,49	 72,52	  -6,6	   0,5	   7,8	   8,4	   3,5	  -3,1
*	    45,5687	 1	183,52	 71,96	  -6,3	   0,7	   8,0	   8,6	   3,7	  -2,9
*	    48,0433	 1	174,10	 68,45	  -7,5	  -0,4	   6,9	   7,5	   2,6	  -4,0
*	    47,5563	 1	178,71	 67,64	  -7,2	  -0,1	   7,2	   7,8	   2,9	  -3,7
*	    47,4490	 1	183,75	 66,91	  -7,0	   0,1	   7,4	   8,0	   3,1	  -3,5
*	    50,2739	 1	174,31	 64,04	  -8,1	  -1,1	   6,2	   6,8	   1,9	  -4,7
*	    49,8204	 1	178,93	 63,08	  -7,9	  -0,9	   6,5	   7,1	   2,1	  -4,4
*	    49,7408	 1	183,99	 62,22	  -7,7	  -0,7	   6,7	   7,2	   2,3	  -4,3
*	    60,4404	 1	186,12	 48,56	  -7,9	  -2,0	   4,1	   4,4	  -0,4	  -7,1
*	    60,3311	 1	182,22	 49,32	  -8,0	  -2,0	   4,1	   4,3	  -0,5	  -7,1
*	    60,4147	 1	178,56	 50,16	  -8,1	  -2,1	   4,0	   4,2	  -0,6	  -7,2
*	    60,6879	 1	175,14	 51,08	  -8,2	  -2,2	   3,9	   4,1	  -0,7	  -7,4
*	    57,8528	 1	185,95	 51,08	  -7,2	  -1,2	   4,9	   5,1	   0,3	  -6,3
*	    57,7552	 1	182,05	 51,82	  -7,3	  -1,3	   4,8	   5,0	   0,2	  -6,4
*	    57,8546	 1	178,39	 52,65	  -7,4	  -1,4	   4,7	   4,9	   0,1	  -6,5
*	    58,1471	 1	174,98	 53,54	  -7,5	  -1,5	   4,6	   4,8	  -0,0	  -6,6
*	    55,4201	 1	185,77	 53,78	  -6,5	  -0,5	   5,6	   5,8	   1,0	  -5,6
*	    55,3352	 1	181,88	 54,50	  -6,6	  -0,6	   5,5	   5,7	   0,9	  -5,7
*	    55,4512	 1	178,23	 55,30	  -6,7	  -0,7	   5,4	   5,6	   0,8	  -5,8
*	    55,7635	 1	174,82	 56,16	  -6,8	  -0,9	   5,2	   5,4	   0,7	  -5,9
*	    53,1557	 1	185,60	 56,69	  -5,8	   0,2	   6,3	   6,5	   1,7	  -4,9
*	    53,0843	 1	181,71	 57,38	  -5,9	   0,1	   6,2	   6,4	   1,6	  -5,0
*	    53,2174	 1	178,07	 58,14	  -6,0	  -0,1	   6,0	   6,3	   1,5	  -5,1
*	    53,5499	 1	174,67	 58,96	  -6,2	  -0,2	   5,9	   6,1	   1,3	  -5,3
s	    42,9301	 1	161,31	 90,37	  27,1	  27,9	  20,2	  20,5	  15,6	  22,2
*	    42,9631	 1	162,23	 88,84	  -0,3	   0,5	  -7,3	  -6,9	 -11,9	  -5,2
*	    43,2823	 1	167,21	 89,02	  -0,3	   0,5	  -7,2	  -6,9	 -11,8	  -5,2
*	    43,4356	 1	162,44	 83,47	  -0,4	   0,3	  -7,4	  -7,1	 -12,0	  -5,4
*	    43,7522	 1	167,44	 83,43	  -0,4	   0,3	  -7,4	  -7,0	 -12,0	  -5,3
*	    44,4972	 1	162,65	 78,21	  -0,8	  -0,0	  -7,7	  -7,4	 -12,3	  -5,7
*	    44,8143	 1	167,66	 77,96	  -0,8	   0,0	  -7,7	  -7,4	 -12,3	  -5,7
*	    46,1257	 1	162,85	 73,13	  -1,3	  -0,5	  -8,2	  -7,9	 -12,9	  -6,2
*	    46,4460	 1	167,88	 72,68	  -1,3	  -0,5	  -8,2	  -7,9	 -12,8	  -6,2
*	    48,2890	 1	163,06	 68,29	  -1,9	  -1,2	  -8,9	  -8,6	 -13,5	  -6,9
*	    48,6142	 1	168,10	 67,70	  -1,9	  -1,2	  -8,9	  -8,6	 -13,5	  -6,9
*	    50,9481	 1	163,27	 63,75	  -2,7	  -2,0	  -9,7	  -9,3	 -14,3	  -7,7
*	    51,2789	 1	168,32	 63,03	  -2,7	  -2,0	  -9,7	  -9,4	 -14,3	  -7,7
*	    51,4905	 1	163,31	 62,95	  -2,9	  -2,1	  -9,8	  -9,5	 -14,5	  -7,9
*	    51,8224	 1	168,36	 62,21	  -2,9	  -2,1	  -9,9	  -9,5	 -14,5	  -7,9
*	    54,6812	 1	163,52	 58,78	  -3,8	  -3,0	 -10,8	 -10,4	 -15,4	  -8,8
*	    55,0182	 1	168,58	 57,96	  -3,8	  -3,0	 -10,8	 -10,4	 -15,4	  -8,8
*	    58,2723	 1	163,73	 54,95	  -4,8	  -4,0	 -11,7	 -11,4	 -16,4	  -9,8
*	    58,6135	 1	168,81	 54,06	  -4,8	  -4,0	 -11,8	 -11,4	 -16,4	  -9,8
*	    43,4566	 1	202,35	 53,70	 -13,9	  -6,8	   0,5	   1,1	  -3,8	 -10,3
*	    45,0217	 1	202,50	 51,15	 -14,4	  -7,4	  -0,1	   0,5	  -4,4	 -11,0
*	    46,6806	 1	202,65	 48,79	 -15,0	  -8,0	  -0,7	  -0,1	  -5,0	 -11,6
*	    52,5426	 1	206,24	 34,31	 -15,4	  -9,5	  -3,4	  -3,2	  -7,9	 -14,5
*	    53,2501	 1	204,27	 35,57	 -15,7	  -9,7	  -3,6	  -3,4	  -8,2	 -14,8
*	    54,0085	 1	202,48	 36,82	 -15,9	 -10,0	  -3,9	  -3,7	  -8,4	 -15,0
*	    51,0142	 1	206,12	 35,39	 -14,9	  -9,0	  -2,9	  -2,7	  -7,4	 -14,0
*	    51,7386	 1	204,15	 36,68	 -15,2	  -9,2	  -3,1	  -2,9	  -7,7	 -14,3
*	    52,5145	 1	202,37	 37,94	 -15,5	  -9,5	  -3,4	  -3,2	  -8,0	 -14,5
*	    49,5156	 1	206,00	 36,55	 -14,4	  -8,5	  -2,4	  -2,2	  -6,9	 -13,5
*	    50,2576	 1	204,03	 37,85	 -14,7	  -8,7	  -2,6	  -2,4	  -7,2	 -13,8
*	    51,0515	 1	202,25	 39,13	 -15,0	  -9,0	  -2,9	  -2,7	  -7,5	 -14,1
*	    48,0484	 1	205,87	 37,77	 -13,9	  -8,0	  -1,9	  -1,6	  -6,4	 -13,0
*	    48,8086	 1	203,91	 39,09	 -14,2	  -8,2	  -2,2	  -1,9	  -6,7	 -13,3
*	    49,6211	 1	202,14	 40,39	 -14,5	  -8,5	  -2,4	  -2,2	  -7,0	 -13,6
*	    46,6143	 1	205,75	 39,07	 -13,4	  -7,5	  -1,4	  -1,1	  -5,9	 -12,4
*	    47,3934	 1	203,79	 40,40	 -13,7	  -7,8	  -1,7	  -1,4	  -6,2	 -12,8
*	    48,2251	 1	202,02	 41,72	 -14,0	  -8,1	  -2,0	  -1,7	  -6,5	 -13,1
*	    45,2153	 1	205,62	 40,45	 -12,9	  -6,9	  -0,8	  -0,6	  -5,4	 -11,9
*	    46,0139	 1	203,67	 41,79	 -13,2	  -7,3	  -1,2	  -0,9	  -5,7	 -12,2
*	    46,8655	 1	201,90	 43,11	 -13,6	  -7,6	  -1,5	  -1,3	  -6,0	 -12,6
*	    43,8534	 1	205,50	 41,91	 -12,4	  -6,4	  -0,3	  -0,1	  -4,9	 -11,4
*	    44,6722	 1	203,55	 43,26	 -12,7	  -6,8	  -0,7	  -0,4	  -5,2	 -11,7
*	    45,5443	 1	201,79	 44,60	 -13,1	  -7,1	  -1,0	  -0,8	  -5,5	 -12,1
*	    43,9456	 1	208,97	 38,58	  -3,3	  -2,5	 -10,2	  -9,9	 -14,8	  -8,2
s	    44,1042	 2	 12,99	 49,81	  25,9	  24,0	   0,1	   0,4	   3,9	  14,4
s	    44,7043	 2	352,43	 50,97	  24,0	  28,4	  19,5	  20,1	  23,7	  21,0
s	    45,0046	 2	326,56	 52,11	  25,8	  23,9	  -0,0	   0,3	   3,8	  14,3
*	    45,3595	 1	205,08	 50,95	 -13,8	  -6,7	   0,6	   1,2	  -3,7	 -10,3
*	    47,0192	 1	205,23	 48,59	 -14,4	  -7,3	   0,0	   0,6	  -4,3	 -10,9
*	    45,9029	 1	279,19	 40,66	 -14,7	  -8,7	  -2,7	  -2,4	  -7,2	 -13,7
s	    45,9817	 3	246,83	 47,72	  23,6	  22,8	  -0,1	   0,5	   4,0	  14,5
s	    46,6389	 3	 90,38	 93,06	  21,6	  29,3	  37,1	  35,9	  29,7	  23,0
s	    47,1193	 3	104,91	 93,11	  23,3	  24,8	  17,5	  16,1	   9,9	  16,3
s	    47,1253	 3	248,24	 54,13	  24,8	  17,7	 -20,3	 -19,9	 -16,4	   7,3
s	    47,2662	 3	246,68	 54,18	  23,5	  22,6	  -0,2	   0,4	   3,9	  14,4
*	    55,2856	 1	197,88	 41,76	 -16,6	 -10,7	  -4,6	  -4,4	  -9,1	 -15,7
*	    53,8810	 1	197,77	 42,99	 -16,2	 -10,2	  -4,1	  -3,9	  -8,7	 -15,3
*	    54,9035	 1	196,60	 44,18	 -16,5	 -10,6	  -4,5	  -4,2	  -9,0	 -15,6
*	    52,5107	 1	197,67	 44,27	 -15,8	  -9,8	  -3,7	  -3,5	  -8,3	 -14,8
*	    53,5530	 1	196,50	 45,46	 -16,1	 -10,1	  -4,0	  -3,8	  -8,6	 -15,2
*	    54,6376	 1	195,41	 46,61	 -16,5	 -10,5	  -4,4	  -4,2	  -9,0	 -15,6
*	    51,1764	 1	197,56	 45,61	 -15,3	  -9,4	  -3,3	  -3,1	  -7,8	 -14,4
*	    52,2388	 1	196,39	 46,80	 -15,7	  -9,7	  -3,6	  -3,4	  -8,2	 -14,8
*	    53,3435	 1	195,31	 47,95	 -16,1	 -10,1	  -4,0	  -3,8	  -8,5	 -15,1
*	    49,8799	 1	197,46	 47,03	 -14,9	  -8,9	  -2,8	  -2,6	  -7,4	 -14,0
*	    50,9628	 1	196,29	 48,21	 -15,3	  -9,3	  -3,2	  -3,0	  -7,8	 -14,3
*	    52,0879	 1	195,21	 49,36	 -15,7	  -9,7	  -3,6	  -3,4	  -8,1	 -14,7
*	    48,6231	 1	197,35	 48,50	 -14,5	  -8,5	  -2,4	  -2,2	  -7,0	 -13,5
*	    49,7269	 1	196,19	 49,68	 -14,9	  -8,9	  -2,8	  -2,6	  -7,4	 -13,9
*	    50,8726	 1	195,12	 50,82	 -15,3	  -9,3	  -3,2	  -3,0	  -7,8	 -14,3
s	    48,9566	 3	352,21	 47,73	  21,5	  27,0	  19,2	  20,0	  23,6	  20,8
s	    48,9745	 3	356,82	 53,02	  22,8	  22,0	  -0,9	  -0,3	   3,2	  13,7
s	    49,2425	 3	326,38	 48,88	  23,3	  22,5	  -0,4	   0,2	   3,7	  14,2
s	    49,8577	 3	330,11	 54,47	  24,5	  17,4	 -20,5	 -20,2	 -16,7	   7,0
*	    50,1641	 1	194,50	 59,83	 -13,5	  -6,5	   0,9	   1,5	  -3,5	 -10,1
*	    53,6028	 1	199,56	 55,84	 -16,0	 -10,0	  -3,9	  -3,7	  -8,5	 -15,1
*	    54,2800	 1	199,61	 54,86	 -16,2	 -10,2	  -4,1	  -3,9	  -8,7	 -15,3
*	    52,6041	 1	198,06	 56,86	 -15,7	  -9,7	  -3,6	  -3,4	  -8,2	 -14,8
*	    53,2644	 1	198,11	 55,86	 -15,9	  -9,9	  -3,8	  -3,6	  -8,4	 -15,0
*	    53,9425	 1	198,17	 54,88	 -16,1	 -10,2	  -4,1	  -3,8	  -8,6	 -15,2
*	    52,2859	 1	196,61	 56,89	 -15,6	  -9,7	  -3,6	  -3,4	  -8,1	 -14,7
*	    52,9469	 1	196,66	 55,90	 -15,9	  -9,9	  -3,8	  -3,6	  -8,3	 -14,9
*	    53,6258	 1	196,72	 54,93	 -16,1	 -10,1	  -4,0	  -3,8	  -8,6	 -15,2
*	    51,9888	 1	195,18	 56,94	 -15,6	  -9,6	  -3,5	  -3,3	  -8,1	 -14,7
*	    52,6504	 1	195,24	 55,96	 -15,8	  -9,8	  -3,7	  -3,5	  -8,3	 -14,9
*	    53,3300	 1	195,29	 54,98	 -16,0	 -10,0	  -4,0	  -3,7	  -8,5	 -15,1
*	    51,7129	 1	193,76	 57,01	 -15,6	  -9,6	  -3,5	  -3,3	  -8,0	 -14,6
*	    52,3749	 1	193,82	 56,03	 -15,8	  -9,8	  -3,7	  -3,5	  -8,2	 -14,8
*	    53,0549	 1	193,88	 55,06	 -16,0	 -10,0	  -3,9	  -3,7	  -8,5	 -15,1
*	    54,4322	 1	200,89	 54,75	 -15,9	  -9,9	  -3,8	  -3,6	  -8,4	 -15,0
s	    58,4960	 2	183,84	 57,13	  25,2	  28,5	  18,4	  18,6	  22,3	  19,5
s	    63,8938	 3	181,24	 58,94	  22,6	  27,0	  18,0	  18,4	  22,1	  19,3
s	    65,6530	 3	217,12	 60,87	  21,3	  20,5	  -2,4	  -1,8	   1,7	  12,0
s	    69,4695	 3	205,65	 57,31	  23,6	  24,7	  17,0	  17,5	  12,7	  19,2
s	    77,6889	 2	 90,77	 88,48	  21,5	  28,2	  34,9	  33,4	  27,1	  20,1
s	    79,2984	 3	 90,00	 17,23	  21,8	  22,2	  -4,6	  -4,9	   6,6	   7,1
s	    80,7314	 3	244,21	 92,83	  20,6	  27,0	  33,1	  31,0	  24,3	  16,9
s	    84,9911	 3	 91,27	 88,43	  19,0	  26,8	  34,6	  34,7	  29,4	  22,2
s	    85,0712	 3	 90,38	 88,43	  20,3	  21,8	  14,6	  14,4	   9,1	  15,1
s	   100,1626	 3	 58,47	 88,69	  19,8	  21,3	  14,1	  13,9	   8,6	  14,4
s	   101,3880	 3	 71,69	 88,46	  19,2	  20,7	  13,5	  13,3	   8,0	  13,8
s	   102,6811	 3	  3,95	 90,49	  19,0	  20,5	  13,2	  11,7	   5,4	  11,4
s	   103,9820	 3	 39,75	 89,17	  20,7	  15,9	  -6,4	  -8,1	 -14,5	   4,7
s	   109,1244	 3	122,76	 88,68	  20,5	  15,8	  -6,5	  -6,9	 -12,3	   6,7
s	   119,5139	 3	152,16	 89,50	  18,0	  19,5	  12,2	  10,7	   4,4	  10,3
#END
