#HEADER
CATT-Acoustic v8.0b    Copyright © CATT 1988-2003

 Project                : Auditorio

 GEOMETRICAL INFORMATION
 Src id and loc     [m] :   A1          -9,000        0,000        0,000
 Rec id and loc     [m] :   72          -1,050        0,000       -0,350

 72       23,1784

 VARIABLE SOURCE DATA
 Directivity
   Type (library)       :  OMNI.SD0
   Dir. Index (DI) [dB] :       0,0      0,0      0,0      0,0      0,0      0,0
 Level
   On axis 1m      [dB] :      58,0     64,0     70,3     70,7     65,9     59,9
   Total power     [dB] :      68,9     74,9     81,2     81,6     76,8     70,8
   Auxiliary delay [ms] :       0,0

 VARIABLE AIR DATA
 Temperature       [°C] :      20
 Relative humidity  [%] :      50
 Density        [kg/m³] :       1,2
 Sound speed      [m/s] :     343
 Impedance      [Ns/m³] :     412
 Diss. coeff. [0.001/m] :      0,10     0,30     0,63     1,07     2,28     6,83      (estimated)

#DATAFIELDS
 TYPE DELAY ORDER AZIMUTH ELEVATION SPL125 SPL250 SPL500 SPL1K SPL2K SPL4K
#DATA
d	     0,0000	 0	 90,00	 90,00	  40,0	  46,0	  52,3	  52,6	  47,8	  41,6
s	     0,3744	 1	 90,00	103,05	  38,1	  43,7	  49,4	  47,8	  41,6	  35,2
*	    20,9994	 1	135,34	 96,83	  -9,7	  -2,6	   4,7	   5,4	   0,5	  -5,8
*	    14,3666	 1	127,77	 97,67	  -5,2	   1,9	   9,2	   9,9	   5,0	  -1,2
*	    16,8362	 1	122,05	 97,05	  -6,2	   0,9	   8,3	   8,9	   4,0	  -2,2
*	     8,4451	 1	118,26	 98,52	  -0,2	   6,9	  14,3	  14,9	  10,1	   3,9
*	    10,8998	 1	113,49	 97,63	  -0,8	   6,2	  13,6	  14,2	   9,4	   3,2
*	     3,7104	 1	106,72	 99,27	   5,1	  12,2	  19,5	  20,2	  15,4	   9,2
*	     5,8162	 1	103,65	 98,08	   6,0	  13,1	  20,4	  21,0	  16,2	  10,1
*	    10,4216	 1	101,52	 97,24	   2,8	   9,8	  17,2	  17,8	  13,0	   6,8
*	     1,1472	 1	 93,62	 99,64	   8,9	  16,0	  23,3	  24,0	  19,2	  13,0
*	     2,5304	 1	 92,93	 98,30	  13,6	  20,6	  28,0	  28,6	  23,8	  17,6
*	     7,5625	 1	 92,45	 97,38	   8,5	  15,5	  22,9	  23,5	  18,7	  12,5
*	     1,9787	 1	 80,14	 99,52	   7,6	  14,6	  22,0	  22,6	  17,8	  11,7
*	     3,6968	 1	 81,99	 98,24	  10,3	  17,4	  24,8	  25,4	  20,6	  14,4
*	     8,5416	 1	 83,27	 97,34	   6,2	  13,3	  20,7	  21,3	  16,5	  10,3
*	     5,7210	 1	 67,65	 98,96	   2,7	   9,7	  17,1	  17,7	  12,9	   6,7
*	     8,0473	 1	 71,62	 97,89	   2,6	   9,7	  17,0	  17,6	  12,8	   6,6
*	    11,0908	 1	 57,05	 98,13	  -2,5	   4,5	  11,9	  12,5	   7,7	   1,5
*	    13,5796	 1	 62,34	 97,37	  -3,4	   3,6	  11,0	  11,6	   6,8	   0,5
*	    17,3849	 1	 48,47	 97,26	  -7,3	  -0,3	   7,1	   7,7	   2,9	  -3,4
*	    19,8057	 1	 54,40	 96,77	  -8,3	  -1,3	   6,1	   6,7	   1,8	  -4,4
*	    24,2544	 1	 41,69	 96,46	 -11,6	  -4,5	   2,8	   3,4	  -1,4	  -7,7
s	     3,1101	 1	270,00	 85,26	  37,1	  42,8	  48,4	  46,8	  40,6	  34,2
*	    18,6206	 1	353,41	 90,09	  -0,9	   5,0	  10,9	  13,2	   8,9	   2,0
*	    15,8384	 1	352,33	 90,10	   1,4	   7,4	  13,2	  15,6	  11,3	   4,5
*	    13,1733	 1	350,83	 90,13	   4,1	  10,0	  15,9	  18,3	  14,0	   7,2
*	    10,6392	 1	348,62	 90,16	   7,2	  13,2	  19,0	  21,4	  17,1	  10,3
*	     8,2548	 1	344,99	 90,21	  11,0	  16,9	  22,8	  25,2	  20,9	  14,1
*	     6,0540	 1	338,16	 90,29	  15,9	  21,9	  27,8	  30,1	  25,8	  19,1
*	     4,1447	 1	321,57	 90,50	  22,7	  28,7	  34,6	  36,9	  32,6	  25,9
*	     3,1184	 1	271,42	 90,80	  29,0	  34,9	  40,8	  43,1	  38,9	  32,1
*	     4,0784	 1	219,56	 90,50	  23,1	  29,0	  34,9	  37,2	  33,0	  26,2
*	     5,9701	 1	202,23	 90,30	  16,2	  22,1	  28,0	  30,3	  26,1	  19,3
*	     8,1622	 1	195,20	 90,21	  11,2	  17,1	  23,0	  25,4	  21,1	  14,3
*	    10,5401	 1	191,49	 90,15	   7,4	  13,3	  19,2	  21,5	  17,3	  10,5
*	    13,0685	 1	189,23	 90,12	   4,2	  10,2	  16,0	  18,4	  14,1	   7,3
*	    15,7286	 1	187,70	 90,10	   1,5	   7,5	  13,3	  15,7	  11,4	   4,6
*	    18,5064	 1	186,61	 90,09	  -0,9	   5,1	  10,9	  13,3	   9,0	   2,1
s	     7,3260	 1	 91,75	 90,60	  34,5	  41,6	  49,0	  49,6	  44,8	  38,6
*	    27,4597	 1	102,94	 58,52	  -3,9	   3,1	  10,5	  11,1	   6,2	  -0,1
*	    26,6238	 1	 96,64	 58,42	  -3,4	   3,7	  11,0	  11,6	   6,8	   0,5
*	    26,5740	 1	 90,36	 58,64	  -3,3	   3,8	  11,1	  11,7	   6,9	   0,6
*	    23,1113	 1	103,00	 63,21	  -1,1	   5,9	  13,3	  13,9	   9,0	   2,7
*	    22,1357	 1	 96,67	 63,12	  -0,4	   6,7	  14,0	  14,6	   9,8	   3,5
*	    22,0522	 1	 90,36	 63,31	  -0,2	   6,8	  14,2	  14,8	  10,0	   3,7
*	    19,1057	 1	103,06	 68,36	   1,9	   8,9	  16,3	  16,9	  12,1	   5,8
*	    17,9371	 1	 96,70	 68,29	   3,0	  10,1	  17,4	  18,0	  13,2	   6,9
*	    17,7998	 1	 90,36	 68,47	   3,3	  10,3	  17,7	  18,3	  13,5	   7,2
*	    15,5643	 1	103,13	 73,96	   5,1	  12,1	  19,5	  20,1	  15,3	   9,1
*	    14,1192	 1	 96,74	 73,92	   6,9	  13,9	  21,3	  21,9	  17,1	  10,9
*	    13,8922	 1	 90,36	 74,06	   7,4	  14,4	  21,8	  22,4	  17,6	  11,4
*	    12,6984	 1	103,19	 79,95	   8,3	  15,4	  22,7	  23,4	  18,5	  12,3
*	    10,8613	 1	 96,77	 79,93	  11,3	  18,4	  25,7	  26,3	  21,5	  15,3
*	    10,4789	 1	 90,36	 80,04	  12,4	  19,4	  26,8	  27,4	  22,6	  16,4
*	    10,8779	 1	103,25	 86,24	  10,8	  17,8	  25,2	  25,8	  21,0	  14,8
*	     8,6043	 1	 96,80	 86,26	  15,5	  22,6	  29,9	  30,5	  25,7	  19,5
*	     7,9899	 1	 90,37	 86,31	  17,7	  24,8	  32,1	  32,8	  28,0	  21,8
*	    10,5533	 1	103,32	 92,67	  11,2	  18,2	  25,6	  26,2	  21,4	  15,2
*	     8,2045	 1	 96,84	 92,72	  16,2	  23,3	  30,7	  31,3	  26,5	  20,3
*	     7,5414	 1	 90,37	 92,74	  18,8	  25,8	  33,2	  33,8	  29,0	  22,8
*	    50,6422	 1	103,60	 42,34	 -12,3	  -6,3	  -0,2	   0,0	  -4,7	 -11,2
*	    50,1903	 1	 99,36	 42,19	 -12,1	  -6,1	  -0,0	   0,2	  -4,5	 -11,0
*	    49,9773	 1	 95,11	 42,20	 -12,0	  -6,0	   0,1	   0,3	  -4,4	 -10,9
*	    50,0062	 1	 90,87	 42,36	 -12,0	  -6,0	   0,1	   0,3	  -4,4	 -10,9
*	    47,0372	 1	103,65	 44,24	 -10,9	  -4,9	   1,2	   1,4	  -3,3	  -9,8
*	    46,5576	 1	 99,39	 44,09	 -10,7	  -4,7	   1,4	   1,6	  -3,1	  -9,6
*	    46,3300	 1	 95,13	 44,10	 -10,6	  -4,6	   1,5	   1,7	  -3,0	  -9,5
*	    46,3579	 1	 90,87	 44,27	 -10,6	  -4,6	   1,5	   1,7	  -3,0	  -9,5
*	    43,4888	 1	103,69	 46,29	  -9,5	  -3,5	   2,6	   2,8	  -1,9	  -8,3
*	    42,9779	 1	 99,42	 46,14	  -9,3	  -3,3	   2,8	   3,0	  -1,7	  -8,1
*	    42,7336	 1	 95,14	 46,16	  -9,2	  -3,2	   2,9	   3,2	  -1,6	  -8,0
*	    42,7600	 1	 90,88	 46,33	  -9,2	  -3,2	   2,9	   3,2	  -1,6	  -8,0
*	    40,0047	 1	103,74	 48,51	  -8,0	  -2,0	   4,1	   4,3	  -0,4	  -6,8
*	    39,4583	 1	 99,45	 48,37	  -7,8	  -1,8	   4,3	   4,6	  -0,2	  -6,5
*	    39,1946	 1	 95,16	 48,37	  -7,6	  -1,7	   4,5	   4,7	  -0,0	  -6,4
*	    39,2188	 1	 90,88	 48,54	  -7,6	  -1,6	   4,5	   4,7	  -0,0	  -6,4
*	    36,5944	 1	103,78	 50,91	  -6,5	  -0,5	   5,6	   5,9	   1,1	  -5,2
*	    36,0072	 1	 99,48	 50,76	  -6,2	  -0,2	   5,9	   6,2	   1,4	  -4,9
*	    35,7209	 1	 95,18	 50,78	  -6,0	  -0,0	   6,1	   6,3	   1,6	  -4,8
*	    35,7419	 1	 90,88	 50,95	  -6,0	  -0,0	   6,1	   6,3	   1,6	  -4,7
*	    33,2688	 1	103,83	 53,50	  -4,9	   1,1	   7,2	   7,5	   2,8	  -3,6
*	    32,6344	 1	 99,51	 53,35	  -4,5	   1,5	   7,6	   7,8	   3,1	  -3,2
*	    32,3212	 1	 95,19	 53,37	  -4,3	   1,7	   7,8	   8,0	   3,3	  -3,0
*	    32,3378	 1	 90,89	 53,54	  -4,3	   1,7	   7,8	   8,0	   3,3	  -3,0
s	     7,3733	 1	 88,13	 90,61	  35,8	  36,6	  28,9	  29,3	  24,4	  31,4
*	    25,7763	 1	 86,12	 59,21	   3,3	   4,1	  -3,6	  -3,2	  -8,1	  -1,2
*	    26,4118	 1	 78,79	 59,18	   2,8	   3,6	  -4,1	  -3,7	  -8,6	  -1,7
*	    20,6050	 1	 86,10	 64,80	   7,0	   7,7	   0,0	   0,4	  -4,5	   2,5
*	    21,3906	 1	 78,73	 64,75	   6,2	   7,0	  -0,7	  -0,3	  -5,2	   1,7
*	    15,8350	 1	 86,08	 71,01	  11,2	  12,0	   4,3	   4,7	  -0,2	   6,8
*	    16,8521	 1	 78,67	 70,96	  10,0	  10,8	   3,1	   3,5	  -1,4	   5,6
*	    11,6308	 1	 86,05	 77,80	  16,4	  17,2	   9,5	   9,9	   5,0	  12,0
*	    13,0244	 1	 78,60	 77,76	  14,1	  14,9	   7,2	   7,6	   2,7	   9,7
*	     8,4442	 1	 86,03	 85,03	  22,4	  23,1	  15,4	  15,8	  11,0	  18,0
*	    10,3885	 1	 78,54	 84,99	  17,8	  18,6	  10,9	  11,3	   6,4	  13,4
*	     7,6287	 1	 86,01	 92,51	  24,2	  25,0	  17,3	  17,7	  12,8	  19,8
*	     9,7589	 1	 78,47	 92,47	  18,8	  19,5	  11,8	  12,2	   7,4	  14,4
*	    32,0531	 1	 77,14	 54,29	  -0,4	   0,4	  -7,3	  -6,9	 -11,8	  -5,0
*	    31,2986	 1	 84,41	 54,22	   0,1	   0,9	  -6,9	  -6,5	 -11,4	  -4,5
*	    37,6749	 1	 77,21	 49,93	  -3,1	  -2,4	 -10,1	  -9,7	 -14,6	  -7,8
*	    37,0193	 1	 84,44	 49,87	  -2,8	  -2,0	  -9,7	  -9,4	 -14,3	  -7,5
*	    21,4882	 1	342,86	 87,85	   2,2	   8,2	  14,0	  16,4	  12,1	   5,2
*	    18,8593	 1	340,23	 87,53	   4,4	  10,3	  16,2	  18,5	  14,2	   7,4
*	    16,3719	 1	336,67	 87,11	   6,7	  12,7	  18,5	  20,9	  16,6	   9,8
*	    14,0555	 1	331,70	 86,55	   9,3	  15,3	  21,2	  23,5	  19,2	  12,4
*	    11,9590	 1	324,37	 85,76	  12,2	  18,2	  24,0	  26,4	  22,1	  15,3
*	    10,1737	 1	313,02	 84,68	  15,3	  21,3	  27,1	  29,5	  25,2	  18,4
*	     8,8810	 1	295,23	 83,43	  18,2	  24,1	  30,0	  32,3	  28,1	  21,3
*	     8,3741	 1	270,53	 82,75	  19,5	  25,4	  31,3	  33,6	  29,4	  22,6
*	     8,8432	 1	245,63	 83,38	  18,3	  24,2	  30,1	  32,4	  28,2	  21,4
*	    10,1105	 1	227,54	 84,63	  15,5	  21,4	  27,3	  29,6	  25,3	  18,5
*	    11,8801	 1	215,98	 85,72	  12,4	  18,3	  24,2	  26,5	  22,2	  15,4
*	    13,9663	 1	208,53	 86,51	   9,5	  15,4	  21,3	  23,6	  19,3	  12,5
*	    16,2750	 1	203,49	 87,09	   6,8	  12,8	  18,6	  21,0	  16,7	   9,9
*	    18,7562	 1	199,89	 87,51	   4,5	  10,4	  16,3	  18,6	  14,3	   7,5
*	    21,3798	 1	197,22	 87,83	   2,3	   8,2	  14,1	  16,5	  12,2	   5,3
s	    10,4359	 2	268,41	 85,74	  33,0	  39,8	  46,6	  46,5	  41,3	  34,7
s	    10,4829	 2	271,70	 85,74	  34,3	  34,8	  26,5	  26,2	  21,0	  27,5
*	    18,1486	 1	 59,49	 96,86	   3,5	  10,5	  17,9	  18,5	  13,7	   7,4
*	    15,3015	 1	 65,90	 97,02	   6,3	  13,3	  20,7	  21,3	  16,5	  10,2
*	    13,0464	 1	 72,34	 97,11	   9,2	  16,2	  23,6	  24,2	  19,4	  13,2
*	    17,6925	 1	 59,64	 90,50	   3,9	  10,9	  18,3	  18,9	  14,1	   7,8
*	    14,7561	 1	 66,01	 90,61	   6,8	  13,9	  21,3	  21,9	  17,0	  10,8
*	    12,3742	 1	 72,43	 90,72	  10,1	  17,1	  24,5	  25,1	  20,3	  14,1
*	    18,2258	 1	 59,78	 84,18	   3,5	  10,5	  17,9	  18,5	  13,7	   7,4
*	    15,3579	 1	 66,13	 84,24	   6,3	  13,4	  20,7	  21,3	  16,5	  10,3
*	    13,0708	 1	 72,51	 84,36	   9,3	  16,4	  23,7	  24,4	  19,5	  13,3
*	    19,7027	 1	 59,92	 78,05	   2,4	   9,4	  16,8	  17,4	  12,6	   6,3
*	    17,0306	 1	 66,24	 78,06	   4,8	  11,9	  19,3	  19,9	  15,0	   8,8
*	    14,9955	 1	 72,60	 78,21	   7,2	  14,3	  21,7	  22,3	  17,4	  11,2
*	    22,0018	 1	 60,05	 72,23	   0,8	   7,9	  15,2	  15,8	  11,0	   4,7
*	    19,5832	 1	 66,35	 72,20	   2,8	   9,8	  17,2	  17,8	  13,0	   6,7
*	    17,8365	 1	 72,68	 72,36	   4,6	  11,6	  19,0	  19,6	  14,8	   8,5
*	    24,9755	 1	 60,19	 66,81	  -1,1	   6,0	  13,3	  13,9	   9,1	   2,8
*	    22,8131	 1	 66,47	 66,74	   0,5	   7,5	  14,9	  15,5	  10,7	   4,4
*	    21,3240	 1	 72,76	 66,92	   1,8	   8,8	  16,2	  16,8	  12,0	   5,7
*	    28,4870	 1	 60,33	 61,84	  -3,1	   3,9	  11,3	  11,9	   7,1	   0,7
*	    26,5565	 1	 66,58	 61,75	  -1,8	   5,2	  12,6	  13,2	   8,3	   2,0
*	    25,2784	 1	 72,84	 61,94	  -0,9	   6,1	  13,5	  14,1	   9,3	   3,0
*	    32,4234	 1	 60,46	 57,33	  -5,2	   1,9	   9,2	   9,8	   5,0	  -1,4
*	    30,6936	 1	 66,69	 57,21	  -4,2	   2,9	  10,2	  10,8	   6,0	  -0,4
*	    29,5839	 1	 72,92	 57,41	  -3,4	   3,6	  11,0	  11,6	   6,7	   0,4
*	    51,1761	 1	 71,72	 42,36	 -10,7	  -4,8	   1,4	   1,6	  -3,2	  -9,6
*	    51,6784	 1	 67,50	 42,24	 -10,9	  -5,0	   1,2	   1,4	  -3,4	  -9,8
*	    52,4045	 1	 63,28	 42,28	 -11,2	  -5,2	   0,9	   1,1	  -3,6	 -10,1
*	    53,3469	 1	 59,09	 42,47	 -11,6	  -5,6	   0,5	   0,8	  -4,0	 -10,5
*	    47,6143	 1	 71,66	 44,25	  -9,4	  -3,4	   2,7	   2,9	  -1,8	  -8,3
*	    48,1495	 1	 67,43	 44,13	  -9,6	  -3,7	   2,4	   2,7	  -2,0	  -8,5
*	    48,9187	 1	 63,19	 44,18	  -9,9	  -4,0	   2,1	   2,4	  -2,4	  -8,8
*	    49,9131	 1	 59,00	 44,37	 -10,3	  -4,4	   1,7	   2,0	  -2,8	  -9,2
*	    44,1131	 1	 71,60	 46,30	  -8,0	  -2,0	   4,1	   4,3	  -0,4	  -6,8
*	    44,6856	 1	 67,36	 46,18	  -8,3	  -2,3	   3,8	   4,0	  -0,7	  -7,1
*	    45,5029	 1	 63,11	 46,23	  -8,6	  -2,7	   3,4	   3,7	  -1,0	  -7,5
*	    46,5545	 1	 58,90	 46,42	  -9,1	  -3,1	   3,0	   3,2	  -1,5	  -7,9
*	    40,6814	 1	 71,55	 48,51	  -6,6	  -0,6	   5,5	   5,7	   1,0	  -5,4
*	    41,2963	 1	 67,29	 48,39	  -6,9	  -0,9	   5,2	   5,4	   0,7	  -5,7
*	    42,1673	 1	 63,02	 48,44	  -7,3	  -1,3	   4,8	   5,0	   0,3	  -6,1
*	    43,2821	 1	 58,81	 48,63	  -7,8	  -1,8	   4,3	   4,5	  -0,2	  -6,6
*	    37,3294	 1	 71,49	 50,90	  -5,1	   0,9	   7,0	   7,2	   2,5	  -3,9
*	    37,9929	 1	 67,22	 50,79	  -5,5	   0,5	   6,6	   6,9	   2,2	  -4,2
*	    38,9243	 1	 62,94	 50,82	  -5,9	   0,1	   6,2	   6,4	   1,7	  -4,7
*	    40,1090	 1	 58,71	 51,03	  -6,5	  -0,5	   5,6	   5,9	   1,1	  -5,2
*	    34,0697	 1	 71,43	 53,48	  -3,5	   2,4	   8,5	   8,8	   4,1	  -2,3
*	    34,7890	 1	 67,14	 53,37	  -4,0	   2,0	   8,1	   8,4	   3,7	  -2,7
*	    35,7885	 1	 62,85	 53,41	  -4,5	   1,5	   7,6	   7,8	   3,1	  -3,2
*	    37,0505	 1	 58,62	 53,59	  -5,1	   0,9	   7,0	   7,2	   2,5	  -3,9
*	    13,8646	 1	110,30	 97,09	  14,1	  14,8	   7,1	   7,5	   2,6	   9,6
*	    16,8857	 1	117,81	 96,94	  10,7	  11,5	   3,8	   4,1	  -0,7	   6,2
*	    13,2693	 1	110,19	 89,63	  14,8	  15,6	   7,9	   8,2	   3,4	  10,4
*	    16,4152	 1	117,65	 89,51	  11,1	  11,9	   4,2	   4,6	  -0,3	   6,7
*	    14,3792	 1	110,08	 82,26	  13,7	  14,4	   6,7	   7,1	   2,2	   9,2
*	    17,3585	 1	117,50	 82,16	  10,4	  11,2	   3,5	   3,8	  -1,0	   5,9
*	    16,9531	 1	109,97	 75,20	  11,2	  12,0	   4,3	   4,7	  -0,2	   6,7
*	    19,5878	 1	117,35	 75,14	   8,7	   9,4	   1,7	   2,1	  -2,8	   4,2
*	    20,5846	 1	109,86	 68,65	   8,3	   9,1	   1,4	   1,7	  -3,2	   3,8
*	    22,8513	 1	117,20	 68,60	   6,4	   7,2	  -0,5	  -0,2	  -5,0	   1,9
*	    24,9520	 1	109,75	 62,69	   5,3	   6,1	  -1,6	  -1,3	  -6,2	   0,7
*	    26,8985	 1	117,06	 62,65	   3,9	   4,7	  -3,0	  -2,6	  -7,5	  -0,7
*	    29,8460	 1	109,64	 57,36	   2,4	   3,2	  -4,5	  -4,2	  -9,0	  -2,2
*	    31,5322	 1	116,91	 57,34	   1,4	   2,2	  -5,5	  -5,2	 -10,1	  -3,2
*	    45,5143	 1	111,03	 45,54	  -4,8	  -4,1	 -11,8	 -11,4	 -16,3	  -9,6
*	    41,2874	 1	118,34	 49,37	  -3,2	  -2,4	 -10,1	  -9,7	 -14,7	  -7,9
*	    39,7718	 1	111,15	 49,28	  -2,4	  -1,7	  -9,4	  -9,0	 -13,9	  -7,1
*	    35,9848	 1	118,49	 53,62	  -0,8	  -0,0	  -7,8	  -7,4	 -12,3	  -5,5
*	    34,2813	 1	111,26	 53,54	   0,1	   0,9	  -6,8	  -6,5	 -11,4	  -4,6
*	    14,9719	 1	 12,72	 93,72	 -13,7	  -7,8	  -1,9	   0,4	  -3,9	 -10,7
*	    18,4458	 1	 27,45	 96,05	 -11,9	  -6,0	  -0,1	   2,2	  -2,0	  -8,9
*	    19,0571	 1	 20,14	 94,66	 -14,2	  -8,3	  -2,4	  -0,1	  -4,4	 -11,2
*	    36,3641	 1	135,16	 58,64	  -5,1	   1,9	   9,3	   9,9	   5,0	  -1,4
*	    34,1092	 1	129,01	 58,53	  -4,0	   3,0	  10,4	  11,0	   6,1	  -0,2
*	    32,3594	 1	122,81	 58,71	  -3,0	   4,0	  11,4	  11,9	   7,1	   0,7
*	    32,9898	 1	135,35	 63,26	  -3,6	   3,5	  10,8	  11,4	   6,6	   0,2
*	    30,5612	 1	129,18	 63,17	  -2,3	   4,8	  12,1	  12,7	   7,9	   1,5
*	    28,6429	 1	122,96	 63,34	  -1,1	   5,9	  13,3	  13,9	   9,0	   2,7
*	    30,0914	 1	135,54	 68,31	  -2,2	   4,9	  12,2	  12,8	   8,0	   1,6
*	    27,4884	 1	129,35	 68,25	  -0,7	   6,4	  13,7	  14,3	   9,5	   3,2
*	    25,3923	 1	123,11	 68,44	   0,7	   7,8	  15,1	  15,7	  10,9	   4,6
*	    27,7539	 1	135,74	 73,78	  -1,0	   6,1	  13,4	  14,0	   9,2	   2,9
*	    24,9896	 1	129,53	 73,77	   0,7	   7,8	  15,1	  15,7	  10,9	   4,6
*	    22,7198	 1	123,26	 73,95	   2,4	   9,4	  16,8	  17,4	  12,5	   6,2
*	    26,0620	 1	135,93	 79,61	  -0,0	   7,0	  14,4	  15,0	  10,1	   3,8
*	    23,1681	 1	129,70	 79,66	   1,8	   8,8	  16,2	  16,8	  12,0	   5,7
*	    20,7521	 1	123,41	 79,84	   3,7	  10,7	  18,1	  18,7	  13,8	   7,6
*	    25,0878	 1	136,13	 85,72	   0,5	   7,5	  14,9	  15,5	  10,7	   4,3
*	    22,1165	 1	129,88	 85,84	   2,5	   9,5	  16,9	  17,5	  12,6	   6,3
*	    19,6105	 1	123,57	 86,00	   4,4	  11,5	  18,8	  19,4	  14,6	   8,3
*	    24,8772	 1	136,33	 91,95	   0,6	   7,6	  15,0	  15,6	  10,8	   4,5
*	    21,8956	 1	130,06	 92,14	   2,6	   9,6	  17,0	  17,6	  12,7	   6,5
*	    19,3787	 1	123,72	 92,30	   4,6	  11,6	  19,0	  19,6	  14,8	   8,5
*	    56,6837	 1	135,20	 42,52	 -10,6	  -4,6	   1,5	   1,7	  -3,1	  -9,6
*	    55,4926	 1	131,04	 42,35	 -10,2	  -4,2	   1,9	   2,1	  -2,6	  -9,1
*	    54,4981	 1	126,84	 42,34	  -9,8	  -3,9	   2,2	   2,5	  -2,3	  -8,8
*	    53,7081	 1	122,64	 42,47	  -9,5	  -3,6	   2,5	   2,8	  -2,0	  -8,5
*	    53,4129	 1	135,33	 44,43	  -9,5	  -3,5	   2,6	   2,8	  -1,9	  -8,4
*	    52,1650	 1	131,16	 44,26	  -9,1	  -3,1	   3,0	   3,3	  -1,5	  -8,0
*	    51,1196	 1	126,95	 44,24	  -8,7	  -2,7	   3,4	   3,6	  -1,1	  -7,6
*	    50,2858	 1	122,74	 44,39	  -8,3	  -2,4	   3,7	   4,0	  -0,8	  -7,2
*	    50,2324	 1	135,46	 46,48	  -8,4	  -2,4	   3,7	   3,9	  -0,8	  -7,3
*	    48,9235	 1	131,28	 46,31	  -7,9	  -1,9	   4,2	   4,4	  -0,3	  -6,8
*	    47,8230	 1	127,07	 46,30	  -7,5	  -1,5	   4,6	   4,9	   0,1	  -6,3
*	    46,9410	 1	122,84	 46,44	  -7,1	  -1,1	   5,0	   5,2	   0,5	  -5,9
*	    47,1545	 1	135,59	 48,70	  -7,3	  -1,3	   4,8	   5,1	   0,3	  -6,1
*	    45,7804	 1	131,40	 48,53	  -6,7	  -0,7	   5,4	   5,6	   0,9	  -5,6
*	    44,6200	 1	127,18	 48,51	  -6,2	  -0,3	   5,9	   6,1	   1,4	  -5,1
*	    43,6853	 1	122,94	 48,66	  -5,8	   0,2	   6,3	   6,5	   1,8	  -4,6
*	    44,1934	 1	135,72	 51,09	  -6,1	  -0,2	   6,0	   6,2	   1,5	  -5,0
*	    42,7495	 1	131,53	 50,92	  -5,5	   0,5	   6,6	   6,8	   2,1	  -4,3
*	    41,5246	 1	127,29	 50,91	  -5,0	   1,0	   7,1	   7,3	   2,6	  -3,8
*	    40,5318	 1	123,05	 51,05	  -4,5	   1,5	   7,6	   7,8	   3,1	  -3,3
*	    41,3652	 1	135,86	 53,67	  -5,0	   1,0	   7,1	   7,3	   2,6	  -3,8
*	    39,8473	 1	131,65	 53,50	  -4,3	   1,6	   7,8	   8,0	   3,3	  -3,1
*	    38,5528	 1	127,40	 53,50	  -3,7	   2,3	   8,4	   8,6	   3,9	  -2,5
*	    37,4965	 1	123,15	 53,63	  -3,2	   2,8	   8,9	   9,1	   4,4	  -2,0
*	    20,1733	 1	 12,05	 93,05	 -17,5	 -11,6	  -5,7	  -3,4	  -7,7	 -14,6
*	    20,3921	 1	169,78	 93,01	 -17,6	 -11,7	  -5,8	  -3,5	  -7,8	 -14,6
*	    25,1242	 1	 43,63	 96,34	   6,6	   7,4	  -0,3	   0,0	  -4,8	   2,1
*	    21,7856	 1	 50,94	 96,61	   8,8	   9,6	   1,9	   2,3	  -2,6	   4,3
*	    24,8089	 1	 43,87	 89,08	   6,8	   7,6	  -0,1	   0,2	  -4,6	   2,2
*	    21,4248	 1	 51,14	 89,27	   9,1	   9,9	   2,2	   2,5	  -2,4	   4,6
*	    25,5373	 1	 44,10	 81,90	   6,4	   7,2	  -0,5	  -0,2	  -5,0	   1,8
*	    22,2177	 1	 51,35	 82,01	   8,6	   9,4	   1,7	   2,0	  -2,8	   4,1
*	    27,2630	 1	 44,32	 75,01	   5,5	   6,2	  -1,5	  -1,1	  -6,0	   0,9
*	    24,1004	 1	 51,55	 75,05	   7,5	   8,2	   0,5	   0,9	  -4,0	   2,9
*	    29,8832	 1	 44,55	 68,60	   4,1	   4,9	  -2,8	  -2,5	  -7,4	  -0,5
*	    26,9340	 1	 51,74	 68,58	   5,8	   6,6	  -1,1	  -0,7	  -5,6	   1,3
*	    33,2674	 1	 44,77	 62,73	   2,4	   3,2	  -4,5	  -4,1	  -9,0	  -2,2
*	    30,5521	 1	 51,94	 62,68	   3,9	   4,7	  -3,0	  -2,7	  -7,6	  -0,7
*	    37,2823	 1	 45,00	 57,48	   0,6	   1,4	  -6,3	  -6,0	 -10,9	  -4,1
*	    34,7973	 1	 52,14	 57,39	   1,8	   2,6	  -5,1	  -4,7	  -9,6	  -2,8
*	    48,5726	 1	 54,33	 45,68	  -3,9	  -3,1	 -10,8	 -10,4	 -15,4	  -8,6
*	    50,3778	 1	 47,24	 45,68	  -4,6	  -3,8	 -11,5	 -11,2	 -16,1	  -9,4
*	    43,1595	 1	 54,15	 49,42	  -1,8	  -1,0	  -8,7	  -8,4	 -13,3	  -6,5
*	    45,1328	 1	 47,02	 49,42	  -2,6	  -1,8	  -9,5	  -9,2	 -14,1	  -7,4
*	    38,0632	 1	 53,96	 53,67	   0,4	   1,2	  -6,6	  -6,2	 -11,1	  -4,3
*	    40,2276	 1	 46,81	 53,67	  -0,6	   0,1	  -7,6	  -7,2	 -12,1	  -5,3
*	    23,5460	 1	183,95	 94,05	  -6,1	  -0,1	   5,7	   8,1	   3,8	  -3,1
*	    23,6219	 1	356,08	 93,36	 -17,1	 -11,1	  -5,3	  -2,9	  -7,2	 -14,1
*	    23,7908	 1	355,94	 96,57	  -6,2	  -0,3	   5,6	   7,9	   3,6	  -3,3
*	    23,8269	 1	185,25	 90,07	  -4,7	   1,2	   7,1	   9,5	   5,2	  -1,7
*	    26,8743	 1	184,72	 90,06	  -6,5	  -0,6	   5,3	   7,6	   3,3	  -3,6
*	    29,9985	 1	184,28	 90,05	  -8,3	  -2,4	   3,5	   5,8	   1,5	  -5,4
*	    33,1910	 1	183,91	 90,05	  -9,9	  -4,0	   1,8	   4,2	  -0,1	  -7,1
*	    36,4442	 1	183,62	 90,05	 -11,5	  -5,6	   0,3	   2,6	  -1,7	  -8,7
*	    39,7514	 1	183,35	 90,04	 -13,0	  -7,1	  -1,2	   1,1	  -3,2	 -10,2
*	    43,1065	 1	183,12	 90,03	 -14,4	  -8,5	  -2,6	  -0,3	  -4,6	 -11,7
*	    23,9102	 1	185,39	 93,31	 -17,2	 -11,3	  -5,4	  -3,0	  -7,3	 -14,2
*	    23,9895	 1	354,64	 92,61	  -4,8	   1,1	   7,0	   9,4	   5,1	  -1,8
*	    26,4585	 1	193,80	 88,25	  -1,2	   4,7	  10,6	  12,9	   8,6	   1,7
*	    29,3879	 1	192,45	 88,42	  -2,9	   3,0	   8,9	  11,2	   6,9	  -0,0
*	    32,4021	 1	191,33	 88,56	  -4,6	   1,3	   7,2	   9,5	   5,2	  -1,7
*	    35,4916	 1	190,38	 88,69	  -6,1	  -0,2	   5,6	   8,0	   3,7	  -3,3
*	    38,6482	 1	189,59	 88,78	  -7,6	  -1,7	   4,2	   6,5	   2,2	  -4,8
*	    41,8646	 1	188,91	 88,86	  -9,0	  -3,1	   2,7	   5,1	   0,7	  -6,3
*	    45,1345	 1	188,32	 88,94	 -10,4	  -4,5	   1,4	   3,7	  -0,6	  -7,7
*	    32,3591	 1	 27,27	 93,11	  -1,1	   5,9	  13,3	  13,9	   9,0	   2,6
*	    29,3656	 1	 33,58	 93,38	   0,4	   7,4	  14,8	  15,4	  10,5	   4,2
*	    26,8477	 1	 39,99	 93,60	   1,8	   8,8	  16,2	  16,8	  11,9	   5,6
*	    32,3751	 1	 27,51	 86,81	  -1,1	   5,9	  13,2	  13,8	   9,0	   2,6
*	    29,3772	 1	 33,81	 86,99	   0,4	   7,4	  14,7	  15,3	  10,5	   4,2
*	    26,8532	 1	 40,21	 87,21	   1,8	   8,8	  16,2	  16,8	  11,9	   5,6
*	    33,0881	 1	 27,76	 80,61	  -1,5	   5,6	  12,9	  13,5	   8,7	   2,3
*	    30,1280	 1	 34,05	 80,71	  -0,0	   7,0	  14,4	  15,0	  10,1	   3,8
*	    27,6424	 1	 40,42	 80,93	   1,4	   8,4	  15,8	  16,4	  11,5	   5,2
*	    34,4723	 1	 28,00	 74,66	  -2,1	   4,9	  12,3	  12,9	   8,0	   1,7
*	    31,5877	 1	 34,28	 74,69	  -0,7	   6,3	  13,7	  14,3	   9,4	   3,1
*	    29,1793	 1	 40,63	 74,90	   0,6	   7,6	  15,0	  15,6	  10,7	   4,4
*	    36,4812	 1	 28,24	 69,05	  -3,0	   4,0	  11,4	  12,0	   7,1	   0,7
*	    33,7015	 1	 34,51	 69,02	  -1,7	   5,3	  12,7	  13,3	   8,4	   2,1
*	    31,3986	 1	 40,84	 69,22	  -0,5	   6,5	  13,9	  14,5	   9,6	   3,3
*	    39,0543	 1	 28,49	 63,85	  -4,1	   2,9	  10,3	  10,9	   6,0	  -0,4
*	    36,3991	 1	 34,74	 63,78	  -2,9	   4,1	  11,5	  12,1	   7,2	   0,8
*	    34,2189	 1	 41,05	 63,98	  -1,9	   5,2	  12,5	  13,1	   8,3	   1,9
*	    42,1248	 1	 28,73	 59,10	  -5,4	   1,7	   9,0	   9,6	   4,7	  -1,7
*	    39,6047	 1	 34,97	 58,99	  -4,3	   2,7	  10,1	  10,7	   5,8	  -0,6
*	    37,5541	 1	 41,26	 59,19	  -3,4	   3,7	  11,0	  11,6	   6,8	   0,4
*	    45,6263	 1	 28,97	 54,80	  -6,7	   0,3	   7,7	   8,3	   3,4	  -3,1
*	    43,2443	 1	 35,19	 54,66	  -5,8	   1,3	   8,6	   9,2	   4,3	  -2,1
*	    41,3229	 1	 41,47	 54,86	  -5,0	   2,1	   9,4	  10,0	   5,2	  -1,3
*	    57,9145	 1	 40,29	 42,56	  -9,0	  -3,0	   3,1	   3,3	  -1,4	  -7,9
*	    58,9653	 1	 36,14	 42,46	  -9,3	  -3,4	   2,7	   3,0	  -1,8	  -8,3
*	    60,1994	 1	 32,00	 42,51	  -9,7	  -3,8	   2,3	   2,6	  -2,2	  -8,7
*	    61,6095	 1	 27,93	 42,71	 -10,2	  -4,2	   1,9	   2,1	  -2,6	  -9,2
*	    54,7010	 1	 40,15	 44,47	  -7,9	  -2,0	   4,1	   4,4	  -0,4	  -6,9
*	    55,7978	 1	 36,00	 44,37	  -8,3	  -2,3	   3,8	   4,0	  -0,7	  -7,2
*	    57,0825	 1	 31,85	 44,42	  -8,7	  -2,8	   3,3	   3,6	  -1,2	  -7,7
*	    58,5471	 1	 27,77	 44,63	  -9,2	  -3,2	   2,9	   3,1	  -1,7	  -8,2
*	    51,5816	 1	 40,01	 46,52	  -6,9	  -0,9	   5,2	   5,5	   0,7	  -5,8
*	    52,7269	 1	 35,85	 46,43	  -7,3	  -1,3	   4,8	   5,0	   0,3	  -6,2
*	    54,0648	 1	 31,69	 46,48	  -7,7	  -1,8	   4,3	   4,6	  -0,2	  -6,7
*	    55,5865	 1	 27,61	 46,68	  -8,3	  -2,3	   3,8	   4,0	  -0,7	  -7,2
*	    48,5685	 1	 39,87	 48,74	  -5,8	   0,2	   6,3	   6,5	   1,8	  -4,6
*	    49,7651	 1	 35,70	 48,64	  -6,2	  -0,3	   5,8	   6,1	   1,3	  -5,1
*	    51,1586	 1	 31,54	 48,69	  -6,7	  -0,8	   5,3	   5,6	   0,8	  -5,6
*	    52,7395	 1	 27,45	 48,90	  -7,3	  -1,3	   4,8	   5,0	   0,3	  -6,2
*	    45,6757	 1	 39,73	 51,12	  -4,7	   1,3	   7,4	   7,6	   2,9	  -3,5
*	    46,9260	 1	 35,55	 51,03	  -5,2	   0,8	   6,9	   7,1	   2,4	  -4,0
*	    48,3774	 1	 31,38	 51,07	  -5,7	   0,2	   6,3	   6,6	   1,8	  -4,6
*	    50,0193	 1	 27,29	 51,26	  -6,3	  -0,4	   5,7	   6,0	   1,2	  -5,2
*	    42,9191	 1	 39,59	 53,70	  -3,6	   2,4	   8,5	   8,7	   4,0	  -2,4
*	    44,2254	 1	 35,40	 53,59	  -4,2	   1,8	   7,9	   8,2	   3,4	  -3,0
*	    45,7364	 1	 31,23	 53,63	  -4,8	   1,2	   7,3	   7,6	   2,8	  -3,6
*	    47,4407	 1	 27,13	 53,83	  -5,4	   0,6	   6,7	   6,9	   2,2	  -4,3
*	    41,5529	 1	150,35	 59,35	   0,6	   1,4	  -6,3	  -6,0	 -10,9	  -4,1
*	    38,7768	 1	143,31	 59,28	   1,8	   2,6	  -5,1	  -4,8	  -9,7	  -2,9
*	    38,1441	 1	150,62	 64,77	   2,0	   2,8	  -4,9	  -4,5	  -9,5	  -2,6
*	    35,1973	 1	143,56	 64,73	   3,4	   4,1	  -3,6	  -3,2	  -8,1	  -1,3
*	    35,3824	 1	150,89	 70,73	   3,2	   4,0	  -3,7	  -3,3	  -8,2	  -1,4
*	    32,2813	 1	143,81	 70,76	   4,7	   5,5	  -2,2	  -1,9	  -6,7	   0,1
*	    33,3627	 1	151,16	 77,21	   4,2	   4,9	  -2,8	  -2,4	  -7,3	  -0,5
*	    30,1394	 1	144,07	 77,30	   5,8	   6,5	  -1,2	  -0,8	  -5,7	   1,2
*	    32,1663	 1	151,43	 84,07	   4,7	   5,5	  -2,2	  -1,9	  -6,8	   0,1
*	    28,8686	 1	144,32	 84,25	   6,4	   7,2	  -0,5	  -0,2	  -5,1	   1,8
*	    31,8467	 1	151,71	 91,14	   4,9	   5,6	  -2,1	  -1,7	  -6,6	   0,2
*	    28,5339	 1	144,58	 91,40	   6,6	   7,3	  -0,4	  -0,0	  -4,9	   2,0
*	    46,9883	 1	141,25	 50,18	  -1,4	  -0,7	  -8,4	  -8,0	 -13,0	  -6,2
*	    49,2970	 1	148,27	 50,20	  -2,3	  -1,6	  -9,3	  -8,9	 -13,8	  -7,1
*	    51,9821	 1	141,01	 46,37	  -3,2	  -2,5	 -10,2	  -9,8	 -14,8	  -8,1
*	    54,1338	 1	148,01	 46,39	  -4,0	  -3,2	 -11,0	 -10,6	 -15,5	  -8,8
*	    34,9089	 1	158,38	 92,84	  -0,7	   6,4	  13,7	  14,3	   9,5	   3,1
*	    37,5336	 1	164,63	 92,56	  -1,8	   5,3	  12,6	  13,2	   8,3	   2,0
*	    40,6111	 1	170,68	 92,27	  -3,0	   4,0	  11,4	  12,0	   7,1	   0,7
*	    34,9322	 1	158,13	 86,58	  -0,7	   6,4	  13,7	  14,3	   9,5	   3,1
*	    37,5597	 1	164,36	 86,36	  -1,8	   5,2	  12,6	  13,2	   8,3	   1,9
*	    40,6389	 1	170,42	 86,18	  -3,0	   4,0	  11,4	  11,9	   7,1	   0,7
*	    35,6271	 1	157,87	 80,42	  -1,0	   6,1	  13,4	  14,0	   9,2	   2,8
*	    38,2298	 1	164,10	 80,24	  -2,1	   4,9	  12,3	  12,9	   8,0	   1,6
*	    41,2820	 1	170,15	 80,18	  -3,3	   3,7	  11,1	  11,7	   6,8	   0,4
*	    36,9703	 1	157,62	 74,49	  -1,6	   5,5	  12,8	  13,4	   8,6	   2,2
*	    39,5230	 1	163,84	 74,36	  -2,6	   4,4	  11,8	  12,4	   7,5	   1,1
*	    42,5217	 1	169,89	 74,40	  -3,8	   3,2	  10,6	  11,2	   6,3	  -0,1
*	    38,9196	 1	157,36	 68,90	  -2,4	   4,6	  12,0	  12,6	   7,7	   1,3
*	    41,4014	 1	163,57	 68,81	  -3,4	   3,6	  11,0	  11,6	   6,7	   0,3
*	    44,3243	 1	169,62	 68,92	  -4,5	   2,5	   9,9	  10,5	   5,6	  -0,9
*	    41,4203	 1	157,11	 63,73	  -3,4	   3,6	  11,0	  11,6	   6,7	   0,3
*	    43,8153	 1	163,31	 63,65	  -4,4	   2,7	  10,0	  10,6	   5,7	  -0,7
*	    46,6452	 1	169,36	 63,84	  -5,4	   1,6	   9,0	   9,6	   4,7	  -1,8
*	    44,4111	 1	156,86	 59,00	  -4,6	   2,4	   9,8	  10,4	   5,5	  -0,9
*	    46,7091	 1	163,05	 58,94	  -5,5	   1,6	   8,9	   9,5	   4,6	  -1,8
*	    49,4341	 1	169,10	 59,17	  -6,4	   0,6	   7,9	   8,5	   3,6	  -2,8
*	    47,8302	 1	156,61	 54,70	  -5,9	   1,1	   8,5	   9,1	   4,2	  -2,3
*	    50,0257	 1	162,79	 54,66	  -6,7	   0,3	   7,7	   8,3	   3,4	  -3,1
*	    52,6389	 1	168,84	 54,93	  -7,6	  -0,5	   6,8	   7,4	   2,5	  -4,0
*	    65,9499	 1	166,01	 42,79	  -9,8	  -3,9	   2,2	   2,4	  -2,3	  -8,9
*	    64,5135	 1	161,97	 42,63	  -9,4	  -3,5	   2,6	   2,9	  -1,9	  -8,5
*	    63,2440	 1	157,87	 42,61	  -9,1	  -3,1	   3,0	   3,2	  -1,5	  -8,1
*	    62,1476	 1	153,78	 42,73	  -8,7	  -2,7	   3,4	   3,6	  -1,2	  -7,7
*	    63,0356	 1	166,18	 44,71	  -9,0	  -3,0	   3,1	   3,3	  -1,4	  -8,0
*	    61,5519	 1	162,14	 44,54	  -8,5	  -2,6	   3,5	   3,8	  -1,0	  -7,5
*	    60,2386	 1	158,04	 44,52	  -8,1	  -2,2	   3,9	   4,2	  -0,6	  -7,1
*	    59,1026	 1	153,94	 44,65	  -7,8	  -1,8	   4,3	   4,5	  -0,2	  -6,7
*	    60,2280	 1	166,35	 46,76	  -8,1	  -2,1	   4,0	   4,2	  -0,6	  -7,1
*	    58,6956	 1	162,31	 46,60	  -7,6	  -1,7	   4,4	   4,7	  -0,1	  -6,6
*	    57,3373	 1	158,21	 46,58	  -7,2	  -1,2	   4,9	   5,1	   0,4	  -6,2
*	    56,1604	 1	154,11	 46,70	  -6,8	  -0,8	   5,3	   5,5	   0,7	  -5,8
*	    57,5381	 1	166,53	 48,98	  -7,3	  -1,3	   4,8	   5,1	   0,3	  -6,2
*	    55,9561	 1	162,48	 48,81	  -6,7	  -0,8	   5,3	   5,6	   0,8	  -5,7
*	    54,5517	 1	158,38	 48,80	  -6,3	  -0,3	   5,8	   6,0	   1,3	  -5,2
*	    53,3327	 1	154,27	 48,92	  -5,9	   0,1	   6,2	   6,4	   1,7	  -4,8
*	    54,9781	 1	166,70	 51,35	  -6,4	  -0,4	   5,7	   5,9	   1,2	  -5,3
*	    53,3459	 1	162,65	 51,19	  -5,9	   0,1	   6,2	   6,4	   1,7	  -4,8
*	    51,8947	 1	158,54	 51,18	  -5,4	   0,6	   6,7	   6,9	   2,2	  -4,3
*	    50,6327	 1	154,43	 51,30	  -4,9	   1,0	   7,1	   7,4	   2,6	  -3,8
*	    52,5612	 1	166,88	 53,90	  -5,6	   0,4	   6,5	   6,7	   2,0	  -4,5
*	    50,8788	 1	162,82	 53,74	  -5,0	   1,0	   7,1	   7,3	   2,6	  -3,9
*	    49,3804	 1	158,71	 53,73	  -4,5	   1,5	   7,6	   7,8	   3,1	  -3,4
*	    48,0749	 1	154,60	 53,85	  -4,0	   2,0	   8,1	   8,3	   3,6	  -2,9
*	    44,4935	 1	 22,19	 59,34	   1,2	   2,0	  -5,8	  -5,4	 -10,3	  -3,6
*	    47,1393	 1	 15,27	 59,33	   0,2	   1,0	  -6,7	  -6,4	 -11,3	  -4,6
*	    41,2333	 1	 21,91	 64,71	   2,5	   3,2	  -4,5	  -4,1	  -9,0	  -2,2
*	    43,9996	 1	 14,98	 64,66	   1,4	   2,2	  -5,5	  -5,2	 -10,1	  -3,3
*	    38,6013	 1	 21,62	 70,63	   3,6	   4,3	  -3,4	  -3,0	  -7,9	  -1,1
*	    41,4718	 1	 14,69	 70,53	   2,4	   3,2	  -4,5	  -4,2	  -9,1	  -2,3
*	    36,6803	 1	 21,34	 77,03	   4,4	   5,2	  -2,6	  -2,2	  -7,1	  -0,3
*	    39,6304	 1	 14,39	 76,87	   3,2	   3,9	  -3,8	  -3,4	  -8,3	  -1,5
*	    35,5403	 1	 21,05	 83,81	   4,9	   5,7	  -2,0	  -1,7	  -6,6	   0,2
*	    38,5378	 1	 14,10	 83,58	   3,6	   4,4	  -3,3	  -3,0	  -7,9	  -1,1
*	    35,2273	 1	 20,76	 90,79	   5,0	   5,8	  -1,9	  -1,5	  -6,5	   0,4
*	    38,2347	 1	 13,80	 90,50	   3,8	   4,5	  -3,2	  -2,8	  -7,7	  -0,9
*	    51,4746	 1	 13,98	 54,59	  -1,4	  -0,6	  -8,3	  -8,0	 -12,9	  -6,2
*	    48,8338	 1	 20,87	 54,49	  -0,4	   0,3	  -7,4	  -7,0	 -12,0	  -5,2
*	    55,5734	 1	 14,27	 50,31	  -2,8	  -2,0	  -9,7	  -9,4	 -14,3	  -7,6
*	    53,0678	 1	 21,15	 50,21	  -1,9	  -1,2	  -8,9	  -8,5	 -13,5	  -6,8
*	    60,0621	 1	 14,57	 46,52	  -4,2	  -3,4	 -11,2	 -10,8	 -15,8	  -9,1
*	    57,6898	 1	 21,43	 46,41	  -3,5	  -2,7	 -10,4	 -10,1	 -15,0	  -8,3
s	    37,5995	 1	 90,00	 24,92	  29,5	  32,8	  22,9	  23,2	  26,8	  24,2
*	    65,4437	 1	314,28	 37,60	   4,3	   7,7	  -2,3	  -2,0	   1,5	  -1,2
*	    54,8536	 1	337,26	 30,61	   7,6	  10,9	   0,9	   1,3	   4,8	   2,1
*	    47,8826	 1	 10,62	 29,38	   9,8	  13,2	   3,2	   3,6	   7,1	   4,5
*	    45,3116	 1	 38,45	 35,65	  10,7	  14,1	   4,1	   4,4	   8,0	   5,4
*	    60,3997	 1	290,96	 30,57	   6,0	   9,3	  -0,7	  -0,3	   3,2	   0,5
*	    49,1223	 1	313,14	 17,41	   9,6	  13,0	   3,0	   3,4	   6,9	   4,3
*	    41,6364	 1	 25,49	 13,54	  12,3	  15,6	   5,6	   6,0	   9,5	   7,0
*	    38,8578	 1	 63,68	 26,46	  13,3	  16,6	   6,7	   7,0	  10,6	   8,0
*	    41,1330	 1	 74,33	 39,68	  12,5	  15,9	   5,9	   6,3	   9,8	   7,2
*	    59,7286	 1	258,21	 29,40	   6,2	   9,5	  -0,4	  -0,1	   3,4	   0,7
*	    48,3519	 1	242,95	 14,40	   9,9	  13,3	   3,3	   3,7	   7,2	   4,6
*	    40,7911	 1	138,85	  8,95	  12,6	  16,0	   6,0	   6,4	   9,9	   7,3
*	    37,9825	 1	105,11	 24,79	  13,7	  17,0	   7,0	   7,4	  10,9	   8,4
*	    40,2771	 1	 98,71	 38,94	  12,9	  16,2	   6,3	   6,6	  10,2	   7,6
*	    63,5451	 1	231,32	 35,25	   4,9	   8,3	  -1,7	  -1,4	   2,1	  -0,6
*	    52,7079	 1	207,06	 26,71	   8,3	  11,7	   1,7	   2,0	   5,6	   2,9
*	    45,5527	 1	167,16	 25,00	  10,7	  14,1	   4,1	   4,4	   8,0	   5,4
*	    42,9078	 1	135,98	 32,69	  11,6	  15,0	   5,0	   5,4	   8,9	   6,3
*	    61,3427	 1	196,37	 39,08	   5,4	   8,7	  -1,2	  -0,9	   2,6	  -0,1
*	    54,8773	 1	172,54	 38,58	   7,4	  10,7	   0,7	   1,1	   4,6	   1,9
*	    38,1508	 1	196,54	 87,38	  -4,7	   1,2	   7,1	   9,4	   5,1	  -1,9
s	    40,7531	 2	 91,62	 31,00	  27,0	  31,4	  22,5	  23,1	  26,7	  24,1
s	    40,7757	 2	 88,27	 31,04	  28,2	  26,4	   2,4	   2,8	   6,3	  17,0
*	    41,7560	 1	174,08	 89,69	   3,7	   4,5	  -3,2	  -2,9	  -7,8	  -1,0
*	    44,5282	 1	180,85	 89,39	   2,7	   3,5	  -4,2	  -3,9	  -8,8	  -2,0
*	    42,1008	 1	173,78	 82,90	   3,6	   4,3	  -3,4	  -3,0	  -7,9	  -1,2
*	    44,8639	 1	180,55	 82,67	   2,6	   3,3	  -4,4	  -4,0	  -8,9	  -2,2
*	    43,1956	 1	173,48	 76,30	   3,1	   3,9	  -3,8	  -3,5	  -8,4	  -1,6
*	    45,9237	 1	180,25	 76,16	   2,1	   2,9	  -4,8	  -4,4	  -9,4	  -2,6
*	    45,0025	 1	173,18	 70,08	   2,4	   3,2	  -4,5	  -4,2	  -9,1	  -2,3
*	    47,6727	 1	179,95	 69,97	   1,5	   2,2	  -5,5	  -5,1	 -10,0	  -3,3
*	    47,4652	 1	172,89	 64,30	   1,5	   2,2	  -5,5	  -5,1	 -10,0	  -3,3
*	    50,0590	 1	179,66	 64,25	   0,6	   1,4	  -6,4	  -6,0	 -10,9	  -4,2
*	    50,5166	 1	172,59	 59,04	   0,4	   1,1	  -6,6	  -6,2	 -11,2	  -4,4
*	    53,0204	 1	179,36	 59,02	  -0,5	   0,3	  -7,4	  -7,1	 -12,0	  -5,3
*	    57,7825	 1	172,02	 50,40	  -2,1	  -1,3	  -9,1	  -8,7	 -13,7	  -7,0
*	    60,0926	 1	178,79	 50,40	  -2,8	  -2,0	  -9,8	  -9,4	 -14,4	  -7,7
*	    62,1590	 1	171,72	 46,62	  -3,5	  -2,7	 -10,5	 -10,1	 -15,1	  -8,4
*	    64,3649	 1	178,49	 46,63	  -4,1	  -3,4	 -11,1	 -10,8	 -15,7	  -9,1
*	    50,7514	 1	  7,42	 58,76	  -5,7	   1,3	   8,7	   9,3	   4,4	  -2,1
*	    52,8539	 1	  1,52	 58,69	  -6,4	   0,6	   8,0	   8,6	   3,7	  -2,8
*	    55,3515	 1	355,74	 58,90	  -7,2	  -0,2	   7,2	   7,8	   2,9	  -3,6
*	    48,0398	 1	  7,16	 63,25	  -4,7	   2,3	   9,7	  10,3	   5,4	  -1,1
*	    50,2090	 1	  1,26	 63,18	  -5,5	   1,6	   8,9	   9,5	   4,6	  -1,8
*	    52,7829	 1	355,49	 63,34	  -6,3	   0,7	   8,1	   8,7	   3,8	  -2,7
*	    45,7621	 1	  6,90	 68,15	  -3,9	   3,2	  10,5	  11,1	   6,2	  -0,2
*	    47,9901	 1	  1,01	 68,05	  -4,6	   2,4	   9,7	  10,3	   5,5	  -1,0
*	    50,6313	 1	355,24	 68,16	  -5,5	   1,5	   8,9	   9,4	   4,5	  -1,9
*	    43,9637	 1	  6,64	 73,42	  -3,2	   3,9	  11,2	  11,8	   6,9	   0,5
*	    46,2396	 1	  0,75	 73,29	  -4,0	   3,1	  10,4	  11,0	   6,1	  -0,3
*	    48,9358	 1	354,98	 73,32	  -4,9	   2,1	   9,5	  10,1	   5,2	  -1,3
*	    42,6849	 1	  6,38	 78,99	  -2,6	   4,4	  11,7	  12,3	   7,5	   1,0
*	    44,9954	 1	  0,49	 78,83	  -3,5	   3,5	  10,9	  11,5	   6,6	   0,2
*	    47,7316	 1	354,73	 78,77	  -4,4	   2,6	   9,9	  10,5	   5,6	  -0,8
*	    41,9577	 1	  6,12	 84,80	  -2,3	   4,7	  12,0	  12,6	   7,8	   1,3
*	    44,2872	 1	  0,23	 84,58	  -3,2	   3,8	  11,2	  11,8	   6,9	   0,5
*	    47,0459	 1	354,48	 84,42	  -4,2	   2,8	  10,2	  10,8	   5,9	  -0,5
*	    41,8015	 1	  5,86	 90,72	  -2,3	   4,7	  12,1	  12,7	   7,8	   1,4
*	    44,1333	 1	359,97	 90,45	  -3,1	   3,9	  11,3	  11,8	   7,0	   0,5
*	    67,3706	 1	  9,54	 42,83	  -8,9	  -2,9	   3,2	   3,4	  -1,3	  -7,9
*	    68,4914	 1	  5,53	 42,74	  -9,2	  -3,2	   2,9	   3,1	  -1,7	  -8,2
*	    69,7757	 1	  1,52	 42,80	  -9,5	  -3,5	   2,5	   2,8	  -2,0	  -8,6
*	    71,2184	 1	357,58	 42,98	  -9,9	  -3,9	   2,2	   2,4	  -2,4	  -9,0
*	    64,5121	 1	  9,36	 44,74	  -8,0	  -2,1	   4,0	   4,3	  -0,5	  -7,0
*	    65,6657	 1	  5,35	 44,65	  -8,4	  -2,4	   3,7	   3,9	  -0,8	  -7,4
*	    66,9868	 1	  1,34	 44,71	  -8,7	  -2,7	   3,3	   3,6	  -1,2	  -7,8
*	    68,4696	 1	357,41	 44,89	  -9,1	  -3,2	   2,9	   3,2	  -1,6	  -8,2
*	    61,7603	 1	  9,19	 46,78	  -7,2	  -1,2	   4,9	   5,1	   0,4	  -6,2
*	    62,9472	 1	  5,17	 46,70	  -7,5	  -1,6	   4,5	   4,8	   0,0	  -6,5
*	    64,3054	 1	  1,17	 46,75	  -7,9	  -2,0	   4,1	   4,4	  -0,4	  -6,9
*	    65,8288	 1	357,23	 46,94	  -8,4	  -2,4	   3,7	   3,9	  -0,8	  -7,4
*	    59,1258	 1	  9,02	 48,98	  -6,4	  -0,4	   5,7	   5,9	   1,2	  -5,3
*	    60,3462	 1	  5,00	 48,90	  -6,7	  -0,8	   5,3	   5,6	   0,8	  -5,7
*	    61,7419	 1	  0,99	 48,95	  -7,1	  -1,2	   4,9	   5,2	   0,4	  -6,1
*	    63,3062	 1	357,06	 49,13	  -7,6	  -1,6	   4,5	   4,7	  -0,1	  -6,6
*	    56,6202	 1	  8,84	 51,35	  -5,6	   0,4	   6,5	   6,8	   2,0	  -4,5
*	    57,8742	 1	  4,82	 51,25	  -5,9	   0,0	   6,1	   6,4	   1,6	  -4,9
*	    59,3072	 1	  0,82	 51,29	  -6,4	  -0,4	   5,7	   5,9	   1,2	  -5,3
*	    60,9123	 1	356,89	 51,48	  -6,9	  -0,9	   5,2	   5,4	   0,7	  -5,8
*	    54,2562	 1	  8,67	 53,87	  -4,8	   1,2	   7,3	   7,5	   2,8	  -3,7
*	    55,5433	 1	  4,64	 53,78	  -5,2	   0,8	   6,9	   7,1	   2,4	  -4,1
*	    57,0132	 1	  0,64	 53,82	  -5,6	   0,3	   6,4	   6,7	   1,9	  -4,6
*	    58,6586	 1	356,71	 53,98	  -6,1	  -0,2	   5,9	   6,2	   1,4	  -5,1
s	    42,7839	 3	270,00	154,84	  27,1	  30,5	  20,1	  19,8	  23,2	  20,3
s	    43,6457	 2	 90,00	 22,80	  26,6	  31,0	  22,1	  22,7	  26,3	  23,7
s	    44,8782	 3	 44,07	 96,37	  25,4	  26,9	  19,7	  18,3	  12,1	  18,6
s	    44,8912	 3	135,50	 96,38	  23,6	  31,4	  39,2	  38,0	  31,9	  25,2
s	    46,5263	 3	 91,61	 28,46	  23,6	  29,1	  21,3	  22,1	  25,7	  23,1
s	    46,5470	 3	 88,28	 28,49	  25,4	  24,6	   1,7	   2,3	   5,9	  16,5
*	    47,7522	 1	188,40	 87,60	  -3,5	   3,5	  10,8	  11,4	   6,6	   0,1
*	    48,1131	 1	188,15	 82,03	  -3,7	   3,3	  10,7	  11,3	   6,4	  -0,0
*	    50,1052	 1	193,75	 81,83	  -4,3	   2,7	  10,1	  10,6	   5,8	  -0,7
*	    52,5068	 1	199,23	 81,73	  -5,1	   1,9	   9,3	   9,9	   5,0	  -1,5
*	    48,9722	 1	187,91	 76,59	  -4,0	   3,0	  10,4	  11,0	   6,1	  -0,4
*	    50,9473	 1	193,51	 76,43	  -4,6	   2,4	   9,7	  10,3	   5,4	  -1,0
*	    53,3274	 1	199,00	 76,40	  -5,4	   1,6	   9,0	   9,6	   4,7	  -1,8
*	    50,3104	 1	187,66	 71,37	  -4,5	   2,5	   9,9	  10,5	   5,6	  -0,9
*	    52,2585	 1	193,27	 71,25	  -5,1	   1,9	   9,3	   9,8	   4,9	  -1,5
*	    54,6052	 1	198,77	 71,28	  -5,9	   1,2	   8,5	   9,1	   4,2	  -2,3
*	    52,0999	 1	187,41	 66,46	  -5,2	   1,9	   9,2	   9,8	   4,9	  -1,6
*	    54,0125	 1	193,03	 66,35	  -5,8	   1,3	   8,6	   9,2	   4,3	  -2,2
*	    56,3157	 1	198,54	 66,45	  -6,5	   0,6	   7,9	   8,5	   3,6	  -2,9
*	    54,3073	 1	187,17	 61,88	  -5,9	   1,1	   8,4	   9,0	   4,1	  -2,4
*	    56,1773	 1	192,79	 61,80	  -6,5	   0,5	   7,9	   8,5	   3,6	  -3,0
*	    58,4286	 1	198,31	 61,94	  -7,2	  -0,2	   7,2	   7,8	   2,9	  -3,7
*	    56,8964	 1	186,92	 57,66	  -6,8	   0,2	   7,6	   8,1	   3,2	  -3,3
*	    58,7182	 1	192,54	 57,59	  -7,4	  -0,3	   7,0	   7,6	   2,7	  -3,8
*	    60,9113	 1	198,08	 57,77	  -8,0	  -1,0	   6,4	   6,9	   2,0	  -4,5
*	    75,2077	 1	195,89	 43,03	  -9,8	  -3,9	   2,2	   2,5	  -2,3	  -9,0
*	    73,8908	 1	191,98	 42,88	  -9,5	  -3,5	   2,6	   2,8	  -2,0	  -8,6
*	    72,7315	 1	188,03	 42,87	  -9,2	  -3,2	   2,9	   3,1	  -1,7	  -8,3
*	    71,7342	 1	184,07	 43,00	  -8,9	  -3,0	   3,1	   3,3	  -1,4	  -8,0
*	    72,5576	 1	196,06	 44,94	  -9,1	  -3,1	   3,0	   3,2	  -1,6	  -8,2
*	    71,2080	 1	192,15	 44,79	  -8,8	  -2,8	   3,3	   3,5	  -1,2	  -7,8
*	    70,0197	 1	188,20	 44,78	  -8,4	  -2,5	   3,6	   3,8	  -0,9	  -7,5
*	    68,9976	 1	184,24	 44,91	  -8,2	  -2,2	   3,9	   4,1	  -0,7	  -7,2
*	    70,0161	 1	196,22	 46,99	  -8,4	  -2,4	   3,7	   3,9	  -0,9	  -7,5
*	    68,6337	 1	192,32	 46,84	  -8,0	  -2,0	   4,1	   4,3	  -0,5	  -7,1
*	    67,4164	 1	188,38	 46,83	  -7,7	  -1,7	   4,4	   4,6	  -0,2	  -6,7
*	    66,3692	 1	184,42	 46,95	  -7,4	  -1,4	   4,7	   4,9	   0,1	  -6,5
*	    67,5924	 1	196,39	 49,17	  -7,7	  -1,7	   4,4	   4,6	  -0,2	  -6,7
*	    66,1774	 1	192,49	 49,04	  -7,3	  -1,3	   4,8	   5,0	   0,2	  -6,3
*	    64,9311	 1	188,55	 49,02	  -7,0	  -1,0	   5,1	   5,3	   0,6	  -6,0
*	    63,8591	 1	184,59	 49,15	  -6,7	  -0,7	   5,4	   5,6	   0,9	  -5,7
*	    65,2966	 1	196,55	 51,52	  -7,0	  -1,0	   5,1	   5,3	   0,5	  -6,0
*	    63,8492	 1	192,66	 51,38	  -6,6	  -0,6	   5,5	   5,7	   0,9	  -5,6
*	    62,5743	 1	188,72	 51,37	  -6,2	  -0,3	   5,8	   6,1	   1,3	  -5,2
*	    61,4777	 1	184,76	 51,50	  -5,9	   0,1	   6,2	   6,4	   1,6	  -4,9
*	    63,1391	 1	196,72	 54,01	  -6,3	  -0,4	   5,7	   6,0	   1,2	  -5,3
*	    61,6600	 1	192,83	 53,88	  -5,9	   0,1	   6,2	   6,4	   1,6	  -4,9
*	    60,3571	 1	188,89	 53,88	  -5,5	   0,4	   6,5	   6,8	   2,0	  -4,5
*	    59,2366	 1	184,94	 54,00	  -5,2	   0,8	   6,9	   7,1	   2,3	  -4,2
*	    56,0486	 1	351,98	 59,42	  -0,2	   0,5	  -7,2	  -6,9	 -11,8	  -5,1
*	    58,3020	 1	345,35	 59,39	  -0,9	  -0,2	  -7,9	  -7,5	 -12,5	  -5,8
*	    53,2299	 1	351,69	 64,63	   0,7	   1,5	  -6,2	  -5,9	 -10,8	  -4,1
*	    55,5487	 1	345,07	 64,56	   0,0	   0,8	  -6,9	  -6,6	 -11,5	  -4,8
*	    50,9739	 1	351,40	 70,32	   1,5	   2,3	  -5,4	  -5,1	 -10,0	  -3,3
*	    53,3472	 1	344,79	 70,22	   0,8	   1,6	  -6,2	  -5,8	 -10,7	  -4,0
*	    49,3369	 1	351,11	 76,43	   2,2	   2,9	  -4,8	  -4,4	  -9,4	  -2,6
*	    51,7507	 1	344,51	 76,29	   1,4	   2,1	  -5,6	  -5,2	 -10,2	  -3,4
*	    48,3652	 1	350,83	 82,88	   2,5	   3,3	  -4,4	  -4,1	  -9,0	  -2,3
*	    50,8028	 1	344,23	 82,65	   1,7	   2,5	  -5,2	  -4,9	  -9,8	  -3,1
*	    67,8969	 1	352,90	 46,22	  -4,0	  -3,2	 -10,9	 -10,6	 -15,5	  -8,9
*	    69,9067	 1	346,24	 46,22	  -4,5	  -3,7	 -11,5	 -11,1	 -16,1	  -9,5
*	    63,6973	 1	352,61	 49,92	  -2,7	  -1,9	  -9,7	  -9,3	 -14,3	  -7,7
*	    65,7879	 1	345,96	 49,93	  -3,3	  -2,5	 -10,2	  -9,9	 -14,9	  -8,2
*	    59,8761	 1	352,32	 54,09	  -1,5	  -0,7	  -8,5	  -8,1	 -13,1	  -6,4
*	    62,0454	 1	345,68	 54,07	  -2,1	  -1,4	  -9,1	  -8,7	 -13,7	  -7,1
*	    49,7822	 1	 74,59	 40,85	   1,3	   6,1	  19,2	  20,5	  17,4	  12,7
*	    48,9044	 1	 99,58	 40,23	   1,7	   6,4	  19,5	  20,8	  17,8	  13,0
*	    53,5049	 1	203,32	 83,62	   1,8	   2,5	  -5,2	  -4,8	  -9,8	  -3,1
*	    55,5787	 1	209,77	 83,42	   1,1	   1,9	  -5,8	  -5,5	 -10,4	  -3,7
*	    54,3072	 1	203,06	 77,29	   1,5	   2,2	  -5,5	  -5,1	 -10,1	  -3,4
*	    56,3659	 1	209,53	 77,13	   0,9	   1,6	  -6,1	  -5,7	 -10,7	  -4,0
*	    55,7462	 1	202,80	 71,23	   1,0	   1,7	  -6,0	  -5,7	 -10,6	  -3,9
*	    57,7774	 1	209,28	 71,13	   0,4	   1,1	  -6,6	  -6,2	 -11,2	  -4,5
*	    57,7832	 1	202,53	 65,57	   0,2	   1,0	  -6,7	  -6,4	 -11,3	  -4,6
*	    59,7760	 1	209,03	 65,50	  -0,3	   0,4	  -7,3	  -6,9	 -11,9	  -5,2
*	    60,3696	 1	202,26	 60,34	  -0,6	   0,1	  -7,6	  -7,2	 -12,2	  -5,5
*	    62,3151	 1	208,78	 60,30	  -1,2	  -0,4	  -8,1	  -7,8	 -12,7	  -6,1
*	    63,4517	 1	202,00	 55,59	  -1,6	  -0,9	  -8,6	  -8,2	 -13,2	  -6,6
*	    65,3432	 1	208,53	 55,56	  -2,1	  -1,4	  -9,1	  -8,7	 -13,7	  -7,1
*	    64,0714	 1	201,95	 54,76	  -1,8	  -1,0	  -8,8	  -8,4	 -13,4	  -6,8
*	    65,9524	 1	208,48	 54,75	  -2,3	  -1,6	  -9,3	  -8,9	 -13,9	  -7,3
*	    67,6710	 1	201,68	 50,56	  -2,9	  -2,1	  -9,9	  -9,5	 -14,5	  -7,9
*	    69,4926	 1	208,23	 50,56	  -3,4	  -2,6	 -10,3	 -10,0	 -15,0	  -8,4
*	    71,6510	 1	201,41	 46,81	  -4,1	  -3,3	 -11,0	 -10,7	 -15,7	  -9,1
*	    73,4108	 1	207,97	 46,80	  -4,5	  -3,7	 -11,5	 -11,1	 -16,1	  -9,5
*	    61,4258	 1	337,97	 58,58	  -7,5	  -0,4	   6,9	   7,5	   2,6	  -4,0
*	    62,9214	 1	332,60	 58,50	  -7,9	  -0,8	   6,5	   7,1	   2,2	  -4,4
*	    64,7708	 1	327,32	 58,64	  -8,4	  -1,4	   6,0	   6,6	   1,7	  -4,9
*	    59,1116	 1	337,75	 62,70	  -6,7	   0,3	   7,7	   8,3	   3,4	  -3,2
*	    60,6388	 1	332,39	 62,60	  -7,1	  -0,1	   7,3	   7,8	   2,9	  -3,6
*	    62,5294	 1	327,12	 62,71	  -7,7	  -0,6	   6,7	   7,3	   2,4	  -4,2
*	    57,1486	 1	337,53	 67,12	  -6,0	   1,0	   8,4	   8,9	   4,0	  -2,5
*	    58,7034	 1	332,19	 67,02	  -6,5	   0,6	   7,9	   8,5	   3,6	  -2,9
*	    60,6304	 1	326,93	 67,09	  -7,0	  -0,0	   7,3	   7,9	   3,0	  -3,5
*	    55,5659	 1	337,32	 71,85	  -5,5	   1,6	   8,9	   9,5	   4,6	  -1,9
*	    57,1434	 1	331,98	 71,72	  -5,9	   1,1	   8,4	   9,0	   4,1	  -2,4
*	    59,1006	 1	326,73	 71,74	  -6,5	   0,5	   7,9	   8,4	   3,5	  -3,0
*	    54,3898	 1	337,10	 76,82	  -5,0	   2,0	   9,3	   9,9	   5,0	  -1,5
*	    55,9843	 1	331,77	 76,67	  -5,5	   1,5	   8,9	   9,4	   4,5	  -2,0
*	    57,9644	 1	326,54	 76,64	  -6,1	   0,9	   8,3	   8,8	   3,9	  -2,6
*	    53,6417	 1	336,88	 81,99	  -4,8	   2,3	   9,6	  10,2	   5,3	  -1,2
*	    55,2468	 1	331,57	 81,82	  -5,2	   1,8	   9,1	   9,7	   4,8	  -1,7
*	    57,2415	 1	326,35	 81,71	  -5,8	   1,2	   8,5	   9,1	   4,2	  -2,3
*	    76,4290	 1	339,79	 43,06	  -9,2	  -3,2	   2,9	   3,1	  -1,7	  -8,4
*	    77,3130	 1	335,89	 42,96	  -9,4	  -3,5	   2,6	   2,9	  -1,9	  -8,6
*	    78,3572	 1	332,00	 43,00	  -9,7	  -3,7	   2,4	   2,6	  -2,2	  -8,8
*	    79,5576	 1	328,16	 43,17	 -10,0	  -4,0	   2,1	   2,3	  -2,5	  -9,1
*	    73,8088	 1	339,63	 44,97	  -8,5	  -2,5	   3,6	   3,8	  -1,0	  -7,6
*	    74,7119	 1	335,73	 44,87	  -8,7	  -2,7	   3,3	   3,6	  -1,2	  -7,8
*	    75,7793	 1	331,85	 44,91	  -9,0	  -3,0	   3,1	   3,3	  -1,5	  -8,1
*	    77,0066	 1	328,01	 45,08	  -9,3	  -3,3	   2,8	   3,0	  -1,8	  -8,4
*	    71,2970	 1	339,47	 47,02	  -7,8	  -1,8	   4,3	   4,5	  -0,3	  -6,9
*	    72,2192	 1	335,57	 46,92	  -8,0	  -2,1	   4,0	   4,3	  -0,5	  -7,1
*	    73,3097	 1	331,70	 46,95	  -8,3	  -2,3	   3,8	   4,0	  -0,8	  -7,4
*	    74,5639	 1	327,87	 47,12	  -8,6	  -2,6	   3,5	   3,7	  -1,1	  -7,7
*	    68,9028	 1	339,31	 49,20	  -7,1	  -1,1	   5,0	   5,2	   0,4	  -6,2
*	    69,8438	 1	335,42	 49,10	  -7,3	  -1,4	   4,7	   4,9	   0,2	  -6,4
*	    70,9572	 1	331,55	 49,14	  -7,6	  -1,7	   4,4	   4,7	  -0,1	  -6,7
*	    72,2381	 1	327,73	 49,30	  -8,0	  -2,0	   4,1	   4,3	  -0,4	  -7,1
*	    66,6358	 1	339,15	 51,54	  -6,4	  -0,5	   5,6	   5,9	   1,1	  -5,5
*	    67,5952	 1	335,26	 51,44	  -6,7	  -0,7	   5,4	   5,6	   0,8	  -5,7
*	    68,7310	 1	331,40	 51,47	  -7,0	  -1,0	   5,1	   5,3	   0,5	  -6,0
*	    70,0383	 1	327,58	 51,63	  -7,3	  -1,3	   4,7	   5,0	   0,2	  -6,4
*	    64,5062	 1	338,99	 54,02	  -5,8	   0,2	   6,3	   6,5	   1,8	  -4,8
*	    65,4834	 1	335,11	 53,92	  -6,0	  -0,1	   6,0	   6,3	   1,5	  -5,1
*	    66,6411	 1	331,25	 53,96	  -6,3	  -0,4	   5,7	   5,9	   1,2	  -5,4
*	    67,9740	 1	327,44	 54,10	  -6,7	  -0,7	   5,4	   5,6	   0,8	  -5,8
*	    53,8009	 1	265,41	 77,23	  -8,8	  -1,8	   5,5	   6,1	   1,2	  -5,3
*	    53,6584	 1	268,91	 77,19	  -8,8	  -1,8	   5,6	   6,2	   1,3	  -5,2
*	    54,2833	 1	265,40	 73,91	  -9,0	  -2,0	   5,3	   5,9	   1,0	  -5,5
*	    54,1420	 1	268,91	 73,85	  -9,0	  -2,0	   5,4	   6,0	   1,1	  -5,4
*	    54,9070	 1	265,39	 70,67	  -9,3	  -2,3	   5,1	   5,7	   0,8	  -5,7
*	    54,7673	 1	268,91	 70,61	  -9,2	  -2,2	   5,1	   5,7	   0,8	  -5,7
*	    55,6674	 1	265,37	 67,55	  -9,6	  -2,6	   4,8	   5,4	   0,5	  -6,1
*	    55,5296	 1	268,91	 67,47	  -9,5	  -2,5	   4,8	   5,4	   0,5	  -6,0
*	    56,5592	 1	265,36	 64,53	  -9,9	  -2,9	   4,4	   5,0	   0,1	  -6,4
*	    56,4234	 1	268,90	 64,46	  -9,9	  -2,9	   4,5	   5,1	   0,2	  -6,4
*	    57,5767	 1	265,35	 61,66	 -10,3	  -3,3	   4,0	   4,6	  -0,3	  -6,8
*	    57,4431	 1	268,90	 61,57	 -10,3	  -3,3	   4,1	   4,7	  -0,2	  -6,8
*	    58,7137	 1	265,34	 58,91	 -10,8	  -3,7	   3,6	   4,2	  -0,7	  -7,2
*	    58,5825	 1	268,90	 58,82	 -10,7	  -3,7	   3,7	   4,2	  -0,7	  -7,2
*	    59,4805	 1	280,96	 59,03	 -11,0	  -4,0	   3,3	   3,9	  -1,0	  -7,5
*	    58,3412	 1	280,93	 61,73	 -10,6	  -3,6	   3,7	   4,3	  -0,6	  -7,1
*	    57,9207	 1	277,47	 61,47	 -10,5	  -3,4	   3,9	   4,5	  -0,4	  -6,9
*	    57,3202	 1	280,90	 64,56	 -10,2	  -3,2	   4,1	   4,7	  -0,2	  -6,7
*	    56,8926	 1	277,45	 64,32	 -10,1	  -3,1	   4,3	   4,9	  -0,0	  -6,5
*	    56,4232	 1	280,87	 67,52	  -9,9	  -2,9	   4,5	   5,1	   0,2	  -6,4
*	    55,9892	 1	277,43	 67,30	  -9,7	  -2,7	   4,6	   5,2	   0,3	  -6,2
*	    55,6559	 1	280,85	 70,60	  -9,6	  -2,6	   4,8	   5,4	   0,5	  -6,1
*	    55,2162	 1	277,41	 70,40	  -9,4	  -2,4	   4,9	   5,5	   0,6	  -5,9
*	    55,0234	 1	280,82	 73,77	  -9,4	  -2,3	   5,0	   5,6	   0,7	  -5,8
*	    54,5788	 1	277,39	 73,61	  -9,2	  -2,2	   5,2	   5,8	   0,9	  -5,6
*	    54,5303	 1	280,79	 77,04	  -9,2	  -2,1	   5,2	   5,8	   0,9	  -5,6
*	    54,0817	 1	277,37	 76,90	  -9,0	  -1,9	   5,4	   6,0	   1,1	  -5,4
*	    58,7598	 1	272,56	 58,54	   0,8	   1,5	  -6,2	  -5,8	 -10,8	  -4,1
*	    56,4076	 1	272,55	 64,64	   1,6	   2,4	  -5,3	  -5,0	  -9,9	  -3,2
*	    54,6506	 1	272,53	 71,36	   2,3	   3,1	  -4,6	  -4,3	  -9,2	  -2,5
*	    60,0510	 1	255,66	 59,40	 -11,3	  -4,2	   3,1	   3,7	  -1,2	  -7,8
*	    60,7644	 1	252,41	 59,85	 -11,5	  -4,5	   2,9	   3,4	  -1,5	  -8,0
*	    58,9219	 1	255,70	 62,08	 -10,9	  -3,8	   3,5	   4,1	  -0,8	  -7,3
*	    59,6476	 1	252,45	 62,51	 -11,1	  -4,1	   3,3	   3,8	  -1,1	  -7,6
*	    57,9103	 1	255,74	 64,89	 -10,5	  -3,5	   3,9	   4,5	  -0,4	  -7,0
*	    58,6476	 1	252,50	 65,28	 -10,8	  -3,7	   3,6	   4,2	  -0,7	  -7,2
*	    57,0220	 1	255,77	 67,81	 -10,1	  -3,1	   4,2	   4,8	  -0,1	  -6,6
*	    57,7699	 1	252,54	 68,17	 -10,4	  -3,4	   3,9	   4,5	  -0,4	  -6,9
*	    56,2624	 1	255,81	 70,86	  -9,9	  -2,8	   4,5	   5,1	   0,2	  -6,3
*	    57,0197	 1	252,59	 71,17	 -10,1	  -3,1	   4,2	   4,8	  -0,1	  -6,6
*	    55,6365	 1	255,85	 73,99	  -9,6	  -2,6	   4,8	   5,3	   0,5	  -6,1
*	    56,4018	 1	252,63	 74,25	  -9,9	  -2,9	   4,5	   5,1	   0,2	  -6,4
*	    55,1487	 1	255,88	 77,22	  -9,4	  -2,4	   5,0	   5,5	   0,6	  -5,9
*	    55,9205	 1	252,67	 77,43	  -9,7	  -2,7	   4,7	   5,2	   0,3	  -6,2
*	    59,3830	 1	259,78	 58,96	   0,5	   1,3	  -6,4	  -6,1	 -11,0	  -4,4
*	    57,0546	 1	259,84	 65,01	   1,4	   2,2	  -5,6	  -5,2	 -10,2	  -3,5
*	    55,3171	 1	259,90	 71,64	   2,1	   2,8	  -4,9	  -4,5	  -9,5	  -2,8
*	    57,8916	 1	284,97	 65,47	   1,1	   1,8	  -5,9	  -5,5	 -10,5	  -3,8
*	    56,1786	 1	284,88	 71,99	   1,7	   2,5	  -5,2	  -4,9	  -9,8	  -3,1
*	    62,2128	 1	292,54	 60,73	 -12,0	  -5,0	   2,3	   2,9	  -2,0	  -8,6
*	    61,1200	 1	292,48	 63,33	 -11,7	  -4,6	   2,7	   3,3	  -1,6	  -8,2
*	    60,1570	 1	289,45	 62,80	 -11,3	  -4,3	   3,0	   3,6	  -1,3	  -7,8
*	    60,1425	 1	292,43	 66,04	 -11,3	  -4,3	   3,1	   3,6	  -1,3	  -7,8
*	    59,1649	 1	289,40	 65,55	 -11,0	  -4,0	   3,4	   4,0	  -0,9	  -7,5
*	    59,2853	 1	292,37	 68,85	 -11,0	  -4,0	   3,4	   3,9	  -1,0	  -7,5
*	    58,2944	 1	289,35	 68,41	 -10,7	  -3,6	   3,7	   4,3	  -0,6	  -7,1
*	    58,5532	 1	292,32	 71,77	 -10,7	  -3,7	   3,6	   4,2	  -0,7	  -7,2
*	    57,5507	 1	289,31	 71,38	 -10,4	  -3,3	   4,0	   4,6	  -0,3	  -6,8
*	    57,9509	 1	292,26	 74,76	 -10,5	  -3,5	   3,9	   4,4	  -0,5	  -7,0
*	    56,9383	 1	289,26	 74,44	 -10,1	  -3,1	   4,2	   4,8	  -0,1	  -6,6
*	    57,4820	 1	292,21	 77,83	 -10,3	  -3,3	   4,0	   4,6	  -0,3	  -6,8
*	    56,4614	 1	289,21	 77,58	 -10,0	  -2,9	   4,4	   5,0	   0,1	  -6,4
*	    56,9008	 1	249,52	 77,51	   1,4	   2,2	  -5,5	  -5,2	 -10,1	  -3,5
*	    58,1178	 1	249,41	 70,85	   1,0	   1,7	  -6,0	  -5,7	 -10,6	  -3,9
*	    59,9464	 1	249,30	 64,64	   0,3	   1,0	  -6,7	  -6,3	 -11,3	  -4,6
*	    57,8981	 1	217,18	 82,33	  -4,6	   2,4	   9,8	  10,4	   5,5	  -1,1
*	    58,6296	 1	216,98	 76,82	  -4,9	   2,2	   9,5	  10,1	   5,2	  -1,3
*	    59,7220	 1	222,68	 76,62	  -5,1	   1,9	   9,2	   9,8	   4,9	  -1,6
*	    61,2791	 1	228,32	 76,56	  -5,6	   1,4	   8,8	   9,4	   4,5	  -2,1
*	    59,8435	 1	216,78	 71,52	  -5,3	   1,7	   9,1	   9,7	   4,8	  -1,8
*	    60,9264	 1	222,49	 71,32	  -5,6	   1,5	   8,8	   9,4	   4,5	  -2,1
*	    62,4663	 1	228,15	 71,30	  -6,0	   1,0	   8,4	   9,0	   4,1	  -2,5
*	    61,5151	 1	216,58	 66,49	  -5,8	   1,2	   8,5	   9,1	   4,2	  -2,4
*	    62,5849	 1	222,31	 66,30	  -6,1	   0,9	   8,3	   8,8	   3,9	  -2,6
*	    64,1014	 1	227,99	 66,31	  -6,5	   0,5	   7,8	   8,4	   3,5	  -3,1
*	    63,6138	 1	216,38	 61,81	  -6,5	   0,5	   7,8	   8,4	   3,5	  -3,1
*	    64,6672	 1	222,12	 61,62	  -6,8	   0,2	   7,6	   8,1	   3,2	  -3,3
*	    66,1552	 1	227,82	 61,66	  -7,2	  -0,2	   7,2	   7,7	   2,8	  -3,8
*	    66,1055	 1	216,18	 57,48	  -7,3	  -0,3	   7,0	   7,6	   2,7	  -3,9
*	    67,1395	 1	221,93	 57,28	  -7,6	  -0,6	   6,8	   7,4	   2,4	  -4,1
*	    68,5950	 1	227,65	 57,34	  -8,0	  -0,9	   6,4	   7,0	   2,1	  -4,5
*	    79,9679	 1	228,47	 45,13	  -8,3	  -2,3	   3,8	   4,0	  -0,8	  -7,5
*	    78,8823	 1	224,20	 44,97	  -8,0	  -2,1	   4,0	   4,3	  -0,5	  -7,2
*	    77,9992	 1	219,89	 44,98	  -7,8	  -1,8	   4,2	   4,5	  -0,3	  -7,0
*	    77,3228	 1	215,58	 45,15	  -7,7	  -1,7	   4,4	   4,6	  -0,2	  -6,8
*	    77,3367	 1	228,59	 47,42	  -7,6	  -1,6	   4,5	   4,7	  -0,1	  -6,7
*	    76,2265	 1	224,34	 47,27	  -7,3	  -1,3	   4,8	   5,0	   0,2	  -6,4
*	    75,3244	 1	220,04	 47,28	  -7,1	  -1,1	   5,0	   5,2	   0,4	  -6,2
*	    74,6348	 1	215,73	 47,46	  -6,9	  -1,0	   5,1	   5,4	   0,6	  -6,1
*	    74,8517	 1	228,72	 49,89	  -6,9	  -0,9	   5,2	   5,4	   0,6	  -6,0
*	    73,7172	 1	224,47	 49,74	  -6,6	  -0,6	   5,5	   5,7	   0,9	  -5,7
*	    72,7965	 1	220,18	 49,76	  -6,4	  -0,4	   5,7	   5,9	   1,1	  -5,5
*	    72,0941	 1	215,89	 49,93	  -6,2	  -0,2	   5,9	   6,1	   1,3	  -5,3
*	    72,5249	 1	228,84	 52,54	  -6,2	  -0,2	   5,9	   6,1	   1,3	  -5,3
*	    71,3668	 1	224,61	 52,40	  -5,9	   0,1	   6,1	   6,4	   1,6	  -5,0
*	    70,4279	 1	220,33	 52,42	  -5,7	   0,3	   6,4	   6,6	   1,8	  -4,8
*	    69,7134	 1	216,04	 52,59	  -5,5	   0,5	   6,6	   6,8	   2,0	  -4,6
*	    65,1256	 1	322,94	 59,35	  -1,2	  -0,4	  -8,1	  -7,8	 -12,8	  -6,1
*	    66,3772	 1	316,48	 59,19	  -1,5	  -0,7	  -8,5	  -8,1	 -13,1	  -6,5
*	    68,1654	 1	310,10	 59,33	  -2,0	  -1,2	  -8,9	  -8,6	 -13,6	  -7,0
*	    62,5472	 1	322,72	 64,44	  -0,3	   0,4	  -7,3	  -7,0	 -11,9	  -5,3
*	    63,8241	 1	316,27	 64,26	  -0,7	   0,1	  -7,6	  -7,3	 -12,2	  -5,6
*	    65,6552	 1	309,92	 64,36	  -1,2	  -0,4	  -8,1	  -7,8	 -12,8	  -6,1
*	    60,4905	 1	322,49	 69,95	   0,3	   1,1	  -6,6	  -6,3	 -11,2	  -4,6
*	    61,7879	 1	316,07	 69,77	   0,0	   0,8	  -7,0	  -6,6	 -11,6	  -4,9
*	    63,6548	 1	309,74	 69,81	  -0,5	   0,2	  -7,5	  -7,1	 -12,1	  -5,5
*	    59,0012	 1	322,27	 75,84	   0,9	   1,6	  -6,1	  -5,7	 -10,7	  -4,0
*	    60,3134	 1	315,87	 75,64	   0,5	   1,3	  -6,4	  -6,1	 -11,0	  -4,4
*	    62,2070	 1	309,56	 75,63	  -0,0	   0,7	  -7,0	  -6,6	 -11,6	  -4,9
*	    58,1165	 1	322,05	 82,02	   1,2	   1,9	  -5,8	  -5,4	 -10,4	  -3,7
*	    59,4372	 1	315,67	 81,82	   0,8	   1,6	  -6,1	  -5,8	 -10,7	  -4,1
*	    70,5840	 1	312,11	 54,65	  -2,7	  -2,0	  -9,7	  -9,4	 -14,3	  -7,7
*	    68,9916	 1	318,56	 54,57	  -2,3	  -1,6	  -9,3	  -8,9	 -13,9	  -7,3
*	    67,9218	 1	325,02	 54,85	  -2,1	  -1,3	  -9,0	  -8,7	 -13,6	  -7,0
*	    73,9899	 1	312,30	 50,50	  -3,7	  -3,0	 -10,7	 -10,4	 -15,3	  -8,8
*	    72,4438	 1	318,77	 50,41	  -3,3	  -2,6	 -10,3	 -10,0	 -14,9	  -8,4
*	    71,4003	 1	325,25	 50,67	  -3,1	  -2,3	 -10,1	  -9,7	 -14,7	  -8,1
*	    77,7670	 1	312,49	 46,75	  -4,8	  -4,0	 -11,7	 -11,4	 -16,4	  -9,9
*	    76,2694	 1	318,99	 46,65	  -4,4	  -3,7	 -11,4	 -11,0	 -16,0	  -9,5
*	    75,2542	 1	325,49	 46,93	  -4,2	  -3,4	 -11,2	 -10,8	 -15,8	  -9,2
*	    64,5168	 1	241,88	 62,01	 -12,9	  -5,8	   1,5	   2,1	  -2,8	  -9,4
*	    62,2300	 1	244,65	 63,91	 -12,1	  -5,1	   2,3	   2,9	  -2,1	  -8,6
*	    63,4598	 1	241,94	 64,52	 -12,5	  -5,5	   1,9	   2,4	  -2,5	  -9,0
*	    61,2686	 1	244,71	 66,57	 -11,8	  -4,7	   2,6	   3,2	  -1,7	  -8,3
*	    62,5155	 1	242,01	 67,13	 -12,2	  -5,2	   2,2	   2,8	  -2,1	  -8,7
*	    60,4260	 1	244,77	 69,34	 -11,5	  -4,4	   2,9	   3,5	  -1,4	  -8,0
*	    61,6885	 1	242,07	 69,84	 -11,9	  -4,9	   2,5	   3,1	  -1,9	  -8,4
*	    59,7070	 1	244,83	 72,19	 -11,2	  -4,2	   3,2	   3,8	  -1,2	  -7,7
*	    60,9832	 1	242,13	 72,63	 -11,6	  -4,6	   2,7	   3,3	  -1,6	  -8,2
*	    59,1156	 1	244,89	 75,12	 -11,0	  -4,0	   3,4	   4,0	  -0,9	  -7,5
*	    60,4035	 1	242,20	 75,49	 -11,4	  -4,4	   2,9	   3,5	  -1,4	  -7,9
*	    58,6556	 1	244,94	 78,12	 -10,8	  -3,8	   3,6	   4,1	  -0,8	  -7,3
*	    59,9527	 1	242,26	 78,43	 -11,3	  -4,3	   3,1	   3,7	  -1,2	  -7,8
*	    59,4128	 1	296,65	 78,13	   0,5	   1,2	  -6,5	  -6,2	 -11,1	  -4,4
*	    60,5822	 1	296,78	 71,78	   0,0	   0,8	  -6,9	  -6,6	 -11,5	  -4,9
*	    62,3442	 1	296,92	 65,83	  -0,6	   0,2	  -7,5	  -7,2	 -12,2	  -5,5
*	    59,4182	 1	266,42	 57,24	 -11,0	  -4,0	   3,4	   3,9	  -1,0	  -7,5
*	    60,7365	 1	266,41	 54,72	 -11,5	  -4,5	   2,9	   3,5	  -1,4	  -8,0
*	    59,8463	 1	270,01	 56,15	  -1,3	  -0,5	  -8,2	  -7,9	 -12,8	  -6,2
*	    59,8715	 1	279,25	 57,57	 -11,2	  -4,2	   3,2	   3,8	  -1,1	  -7,7
*	    61,1810	 1	279,27	 55,05	 -11,6	  -4,6	   2,7	   3,3	  -1,6	  -8,2
*	    60,4181	 1	234,36	 78,65	  -0,1	   0,6	  -7,1	  -6,8	 -11,7	  -5,1
*	    61,5626	 1	234,19	 72,51	  -0,5	   0,2	  -7,5	  -7,2	 -12,1	  -5,5
*	    63,2900	 1	234,02	 66,72	  -1,1	  -0,4	  -8,1	  -7,8	 -12,7	  -6,1
*	    65,5588	 1	233,85	 61,33	  -1,9	  -1,1	  -8,8	  -8,5	 -13,5	  -6,8
*	    68,3215	 1	233,68	 56,42	  -2,8	  -2,0	  -9,7	  -9,4	 -14,4	  -7,8
*	    70,0735	 1	233,59	 53,86	  -3,3	  -2,5	 -10,3	  -9,9	 -14,9	  -8,3
*	    73,5093	 1	233,41	 49,66	  -4,3	  -3,6	 -11,3	 -10,9	 -15,9	  -9,4
*	    66,7188	 1	302,14	 63,12	 -13,6	  -6,6	   0,7	   1,3	  -3,6	 -10,2
*	    65,3078	 1	299,70	 62,42	 -13,2	  -6,2	   1,2	   1,8	  -3,1	  -9,7
*	    65,6936	 1	302,08	 65,55	 -13,3	  -6,3	   1,1	   1,6	  -3,3	  -9,8
*	    64,2625	 1	299,63	 64,91	 -12,8	  -5,8	   1,5	   2,1	  -2,8	  -9,4
*	    64,7786	 1	302,01	 68,08	 -13,0	  -6,0	   1,4	   1,9	  -3,0	  -9,5
*	    63,3290	 1	299,57	 67,49	 -12,5	  -5,5	   1,9	   2,4	  -2,5	  -9,0
*	    63,9782	 1	301,94	 70,69	 -12,7	  -5,7	   1,6	   2,2	  -2,7	  -9,3
*	    62,5118	 1	299,50	 70,15	 -12,2	  -5,2	   2,1	   2,7	  -2,2	  -8,8
*	    63,2962	 1	301,87	 73,37	 -12,5	  -5,5	   1,9	   2,5	  -2,5	  -9,0
*	    61,8151	 1	299,44	 72,90	 -12,0	  -5,0	   2,4	   3,0	  -2,0	  -8,5
*	    62,7362	 1	301,80	 76,12	 -12,3	  -5,3	   2,1	   2,6	  -2,3	  -8,8
*	    61,2427	 1	299,37	 75,72	 -11,8	  -4,8	   2,6	   3,2	  -1,7	  -8,3
*	    62,3012	 1	301,73	 78,93	 -12,2	  -5,1	   2,2	   2,8	  -2,1	  -8,7
*	    60,7978	 1	299,31	 78,61	 -11,6	  -4,6	   2,7	   3,3	  -1,6	  -8,1
*	    60,8570	 1	282,70	 56,89	  -1,6	  -0,9	  -8,6	  -8,3	 -13,2	  -6,6
*	    61,2496	 1	236,09	 79,21	 -18,0	 -11,0	  -3,6	  -3,1	  -8,0	 -14,5
*	    61,6747	 1	236,02	 76,37	 -18,2	 -11,1	  -3,8	  -3,2	  -8,1	 -14,7
*	    62,2265	 1	235,95	 73,58	 -18,4	 -11,3	  -4,0	  -3,4	  -8,3	 -14,9
*	    62,9020	 1	235,87	 70,86	 -18,6	 -11,6	  -4,2	  -3,6	  -8,5	 -15,1
*	    63,6975	 1	235,80	 68,22	 -18,9	 -11,8	  -4,5	  -3,9	  -8,8	 -15,4
*	    69,4525	 1	307,70	 56,45	 -14,6	  -7,6	  -0,3	   0,3	  -4,6	 -11,2
*	    68,1162	 1	307,62	 58,61	 -14,2	  -7,2	   0,1	   0,7	  -4,2	 -10,8
*	    66,8773	 1	307,54	 60,87	 -13,8	  -6,8	   0,5	   1,1	  -3,8	 -10,4
*	    65,7405	 1	307,46	 63,23	 -13,5	  -6,5	   0,9	   1,5	  -3,5	 -10,0
*	    64,7104	 1	307,38	 65,68	 -13,1	  -6,1	   1,2	   1,8	  -3,1	  -9,7
*	    63,7915	 1	307,30	 68,21	 -12,8	  -5,8	   1,5	   2,1	  -2,8	  -9,4
*	    62,9882	 1	307,22	 70,83	 -12,6	  -5,5	   1,8	   2,4	  -2,5	  -9,1
*	    62,3043	 1	307,15	 73,52	 -12,3	  -5,3	   2,0	   2,6	  -2,3	  -8,9
*	    61,7435	 1	307,07	 76,28	 -12,1	  -5,1	   2,2	   2,8	  -2,1	  -8,7
*	    61,3089	 1	306,99	 79,10	 -12,0	  -5,0	   2,4	   3,0	  -1,9	  -8,5
*	    70,0960	 1	306,37	 53,88	 -12,4	  -6,5	  -0,4	  -0,1	  -4,9	 -11,5
*	    71,0306	 1	308,05	 54,48	 -12,7	  -6,7	  -0,6	  -0,4	  -5,2	 -11,8
*	    71,1619	 1	306,42	 52,47	 -12,7	  -6,8	  -0,7	  -0,5	  -5,2	 -11,8
*	    72,0845	 1	308,10	 53,09	 -13,0	  -7,0	  -0,9	  -0,7	  -5,5	 -12,1
*	    72,2696	 1	306,48	 51,12	 -13,1	  -7,1	  -1,0	  -0,8	  -5,6	 -12,2
*	    73,1801	 1	308,16	 51,73	 -13,3	  -7,4	  -1,3	  -1,1	  -5,8	 -12,4
*	    73,4177	 1	306,53	 49,80	 -13,4	  -7,4	  -1,3	  -1,1	  -5,9	 -12,5
*	    74,3159	 1	308,22	 50,44	 -13,7	  -7,7	  -1,6	  -1,4	  -6,2	 -12,8
*	    74,6045	 1	306,59	 48,54	 -13,7	  -7,8	  -1,7	  -1,5	  -6,2	 -12,9
*	    75,4905	 1	308,27	 49,18	 -14,0	  -8,0	  -1,9	  -1,7	  -6,5	 -13,1
*	    75,8286	 1	306,65	 47,33	 -14,1	  -8,1	  -2,0	  -1,8	  -6,6	 -13,2
*	    76,7024	 1	308,33	 47,97	 -14,3	  -8,4	  -2,3	  -2,1	  -6,8	 -13,5
*	    77,0884	 1	306,70	 46,15	 -14,4	  -8,5	  -2,4	  -2,2	  -6,9	 -13,6
*	    77,9500	 1	308,39	 46,79	 -14,7	  -8,7	  -2,6	  -2,4	  -7,2	 -13,8
*	    78,3826	 1	306,76	 45,01	 -14,8	  -8,8	  -2,7	  -2,5	  -7,3	 -14,0
*	    79,2322	 1	308,45	 45,66	 -15,0	  -9,1	  -3,0	  -2,7	  -7,5	 -14,2
*	    79,7098	 1	306,82	 43,91	 -15,1	  -9,2	  -3,1	  -2,9	  -7,7	 -14,3
*	    80,5474	 1	308,50	 44,56	 -15,4	  -9,4	  -3,3	  -3,1	  -7,9	 -14,6
*	    81,0688	 1	306,87	 42,86	 -15,5	  -9,5	  -3,4	  -3,2	  -8,0	 -14,7
*	    81,8944	 1	308,56	 43,51	 -15,7	  -9,8	  -3,7	  -3,5	  -8,2	 -14,9
*	    64,2609	 1	238,49	 68,39	  -1,2	  -0,4	  -8,2	  -7,8	 -12,8	  -6,1
*	    62,7093	 1	238,64	 74,21	  -0,7	   0,1	  -7,6	  -7,3	 -12,2	  -5,6
*	    64,4719	 1	243,18	 60,45	 -12,9	  -5,8	   1,5	   2,1	  -2,8	  -9,4
*	    65,6988	 1	243,12	 58,08	 -13,3	  -6,2	   1,1	   1,7	  -3,2	  -9,8
s	    65,6496	 2	 58,21	 91,49	  23,9	  30,6	  37,3	  35,9	  29,7	  22,9
s	    65,6822	 2	121,25	 91,50	  25,7	  26,1	  17,8	  16,1	   9,8	  16,2
*	    65,9351	 1	298,97	 60,05	  -3,4	  -2,7	 -10,4	 -10,0	 -15,0	  -8,4
*	    68,0074	 1	303,35	 62,29	 -14,0	  -7,0	   0,3	   0,9	  -4,0	 -10,6
*	    69,1786	 1	303,42	 60,02	 -14,4	  -7,4	  -0,0	   0,5	  -4,4	 -11,0
*	    66,5591	 1	300,97	 61,57	 -13,6	  -6,6	   0,8	   1,4	  -3,6	 -10,1
*	    67,7525	 1	301,04	 59,25	 -14,0	  -6,9	   0,4	   1,0	  -3,9	 -10,5
s	    66,6999	 2	 79,15	 91,83	  25,6	  26,0	  17,7	  16,0	   9,7	  16,1
s	    66,7155	 2	100,23	 91,83	  23,8	  30,5	  37,2	  35,8	  29,6	  22,8
*	    75,6712	 1	268,70	 38,07	 -13,7	  -7,7	  -1,6	  -1,4	  -6,2	 -12,8
*	    75,7380	 1	266,10	 38,13	 -13,7	  -7,7	  -1,6	  -1,4	  -6,2	 -12,8
*	    75,8594	 1	263,51	 38,25	 -13,7	  -7,7	  -1,6	  -1,4	  -6,2	 -12,8
*	    74,2265	 1	268,70	 39,13	 -13,2	  -7,3	  -1,2	  -1,0	  -5,7	 -12,4
*	    74,2945	 1	266,10	 39,21	 -13,3	  -7,3	  -1,2	  -1,0	  -5,8	 -12,4
*	    74,4179	 1	263,52	 39,33	 -13,3	  -7,3	  -1,2	  -1,0	  -5,8	 -12,4
*	    72,8134	 1	268,70	 40,26	 -12,8	  -6,9	  -0,8	  -0,6	  -5,3	 -11,9
*	    72,8825	 1	266,11	 40,32	 -12,9	  -6,9	  -0,8	  -0,6	  -5,4	 -12,0
*	    73,0079	 1	263,54	 40,44	 -12,9	  -6,9	  -0,8	  -0,6	  -5,4	 -12,0
*	    71,4333	 1	268,70	 41,41	 -12,4	  -6,5	  -0,4	  -0,1	  -4,9	 -11,5
*	    71,5035	 1	266,12	 41,49	 -12,5	  -6,5	  -0,4	  -0,2	  -4,9	 -11,5
*	    71,6311	 1	263,55	 41,61	 -12,5	  -6,5	  -0,4	  -0,2	  -5,0	 -11,6
*	    70,0878	 1	268,71	 42,63	 -12,0	  -6,1	   0,0	   0,3	  -4,5	 -11,1
*	    70,1592	 1	266,13	 42,70	 -12,1	  -6,1	   0,0	   0,2	  -4,5	 -11,1
*	    70,2888	 1	263,56	 42,83	 -12,1	  -6,1	  -0,0	   0,2	  -4,6	 -11,2
*	    68,7785	 1	268,71	 43,90	 -11,6	  -5,7	   0,4	   0,7	  -4,1	 -10,7
*	    68,8510	 1	266,13	 43,96	 -11,7	  -5,7	   0,4	   0,6	  -4,1	 -10,7
*	    68,9828	 1	263,57	 44,09	 -11,7	  -5,7	   0,4	   0,6	  -4,2	 -10,8
*	    67,5071	 1	268,71	 45,23	 -11,2	  -5,3	   0,8	   1,1	  -3,7	 -10,3
*	    67,5808	 1	266,14	 45,29	 -11,3	  -5,3	   0,8	   1,0	  -3,7	 -10,3
*	    67,7148	 1	263,59	 45,42	 -11,3	  -5,3	   0,8	   1,0	  -3,8	 -10,4
*	    67,7201	 1	249,95	 54,30	 -13,4	  -6,4	   1,0	   1,6	  -3,4	 -10,0
*	    69,1934	 1	249,90	 52,18	 -13,8	  -6,8	   0,5	   1,1	  -3,8	 -10,4
*	    70,7548	 1	249,85	 50,17	 -14,3	  -7,3	   0,0	   0,6	  -4,3	 -10,9
*	    76,3333	 1	281,77	 38,73	 -13,9	  -7,9	  -1,8	  -1,6	  -6,4	 -13,0
*	    76,0760	 1	279,27	 38,47	 -13,8	  -7,8	  -1,7	  -1,5	  -6,3	 -12,9
*	    75,8726	 1	276,72	 38,27	 -13,7	  -7,8	  -1,7	  -1,4	  -6,2	 -12,9
*	    74,8995	 1	281,75	 39,79	 -13,5	  -7,5	  -1,4	  -1,2	  -5,9	 -12,6
*	    74,6380	 1	279,25	 39,54	 -13,4	  -7,4	  -1,3	  -1,1	  -5,9	 -12,5
*	    74,4313	 1	276,71	 39,34	 -13,3	  -7,3	  -1,3	  -1,0	  -5,8	 -12,4
*	    73,4975	 1	281,73	 40,91	 -13,0	  -7,1	  -1,0	  -0,8	  -5,5	 -12,2
*	    73,2317	 1	279,23	 40,65	 -13,0	  -7,0	  -0,9	  -0,7	  -5,5	 -12,1
*	    73,0216	 1	276,69	 40,46	 -12,9	  -6,9	  -0,8	  -0,6	  -5,4	 -12,0
*	    72,1286	 1	281,70	 42,07	 -12,6	  -6,7	  -0,6	  -0,4	  -5,1	 -11,7
*	    71,8585	 1	279,21	 41,82	 -12,6	  -6,6	  -0,5	  -0,3	  -5,1	 -11,7
*	    71,6449	 1	276,68	 41,62	 -12,5	  -6,5	  -0,4	  -0,2	  -5,0	 -11,6
*	    70,7945	 1	281,68	 43,29	 -12,3	  -6,3	  -0,2	   0,0	  -4,7	 -11,3
*	    70,5200	 1	279,19	 43,04	 -12,2	  -6,2	  -0,1	   0,1	  -4,7	 -11,3
*	    70,3029	 1	276,67	 42,84	 -12,1	  -6,1	  -0,0	   0,2	  -4,6	 -11,2
*	    69,4967	 1	281,66	 44,56	 -11,9	  -5,9	   0,2	   0,4	  -4,3	 -10,9
*	    69,2177	 1	279,18	 44,31	 -11,8	  -5,8	   0,3	   0,5	  -4,3	 -10,8
*	    68,9971	 1	276,65	 44,10	 -11,7	  -5,7	   0,4	   0,6	  -4,2	 -10,8
*	    68,2369	 1	281,64	 45,88	 -11,5	  -5,5	   0,6	   0,8	  -3,9	 -10,5
*	    67,9535	 1	279,16	 45,63	 -11,4	  -5,4	   0,7	   0,9	  -3,9	 -10,4
*	    67,7293	 1	276,64	 45,43	 -11,3	  -5,3	   0,8	   1,0	  -3,8	 -10,4
*	    67,8802	 1	290,71	 54,42	 -13,4	  -6,4	   0,9	   1,5	  -3,4	 -10,0
*	    69,3505	 1	290,76	 52,30	 -13,9	  -6,9	   0,5	   1,0	  -3,9	 -10,5
*	    70,9088	 1	290,81	 50,29	 -14,4	  -7,4	  -0,0	   0,6	  -4,4	 -11,0
*	    67,9676	 1	288,67	 54,35	 -16,3	  -9,3	  -1,9	  -1,3	  -6,2	 -12,8
*	    69,4374	 1	288,72	 52,25	 -16,7	  -9,7	  -2,4	  -1,8	  -6,7	 -13,3
*	    70,9951	 1	288,76	 50,23	 -17,2	 -10,2	  -2,8	  -2,3	  -7,2	 -13,8
*	    68,3798	 1	236,57	 61,34	  -4,2	  -3,4	 -11,1	 -10,8	 -15,8	  -9,2
*	    68,5902	 1	251,82	 54,65	 -16,4	  -9,4	  -2,1	  -1,5	  -6,4	 -13,0
*	    70,0496	 1	251,77	 52,54	 -16,9	  -9,9	  -2,5	  -1,9	  -6,9	 -13,5
*	    71,5969	 1	251,73	 50,53	 -17,4	 -10,3	  -3,0	  -2,4	  -7,3	 -14,0
*	    76,6604	 1	255,76	 39,03	 -14,0	  -8,0	  -1,9	  -1,7	  -6,5	 -13,1
*	    77,0478	 1	253,38	 39,41	 -14,1	  -8,1	  -2,0	  -1,8	  -6,6	 -13,2
*	    77,4872	 1	251,06	 39,81	 -14,2	  -8,2	  -2,1	  -1,9	  -6,7	 -13,3
*	    75,2319	 1	255,79	 40,11	 -13,6	  -7,6	  -1,5	  -1,3	  -6,1	 -12,7
*	    75,6256	 1	253,41	 40,47	 -13,7	  -7,7	  -1,6	  -1,4	  -6,2	 -12,8
*	    76,0720	 1	251,09	 40,88	 -13,8	  -7,8	  -1,7	  -1,5	  -6,3	 -12,9
*	    73,8352	 1	255,82	 41,22	 -13,2	  -7,2	  -1,1	  -0,9	  -5,7	 -12,3
*	    74,2352	 1	253,44	 41,59	 -13,3	  -7,3	  -1,2	  -1,0	  -5,8	 -12,4
*	    74,6887	 1	251,13	 42,00	 -13,4	  -7,4	  -1,3	  -1,1	  -5,9	 -12,5
*	    72,4718	 1	255,85	 42,39	 -12,8	  -6,8	  -0,7	  -0,5	  -5,3	 -11,9
*	    72,8782	 1	253,47	 42,76	 -12,9	  -6,9	  -0,8	  -0,6	  -5,4	 -12,0
*	    73,3389	 1	251,16	 43,17	 -13,0	  -7,1	  -1,0	  -0,7	  -5,5	 -12,1
*	    71,1432	 1	255,87	 43,61	 -12,4	  -6,4	  -0,3	  -0,1	  -4,9	 -11,5
*	    71,5561	 1	253,50	 43,98	 -12,5	  -6,5	  -0,4	  -0,2	  -5,0	 -11,6
*	    72,0241	 1	251,20	 44,38	 -12,6	  -6,7	  -0,6	  -0,4	  -5,1	 -11,7
*	    69,8510	 1	255,90	 44,87	 -12,0	  -6,0	   0,1	   0,3	  -4,5	 -11,1
*	    70,2704	 1	253,53	 45,24	 -12,1	  -6,1	  -0,0	   0,2	  -4,6	 -11,2
*	    70,7458	 1	251,23	 45,64	 -12,3	  -6,3	  -0,2	   0,0	  -4,7	 -11,3
*	    68,5968	 1	255,93	 46,20	 -11,6	  -5,6	   0,5	   0,7	  -4,1	 -10,7
*	    69,0229	 1	253,56	 46,55	 -11,7	  -5,8	   0,3	   0,6	  -4,2	 -10,8
*	    69,5056	 1	251,26	 46,96	 -11,9	  -5,9	   0,2	   0,4	  -4,4	 -11,0
*	    72,7487	 1	272,62	 40,35	  -3,8	  -3,0	 -10,8	 -10,4	 -15,4	  -8,8
*	    68,6371	 1	272,61	 44,10	  -2,6	  -1,8	  -9,5	  -9,2	 -14,1	  -7,5
*	    74,3697	 1	243,57	 51,79	 -19,0	 -14,3	  -1,1	   0,2	  -3,0	  -7,9
*	    70,4901	 1	256,36	 49,07	 -17,8	 -13,1	  -0,0	   1,3	  -1,8	  -6,7
*	    76,5169	 1	258,27	 52,13	 -19,5	 -14,8	  -1,7	  -0,4	  -3,5	  -8,4
*	    69,3584	 1	263,59	 48,22	 -17,5	 -12,8	   0,3	   1,6	  -1,5	  -6,3
*	    75,4570	 1	264,72	 51,49	 -19,2	 -14,5	  -1,4	  -0,1	  -3,2	  -8,1
*	    68,7991	 1	271,14	 47,84	 -17,3	 -12,6	   0,5	   1,8	  -1,3	  -6,2
*	    74,9335	 1	271,40	 51,20	 -19,1	 -14,3	  -1,2	   0,1	  -3,0	  -8,0
*	    68,8238	 1	278,77	 47,96	 -17,4	 -12,6	   0,5	   1,8	  -1,3	  -6,2
*	    74,9557	 1	278,13	 51,29	 -19,1	 -14,4	  -1,2	   0,0	  -3,1	  -8,0
*	    81,2351	 1	277,63	 54,17	 -20,7	 -16,0	  -2,9	  -1,6	  -4,7	  -9,7
*	    69,4311	 1	286,22	 48,57	 -17,5	 -12,8	   0,3	   1,6	  -1,5	  -6,4
*	    75,5226	 1	284,74	 51,76	 -19,3	 -14,5	  -1,4	  -0,1	  -3,2	  -8,1
*	    81,7655	 1	283,58	 54,53	 -20,9	 -16,2	  -3,1	  -1,8	  -4,9	  -9,8
*	    70,6069	 1	293,24	 49,60	 -17,9	 -13,2	  -0,1	   1,2	  -1,9	  -6,7
*	    72,3261	 1	299,70	 50,97	 -18,4	 -13,7	  -0,6	   0,7	  -2,4	  -7,3
*	    73,2658	 1	259,54	 40,85	  -3,9	  -3,2	 -10,9	 -10,6	 -15,6	  -9,0
*	    69,1806	 1	259,60	 44,59	  -2,7	  -2,0	  -9,7	  -9,4	 -14,3	  -7,7
*	    78,6114	 1	293,53	 40,81	 -14,5	  -8,6	  -2,5	  -2,3	  -7,0	 -13,7
*	    78,0437	 1	291,38	 40,31	 -14,4	  -8,4	  -2,3	  -2,1	  -6,9	 -13,5
*	    77,5262	 1	289,15	 39,85	 -14,2	  -8,3	  -2,2	  -2,0	  -6,7	 -13,4
*	    77,2136	 1	293,49	 41,89	 -14,1	  -8,2	  -2,1	  -1,9	  -6,7	 -13,3
*	    76,6372	 1	291,34	 41,38	 -14,0	  -8,0	  -1,9	  -1,7	  -6,5	 -13,1
*	    76,1115	 1	289,11	 40,92	 -13,8	  -7,9	  -1,8	  -1,6	  -6,3	 -13,0
*	    75,8482	 1	293,45	 43,01	 -13,8	  -7,8	  -1,7	  -1,5	  -6,3	 -12,9
*	    75,2628	 1	291,30	 42,51	 -13,6	  -7,6	  -1,5	  -1,3	  -6,1	 -12,7
*	    74,7289	 1	289,08	 42,04	 -13,5	  -7,5	  -1,4	  -1,2	  -6,0	 -12,6
*	    74,5163	 1	293,41	 44,17	 -13,4	  -7,4	  -1,3	  -1,1	  -5,9	 -12,5
*	    73,9220	 1	291,26	 43,67	 -13,2	  -7,3	  -1,2	  -0,9	  -5,7	 -12,3
*	    73,3797	 1	289,04	 43,21	 -13,1	  -7,1	  -1,0	  -0,8	  -5,6	 -12,2
*	    73,2196	 1	293,37	 45,38	 -13,0	  -7,0	  -1,0	  -0,7	  -5,5	 -12,1
*	    72,6161	 1	291,23	 44,88	 -12,8	  -6,9	  -0,8	  -0,6	  -5,3	 -12,0
*	    72,0655	 1	289,01	 44,42	 -12,7	  -6,7	  -0,6	  -0,4	  -5,2	 -11,8
*	    71,9596	 1	293,33	 46,64	 -12,6	  -6,7	  -0,6	  -0,4	  -5,1	 -11,7
*	    71,3470	 1	291,19	 46,15	 -12,5	  -6,5	  -0,4	  -0,2	  -5,0	 -11,6
*	    70,7878	 1	288,97	 45,68	 -12,3	  -6,3	  -0,2	  -0,0	  -4,8	 -11,4
*	    70,7379	 1	293,29	 47,95	 -12,3	  -6,3	  -0,2	   0,0	  -4,8	 -11,4
*	    70,1160	 1	291,15	 47,46	 -12,1	  -6,1	  -0,0	   0,2	  -4,6	 -11,2
*	    69,5483	 1	288,94	 47,00	 -11,9	  -6,0	   0,1	   0,4	  -4,4	 -11,0
s	    69,7587	 3	280,50	 86,89	  24,6	  24,8	  15,8	  13,5	   6,8	  12,8
s	    69,7803	 3	260,10	 86,89	  22,8	  29,3	  35,4	  33,3	  26,7	  19,4
*	    73,9379	 1	285,40	 41,48	  -4,2	  -3,4	 -11,1	 -10,8	 -15,8	  -9,2
*	    69,8865	 1	285,31	 45,22	  -3,0	  -2,2	  -9,9	  -9,6	 -14,6	  -8,0
*	    82,0696	 1	240,45	 41,47	 -15,5	  -9,5	  -3,4	  -3,2	  -8,0	 -14,7
*	    79,2485	 1	244,38	 41,35	 -14,7	  -8,8	  -2,7	  -2,5	  -7,3	 -13,9
*	    79,9366	 1	242,40	 41,92	 -14,9	  -9,0	  -2,9	  -2,7	  -7,4	 -14,1
*	    80,6716	 1	240,50	 42,52	 -15,1	  -9,2	  -3,1	  -2,9	  -7,6	 -14,3
*	    77,8604	 1	244,43	 42,43	 -14,4	  -8,4	  -2,3	  -2,1	  -6,9	 -13,5
*	    78,5589	 1	242,44	 42,99	 -14,6	  -8,6	  -2,5	  -2,3	  -7,1	 -13,7
*	    79,3047	 1	240,55	 43,59	 -14,8	  -8,8	  -2,7	  -2,5	  -7,3	 -13,9
*	    76,5047	 1	244,47	 43,55	 -14,0	  -8,0	  -1,9	  -1,7	  -6,5	 -13,1
*	    77,2136	 1	242,49	 44,12	 -14,2	  -8,2	  -2,1	  -1,9	  -6,7	 -13,3
*	    77,9705	 1	240,60	 44,70	 -14,4	  -8,4	  -2,3	  -2,1	  -6,9	 -13,6
*	    75,1828	 1	244,51	 44,71	 -13,6	  -7,7	  -1,6	  -1,3	  -6,1	 -12,8
*	    75,9023	 1	242,54	 45,28	 -13,8	  -7,9	  -1,8	  -1,5	  -6,3	 -13,0
*	    76,6702	 1	240,64	 45,87	 -14,0	  -8,1	  -2,0	  -1,8	  -6,5	 -13,2
*	    73,8961	 1	244,56	 45,92	 -13,3	  -7,3	  -1,2	  -1,0	  -5,8	 -12,4
*	    74,6262	 1	242,58	 46,49	 -13,5	  -7,5	  -1,4	  -1,2	  -6,0	 -12,6
*	    75,4053	 1	240,69	 47,08	 -13,7	  -7,7	  -1,6	  -1,4	  -6,2	 -12,8
*	    72,6461	 1	244,60	 47,18	 -12,9	  -6,9	  -0,8	  -0,6	  -5,4	 -12,0
*	    73,3869	 1	242,63	 47,75	 -13,1	  -7,1	  -1,0	  -0,8	  -5,6	 -12,2
*	    74,1772	 1	240,74	 48,32	 -13,3	  -7,4	  -1,3	  -1,1	  -5,8	 -12,5
*	    71,4345	 1	244,64	 48,49	 -12,5	  -6,6	  -0,5	  -0,3	  -5,0	 -11,6
*	    72,1860	 1	242,67	 49,04	 -12,8	  -6,8	  -0,7	  -0,5	  -5,2	 -11,9
*	    72,9874	 1	240,79	 49,62	 -13,0	  -7,0	  -0,9	  -0,7	  -5,5	 -12,1
*	    75,4593	 1	247,63	 42,82	  -4,6	  -3,9	 -11,6	 -11,3	 -16,2	  -9,7
*	    71,4820	 1	247,75	 46,56	  -3,5	  -2,7	 -10,4	 -10,1	 -15,1	  -8,5
*	    73,4266	 1	240,94	 57,53	 -15,4	  -8,4	  -1,0	  -0,5	  -5,4	 -12,0
*	    71,9626	 1	238,31	 57,08	 -15,0	  -8,0	  -0,6	  -0,1	  -5,0	 -11,6
*	    73,5367	 1	299,01	 57,48	 -15,4	  -8,4	  -1,1	  -0,5	  -5,4	 -12,0
*	    72,0783	 1	301,64	 57,04	 -15,0	  -8,0	  -0,7	  -0,1	  -5,0	 -11,6
s	    72,6148	 3	 56,60	 91,50	  22,6	  24,1	  16,9	  16,8	  11,5	  17,7
s	    72,6260	 3	122,80	 91,51	  23,1	  24,6	  17,4	  17,3	  12,0	  18,2
*	    72,8498	 1	296,41	 47,63	  -3,9	  -3,2	 -10,9	 -10,6	 -15,5	  -9,0
s	    72,9855	 3	 57,74	 91,52	  21,3	  29,1	  36,9	  37,1	  31,8	  24,8
*	    83,7650	 1	303,26	 42,78	 -16,0	 -10,0	  -3,9	  -3,7	  -8,5	 -15,2
*	    82,9264	 1	301,54	 42,15	 -15,8	  -9,8	  -3,7	  -3,5	  -8,3	 -15,0
*	    82,1317	 1	299,73	 41,52	 -15,6	  -9,6	  -3,5	  -3,3	  -8,1	 -14,8
*	    82,3913	 1	303,21	 43,83	 -15,6	  -9,7	  -3,6	  -3,4	  -8,2	 -14,8
*	    81,5408	 1	301,49	 43,19	 -15,4	  -9,4	  -3,4	  -3,1	  -7,9	 -14,6
*	    80,7345	 1	299,68	 42,57	 -15,2	  -9,2	  -3,1	  -2,9	  -7,7	 -14,4
*	    81,0492	 1	303,15	 44,90	 -15,3	  -9,3	  -3,2	  -3,0	  -7,8	 -14,5
*	    80,1865	 1	301,44	 44,27	 -15,1	  -9,1	  -3,0	  -2,8	  -7,6	 -14,2
*	    79,3686	 1	299,63	 43,64	 -14,8	  -8,9	  -2,8	  -2,6	  -7,4	 -14,0
*	    79,7398	 1	303,10	 46,01	 -14,9	  -9,0	  -2,9	  -2,7	  -7,4	 -14,1
*	    78,8650	 1	301,39	 45,38	 -14,7	  -8,7	  -2,6	  -2,4	  -7,2	 -13,9
*	    78,0352	 1	299,58	 44,75	 -14,5	  -8,5	  -2,4	  -2,2	  -7,0	 -13,6
*	    78,4645	 1	303,05	 47,17	 -14,6	  -8,6	  -2,5	  -2,3	  -7,1	 -13,8
*	    77,5774	 1	301,34	 46,53	 -14,3	  -8,4	  -2,3	  -2,1	  -6,9	 -13,5
*	    76,7358	 1	299,53	 45,92	 -14,1	  -8,1	  -2,1	  -1,8	  -6,6	 -13,3
*	    77,2247	 1	303,00	 48,37	 -14,2	  -8,3	  -2,2	  -2,0	  -6,8	 -13,4
*	    76,3253	 1	301,29	 47,74	 -14,0	  -8,0	  -1,9	  -1,7	  -6,5	 -13,1
*	    75,4718	 1	299,49	 47,13	 -13,8	  -7,8	  -1,7	  -1,5	  -6,3	 -12,9
*	    76,0219	 1	302,95	 49,61	 -13,9	  -7,9	  -1,8	  -1,6	  -6,4	 -13,1
*	    75,1101	 1	301,24	 48,99	 -13,7	  -7,7	  -1,6	  -1,4	  -6,2	 -12,8
*	    74,2447	 1	299,44	 48,37	 -13,4	  -7,4	  -1,3	  -1,1	  -5,9	 -12,5
*	    74,8573	 1	302,90	 50,89	 -13,6	  -7,6	  -1,5	  -1,3	  -6,1	 -12,7
*	    73,9333	 1	301,19	 50,28	 -13,3	  -7,3	  -1,3	  -1,0	  -5,8	 -12,4
*	    73,0558	 1	299,39	 49,67	 -13,1	  -7,1	  -1,0	  -0,8	  -5,6	 -12,2
s	    73,0794	 3	121,68	 91,54	  24,3	  19,6	  -2,7	  -3,0	  -8,4	  11,0
s	    73,9530	 3	101,10	 91,87	  21,2	  29,0	  36,8	  37,0	  31,7	  24,7
s	    73,9721	 3	 78,21	 91,87	  24,2	  19,5	  -2,8	  -3,1	  -8,5	  10,9
s	    74,0682	 3	 79,35	 91,88	  22,9	  24,5	  17,3	  17,2	  11,9	  18,0
s	    74,1325	 3	 99,97	 91,88	  22,4	  24,0	  16,8	  16,7	  11,3	  17,5
*	    75,3518	 1	237,89	 49,44	  -4,6	  -3,9	 -11,6	 -11,2	 -16,2	  -9,7
s	   100,5935	 3	 90,00	 13,30	  21,2	  22,2	  -3,9	  -3,5	   8,6	   9,5
s	   124,7047	 3	356,61	 67,50	  19,1	  23,4	  14,4	  14,8	  18,4	  15,3
s	   124,8062	 3	182,78	 67,54	  20,1	  13,0	 -24,9	 -24,6	 -21,2	   2,1
#END
