#HEADER
CATT-Acoustic v8.0b    Copyright © CATT 1988-2003

 Project                : Auditorio

 GEOMETRICAL INFORMATION
 Src id and loc     [m] :   A0           0,700        4,000        1,400
 Rec id and loc     [m] :   01           3,000        3,800        1,500

 01        6,7308

 VARIABLE SOURCE DATA
 Directivity
   Type (library)       :  OMNI.SD0
   Dir. Index (DI) [dB] :       0,0      0,0      0,0      0,0      0,0      0,0
 Level
   On axis 1m      [dB] :      85,0     88,0     91,0     94,0     97,0    100,0
   Total power     [dB] :      95,9     98,9    101,9    104,9    107,9    110,9
   Auxiliary delay [ms] :       0,0

 VARIABLE AIR DATA
 Temperature       [°C] :      20
 Relative humidity  [%] :      50
 Density        [kg/m³] :       1,2
 Sound speed      [m/s] :     343
 Impedance      [Ns/m³] :     412
 Diss. coeff. [0.001/m] :      0,10     0,30     0,63     1,07     2,28     6,83      (estimated)

#DATAFIELDS
 TYPE DELAY ORDER AZIMUTH ELEVATION SPL125 SPL250 SPL500 SPL1K SPL2K SPL4K
#DATA
d	     0,0000	 0	 90,00	 90,00	  77,7	  80,7	  83,7	  86,7	  89,7	  92,7
*	     1,8214	 1	102,73	107,90	  55,0	  57,6	  60,6	  64,9	  69,7	  72,7
*	     1,3906	 1	 91,61	107,99	  57,3	  59,9	  62,9	  67,2	  72,0	  75,0
*	     1,7030	 1	 80,73	107,46	  56,0	  58,7	  61,6	  65,9	  70,8	  73,7
*	     2,6598	 1	 70,79	106,45	  52,2	  54,9	  57,8	  62,1	  67,0	  69,9
*	     4,0165	 1	 62,18	105,19	  47,9	  50,5	  53,5	  57,8	  62,6	  65,6
s	     3,8395	 1	 90,00	 37,03	  71,0	  73,4	  74,9	  76,9	  76,9	  78,6
*	    44,3280	 1	253,37	 82,21	  27,2	  29,6	  31,1	  33,1	  33,0	  34,4
*	    41,7107	 1	268,76	 81,62	  28,6	  31,0	  32,5	  34,5	  34,4	  35,8
*	    41,9460	 1	285,07	 81,65	  28,5	  30,9	  32,4	  34,4	  34,3	  35,7
*	    44,9868	 1	299,93	 82,24	  26,8	  29,2	  30,7	  32,7	  32,6	  34,0
*	    33,6326	 1	245,92	 78,94	  33,4	  35,8	  37,3	  39,3	  39,3	  40,7
*	    30,2361	 1	266,29	 77,45	  35,8	  38,2	  39,7	  41,7	  41,7	  43,2
*	    30,5552	 1	289,01	 77,61	  35,6	  38,0	  39,5	  41,5	  41,4	  42,9
*	    34,4801	 1	308,10	 79,18	  32,8	  35,2	  36,7	  38,7	  38,6	  40,1
*	    23,8232	 1	232,07	 73,55	  40,8	  43,2	  44,7	  46,8	  46,7	  48,2
*	    19,0880	 1	260,63	 68,54	  45,6	  48,0	  49,5	  51,5	  51,5	  53,0
*	    19,5731	 1	297,67	 69,37	  45,0	  47,4	  48,9	  50,9	  50,9	  52,4
*	    24,9574	 1	322,48	 74,50	  39,7	  42,1	  43,6	  45,6	  45,6	  47,1
*	    16,1689	 1	204,35	 66,31	  48,3	  50,7	  52,2	  54,2	  54,2	  55,8
*	     9,2041	 1	236,97	 43,67	  58,9	  61,3	  62,9	  64,9	  64,8	  66,5
*	    10,0443	 1	326,94	 50,54	  57,1	  59,5	  61,0	  63,0	  63,0	  64,6
*	    13,1275	 1	164,53	 65,06	  51,6	  54,0	  55,5	  57,6	  57,5	  59,1
*	     4,9643	 1	131,40	 42,85	  65,4	  67,8	  69,4	  71,4	  71,4	  73,0
*	     5,8284	 1	 44,56	 49,34	  63,5	  65,9	  67,5	  69,5	  69,5	  71,1
*	    14,6346	 1	 22,54	 67,74	  49,7	  52,1	  53,6	  55,6	  55,6	  57,2
s	     4,0659	 1	 91,88	 89,07	  73,4	  76,3	  79,3	  82,3	  85,3	  88,2
*	    19,7674	 1	146,28	100,15	  38,6	  41,4	  44,1	  47,8	  50,4	  53,2
*	    19,2063	 1	146,72	 88,16	  39,2	  41,9	  44,7	  48,3	  51,0	  53,8
*	    20,0155	 1	147,16	 76,21	  38,3	  41,1	  43,9	  47,5	  50,2	  52,9
*	    14,7756	 1	137,30	101,89	  44,2	  47,0	  49,7	  53,4	  56,0	  58,8
*	    14,0761	 1	137,76	 87,77	  45,1	  47,8	  50,6	  54,3	  56,9	  59,7
*	    15,0920	 1	138,22	 73,71	  43,8	  46,5	  49,3	  53,0	  55,6	  58,4
*	    10,3365	 1	124,80	103,83	  50,7	  53,4	  56,2	  59,9	  62,5	  65,4
*	     9,4204	 1	125,22	 87,31	  52,3	  55,0	  57,8	  61,5	  64,1	  67,0
*	    10,7646	 1	125,65	 70,89	  49,9	  52,7	  55,5	  59,1	  61,8	  64,6
*	     6,9473	 1	108,23	105,37	  57,8	  60,5	  63,3	  67,0	  69,6	  72,5
*	     5,6479	 1	108,48	 86,90	  61,3	  64,1	  66,9	  70,5	  73,2	  76,1
*	     7,5612	 1	108,75	 68,57	  56,1	  58,9	  61,7	  65,3	  68,0	  70,8
*	     6,5612	 1	 89,11	 68,04	  58,8	  61,5	  64,3	  68,0	  70,6	  73,5
*	     8,4812	 1	 70,71	 69,65	  54,4	  57,2	  59,9	  63,6	  66,3	  69,1
*	    11,8524	 1	 57,10	102,41	  48,5	  51,3	  54,0	  57,7	  60,3	  63,2
*	    11,0138	 1	 56,74	 87,32	  49,8	  52,6	  55,4	  59,0	  61,7	  64,5
*	    12,2485	 1	 56,37	 72,31	  47,8	  50,6	  53,4	  57,0	  59,7	  62,5
*	    16,6048	 1	 46,84	100,49	  42,1	  44,9	  47,7	  51,3	  54,0	  56,8
*	    15,9596	 1	 46,46	 87,69	  42,9	  45,6	  48,4	  52,1	  54,7	  57,5
*	    16,9010	 1	 46,07	 74,94	  41,8	  44,5	  47,3	  51,0	  53,6	  56,4
*	     5,6112	 1	106,98	 82,18	  57,2	  60,2	  63,2	  66,2	  69,2	  72,1
*	     5,4751	 1	 78,57	 82,23	  58,2	  61,2	  64,2	  67,2	  70,2	  73,1
s	     4,7460	 2	 91,85	107,40	  71,5	  74,1	  77,3	  80,1	  83,6	  86,5
*	    15,7961	 1	137,22	108,44	  47,3	  50,3	  53,3	  56,2	  59,2	  62,0
*	     8,6405	 1	108,85	113,51	  58,3	  61,3	  64,3	  67,3	  70,2	  73,1
*	     9,2171	 1	 72,47	112,38	  57,4	  60,4	  63,4	  66,3	  69,3	  72,2
*	    13,2728	 1	164,48	116,28	  50,2	  53,2	  56,2	  59,1	  62,1	  65,0
*	     5,2097	 1	131,05	138,61	  63,7	  66,7	  69,6	  72,6	  75,6	  78,5
*	     6,0566	 1	 44,30	131,53	  61,9	  64,9	  67,8	  70,8	  73,8	  76,7
*	    14,7697	 1	 22,47	112,70	  48,3	  51,3	  54,3	  57,2	  60,2	  63,1
*	    16,6778	 1	204,44	117,77	  46,5	  49,5	  52,4	  55,4	  58,4	  61,2
*	     9,9860	 1	237,40	141,24	  56,2	  59,2	  62,1	  65,1	  68,1	  71,0
*	    10,7639	 1	327,15	133,79	  54,6	  57,6	  60,5	  63,5	  66,5	  69,4
*	     5,5295	 1	321,77	 78,18	  46,7	  49,3	  52,3	  56,6	  61,4	  64,3
*	     5,7847	 1	311,67	132,65	  41,2	  43,9	  46,8	  51,1	  56,0	  58,9
*	     6,5693	 1	220,81	 80,13	  48,4	  51,1	  54,0	  58,3	  63,2	  66,1
*	     6,7702	 1	224,28	126,23	  48,7	  51,3	  54,3	  58,6	  63,4	  66,3
s	     6,7968	 2	 91,94	 50,44	  70,4	  72,8	  74,4	  76,4	  76,4	  78,0
s	     6,8224	 2	 90,00	 27,27	  67,2	  69,3	  71,1	  71,8	  70,3	  72,0
*	     6,9573	 1	 66,11	118,31	  38,5	  41,5	  44,5	  47,5	  50,4	  53,3
s	     6,9744	 2	 91,82	125,57	  69,7	  72,4	  75,2	  78,8	  81,5	  84,4
*	    32,2516	 1	286,39	 89,76	  10,9	  13,5	  16,4	  20,7	  25,5	  28,2
*	    32,9997	 1	292,59	 89,73	  10,3	  13,0	  15,9	  20,2	  25,0	  27,7
*	    34,0730	 1	298,41	 89,72	   9,6	  12,2	  15,2	  19,4	  24,2	  27,0
*	    28,6303	 1	287,84	 89,40	  13,5	  16,1	  19,0	  23,3	  28,1	  30,9
*	    30,6394	 1	301,08	 89,41	  11,9	  14,6	  17,5	  21,8	  26,6	  29,3
*	    25,0244	 1	289,70	 88,97	  16,4	  19,0	  21,9	  26,2	  31,1	  33,8
*	    25,9519	 1	297,43	 88,98	  15,6	  18,2	  21,1	  25,4	  30,2	  33,0
*	    27,2622	 1	304,38	 89,01	  14,5	  17,1	  20,0	  24,3	  29,1	  31,9
*	    21,4410	 1	292,16	 88,38	  19,7	  22,3	  25,2	  29,5	  34,3	  37,1
*	    22,4937	 1	300,91	 88,44	  18,6	  21,2	  24,1	  28,4	  33,3	  36,1
*	    23,9622	 1	308,54	 88,52	  17,2	  19,8	  22,7	  27,1	  31,9	  34,6
*	    17,8923	 1	295,58	 87,57	  23,4	  26,0	  28,9	  33,2	  38,0	  40,9
*	    19,1070	 1	305,56	 87,73	  21,9	  24,5	  27,5	  31,8	  36,6	  39,4
*	    20,7704	 1	313,85	 87,91	  20,1	  22,7	  25,7	  30,0	  34,8	  37,6
*	    14,4011	 1	300,56	 86,42	  27,6	  30,3	  33,2	  37,5	  42,3	  45,2
*	    15,8305	 1	311,95	 86,78	  25,6	  28,2	  31,2	  35,5	  40,3	  43,2
*	    17,7343	 1	320,74	 87,14	  23,2	  25,9	  28,8	  33,1	  37,9	  40,8
*	    12,7319	 1	321,02	 85,51	  29,6	  32,3	  35,2	  39,5	  44,3	  47,2
*	    14,9257	 1	329,72	 86,21	  26,5	  29,1	  32,0	  36,3	  41,1	  44,0
*	     7,8376	 1	321,63	 81,96	  38,3	  40,9	  43,8	  48,1	  53,0	  55,9
*	     9,9304	 1	334,00	 83,89	  33,8	  36,4	  39,3	  43,7	  48,5	  51,4
*	    13,7148	 1	199,80	105,61	  35,7	  38,3	  41,2	  45,5	  50,4	  53,2
*	    10,5735	 1	204,84	110,29	  40,5	  43,1	  46,0	  50,3	  55,2	  58,1
*	     7,8487	 1	214,59	118,17	  45,8	  48,4	  51,4	  55,7	  60,5	  63,4
*	    10,9269	 1	233,74	112,90	  40,5	  43,2	  46,1	  50,4	  55,2	  58,1
*	    14,4289	 1	244,70	108,54	  35,5	  38,1	  41,0	  45,3	  50,1	  53,0
*	    18,1458	 1	251,35	105,46	  30,9	  33,6	  36,5	  40,8	  45,6	  48,5
*	    21,9804	 1	255,69	103,28	  27,0	  29,6	  32,6	  36,9	  41,7	  44,5
*	    25,8849	 1	258,72	101,69	  23,5	  26,2	  29,1	  33,4	  38,2	  41,0
*	    29,8342	 1	260,94	100,49	  20,5	  23,1	  26,0	  30,3	  35,1	  37,8
*	     7,9729	 1	317,27	119,01	  36,0	  39,0	  42,0	  45,0	  47,8	  50,7
*	     8,0911	 1	318,77	118,41	  42,9	  45,9	  48,9	  51,9	  54,8	  57,7
*	     8,2268	 1	 51,28	101,98	  43,7	  46,4	  49,3	  53,6	  58,4	  61,3
*	     8,3799	 1	283,58	117,61	  29,1	  30,8	  31,7	  35,3	  38,7	  41,6
*	     8,4294	 1	224,92	117,87	  41,8	  44,8	  47,8	  50,8	  53,7	  56,6
*	     8,5593	 1	260,62	117,21	  42,1	  43,7	  44,6	  48,2	  51,7	  54,6
*	     8,6496	 1	226,41	117,41	  38,1	  41,1	  44,1	  47,1	  50,0	  52,9
*	     8,6510	 1	316,31	146,74	  31,4	  34,4	  37,4	  40,4	  43,3	  46,2
*	     8,6626	 1	341,36	113,15	  35,4	  38,0	  41,0	  45,3	  50,1	  53,0
*	     8,7726	 1	319,56	145,33	  40,5	  43,5	  46,4	  49,4	  52,3	  55,2
*	     9,3496	 1	 15,66	105,71	  36,2	  38,8	  41,8	  46,1	  50,9	  53,8
*	     8,9580	 1	 24,09	104,79	  36,8	  39,4	  42,3	  46,7	  51,5	  54,4
*	     8,8202	 1	 31,73	103,68	  37,0	  39,6	  42,6	  46,9	  51,7	  54,6
*	     8,9412	 1	 38,47	102,49	  36,9	  39,6	  42,5	  46,8	  51,6	  54,5
*	     9,3242	 1	 44,30	101,33	  36,5	  39,1	  42,1	  46,4	  51,2	  54,1
*	    32,8473	 1	291,37	 98,03	  20,0	  22,6	  25,5	  29,8	  34,6	  37,3
*	    30,6994	 1	292,54	 98,40	  21,4	  24,1	  27,0	  31,3	  36,1	  38,8
*	    28,5618	 1	293,89	 98,82	  23,0	  25,6	  28,6	  32,9	  37,7	  40,4
*	    26,4365	 1	295,43	 99,30	  24,7	  27,3	  30,2	  34,5	  39,3	  42,1
*	    22,2358	 1	299,40	100,49	  28,3	  31,0	  33,9	  38,2	  43,0	  45,8
*	    20,1694	 1	301,96	101,24	  30,3	  33,0	  35,9	  40,2	  45,0	  47,8
*	    18,1347	 1	305,09	102,11	  32,5	  35,1	  38,1	  42,4	  47,2	  50,0
*	    16,1419	 1	308,93	103,12	  34,8	  37,4	  40,3	  44,6	  49,5	  52,3
*	    14,2053	 1	313,71	104,29	  37,2	  39,8	  42,7	  47,1	  51,9	  54,7
*	    12,3457	 1	319,76	105,61	  39,7	  42,3	  45,3	  49,6	  54,4	  57,3
*	    10,5927	 1	327,42	107,03	  42,3	  44,9	  47,9	  52,2	  57,0	  59,9
*	     8,9869	 1	337,06	108,38	  44,9	  47,5	  50,4	  54,8	  59,6	  62,5
*	     9,0284	 1	260,55	124,98	  34,9	  36,5	  37,5	  41,0	  44,5	  47,4
*	    11,6371	 1	264,38	117,84	  30,4	  32,0	  32,9	  36,5	  40,0	  42,8
*	     9,2201	 1	283,75	129,81	  40,5	  42,1	  43,0	  46,6	  50,0	  52,9
*	     9,2921	 1	295,43	126,93	  41,0	  42,6	  43,6	  47,2	  50,6	  53,5
*	    11,8498	 1	290,13	119,87	  36,8	  38,4	  39,3	  42,9	  46,3	  49,2
*	     9,3200	 1	223,52	142,66	  39,4	  42,4	  45,4	  48,4	  51,2	  54,1
*	     9,6456	 1	 21,46	123,26	  38,0	  41,0	  44,0	  47,0	  49,9	  52,7
*	     9,7616	 1	306,82	115,27	  42,5	  45,2	  48,1	  52,4	  57,3	  60,1
*	    11,5173	 1	323,29	110,22	  39,2	  41,9	  44,8	  49,1	  53,9	  56,8
*	    13,4808	 1	297,44	109,57	  36,7	  39,4	  42,3	  46,6	  51,4	  54,3
*	    14,8993	 1	311,77	107,06	  34,6	  37,2	  40,2	  44,5	  49,3	  52,2
*	    17,3514	 1	292,20	105,94	  31,8	  34,4	  37,4	  41,7	  46,5	  49,4
*	    18,5275	 1	304,25	104,57	  30,4	  33,0	  36,0	  40,3	  45,1	  47,9
*	    21,2977	 1	288,90	103,52	  27,6	  30,3	  33,2	  37,5	  42,3	  45,1
*	    22,2978	 1	299,12	102,70	  26,6	  29,2	  32,2	  36,5	  41,3	  44,1
*	    25,2866	 1	286,64	101,82	  24,0	  26,6	  29,6	  33,9	  38,7	  41,5
*	    26,1550	 1	295,45	101,28	  23,3	  25,9	  28,8	  33,1	  37,9	  40,7
*	    29,3017	 1	285,01	100,56	  20,8	  23,4	  26,4	  30,7	  35,5	  38,2
*	    30,0685	 1	292,72	100,18	  20,2	  22,9	  25,8	  30,1	  34,9	  37,6
*	    12,7329	 1	256,89	118,26	  35,5	  37,1	  38,0	  41,6	  45,0	  47,9
*	    10,1947	 1	251,24	124,36	  39,5	  41,1	  42,0	  45,6	  49,1	  51,9
*	    10,4723	 1	205,07	110,49	  32,4	  35,0	  37,9	  42,2	  47,1	  50,0
*	    34,4714	 1	251,27	 89,90	   9,4	  12,0	  14,9	  19,2	  24,0	  26,7
*	    33,2988	 1	257,05	 89,86	  10,2	  12,8	  15,7	  20,0	  24,8	  27,5
*	    32,4458	 1	263,24	 89,84	  10,7	  13,4	  16,3	  20,6	  25,4	  28,1
*	    31,0704	 1	248,57	 89,59	  11,7	  14,3	  17,2	  21,5	  26,3	  29,1
*	    29,7836	 1	254,89	 89,55	  12,6	  15,2	  18,2	  22,5	  27,3	  30,0
*	    28,8418	 1	261,76	 89,51	  13,3	  16,0	  18,9	  23,2	  28,0	  30,8
*	    26,3073	 1	252,16	 89,15	  15,3	  17,9	  20,9	  25,2	  30,0	  32,8
*	    25,2567	 1	259,86	 89,07	  16,2	  18,8	  21,8	  26,1	  30,9	  33,7
*	    24,4762	 1	241,05	 88,77	  16,8	  19,4	  22,4	  26,7	  31,5	  34,3
*	    22,8858	 1	248,63	 88,63	  18,3	  20,9	  23,8	  28,1	  33,0	  35,8
*	    21,6987	 1	257,34	 88,51	  19,4	  22,1	  25,0	  29,3	  34,1	  36,9
*	    21,3377	 1	235,72	 88,19	  19,7	  22,3	  25,2	  29,5	  34,3	  37,1
*	    19,5436	 1	243,94	 87,95	  21,6	  24,2	  27,1	  31,4	  36,2	  39,1
*	    18,1815	 1	253,85	 87,73	  23,1	  25,7	  28,7	  33,0	  37,8	  40,6
*	    18,3651	 1	228,82	 87,47	  22,7	  25,3	  28,2	  32,5	  37,3	  40,2
*	    16,3221	 1	237,50	 87,05	  25,1	  27,8	  30,7	  35,0	  39,8	  42,7
*	    14,7305	 1	248,77	 86,62	  27,3	  29,9	  32,9	  37,2	  42,0	  44,8
*	    15,6324	 1	219,87	 86,59	  25,7	  28,4	  31,3	  35,6	  40,4	  43,3
*	    13,2923	 1	228,42	 85,85	  29,0	  31,6	  34,6	  38,9	  43,7	  46,6
*	    11,3961	 1	240,84	 84,95	  32,1	  34,8	  37,7	  42,0	  46,8	  49,7
*	    13,2458	 1	208,43	 85,60	  28,7	  31,3	  34,2	  38,5	  43,4	  46,2
*	    10,5769	 1	215,50	 84,32	  32,9	  35,6	  38,5	  42,8	  47,7	  50,5
*	    10,6840	 1	  6,49	124,41	  49,5	  52,5	  55,5	  58,5	  61,4	  64,3
*	    10,8821	 1	  2,74	124,81	  47,9	  50,9	  53,9	  56,9	  59,8	  62,7
*	    10,9000	 1	 12,25	122,21	  48,9	  51,9	  54,9	  57,9	  60,8	  63,7
*	    11,1967	 1	 19,05	119,68	  37,0	  40,0	  43,0	  46,0	  48,9	  51,7
s	    11,4520	 2	 90,00	155,81	  66,2	  68,6	  70,1	  72,1	  72,1	  73,7
*	    11,4615	 1	215,05	106,15	  43,3	  46,0	  48,9	  53,2	  58,1	  60,9
*	    13,0321	 1	223,07	105,13	  41,1	  43,8	  46,7	  51,0	  55,8	  58,7
*	    14,7360	 1	229,65	104,07	  38,9	  41,5	  44,5	  48,8	  53,6	  56,5
*	    16,5410	 1	235,02	103,06	  36,7	  39,3	  42,3	  46,6	  51,4	  54,3
*	    18,4227	 1	239,41	102,14	  34,6	  37,2	  40,2	  44,5	  49,3	  52,1
*	    20,3629	 1	243,01	101,33	  32,6	  35,2	  38,1	  42,4	  47,3	  50,1
*	    22,3484	 1	246,03	100,62	  30,7	  33,3	  36,2	  40,5	  45,3	  48,1
*	    24,3694	 1	248,55	100,00	  28,8	  31,5	  34,4	  38,7	  43,5	  46,3
*	    26,4187	 1	250,70	 99,46	  27,1	  29,7	  32,7	  37,0	  41,8	  44,5
*	    28,4908	 1	252,54	 98,98	  25,5	  28,1	  31,0	  35,3	  40,1	  42,9
*	    30,5815	 1	254,13	 98,55	  23,9	  26,6	  29,5	  33,8	  38,6	  41,3
*	    32,6876	 1	255,52	 98,18	  22,5	  25,1	  28,0	  32,3	  37,1	  39,8
*	    11,8332	 1	 14,38	119,37	  42,2	  45,2	  48,1	  51,1	  54,1	  56,9
*	    11,8708	 1	265,01	110,42	  22,9	  24,5	  25,4	  29,0	  32,4	  35,3
*	    12,4276	 1	343,32	106,62	  36,4	  39,4	  42,4	  45,3	  48,2	  51,1
*	    12,6370	 1	343,73	106,33	  34,0	  37,0	  40,0	  43,0	  45,9	  48,8
s	    12,8277	 3	 92,01	 31,01	  65,6	  67,8	  69,1	  71,8	  71,4	  73,0
s	    13,3161	 3	 91,76	144,95	  65,4	  67,6	  68,9	  71,6	  71,2	  72,8
*	    13,8811	 1	279,93	107,76	  19,9	  21,5	  22,4	  26,0	  29,4	  32,3
*	    14,1225	 1	266,70	107,58	  36,3	  37,9	  38,9	  42,5	  45,9	  48,7
*	    14,5062	 1	286,99	114,98	  33,0	  34,6	  35,5	  39,1	  42,5	  45,4
*	    17,2186	 1	284,91	111,50	  29,6	  31,2	  32,1	  35,7	  39,2	  42,0
s	    14,8490	 3	 90,00	159,36	  63,1	  65,2	  67,0	  67,7	  66,2	  67,8
*	    15,4777	 1	260,54	113,77	  31,7	  33,4	  34,3	  37,9	  41,3	  44,1
*	    15,9066	 1	200,25	118,39	  29,7	  32,7	  35,7	  38,7	  41,6	  44,4
*	    16,1298	 1	201,79	118,25	  34,5	  37,5	  40,5	  43,5	  46,4	  49,2
s	    16,9571	 1	168,52	 90,21	  64,0	  66,4	  70,4	  73,8	  76,7	  79,7
*	    18,0060	 1	163,59	 74,18	  42,4	  45,2	  48,0	  51,6	  54,3	  57,0
*	    17,3880	 1	163,31	 80,70	  43,1	  45,8	  48,6	  52,3	  54,9	  57,7
*	    17,0947	 1	163,03	 87,44	  43,4	  46,2	  48,9	  52,6	  55,2	  58,0
*	    17,1381	 1	162,74	 94,23	  43,4	  46,1	  48,9	  52,5	  55,2	  58,0
*	    17,2773	 1	169,92	 80,63	  43,2	  46,0	  48,8	  52,4	  55,0	  57,8
*	    17,4763	 1	176,95	 80,70	  43,0	  45,8	  48,6	  52,2	  54,9	  57,7
*	    17,9813	 1	184,25	 80,93	  42,6	  45,3	  48,1	  51,8	  54,4	  57,2
*	    18,7803	 1	191,55	 81,29	  41,8	  44,6	  47,3	  51,0	  53,6	  56,4
*	    20,4213	 1	198,95	 74,97	  40,2	  43,0	  45,8	  49,4	  52,0	  54,8
*	    19,8537	 1	198,65	 81,78	  40,8	  43,5	  46,3	  50,0	  52,6	  55,4
*	    19,5873	 1	198,36	 88,86	  41,1	  43,8	  46,6	  50,2	  52,9	  55,6
*	    19,6318	 1	198,07	 95,99	  41,0	  43,8	  46,5	  50,2	  52,8	  55,6
*	    39,6730	 1	241,62	 91,09	  26,3	  29,0	  31,8	  35,4	  38,0	  40,7
*	    39,6982	 1	241,54	 95,13	  26,2	  29,0	  31,8	  35,4	  38,0	  40,6
*	    20,4752	 1	197,86	107,78	  41,1	  43,5	  47,4	  50,8	  53,8	  56,8
*	    17,9758	 1	162,61	105,57	  43,4	  45,8	  49,8	  53,1	  56,1	  59,1
*	    18,5026	 1	155,23	104,34	  42,9	  45,3	  49,2	  52,6	  55,6	  58,6
*	    19,4727	 1	148,79	103,06	  41,9	  44,4	  48,3	  51,7	  54,6	  57,6
*	    19,5748	 1	192,33	107,41	  41,1	  43,6	  47,5	  50,9	  53,8	  56,8
*	    18,9569	 1	192,68	 99,57	  41,8	  44,2	  48,1	  51,5	  54,5	  57,5
*	    18,7416	 1	193,03	 91,37	  42,0	  44,4	  48,4	  51,7	  54,7	  57,7
*	    18,9401	 1	193,37	 83,15	  41,8	  44,2	  48,2	  51,5	  54,5	  57,5
*	    18,6187	 1	184,00	107,22	  42,0	  44,5	  48,4	  51,8	  54,7	  57,7
*	    17,9812	 1	184,36	 99,31	  42,7	  45,1	  49,1	  52,5	  55,4	  58,4
*	    17,7596	 1	184,72	 91,03	  42,9	  45,4	  49,3	  52,7	  55,7	  58,7
*	    17,9659	 1	185,08	 82,72	  42,7	  45,2	  49,1	  52,5	  55,4	  58,5
*	    18,0319	 1	175,72	106,68	  42,6	  45,0	  48,9	  52,3	  55,3	  58,3
*	    17,3833	 1	176,08	 98,85	  43,3	  45,7	  49,6	  53,0	  56,0	  59,0
*	    17,1586	 1	176,44	 90,66	  43,5	  46,0	  49,9	  53,3	  56,2	  59,3
*	    17,3702	 1	176,79	 82,45	  43,3	  45,7	  49,7	  53,0	  56,0	  59,0
*	    17,8323	 1	167,81	105,86	  42,7	  45,2	  49,1	  52,5	  55,5	  58,5
*	    17,1815	 1	168,15	 98,24	  43,5	  45,9	  49,8	  53,2	  56,2	  59,2
*	    16,9572	 1	168,49	 90,30	  43,7	  46,1	  50,1	  53,5	  56,4	  59,4
*	    17,1713	 1	168,83	 82,33	  43,5	  45,9	  49,8	  53,2	  56,2	  59,2
*	    17,7272	 1	155,99	 96,14	  41,9	  45,0	  47,8	  50,9	  53,8	  56,7
*	    18,1395	 1	156,73	 77,72	  41,5	  44,5	  47,4	  50,4	  53,3	  56,2
*	    18,2381	 1	178,83	 73,25	  38,4	  41,5	  44,3	  47,4	  50,3	  53,1
*	    22,2934	 1	209,76	 98,78	  37,8	  40,8	  43,7	  46,7	  49,6	  52,4
*	    22,6124	 1	210,48	 79,77	  37,5	  40,5	  43,4	  46,4	  49,3	  52,1
*	    26,7579	 1	222,81	 98,23	  34,1	  37,1	  39,9	  43,0	  45,9	  48,7
*	    31,9487	 1	232,41	 97,63	  30,3	  33,3	  36,2	  39,2	  42,1	  44,8
*	    37,5639	 1	239,37	 97,02	  26,7	  29,7	  32,6	  35,6	  38,5	  41,2
*	    43,5617	 1	244,64	 96,49	  23,3	  26,4	  29,2	  32,2	  35,1	  37,8
*	    17,1142	 1	 27,86	 82,34	  35,0	  38,3	  41,3	  46,1	  50,4	  53,2
*	    17,1808	 1	268,13	109,69	  22,9	  24,5	  25,4	  29,0	  32,4	  35,3
*	    17,5346	 1	268,39	104,65	  15,3	  16,9	  17,8	  21,4	  24,8	  27,6
*	    17,7934	 1	 26,29	 93,82	  16,8	  20,1	  23,1	  27,9	  32,2	  35,0
*	    17,6895	 1	 22,40	 94,09	  16,8	  20,2	  23,2	  28,0	  32,3	  35,1
*	    17,7132	 1	 18,33	 94,35	  16,8	  20,1	  23,2	  28,0	  32,2	  35,1
*	    17,8639	 1	 14,13	 94,60	  16,7	  20,0	  23,0	  27,8	  32,1	  34,9
*	    18,0467	 1	 26,47	 98,42	  23,0	  26,3	  29,4	  34,1	  38,4	  41,2
*	    17,9439	 1	 22,59	 98,81	  23,1	  26,4	  29,5	  34,2	  38,5	  41,3
*	    17,9677	 1	 18,53	 99,16	  23,0	  26,4	  29,4	  34,2	  38,5	  41,3
*	    18,1173	 1	 14,33	 99,47	  22,9	  26,2	  29,3	  34,0	  38,3	  41,1
*	    19,5327	 1	 40,19	 92,71	  15,1	  18,4	  21,5	  26,3	  30,5	  33,4
*	    18,9252	 1	 37,16	 92,97	  15,7	  19,0	  22,1	  26,8	  31,1	  33,9
*	    18,4334	 1	 33,91	 93,24	  16,2	  19,5	  22,5	  27,3	  31,6	  34,4
*	    18,0623	 1	 30,45	 93,50	  16,5	  19,8	  22,9	  27,7	  31,9	  34,8
*	    18,2978	 1	 25,56	 86,20	  14,2	  17,6	  20,6	  25,4	  29,6	  32,5
*	    18,1947	 1	 21,72	 86,30	  14,3	  17,6	  20,7	  25,5	  29,7	  32,6
*	    18,2169	 1	 17,72	 86,40	  14,3	  17,6	  20,7	  25,4	  29,7	  32,5
*	    18,3640	 1	 13,58	 86,54	  14,1	  17,5	  20,5	  25,3	  29,5	  32,4
*	    19,7705	 1	 40,32	 96,78	  21,4	  24,7	  27,8	  32,5	  36,8	  39,6
*	    19,1682	 1	 37,31	 97,16	  22,0	  25,3	  28,3	  33,1	  37,4	  40,2
*	    18,6807	 1	 34,07	 97,58	  22,4	  25,7	  28,8	  33,6	  37,8	  40,6
*	    18,3130	 1	 30,62	 97,98	  22,8	  26,1	  29,1	  33,9	  38,2	  41,0
s	    18,3201	 2	169,39	 70,53	  63,5	  65,7	  67,0	  69,7	  69,3	  70,9
*	    18,4491	 1	 25,42	 82,72	  20,4	  23,7	  26,8	  31,6	  35,8	  38,7
*	    18,3460	 1	 21,57	 82,72	  20,5	  23,8	  26,9	  31,6	  35,9	  38,7
*	    18,3676	 1	 17,57	 82,77	  20,5	  23,8	  26,8	  31,6	  35,9	  38,7
*	    18,5134	 1	 13,42	 82,85	  20,3	  23,6	  26,7	  31,5	  35,7	  38,6
*	    18,4769	 1	 26,66	102,94	  26,2	  29,5	  32,6	  37,4	  41,6	  44,5
*	    18,3757	 1	 22,78	103,41	  26,3	  29,6	  32,7	  37,5	  41,7	  44,6
*	    18,3991	 1	 18,73	103,85	  26,3	  29,6	  32,6	  37,4	  41,7	  44,5
*	    18,5466	 1	 14,54	104,23	  26,1	  29,4	  32,5	  37,3	  41,5	  44,4
s	    18,4164	 2	167,69	109,12	  64,0	  66,4	  70,3	  73,7	  76,7	  79,7
s	    18,4164	 2	159,58	 89,80	  64,2	  67,0	  69,6	  73,3	  75,9	  78,7
*	    20,0113	 1	 39,36	 86,02	  12,6	  16,0	  19,0	  23,8	  28,1	  30,9
*	    19,4131	 1	 36,34	 86,04	  13,2	  16,5	  19,6	  24,3	  28,6	  31,4
*	    18,9288	 1	 33,10	 86,08	  13,7	  17,0	  20,0	  24,8	  29,1	  31,9
*	    18,5632	 1	 29,67	 86,12	  14,0	  17,3	  20,4	  25,1	  29,4	  32,2
*	    18,7040	 1	206,63	101,24	  13,4	  15,0	  15,9	  19,5	  22,9	  25,8
*	    20,1555	 1	 39,25	 82,94	  18,8	  22,2	  25,2	  30,0	  34,2	  37,1
*	    19,5600	 1	 36,22	 82,86	  19,4	  22,7	  25,8	  30,5	  34,8	  37,6
*	    19,0778	 1	 32,98	 82,79	  19,8	  23,2	  26,2	  31,0	  35,2	  38,1
*	    18,7136	 1	 29,54	 82,73	  20,2	  23,5	  26,5	  31,3	  35,6	  38,4
*	    20,1761	 1	 40,46	100,77	  24,7	  28,0	  31,0	  35,8	  40,1	  42,9
*	    19,5822	 1	 37,45	101,30	  25,2	  28,5	  31,6	  36,4	  40,6	  43,4
*	    19,1017	 1	 34,22	101,84	  25,7	  29,0	  32,0	  36,8	  41,1	  43,9
*	    18,7393	 1	 30,79	102,36	  26,0	  29,3	  32,4	  37,1	  41,4	  44,2
*	    18,7616	 1	 40,95	 84,03	  28,0	  31,3	  34,4	  39,1	  43,4	  46,2
*	    20,4111	 1	 38,90	 84,31	  26,3	  29,6	  32,7	  37,5	  41,7	  44,6
s	    18,9241	 3	 90,00	 12,72	  62,2	  64,1	  64,1	  65,1	  62,1	  62,4
*	    19,0176	 1	 22,99	108,11	  28,4	  31,7	  34,7	  39,5	  43,8	  46,6
*	    19,0404	 1	 18,95	108,62	  28,3	  31,6	  34,7	  39,5	  43,7	  46,6
*	    19,1846	 1	 14,76	109,05	  28,2	  31,5	  34,6	  39,3	  43,6	  46,4
s	    19,0251	 1	 20,06	 89,80	  62,1	  65,4	  68,9	  71,0	  71,9	  74,8
*	    19,1668	 1	 14,14	 88,66	  37,6	  41,0	  44,0	  48,8	  53,1	  55,9
*	    19,0471	 1	 18,10	 88,51	  37,8	  41,1	  44,1	  48,9	  53,2	  56,0
*	    19,0489	 1	 21,95	 88,36	  37,8	  41,1	  44,1	  48,9	  53,2	  56,0
*	    19,1783	 1	 14,29	 92,22	  37,6	  40,9	  44,0	  48,8	  53,0	  55,9
*	    19,0583	 1	 18,25	 92,02	  37,8	  41,1	  44,1	  48,9	  53,2	  56,0
*	    19,0598	 1	 22,09	 91,82	  37,8	  41,1	  44,1	  48,9	  53,2	  56,0
*	    20,8067	 1	 38,43	 87,84	  25,9	  29,3	  32,3	  37,1	  41,4	  44,2
*	    19,1434	 1	 40,43	 87,74	  27,6	  30,9	  34,0	  38,8	  43,0	  45,8
*	    19,2496	 1	 24,80	 84,38	  37,6	  40,9	  44,0	  48,7	  53,0	  55,8
*	    19,1490	 1	 21,07	 84,43	  37,7	  41,0	  44,0	  48,8	  53,1	  55,9
*	    19,1700	 1	 17,19	 84,51	  37,6	  41,0	  44,0	  48,8	  53,1	  55,9
*	    19,3119	 1	 13,19	 84,62	  37,5	  40,8	  43,9	  48,6	  52,9	  55,7
*	    20,8157	 1	 38,53	 90,85	  25,9	  29,3	  32,3	  37,1	  41,3	  44,2
*	    19,1528	 1	 40,54	 90,91	  27,6	  30,9	  34,0	  38,7	  43,0	  45,8
*	    19,3146	 1	 14,46	 96,30	  37,5	  40,8	  43,9	  48,6	  52,9	  55,7
*	    19,1949	 1	 18,41	 96,04	  37,6	  40,9	  44,0	  48,8	  53,0	  55,9
*	    19,1961	 1	 22,25	 95,77	  37,6	  40,9	  44,0	  48,8	  53,0	  55,9
*	    20,9433	 1	 38,65	 94,30	  25,8	  29,1	  32,2	  37,0	  41,2	  44,0
*	    19,2887	 1	 40,66	 94,54	  27,5	  30,8	  33,8	  38,6	  42,9	  45,7
s	    19,3362	 2	 20,39	 98,03	  60,1	  63,8	  67,5	  69,9	  70,9	  73,7
*	    20,7811	 1	 40,60	104,88	  26,8	  30,1	  33,2	  37,9	  42,2	  45,0
*	    20,1992	 1	 37,61	105,55	  27,3	  30,6	  33,7	  38,5	  42,7	  45,5
*	    19,7286	 1	 34,39	106,20	  27,7	  31,1	  34,1	  38,9	  43,1	  46,0
*	    19,3737	 1	 30,97	106,84	  28,1	  31,4	  34,4	  39,2	  43,5	  46,3
*	    19,4478	 1	333,84	100,85	  12,6	  14,2	  15,2	  18,7	  22,2	  25,0
*	    19,4565	 1	 29,60	 88,10	  37,4	  40,7	  43,8	  48,6	  52,8	  55,7
*	    19,8346	 1	 32,93	 87,99	  37,1	  40,4	  43,4	  48,2	  52,5	  55,3
*	    20,3274	 1	 36,05	 87,90	  36,6	  39,9	  43,0	  47,8	  52,0	  54,9
*	    19,4666	 1	 29,73	 91,38	  37,4	  40,7	  43,8	  48,6	  52,8	  55,6
*	    19,8443	 1	 33,04	 91,18	  37,1	  40,4	  43,4	  48,2	  52,5	  55,3
*	    20,3367	 1	 36,15	 91,00	  36,6	  39,9	  43,0	  47,8	  52,0	  54,8
*	    20,9123	 1	 38,31	 84,40	  36,1	  39,4	  42,5	  47,2	  51,5	  54,3
*	    20,3318	 1	 35,33	 84,37	  36,6	  39,9	  43,0	  47,8	  52,0	  54,8
*	    19,8620	 1	 32,17	 84,36	  37,0	  40,4	  43,4	  48,2	  52,4	  55,3
*	    19,5072	 1	 28,81	 84,36	  37,4	  40,7	  43,7	  48,5	  52,8	  55,6
*	    19,6273	 1	 14,66	100,85	  37,2	  40,5	  43,6	  48,3	  52,6	  55,4
*	    19,5086	 1	 18,60	100,54	  37,3	  40,6	  43,7	  48,5	  52,7	  55,5
*	    19,5097	 1	 22,43	100,18	  37,3	  40,6	  43,7	  48,5	  52,7	  55,5
*	    19,5520	 1	278,44	103,35	  13,0	  14,6	  15,6	  19,1	  22,6	  25,4
*	    19,6006	 1	 29,87	 95,14	  37,3	  40,6	  43,6	  48,4	  52,7	  55,5
*	    19,9764	 1	 33,18	 94,83	  36,9	  40,3	  43,3	  48,1	  52,3	  55,2
*	    20,4664	 1	 36,28	 94,54	  36,5	  39,8	  42,9	  47,6	  51,9	  54,7
*	    21,2388	 1	 38,78	 98,18	  25,5	  28,9	  31,9	  36,7	  40,9	  43,7
*	    19,6033	 1	 40,79	 98,61	  27,1	  30,5	  33,5	  38,3	  42,6	  45,4
s	    19,7042	 3	160,37	 71,18	  62,8	  64,7	  65,8	  69,2	  68,5	  70,0
*	    47,1056	 1	307,20	 94,44	  30,5	  33,3	  36,0	  39,7	  42,2	  44,8
*	    41,3900	 1	311,96	 94,63	  33,5	  36,2	  39,0	  42,6	  45,2	  47,8
*	    19,7124	 1	 17,73	 78,85	  32,4	  35,4	  38,3	  41,3	  44,2	  47,1
*	    20,6081	 1	 34,97	 82,23	  32,2	  35,2	  38,1	  41,1	  44,0	  46,9
*	    19,8525	 1	 29,04	 82,10	  32,9	  35,9	  38,8	  41,8	  44,7	  47,6
s	    19,7455	 2	 20,58	102,55	  60,0	  63,6	  67,4	  69,8	  70,7	  73,5
*	    19,7663	 1	269,15	103,27	  31,9	  33,6	  34,5	  38,1	  41,5	  44,3
s	    19,7955	 3	158,83	107,69	  62,7	  64,9	  68,6	  72,6	  75,3	  78,2
*	    19,9097	 1	 30,03	 99,34	  37,0	  40,3	  43,3	  48,1	  52,4	  55,2
*	    20,2816	 1	 33,33	 98,93	  36,6	  40,0	  43,0	  47,8	  52,0	  54,9
*	    20,7667	 1	 36,42	 98,51	  36,2	  39,5	  42,6	  47,4	  51,6	  54,4
s	    20,0082	 2	 72,38	 88,26	  64,1	  67,1	  70,0	  73,0	  76,0	  78,8
*	    20,0241	 1	283,41	108,86	  26,5	  28,2	  29,1	  32,7	  36,1	  38,9
*	    22,7963	 1	282,33	106,89	  23,8	  25,5	  26,4	  30,0	  33,4	  36,2
s	    20,3732	 2	 28,40	 89,44	  61,9	  65,0	  68,1	  72,0	  74,7	  77,4
s	    20,4511	 2	 19,19	 71,71	  62,8	  65,0	  66,3	  69,0	  68,6	  70,1
s	    20,6690	 3	 28,70	 97,26	  60,0	  63,4	  66,8	  71,0	  73,6	  76,4
*	    21,0547	 1	328,84	100,49	  27,9	  29,5	  30,4	  34,0	  37,4	  40,2
s	    21,0588	 3	 28,87	101,58	  59,8	  63,2	  66,6	  70,8	  73,5	  76,2
s	    21,2228	 3	 72,14	 70,67	  62,5	  64,7	  66,0	  68,7	  68,3	  69,8
s	    21,7318	 3	 27,57	 72,19	  62,1	  64,1	  65,2	  68,5	  67,8	  69,3
s	    22,0283	 3	170,23	 54,99	  61,9	  63,7	  66,2	  68,6	  68,5	  70,3
*	    22,2186	 1	219,67	100,55	  10,1	  11,7	  12,6	  16,2	  19,6	  22,4
s	    22,3627	 3	166,83	124,97	  60,9	  62,7	  65,2	  67,6	  67,5	  69,2
*	    22,7951	 1	269,90	105,45	  17,0	  18,6	  19,6	  23,1	  26,6	  29,4
*	    23,2134	 1	270,04	101,67	   9,4	  11,0	  12,0	  15,5	  19,0	  21,8
*	    23,6501	 1	322,39	 99,92	   8,7	  10,4	  11,3	  14,9	  18,3	  21,1
*	    25,3215	 1	277,64	100,88	   7,6	   9,2	  10,1	  13,7	  17,1	  19,9
*	    25,4026	 1	270,48	100,88	  28,5	  30,1	  31,0	  34,6	  38,0	  40,8
*	    25,4340	 1	318,81	 99,55	  26,4	  28,0	  28,9	  32,5	  35,9	  38,7
*	    25,5971	 1	270,48	104,03	  14,6	  16,2	  17,1	  20,7	  24,1	  26,9
*	    28,4075	 1	270,93	102,89	  12,3	  13,9	  14,8	  18,4	  21,8	  24,6
*	    25,7001	 1	281,46	105,27	  21,3	  22,9	  23,8	  27,4	  30,8	  33,6
*	    28,5010	 1	280,79	104,01	  19,1	  20,7	  21,6	  25,2	  28,6	  31,3
*	    27,4034	 1	326,34	 93,51	  31,5	  34,8	  37,9	  41,7	  46,3	  49,1
*	    27,4047	 1	326,22	 90,13	  30,9	  34,2	  37,3	  41,1	  45,7	  48,5
*	    27,5131	 1	326,48	 97,34	  32,0	  35,3	  38,4	  42,2	  46,8	  49,5
*	    28,2956	 1	314,07	 98,99	   5,0	   6,6	   7,5	  11,1	  14,5	  17,3
*	    28,8661	 1	271,02	 99,87	   4,7	   6,3	   7,3	  10,8	  14,2	  17,0
*	    30,1679	 1	311,51	 98,67	  24,6	  26,2	  27,1	  30,7	  34,1	  36,8
*	    30,9642	 1	284,47	100,13	   9,2	  12,2	  15,2	  18,2	  21,0	  23,8
*	    31,0018	 1	285,01	100,11	  27,5	  30,5	  33,5	  36,5	  39,3	  42,1
*	    31,1902	 1	262,81	100,16	  27,4	  30,4	  33,3	  36,3	  39,2	  41,9
*	    31,4744	 1	262,93	100,08	  12,9	  15,9	  18,9	  21,9	  24,7	  27,5
*	    31,8425	 1	318,53	 93,52	  30,2	  33,5	  36,6	  40,4	  45,0	  47,8
*	    33,1543	 1	321,08	 93,36	  29,3	  32,6	  35,7	  39,5	  44,1	  46,8
*	    31,8437	 1	318,44	 90,53	  29,6	  32,9	  36,0	  39,8	  44,4	  47,1
*	    33,0645	 1	320,82	 90,50	  28,8	  32,1	  35,2	  39,0	  43,6	  46,3
*	    31,9395	 1	318,64	 96,91	  30,7	  34,0	  37,1	  40,9	  45,5	  48,2
*	    33,3376	 1	321,35	 96,58	  29,7	  33,1	  36,1	  40,0	  44,5	  47,3
*	    32,3315	 1	264,35	 89,83	  17,9	  20,5	  23,4	  27,7	  32,5	  35,2
*	    32,3740	 1	266,06	100,42	  16,4	  19,0	  21,9	  26,2	  31,0	  33,7
*	    33,1995	 1	307,99	 98,19	   1,5	   3,1	   4,1	   7,6	  11,0	  13,8
*	    33,3041	 1	321,27	 90,99	  29,2	  32,5	  35,6	  39,4	  44,0	  46,7
*	    33,3140	 1	321,36	 93,70	  29,1	  32,5	  35,6	  39,4	  44,0	  46,7
*	    33,4131	 1	321,47	 96,82	  29,1	  32,4	  35,5	  39,3	  43,9	  46,6
*	    33,5589	 1	321,48	100,11	  29,6	  32,9	  36,0	  39,8	  44,4	  47,1
*	    33,6387	 1	321,59	100,32	  28,9	  32,3	  35,3	  39,1	  43,7	  46,5
*	    38,3404	 1	276,81	 88,51	 -14,1	 -10,8	  -7,7	  -3,9	   0,7	   3,4
*	    40,3344	 1	276,72	 88,70	 -15,2	 -11,9	  -8,8	  -5,0	  -0,5	   2,2
*	    38,3537	 1	277,66	 88,50	  -3,4	  -0,0	   3,0	   6,9	  11,4	  14,1
*	    40,3471	 1	277,52	 88,70	  -4,5	  -1,2	   1,9	   5,7	  10,3	  13,0
*	    38,4056	 1	277,78	 87,51	  23,0	  26,4	  29,4	  33,2	  37,8	  40,5
*	    40,7205	 1	276,74	 96,81	 -14,3	 -11,0	  -7,9	  -4,1	   0,5	   3,2
*	    38,4391	 1	276,86	 97,07	 -13,0	  -9,6	  -6,6	  -2,8	   1,8	   4,5
*	    40,7330	 1	277,55	 96,80	  -3,6	  -0,2	   2,8	   6,7	  11,2	  13,9
*	    38,4523	 1	277,70	 97,06	  -2,2	   1,1	   4,2	   8,0	  12,5	  15,2
*	    38,4695	 1	269,10	 94,12	   9,5	  12,9	  15,9	  19,7	  24,3	  27,0
*	    40,6024	 1	269,41	 94,03	   8,3	  11,6	  14,7	  18,5	  23,1	  25,8
*	    38,4702	 1	269,10	 91,52	   8,9	  12,3	  15,3	  19,1	  23,7	  26,4
*	    40,4588	 1	269,39	 91,56	   7,8	  11,1	  14,2	  18,0	  22,6	  25,2
*	    40,6411	 1	276,73	 94,01	 -14,8	 -11,5	  -8,4	  -4,6	  -0,0	   2,7
*	    38,4984	 1	276,83	 94,09	 -13,6	 -10,2	  -7,2	  -3,4	   1,2	   3,9
*	    40,6536	 1	277,53	 94,01	  -4,1	  -0,7	   2,3	   6,1	  10,7	  13,4
*	    38,5116	 1	277,67	 94,09	  -2,8	   0,5	   3,6	   7,4	  12,0	  14,6
*	    38,5395	 1	268,14	 94,11	  10,7	  14,0	  17,1	  20,9	  25,5	  28,2
*	    40,6692	 1	268,49	 94,03	   9,5	  12,8	  15,8	  19,7	  24,2	  26,9
*	    38,5403	 1	268,14	 91,52	  10,1	  13,4	  16,5	  20,3	  24,9	  27,6
*	    40,5259	 1	268,47	 91,56	   8,9	  12,3	  15,3	  19,1	  23,7	  26,4
*	    38,5529	 1	269,10	 97,08	  10,0	  13,4	  16,4	  20,2	  24,8	  27,5
*	    40,8240	 1	269,43	 96,82	   8,7	  12,1	  15,1	  18,9	  23,5	  26,2
*	    38,6047	 1	269,11	 87,55	  22,9	  26,3	  29,3	  33,1	  37,7	  40,4
*	    38,6228	 1	268,13	 97,06	  11,2	  14,5	  17,6	  21,4	  26,0	  28,7
*	    40,8905	 1	268,51	 96,81	   9,9	  13,2	  16,3	  20,1	  24,7	  27,3
*	    40,6419	 1	276,71	 91,55	 -15,4	 -12,1	  -9,0	  -5,2	  -0,6	   2,1
*	    38,6442	 1	276,80	 91,50	 -14,3	 -10,9	  -7,9	  -4,1	   0,5	   3,2
*	    40,6545	 1	277,52	 91,54	  -4,7	  -1,3	   1,7	   5,5	  10,1	  12,8
*	    38,6573	 1	277,65	 91,50	  -3,5	  -0,2	   2,9	   6,7	  11,3	  14,0
*	    38,7477	 1	269,10	100,31	   9,9	  13,3	  16,3	  20,2	  24,7	  27,4
*	    41,0146	 1	269,43	 99,87	   8,6	  12,0	  15,0	  18,9	  23,4	  26,1
*	    38,8173	 1	268,13	100,28	  11,1	  14,4	  17,5	  21,3	  25,9	  28,6
*	    41,0808	 1	268,51	 99,86	   9,8	  13,1	  16,2	  20,0	  24,6	  27,3
*	    38,9186	 1	285,48	 96,93	  13,0	  16,3	  19,4	  23,2	  27,8	  30,5
*	    40,9279	 1	269,45	 88,77	   7,5	  10,8	  13,9	  17,7	  22,3	  25,0
*	    38,9427	 1	269,16	 88,58	   8,6	  12,0	  15,0	  18,9	  23,4	  26,1
*	    38,9774	 1	285,40	 94,00	  12,4	  15,7	  18,8	  22,6	  27,2	  29,9
*	    41,2582	 1	285,67	 96,66	  12,4	  15,7	  18,8	  22,6	  27,2	  29,9
*	    39,0052	 1	286,29	 96,90	  13,7	  17,0	  20,1	  23,9	  28,5	  31,2
*	    40,9942	 1	268,53	 88,78	   8,7	  12,0	  15,1	  18,9	  23,4	  26,1
*	    39,0120	 1	268,21	 88,59	   9,8	  13,1	  16,2	  20,0	  24,6	  27,3
*	    41,1799	 1	285,64	 93,91	  11,9	  15,2	  18,3	  22,1	  26,7	  29,3
*	    39,0639	 1	286,21	 93,99	  13,1	  16,4	  19,5	  23,3	  27,9	  30,6
*	    39,1216	 1	285,33	 91,45	  11,7	  15,0	  18,1	  21,9	  26,5	  29,2
*	    41,1807	 1	285,61	 91,50	  11,3	  14,6	  17,7	  21,5	  26,1	  28,7
*	    39,2079	 1	286,15	 91,44	  12,4	  15,7	  18,8	  22,6	  27,2	  29,9
*	    39,3745	 1	276,77	 90,07	   3,3	   6,6	   9,7	  13,5	  18,1	  20,8
*	    39,4063	 1	273,00	 90,08	   3,3	   6,6	   9,7	  13,5	  18,1	  20,7
*	    39,4258	 1	260,64	 94,04	  16,2	  19,6	  22,6	  26,4	  31,0	  33,7
*	    41,5153	 1	261,37	 93,97	  15,0	  18,4	  21,4	  25,3	  29,8	  32,5
*	    39,4266	 1	260,66	 91,51	  15,6	  18,9	  22,0	  25,8	  30,4	  33,1
*	    41,3746	 1	261,34	 91,56	  14,5	  17,9	  20,9	  24,7	  29,3	  32,0
*	    39,4755	 1	276,76	 87,64	   8,7	  12,0	  15,1	  18,9	  23,5	  26,2
*	    39,5072	 1	272,99	 87,65	   8,7	  12,0	  15,1	  18,9	  23,5	  26,2
*	    39,5074	 1	260,62	 96,93	  16,7	  20,1	  23,1	  26,9	  31,5	  34,2
*	    41,7325	 1	261,40	 96,69	  15,5	  18,8	  21,9	  25,7	  30,3	  32,9
*	    39,8439	 1	285,13	 90,03	   3,0	   6,3	   9,4	  13,2	  17,8	  20,5
*	    39,5429	 1	281,43	 90,05	   3,2	   6,5	   9,6	  13,4	  18,0	  20,7
*	    39,5582	 1	260,68	 87,65	  22,4	  25,7	  28,8	  32,6	  37,1	  39,8
*	    39,5761	 1	276,79	 95,28	   1,8	   5,1	   8,2	  12,0	  16,6	  19,3
*	    39,6078	 1	273,01	 95,30	   1,8	   5,1	   8,2	  12,0	  16,6	  19,3
*	    39,6435	 1	281,41	 87,64	   8,6	  11,9	  15,0	  18,8	  23,4	  26,1
*	    39,6533	 1	268,33	 90,10	   3,1	   6,5	   9,5	  13,3	  17,9	  20,6
*	    40,0167	 1	264,63	 90,11	   2,9	   6,3	   9,3	  13,1	  17,7	  20,4
*	    39,7110	 1	276,81	 98,43	   9,1	  12,5	  15,5	  19,4	  23,9	  26,6
*	    39,7426	 1	273,02	 98,45	   9,1	  12,5	  15,5	  19,3	  23,9	  26,6
*	    40,0432	 1	285,14	 95,17	   1,5	   4,9	   7,9	  11,7	  16,3	  19,0
*	    39,7436	 1	281,44	 95,24	   1,7	   5,0	   8,1	  11,9	  16,5	  19,2
*	    39,7537	 1	268,33	 87,69	   8,6	  11,9	  14,9	  18,8	  23,3	  26,0
*	    40,1162	 1	264,64	 87,73	   8,3	  11,7	  14,7	  18,6	  23,1	  25,8
*	    39,8536	 1	268,35	 95,28	   1,7	   5,0	   8,1	  11,9	  16,4	  19,1
*	    40,2154	 1	264,66	 95,24	   1,4	   4,8	   7,8	  11,7	  16,2	  18,9
*	    40,1766	 1	285,18	 98,27	   8,9	  12,2	  15,3	  19,1	  23,7	  26,3
*	    39,8780	 1	281,47	 98,37	   9,0	  12,4	  15,4	  19,3	  23,8	  26,5
*	    39,9832	 1	273,02	101,58	  12,9	  16,3	  19,3	  23,1	  27,7	  30,4
*	    39,9877	 1	268,35	 98,42	   9,0	  12,3	  15,4	  19,2	  23,8	  26,5
*	    40,3484	 1	264,65	 98,35	   8,8	  12,1	  15,2	  19,0	  23,6	  26,2
*	    40,3524	 1	273,03	104,84	  15,6	  18,9	  21,9	  25,8	  30,3	  33,0
*	    40,4185	 1	289,61	 90,02	   2,7	   6,0	   9,1	  12,9	  17,5	  20,1
*	    40,6152	 1	289,61	 95,06	   1,2	   4,5	   7,6	  11,4	  16,0	  18,7
s	    40,6274	 1	275,68	 92,82	  56,5	  59,8	  63,2	  64,4	  65,7	  68,3
*	    40,8507	 1	269,45	 94,34	  30,2	  33,6	  36,6	  40,4	  45,0	  47,7
*	    40,6760	 1	273,10	 94,34	  30,3	  33,7	  36,7	  40,5	  45,1	  47,8
s	    40,6660	 2	275,67	 90,13	  54,3	  57,9	  61,7	  62,2	  63,8	  66,5
*	    40,8420	 1	269,45	 91,99	  30,2	  33,6	  36,6	  40,4	  45,0	  47,7
*	    40,6673	 1	273,09	 91,98	  30,3	  33,7	  36,7	  40,5	  45,1	  47,8
*	    40,7430	 1	276,70	 88,32	  30,3	  33,6	  36,7	  40,5	  45,1	  47,8
*	    40,7739	 1	273,05	 88,33	  30,3	  33,6	  36,7	  40,5	  45,1	  47,7
*	    40,7467	 1	289,66	 98,11	   8,5	  11,9	  14,9	  18,7	  23,3	  26,0
*	    40,9347	 1	269,44	 97,03	  30,2	  33,5	  36,6	  40,4	  45,0	  47,6
*	    40,7604	 1	273,10	 97,04	  30,3	  33,6	  36,7	  40,5	  45,1	  47,7
*	    40,8026	 1	281,28	 91,94	  30,3	  33,6	  36,7	  40,5	  45,0	  47,7
*	    40,8113	 1	281,30	 94,29	  30,2	  33,6	  36,6	  40,5	  45,0	  47,7
s	    40,8382	 2	269,53	 92,83	  54,2	  57,9	  61,7	  62,1	  63,7	  66,4
s	    40,8766	 3	269,53	 90,15	  52,0	  56,0	  60,1	  59,9	  61,9	  64,5
*	    40,8954	 1	281,32	 96,97	  30,2	  33,5	  36,6	  40,4	  45,0	  47,7
*	    40,9062	 1	281,21	 88,31	  30,2	  33,5	  36,6	  40,4	  45,0	  47,7
*	    40,9183	 1	277,56	 99,86	  -3,6	  -0,3	   2,8	   6,6	  11,1	  13,8
*	    40,9526	 1	273,11	100,09	  30,2	  33,5	  36,6	  40,4	  45,0	  47,6
*	    41,0137	 1	268,53	 88,37	  30,1	  33,5	  36,5	  40,4	  44,9	  47,6
*	    41,3666	 1	264,97	 88,39	  29,9	  33,3	  36,3	  40,2	  44,7	  47,4
s	    41,0270	 2	268,76	 92,83	  56,1	  59,2	  62,5	  64,3	  65,2	  67,9
*	    45,9750	 1	246,48	 90,89	  28,8	  31,5	  34,3	  37,9	  40,5	  43,1
*	    45,9735	 1	246,42	 94,21	  28,8	  31,5	  34,3	  37,9	  40,5	  43,1
*	    45,2875	 1	249,58	 84,11	  29,1	  31,9	  34,6	  38,3	  40,9	  43,5
*	    44,8568	 1	249,48	 90,89	  29,3	  32,1	  34,9	  38,5	  41,1	  43,7
*	    44,8553	 1	249,43	 94,32	  29,3	  32,1	  34,9	  38,5	  41,1	  43,7
*	    42,7088	 1	259,47	 83,68	  30,5	  33,2	  36,0	  39,6	  42,2	  44,8
*	    42,4068	 1	259,44	 87,28	  30,6	  33,4	  36,2	  39,8	  42,4	  45,0
*	    42,2544	 1	259,41	 90,91	  30,7	  33,5	  36,3	  39,9	  42,5	  45,1
*	    42,2530	 1	259,38	 94,57	  30,7	  33,5	  36,3	  39,9	  42,5	  45,1
*	    43,3014	 1	255,85	 85,68	  29,8	  32,8	  35,7	  38,7	  41,6	  44,3
*	    41,6180	 1	265,51	 85,48	  30,7	  33,8	  36,6	  39,6	  42,5	  45,2
*	    41,0494	 1	275,97	 85,43	  31,0	  34,1	  36,9	  39,9	  42,8	  45,5
*	    41,6480	 1	286,06	 85,54	  30,7	  33,7	  36,6	  39,6	  42,5	  45,2
*	    43,1117	 1	295,55	 96,47	  29,9	  32,9	  35,8	  38,8	  41,6	  44,3
*	    45,7133	 1	303,86	 96,01	  28,5	  31,6	  34,4	  37,4	  40,3	  43,0
*	    41,2476	 1	273,12	103,11	  30,0	  33,3	  36,4	  40,2	  44,8	  47,5
*	    41,7503	 1	261,47	 91,97	  29,7	  33,1	  36,1	  39,9	  44,5	  47,2
*	    41,2585	 1	264,98	 91,99	  30,0	  33,3	  36,4	  40,2	  44,8	  47,5
*	    41,7588	 1	261,45	 94,26	  29,7	  33,1	  36,1	  39,9	  44,5	  47,2
*	    41,2670	 1	264,97	 94,30	  30,0	  33,3	  36,4	  40,2	  44,8	  47,5
*	    41,8411	 1	261,44	 96,90	  29,7	  33,0	  36,1	  39,9	  44,5	  47,1
*	    41,3503	 1	264,96	 96,97	  30,0	  33,3	  36,4	  40,2	  44,7	  47,4
s	    41,3739	 2	275,72	102,58	  57,4	  60,7	  64,0	  66,3	  69,6	  72,2
s	    41,4451	 2	275,64	 82,72	  57,5	  60,0	  61,4	  63,4	  63,3	  64,7
s	    41,4741	 3	 73,46	 87,97	  58,7	  61,5	  64,2	  67,8	  70,4	  73,0
s	    41,4939	 3	172,05	 90,00	  55,7	  58,2	  62,2	  66,5	  69,1	  71,9
s	    41,6208	 3	177,32	 80,16	  57,5	  59,7	  60,9	  63,6	  63,2	  64,6
*	    41,6571	 1	289,21	 91,86	  29,8	  33,1	  36,2	  40,0	  44,5	  47,2
*	    41,6655	 1	289,24	 94,15	  29,8	  33,1	  36,2	  40,0	  44,5	  47,2
*	    41,7479	 1	289,28	 96,77	  29,7	  33,0	  36,1	  39,9	  44,5	  47,2
*	    41,8313	 1	264,93	102,96	  29,7	  33,0	  36,1	  39,9	  44,5	  47,1
s	    42,6301	 3	 17,58	 89,59	  56,5	  59,3	  62,2	  66,7	  69,0	  71,6
s	    43,5495	 3	275,77	112,10	  55,1	  57,9	  59,7	  61,0	  61,3	  62,7
s	    44,7048	 2	275,63	 92,79	  57,6	  60,9	  64,2	  66,5	  69,7	  72,4
s	    45,4683	 3	275,58	 83,48	  58,4	  60,9	  62,3	  64,3	  64,1	  65,6
s	    45,9028	 2	249,37	 92,64	  59,2	  62,0	  64,6	  68,3	  70,8	  73,5
s	    46,2905	 2	352,17	 90,65	  55,5	  58,8	  62,2	  63,3	  64,6	  67,2
s	    46,5301	 3	249,51	 83,51	  56,7	  58,6	  59,7	  63,1	  62,3	  63,6
s	    46,9498	 2	302,82	 92,40	  57,6	  60,4	  63,0	  66,7	  69,2	  71,9
s	    47,0341	 3	351,76	 81,62	  56,8	  59,0	  60,3	  62,9	  62,5	  63,8
s	    49,6086	 3	251,17	 92,64	  58,5	  61,5	  64,2	  67,3	  70,1	  72,8
s	    50,3360	 3	351,64	 90,65	  56,6	  60,0	  63,2	  65,5	  68,7	  71,4
s	    58,1023	 2	 94,46	 87,78	  53,7	  57,0	  60,5	  61,6	  62,8	  65,4
s	    58,1230	 3	 94,45	 89,00	  51,5	  55,2	  58,9	  59,4	  61,0	  63,5
s	    58,6496	 3	 94,43	 94,95	  53,6	  56,9	  60,3	  61,4	  62,7	  65,2
s	    58,7349	 3	 94,48	 80,37	  56,5	  59,0	  60,4	  62,4	  62,2	  63,6
s	    62,0816	 3	114,26	 87,98	  56,6	  59,4	  61,9	  65,6	  68,1	  70,7
s	    62,1799	 3	 94,49	 87,77	  55,0	  58,3	  61,6	  63,9	  67,1	  69,6
s	    63,8940	 3	179,52	 90,22	  53,8	  56,6	  60,6	  64,3	  67,2	  69,9
s	    98,7555	 3	275,29	 92,63	  47,2	  50,9	  54,6	  55,1	  56,6	  58,9
#END
