#HEADER
CATT-Acoustic v8.0b    Copyright © CATT 1988-2003

 Project                : Auditorio

 GEOMETRICAL INFORMATION
 Src id and loc     [m] :   A0           0,700        4,000        1,400
 Rec id and loc     [m] :   06           0,500        0,500        1,500

 06       10,2152

 VARIABLE SOURCE DATA
 Directivity
   Type (library)       :  OMNI.SD0
   Dir. Index (DI) [dB] :       0,0      0,0      0,0      0,0      0,0      0,0
 Level
   On axis 1m      [dB] :      85,0     88,0     91,0     94,0     97,0    100,0
   Total power     [dB] :      95,9     98,9    101,9    104,9    107,9    110,9
   Auxiliary delay [ms] :       0,0

 VARIABLE AIR DATA
 Temperature       [°C] :      20
 Relative humidity  [%] :      50
 Density        [kg/m³] :       1,2
 Sound speed      [m/s] :     343
 Impedance      [Ns/m³] :     412
 Diss. coeff. [0.001/m] :      0,10     0,30     0,63     1,07     2,28     6,83      (estimated)

#DATAFIELDS
 TYPE DELAY ORDER AZIMUTH ELEVATION SPL125 SPL250 SPL500 SPL1K SPL2K SPL4K
#DATA
d	     0,0000	 0	 90,00	 90,00	  74,1	  77,1	  80,1	  83,1	  86,1	  89,0
s	     0,5657	 1	112,19	 90,04	  71,8	  74,6	  77,4	  81,0	  83,7	  86,6
*	     5,4270	 1	226,68	145,57	  49,1	  51,9	  54,7	  58,3	  61,0	  63,8
*	     3,6825	 1	228,31	 87,98	  56,4	  59,2	  62,0	  65,6	  68,3	  71,1
*	     5,8186	 1	229,84	 34,76	  48,2	  51,0	  53,8	  57,4	  60,1	  62,9
*	     2,6176	 1	135,22	142,51	  52,5	  55,2	  58,0	  61,7	  64,3	  67,2
*	     0,8097	 1	136,86	 85,72	  59,8	  62,5	  65,3	  69,0	  71,7	  74,5
*	     3,0674	 1	138,59	 33,14	  51,4	  54,2	  57,0	  60,6	  63,3	  66,2
*	     1,8947	 1	110,77	119,63	  51,2	  54,0	  56,8	  60,4	  63,1	  66,0
*	     0,5785	 1	111,13	 87,07	  54,3	  57,1	  59,9	  63,5	  66,2	  69,1
*	     2,3808	 1	111,51	 55,30	  50,2	  53,0	  55,8	  59,4	  62,1	  65,0
*	     2,2046	 1	104,09	108,99	  51,8	  54,6	  57,4	  61,1	  63,7	  66,6
*	     0,8320	 1	104,25	 87,53	  55,6	  58,4	  61,2	  64,8	  67,5	  70,4
*	     2,8297	 1	104,41	 66,32	  50,2	  52,9	  55,7	  59,4	  62,0	  64,9
*	     4,0779	 1	101,07	103,56	  51,3	  54,0	  56,8	  60,5	  63,1	  66,0
*	     4,8112	 1	101,25	 72,07	  48,8	  51,5	  54,3	  58,0	  60,6	  63,5
*	     8,3205	 1	 99,37	100,34	  43,7	  46,5	  49,3	  52,9	  55,6	  58,4
*	     8,8674	 1	 99,49	 75,49	  42,4	  45,1	  47,9	  51,6	  54,2	  57,0
*	    13,6825	 1	 98,28	 98,23	  35,8	  38,5	  41,3	  44,9	  47,6	  50,4
*	    12,9615	 1	 98,32	 87,97	  36,9	  39,6	  42,4	  46,0	  48,7	  51,5
*	    14,0595	 1	 98,36	 77,75	  35,1	  37,9	  40,7	  44,3	  47,0	  49,7
*	    19,3736	 1	 97,52	 96,75	  29,4	  32,1	  34,9	  38,6	  41,2	  44,0
*	    18,8277	 1	 97,55	 88,04	  30,0	  32,7	  35,5	  39,2	  41,8	  44,6
*	    19,6534	 1	 97,58	 79,34	  29,0	  31,8	  34,6	  38,2	  40,9	  43,6
*	     1,1015	 1	103,93	 82,27	  51,0	  54,0	  57,0	  60,0	  63,0	  65,9
*	     5,1339	 1	100,11	 84,42	  46,6	  49,6	  52,6	  55,6	  58,6	  61,5
*	     1,5255	 1	 82,57	101,51	  49,5	  52,1	  55,1	  59,4	  64,2	  67,1
*	     2,2049	 1	 83,74	100,12	  50,2	  52,9	  55,8	  60,1	  65,0	  67,9
*	     3,4321	 1	 84,68	 99,00	  48,0	  50,7	  53,6	  57,9	  62,8	  65,7
*	     5,1215	 1	 85,44	 98,07	  43,8	  46,4	  49,4	  53,7	  58,5	  61,4
*	     7,0552	 1	 86,09	 97,27	  39,3	  42,0	  44,9	  49,2	  54,0	  56,9
s	     2,8530	 1	 90,00	 49,75	  69,1	  71,5	  73,1	  75,1	  75,1	  76,7
*	    46,5364	 1	  6,12	 81,74	  24,2	  26,6	  28,1	  30,1	  30,0	  31,4
*	    46,2523	 1	 17,99	 81,67	  24,4	  26,8	  28,3	  30,3	  30,2	  31,5
*	    48,3208	 1	 28,72	 81,90	  23,5	  25,9	  27,4	  29,4	  29,2	  30,6
*	    52,5370	 1	 37,84	 82,33	  21,7	  24,1	  25,6	  27,6	  27,5	  28,8
*	    35,2537	 1	  6,89	 79,58	  30,0	  32,4	  33,9	  35,9	  35,8	  37,3
*	    34,8998	 1	 21,75	 79,69	  30,2	  32,6	  34,1	  36,1	  36,0	  37,5
*	    37,4209	 1	 34,44	 80,31	  28,9	  31,3	  32,8	  34,8	  34,7	  36,1
*	    42,4731	 1	 44,48	 81,13	  26,3	  28,7	  30,2	  32,2	  32,1	  33,5
*	    24,3024	 1	  8,23	 75,91	  37,2	  39,6	  41,1	  43,1	  43,1	  44,6
*	    23,8428	 1	 27,89	 76,57	  37,6	  40,0	  41,5	  43,5	  43,4	  45,0
*	    27,0212	 1	 42,96	 78,12	  35,4	  37,8	  39,4	  41,4	  41,3	  42,8
*	    33,2312	 1	 53,49	 79,70	  31,5	  33,9	  35,4	  37,4	  37,4	  38,8
*	    14,0965	 1	 11,14	 68,37	  46,5	  48,9	  50,4	  52,4	  52,4	  54,0
*	    13,4841	 1	 39,38	 71,38	  47,1	  49,5	  51,0	  53,1	  53,0	  54,6
*	    17,6155	 1	 56,13	 75,33	  43,5	  45,9	  47,4	  49,4	  49,4	  50,9
*	     5,9296	 1	 21,98	 47,21	  58,0	  60,4	  61,9	  64,0	  63,9	  65,6
*	     5,2559	 1	 64,03	 63,55	  58,6	  61,1	  62,6	  64,6	  64,6	  66,2
*	    10,5262	 1	 76,08	 72,61	  52,6	  55,0	  56,6	  58,6	  58,5	  60,2
*	    20,3212	 1	 81,21	 77,04	  41,7	  44,1	  45,6	  47,6	  47,6	  49,1
s	     2,9081	 1	275,82	 92,90	  71,5	  74,6	  77,4	  80,5	  83,4	  86,3
*	     6,6678	 1	334,32	 45,13	  46,8	  49,5	  52,3	  56,0	  58,6	  61,4
*	     5,4663	 1	334,98	 60,98	  49,9	  52,7	  55,5	  59,1	  61,8	  64,6
*	     4,8474	 1	335,64	 83,78	  51,8	  54,6	  57,4	  61,0	  63,7	  66,5
*	     4,9952	 1	336,32	108,85	  51,3	  54,0	  56,8	  60,5	  63,1	  66,0
*	     6,9877	 1	343,62	 68,49	  45,9	  48,6	  51,4	  55,1	  57,7	  60,6
*	     8,7607	 1	348,31	 73,15	  42,3	  45,1	  47,9	  51,5	  54,1	  57,0
*	    10,7159	 1	351,22	 76,22	  39,1	  41,9	  44,7	  48,3	  51,0	  53,8
*	    12,8133	 1	353,19	 78,36	  36,2	  39,0	  41,8	  45,4	  48,1	  50,9
*	    15,6319	 1	354,38	 72,31	  32,9	  35,7	  38,5	  42,1	  44,8	  47,5
*	    15,0251	 1	354,62	 79,94	  33,6	  36,3	  39,1	  42,8	  45,4	  48,2
*	    14,7406	 1	354,85	 87,96	  33,9	  36,7	  39,4	  43,1	  45,7	  48,5
*	    14,7906	 1	355,08	 96,06	  33,8	  36,6	  39,4	  43,0	  45,7	  48,4
*	    40,6360	 1	359,59	 82,40	  14,9	  17,6	  20,4	  24,0	  26,6	  29,2
*	    40,1996	 1	359,78	 89,09	  15,1	  17,8	  20,6	  24,2	  26,8	  29,4
*	    40,2209	 1	359,88	 92,46	  15,1	  17,8	  20,6	  24,2	  26,8	  29,4
*	    18,5550	 1	356,67	106,51	  30,9	  33,3	  37,2	  40,6	  43,6	  46,6
*	    15,7378	 1	355,52	109,22	  33,7	  36,2	  40,1	  43,5	  46,4	  49,4
*	     6,8332	 1	338,11	137,79	  47,1	  49,5	  53,5	  56,9	  59,8	  62,9
*	     5,8132	 1	312,77	153,47	  49,8	  52,2	  56,1	  59,5	  62,5	  65,6
*	     5,7613	 1	247,60	156,87	  50,1	  52,5	  56,4	  59,8	  62,8	  65,9
*	    14,0035	 1	354,55	110,85	  34,9	  37,3	  41,2	  44,6	  47,6	  50,6
*	    13,3032	 1	354,26	101,35	  35,7	  38,2	  42,1	  45,5	  48,4	  51,5
*	    13,0544	 1	353,96	 91,19	  36,0	  38,5	  42,4	  45,8	  48,8	  51,8
*	    13,2755	 1	353,67	 80,97	  35,8	  38,2	  42,1	  45,5	  48,5	  51,5
*	    11,6873	 1	352,64	114,87	  37,8	  40,3	  44,2	  47,6	  50,5	  53,6
*	    10,8855	 1	352,28	103,74	  39,0	  41,4	  45,3	  48,7	  51,7	  54,7
*	    10,5956	 1	351,93	 91,47	  39,4	  41,8	  45,8	  49,2	  52,1	  55,2
*	    10,8479	 1	351,58	 79,10	  39,0	  41,5	  45,4	  48,8	  51,8	  54,8
*	     9,5843	 1	349,69	120,55	  41,0	  43,4	  47,3	  50,7	  53,7	  56,7
*	     8,6467	 1	349,25	107,29	  42,6	  45,0	  49,0	  52,3	  55,3	  58,4
*	     8,2979	 1	348,80	 91,90	  43,2	  45,7	  49,6	  53,0	  56,0	  59,0
*	     8,5935	 1	348,36	 76,28	  42,7	  45,2	  49,1	  52,5	  55,5	  58,5
*	     7,7716	 1	344,58	128,90	  44,3	  46,7	  50,6	  54,0	  57,0	  60,1
*	     6,6448	 1	343,98	113,03	  46,7	  49,2	  53,1	  56,5	  59,4	  62,5
*	     6,2036	 1	343,39	 92,62	  47,8	  50,3	  54,2	  57,6	  60,6	  63,7
*	     6,5654	 1	342,80	 71,66	  47,0	  49,4	  53,4	  56,8	  59,7	  62,8
*	     3,9949	 1	314,14	130,96	  54,5	  57,5	  60,4	  63,4	  66,4	  69,3
*	     4,9396	 1	311,75	 38,23	  51,0	  54,1	  56,9	  60,0	  62,9	  65,8
*	    10,0899	 1	348,64	 61,68	  36,3	  39,3	  42,2	  45,2	  48,2	  51,1
*	    19,1350	 1	356,81	 97,43	  28,6	  31,7	  34,5	  37,5	  40,4	  43,3
*	    19,4504	 1	356,28	 78,92	  28,3	  31,4	  34,2	  37,2	  40,2	  43,0
*	    25,2220	 1	358,21	 95,79	  23,6	  26,6	  29,5	  32,5	  35,4	  38,2
*	    25,4859	 1	357,79	 81,24	  23,4	  26,4	  29,3	  32,3	  35,2	  38,0
*	    31,4965	 1	359,11	 94,81	  19,3	  22,3	  25,1	  28,2	  31,0	  33,8
*	    31,7161	 1	358,77	 82,79	  19,1	  22,2	  25,0	  28,0	  30,9	  33,7
*	    37,8578	 1	359,73	 94,09	  15,5	  18,6	  21,4	  24,4	  27,3	  30,0
*	    44,4001	 1	  0,20	 93,55	  12,2	  15,2	  18,1	  21,1	  23,9	  26,6
s	     3,0367	 1	 90,00	127,96	  70,8	  73,8	  76,8	  79,8	  82,7	  85,6
*	     4,4498	 1	135,14	153,35	  59,9	  62,9	  65,8	  68,8	  71,8	  74,7
*	     3,8450	 1	104,18	118,53	  60,1	  63,1	  66,1	  69,1	  72,1	  75,0
*	     9,3579	 1	 99,43	106,48	  53,5	  56,5	  59,5	  62,5	  65,4	  68,3
*	    19,5968	 1	 97,56	101,17	  41,2	  44,2	  47,2	  50,2	  53,1	  55,9
*	     6,5470	 1	 23,23	132,37	  55,5	  58,5	  61,5	  64,5	  67,4	  70,3
*	     5,7263	 1	 62,63	115,42	  56,7	  59,7	  62,7	  65,6	  68,6	  71,5
*	    10,8710	 1	 74,91	105,74	  51,0	  54,0	  56,9	  59,9	  62,9	  65,7
*	    18,1967	 1	 55,60	103,20	  41,7	  44,7	  47,7	  50,6	  53,6	  56,4
*	    24,5697	 1	 28,08	102,99	  35,8	  38,8	  41,7	  44,7	  47,7	  50,4
*	    27,6860	 1	 42,80	100,65	  33,8	  36,8	  39,7	  42,7	  45,6	  48,3
s	     3,2998	 2	112,68	 51,37	  68,6	  70,7	  72,1	  74,8	  74,4	  76,0
s	     3,3531	 2	258,33	 92,83	  69,5	  72,4	  75,0	  78,7	  81,3	  84,2
s	     3,4775	 2	111,73	126,57	  70,3	  73,0	  75,8	  79,4	  82,1	  85,0
*	     4,2453	 1	 87,93	113,55	  22,2	  25,2	  28,2	  31,2	  34,1	  37,0
s	     5,2331	 2	275,72	 59,76	  67,4	  69,9	  71,3	  73,3	  73,2	  74,9
s	     5,3888	 2	275,93	124,40	  69,1	  72,2	  75,0	  78,0	  81,0	  83,9
s	     5,6128	 3	258,53	 60,59	  66,9	  69,1	  70,3	  73,1	  72,7	  74,3
s	     5,7648	 3	258,13	123,51	  68,7	  71,5	  74,1	  77,8	  80,4	  83,3
*	     8,0888	 1	 90,08	 97,26	  18,8	  21,4	  24,3	  28,6	  33,5	  36,4
*	     8,8563	 1	 89,63	106,59	  37,8	  40,8	  43,8	  46,8	  49,6	  52,5
s	     9,0284	 2	 90,00	 30,41	  66,6	  69,0	  70,5	  72,5	  72,5	  74,1
*	     9,0829	 1	 89,68	106,40	  14,7	  17,7	  20,7	  23,7	  26,6	  29,5
s	     9,3346	 3	113,18	 31,95	  66,2	  68,4	  69,7	  72,4	  72,0	  73,6
s	     9,5246	 2	 90,00	147,22	  65,5	  67,9	  69,4	  71,4	  71,4	  73,0
s	     9,8232	 3	111,27	145,95	  65,1	  67,3	  68,6	  71,2	  70,9	  72,4
s	    10,7177	 3	275,62	 40,44	  65,6	  68,1	  69,4	  71,5	  71,4	  73,0
*	    10,8874	 1	 38,38	 85,29	  40,2	  42,8	  45,8	  50,1	  54,9	  57,8
*	    11,8290	 1	 15,26	101,89	  33,4	  36,0	  38,9	  43,2	  48,1	  50,9
*	    11,1499	 1	 26,53	100,87	  34,0	  36,7	  39,6	  43,9	  48,7	  51,6
*	    11,0735	 1	 36,18	 99,66	  34,2	  36,8	  39,7	  44,1	  48,9	  51,7
*	    15,3523	 1	 13,17	 99,86	  29,4	  32,0	  35,0	  39,3	  44,1	  46,9
*	    14,6733	 1	 31,26	 98,36	  30,1	  32,7	  35,6	  40,0	  44,8	  47,6
*	    18,4043	 1	 27,54	 97,31	  26,4	  29,0	  32,0	  36,3	  41,1	  43,9
*	    11,1373	 1	 26,89	100,83	  32,3	  34,9	  37,9	  42,2	  47,0	  49,9
s	    11,1748	 3	276,04	143,79	  63,5	  65,4	  67,8	  70,3	  70,2	  72,0
*	    11,3394	 1	 40,67	 99,69	  40,7	  43,3	  46,3	  50,6	  55,4	  58,3
*	    11,5786	 1	 89,83	 96,25	  40,5	  43,1	  46,1	  50,4	  55,2	  58,1
*	    12,2899	 1	 35,80	 99,02	  35,3	  38,2	  41,2	  44,2	  47,1	  49,9
*	    36,9486	 1	  9,70	 87,89	   5,5	   8,1	  11,1	  15,4	  20,1	  22,8
*	    36,7090	 1	 14,14	 87,79	   5,7	   8,3	  11,2	  15,5	  20,3	  23,0
*	    36,7439	 1	 18,46	 87,71	   5,6	   8,3	  11,2	  15,5	  20,3	  22,9
*	    33,3868	 1	 10,25	 87,73	   7,6	  10,2	  13,1	  17,4	  22,2	  24,9
*	    33,1654	 1	 19,70	 87,53	   7,7	  10,3	  13,3	  17,6	  22,3	  25,0
*	    29,5671	 1	 16,13	 87,41	  10,0	  12,6	  15,5	  19,8	  24,6	  27,3
*	    29,6053	 1	 21,15	 87,32	   9,9	  12,6	  15,5	  19,8	  24,6	  27,3
*	    26,3320	 1	 11,68	 87,28	  12,2	  14,8	  17,7	  22,0	  26,8	  29,6
*	    26,0289	 1	 17,42	 87,17	  12,4	  15,0	  17,9	  22,2	  27,0	  29,8
*	    26,0689	 1	 22,89	 87,09	  12,4	  15,0	  17,9	  22,2	  27,0	  29,8
*	    22,8529	 1	 12,65	 86,98	  14,8	  17,4	  20,3	  24,7	  29,5	  32,2
*	    22,5221	 1	 19,00	 86,88	  15,0	  17,7	  20,6	  24,9	  29,7	  32,5
*	    22,5636	 1	 24,97	 86,81	  15,0	  17,6	  20,6	  24,9	  29,7	  32,5
*	    19,4203	 1	 13,86	 86,62	  17,7	  20,3	  23,2	  27,5	  32,3	  35,1
*	    19,0579	 1	 20,95	 86,52	  18,0	  20,6	  23,5	  27,8	  32,6	  35,4
*	    19,1004	 1	 27,52	 86,47	  17,9	  20,6	  23,5	  27,8	  32,6	  35,4
*	    15,6533	 1	 23,42	 86,06	  21,2	  23,8	  26,7	  31,0	  35,9	  38,7
*	    15,6959	 1	 30,69	 86,05	  21,2	  23,8	  26,7	  31,0	  35,9	  38,7
*	    12,7707	 1	 17,51	 85,51	  24,3	  27,0	  29,9	  34,2	  39,0	  41,9
*	    12,3352	 1	 26,67	 85,47	  24,8	  27,4	  30,3	  34,6	  39,5	  42,3
*	    12,8259	 1	 39,52	109,21	  35,0	  38,0	  41,0	  44,0	  46,9	  49,7
*	    13,2700	 1	 15,83	100,78	  34,4	  37,4	  40,4	  43,3	  46,2	  49,1
*	    16,2526	 1	 73,37	 95,18	  24,8	  27,4	  30,4	  34,7	  39,5	  42,3
*	    15,2523	 1	 76,81	 95,30	  26,1	  28,7	  31,7	  36,0	  40,8	  43,6
*	    14,4260	 1	 80,37	 95,39	  27,2	  29,8	  32,8	  37,1	  41,9	  44,7
*	    13,8022	 1	 84,04	 95,46	  28,1	  30,8	  33,7	  38,0	  42,8	  45,7
*	    13,4082	 1	 87,79	 95,51	  28,7	  31,3	  34,3	  38,6	  43,4	  46,2
*	    13,5966	 1	 53,17	 97,45	  31,0	  33,6	  36,5	  40,8	  45,6	  48,5
*	    13,6855	 1	 13,18	113,67	  34,2	  37,2	  40,1	  43,1	  46,0	  48,8
*	    14,0231	 1	 54,91	 85,86	  33,6	  36,2	  39,2	  43,5	  48,3	  51,1
*	    14,4114	 1	 90,13	 95,59	   7,1	   9,7	  12,6	  16,9	  21,8	  24,6
*	    14,8844	 1	 41,02	 96,44	  31,5	  33,1	  34,0	  37,6	  41,0	  43,9
*	    15,4778	 1	 37,62	100,71	  27,0	  28,6	  29,5	  33,1	  36,5	  39,3
*	    15,4992	 1	 53,55	104,88	  25,2	  28,2	  31,2	  34,1	  37,0	  39,8
*	    15,7050	 1	 54,10	104,69	  32,6	  35,6	  38,5	  41,5	  44,4	  47,2
*	    15,7395	 1	 73,83	103,00	  31,6	  34,6	  37,6	  40,6	  43,4	  46,3
*	    15,7719	 1	 45,67	 95,85	  12,9	  14,5	  15,4	  19,0	  22,4	  25,2
*	    15,8066	 1	  7,65	104,17	  26,7	  28,3	  29,2	  32,8	  36,2	  39,0
*	    15,9687	 1	 74,00	102,88	  26,4	  29,4	  32,3	  35,3	  38,2	  41,0
*	    15,9827	 1	  3,27	 99,34	  12,5	  14,1	  15,0	  18,6	  22,0	  24,8
*	    16,1127	 1	 53,34	 96,13	  26,1	  29,1	  32,1	  35,1	  37,9	  40,8
*	    16,1890	 1	 45,76	100,14	  30,3	  31,9	  32,8	  36,4	  39,8	  42,7
*	    16,2547	 1	 53,67	 96,06	  31,9	  34,9	  37,9	  40,9	  43,7	  46,5
*	    39,0347	 1	 32,19	 87,51	   4,5	   7,1	  10,0	  14,3	  19,1	  21,7
*	    40,2586	 1	 35,56	 87,49	   3,9	   6,5	   9,4	  13,7	  18,5	  21,1
*	    41,7119	 1	 38,69	 87,48	   3,1	   5,8	   8,7	  13,0	  17,7	  20,4
*	    35,6170	 1	 34,24	 87,36	   6,4	   9,0	  11,9	  16,2	  21,0	  23,7
*	    38,4704	 1	 40,96	 87,35	   4,9	   7,5	  10,4	  14,7	  19,5	  22,1
*	    32,2386	 1	 36,57	 87,19	   8,4	  11,0	  13,9	  18,2	  23,0	  25,7
*	    33,6375	 1	 40,19	 87,19	   7,6	  10,2	  13,1	  17,4	  22,2	  24,9
*	    35,2898	 1	 43,49	 87,20	   6,7	   9,3	  12,2	  16,5	  21,3	  24,0
*	    28,9082	 1	 39,23	 87,01	  10,6	  13,2	  16,1	  20,4	  25,2	  27,9
*	    30,4120	 1	 42,95	 87,03	   9,6	  12,3	  15,2	  19,5	  24,3	  27,0
*	    32,1823	 1	 46,31	 87,05	   8,6	  11,2	  14,1	  18,4	  23,2	  25,9
*	    25,6372	 1	 42,28	 86,80	  12,9	  15,5	  18,5	  22,8	  27,6	  30,3
*	    27,2602	 1	 46,08	 86,84	  11,8	  14,4	  17,4	  21,7	  26,5	  29,2
*	    29,1635	 1	 49,46	 86,89	  10,6	  13,2	  16,1	  20,4	  25,2	  27,9
*	    22,4399	 1	 45,77	 86,58	  15,5	  18,1	  21,0	  25,3	  30,1	  32,9
*	    24,1992	 1	 49,62	 86,65	  14,2	  16,8	  19,7	  24,0	  28,8	  31,6
*	    21,2518	 1	 53,64	 86,45	  16,7	  19,3	  22,2	  26,5	  31,3	  34,1
*	    23,4776	 1	 56,92	 86,55	  14,9	  17,5	  20,5	  24,8	  29,6	  32,3
*	    16,3495	 1	 54,50	 86,08	  21,3	  23,9	  26,8	  31,1	  35,9	  38,8
*	    18,4484	 1	 58,18	 86,23	  19,4	  22,0	  24,9	  29,2	  34,0	  36,8
s	    16,5657	 3	 90,00	 20,78	  61,9	  63,7	  63,7	  64,8	  61,7	  62,0
*	    16,7167	 1	 47,98	 99,18	  26,1	  27,7	  28,6	  32,2	  35,6	  38,4
s	    16,8352	 3	 90,00	156,19	  63,6	  66,0	  67,5	  69,5	  69,4	  71,0
*	    16,8650	 1	 59,93	 95,59	  27,1	  29,7	  32,7	  37,0	  41,8	  44,6
*	    37,9552	 1	 36,23	 92,64	  19,5	  22,1	  25,0	  29,3	  34,1	  36,8
*	    35,9433	 1	 37,60	 92,74	  20,6	  23,2	  26,2	  30,4	  35,2	  37,9
*	    33,9494	 1	 39,06	 92,84	  21,8	  24,4	  27,3	  31,6	  36,4	  39,1
*	    30,0254	 1	 42,35	 93,08	  24,3	  26,9	  29,8	  34,1	  38,9	  41,6
*	    28,1008	 1	 44,19	 93,21	  25,6	  28,2	  31,1	  35,4	  40,2	  43,0
*	    26,2056	 1	 46,18	 93,34	  27,0	  29,6	  32,5	  36,8	  41,6	  44,4
*	    24,3441	 1	 48,33	 93,48	  28,4	  31,0	  34,0	  38,3	  43,1	  45,8
*	    22,5209	 1	 50,65	 93,62	  29,9	  32,5	  35,5	  39,8	  44,6	  47,3
*	    19,0143	 1	 55,86	 93,92	  33,1	  35,7	  38,7	  43,0	  47,8	  50,6
*	    17,3462	 1	 58,78	 94,07	  34,8	  37,5	  40,4	  44,7	  49,5	  52,3
*	    17,4012	 1	 74,85	102,22	  30,9	  33,9	  36,8	  39,8	  42,7	  45,5
*	    17,5778	 1	 68,78	102,47	  42,7	  45,7	  48,7	  51,7	  54,6	  57,4
*	    17,6402	 1	 75,00	102,12	  24,7	  27,7	  30,7	  33,6	  36,5	  39,3
*	    17,7881	 1	 50,05	 95,91	  27,5	  30,1	  33,1	  37,4	  42,2	  45,0
*	    19,8490	 1	 54,44	 95,23	  25,8	  28,4	  31,3	  35,6	  40,4	  43,2
*	    21,2395	 1	 45,34	 95,43	  24,3	  26,9	  29,8	  34,1	  39,0	  41,7
*	    23,1103	 1	 49,78	 94,86	  22,9	  25,5	  28,4	  32,7	  37,5	  40,3
*	    24,8087	 1	 41,36	 94,98	  21,4	  24,0	  26,9	  31,2	  36,0	  38,8
*	    26,5169	 1	 45,75	 94,51	  20,2	  22,8	  25,8	  30,1	  34,8	  37,6
*	    28,4683	 1	 37,98	 94,60	  18,7	  21,3	  24,3	  28,6	  33,4	  36,1
*	    30,0364	 1	 42,24	 94,20	  17,7	  20,3	  23,3	  27,6	  32,4	  35,1
*	    33,6448	 1	 39,20	 93,91	  15,4	  18,0	  21,0	  25,3	  30,1	  32,8
*	    35,9836	 1	 32,61	 93,95	  14,0	  16,6	  19,6	  23,8	  28,6	  31,3
*	    37,3243	 1	 36,55	 93,65	  13,3	  15,9	  18,8	  23,1	  27,9	  30,6
*	    17,9303	 1	 67,47	102,40	  40,5	  43,5	  46,5	  49,4	  52,4	  55,2
*	    18,0101	 1	 37,08	 95,83	  10,5	  12,1	  13,0	  16,6	  20,0	  22,8
*	    20,6704	 1	 61,80	 94,76	  28,1	  31,1	  34,1	  37,0	  39,9	  42,7
*	    20,8058	 1	 39,32	 95,09	   8,1	   9,7	  10,6	  14,2	  17,6	  20,4
*	    20,8735	 1	 62,03	 94,72	  27,6	  30,6	  33,6	  36,6	  39,4	  42,2
*	    20,9662	 1	  3,27	 97,45	   7,8	   9,4	  10,4	  13,9	  17,3	  20,1
*	    21,6168	 1	 41,54	 98,09	  21,5	  23,1	  24,0	  27,6	  31,0	  33,8
s	    22,0096	 3	293,24	 92,02	  63,5	  66,6	  69,4	  72,4	  75,3	  78,1
*	    22,1550	 1	 96,38	 85,44	  14,2	  17,5	  20,6	  25,4	  29,6	  32,4
*	    23,9712	 1	 96,25	 85,57	  12,7	  16,0	  19,0	  23,8	  28,1	  30,8
*	    22,1575	 1	 86,92	 87,92	  17,5	  20,8	  23,8	  28,6	  32,9	  35,6
*	    23,9760	 1	 87,18	 87,93	  15,9	  19,2	  22,3	  27,0	  31,3	  34,1
*	    22,1626	 1	 86,92	 90,09	  17,5	  20,8	  23,8	  28,6	  32,9	  35,6
*	    23,9810	 1	 87,19	 90,02	  15,9	  19,2	  22,3	  27,0	  31,3	  34,1
*	    22,2417	 1	 86,14	 87,92	  18,6	  21,9	  24,9	  29,7	  34,0	  36,7
*	    24,0550	 1	 86,44	 87,95	  17,0	  20,3	  23,4	  28,1	  32,4	  35,2
*	    22,2468	 1	 86,14	 90,09	  18,6	  21,9	  24,9	  29,7	  34,0	  36,7
*	    24,0600	 1	 86,44	 90,01	  17,0	  20,3	  23,4	  28,1	  32,4	  35,2
*	    22,2779	 1	 86,93	 92,57	  17,4	  20,7	  23,7	  28,5	  32,8	  35,5
*	    24,0892	 1	 87,19	 92,40	  15,8	  19,1	  22,2	  26,9	  31,2	  34,0
*	    22,3277	 1	 86,92	 84,53	  30,8	  34,1	  37,1	  41,9	  46,2	  48,9
*	    22,3617	 1	 86,15	 92,56	  18,5	  21,8	  24,8	  29,6	  33,8	  36,6
*	    24,1679	 1	 86,45	 92,39	  16,9	  20,2	  23,3	  28,0	  32,3	  35,1
*	    24,4253	 1	 96,21	 87,95	  12,3	  15,6	  18,7	  23,4	  27,7	  30,4
*	    22,6018	 1	 96,33	 87,93	  13,8	  17,2	  20,2	  25,0	  29,2	  32,0
*	    24,4303	 1	 96,20	 90,00	  12,3	  15,6	  18,7	  23,4	  27,7	  30,4
*	    22,6069	 1	 96,33	 90,08	  13,8	  17,2	  20,2	  25,0	  29,2	  32,0
*	    24,5368	 1	 96,19	 92,38	  12,2	  15,5	  18,6	  23,3	  27,6	  30,4
*	    22,7202	 1	 96,32	 92,55	  13,7	  17,1	  20,1	  24,9	  29,1	  31,9
*	    24,6179	 1	 87,26	 85,61	  15,4	  18,7	  21,7	  26,5	  30,7	  33,5
*	    22,8053	 1	 87,00	 85,49	  16,9	  20,2	  23,3	  28,0	  32,3	  35,1
*	    23,0113	 1	 96,30	 91,30	  10,1	  13,4	  16,4	  21,2	  25,5	  28,2
*	    22,8809	 1	 93,86	 91,29	  10,2	  13,5	  16,6	  21,3	  25,6	  28,4
*	    22,8624	 1	 91,44	 91,29	  10,2	  13,5	  16,6	  21,4	  25,6	  28,4
*	    22,9563	 1	 89,01	 91,29	  10,1	  13,5	  16,5	  21,3	  25,5	  28,3
*	    24,6952	 1	 86,52	 85,61	  16,5	  19,8	  22,8	  27,6	  31,8	  34,6
*	    22,8875	 1	 86,23	 85,49	  18,0	  21,3	  24,3	  29,1	  33,4	  36,1
*	    24,7875	 1	 96,19	 95,05	  12,0	  15,3	  18,4	  23,1	  27,4	  30,1
*	    22,9869	 1	 96,31	 95,33	  13,5	  16,8	  19,9	  24,6	  28,9	  31,7
*	    23,2118	 1	 96,29	 94,07	  16,4	  19,7	  22,8	  27,5	  31,8	  34,6
*	    23,0826	 1	 93,86	 94,07	  16,5	  19,8	  22,9	  27,7	  31,9	  34,7
*	    23,0644	 1	 91,43	 94,06	  16,5	  19,9	  22,9	  27,7	  31,9	  34,7
*	    23,1576	 1	 89,01	 94,05	  16,5	  19,8	  22,8	  27,6	  31,9	  34,6
*	    23,1951	 1	 86,30	 91,27	   9,9	  13,2	  16,3	  21,1	  25,3	  28,1
*	    23,5223	 1	 83,91	 91,26	   9,6	  12,9	  16,0	  20,8	  25,0	  27,8
*	    23,9535	 1	 81,57	 91,25	   9,2	  12,6	  15,6	  20,4	  24,6	  27,4
*	    24,4837	 1	 79,26	 91,24	   8,8	  12,1	  15,1	  19,9	  24,2	  26,9
*	    23,3665	 1	 31,94	 95,03	   5,9	   7,5	   8,4	  12,0	  15,4	  18,2
*	    23,3946	 1	 86,30	 94,03	  16,3	  19,6	  22,6	  27,4	  31,6	  34,4
*	    23,7193	 1	 83,92	 94,00	  16,0	  19,3	  22,3	  27,1	  31,3	  34,1
*	    24,1474	 1	 81,58	 93,96	  15,6	  18,9	  21,9	  26,7	  31,0	  33,7
*	    24,6739	 1	 79,27	 93,93	  15,1	  18,4	  21,5	  26,3	  30,5	  33,3
*	    25,1744	 1	 96,18	 97,70	  11,7	  15,0	  18,0	  22,8	  27,0	  29,8
*	    23,3980	 1	 96,30	 98,09	  13,1	  16,4	  19,5	  24,2	  28,5	  31,3
*	    23,5481	 1	 96,27	 86,74	   7,6	  10,9	  14,0	  18,7	  23,0	  25,8
*	    23,4205	 1	 93,87	 86,73	   7,7	  11,1	  14,1	  18,9	  23,1	  25,9
*	    23,4026	 1	 91,46	 86,73	   7,8	  11,1	  14,1	  18,9	  23,2	  25,9
*	    23,4948	 1	 89,06	 86,73	   7,7	  11,0	  14,1	  18,8	  23,1	  25,8
*	    23,5571	 1	 96,28	 96,82	  19,8	  23,1	  26,1	  30,9	  35,1	  37,9
*	    23,4299	 1	 93,85	 96,83	  19,9	  23,2	  26,2	  31,0	  35,3	  38,0
*	    23,4121	 1	 91,43	 96,82	  19,9	  23,2	  26,3	  31,0	  35,3	  38,1
*	    23,5042	 1	 89,01	 96,81	  19,8	  23,1	  26,2	  31,0	  35,2	  38,0
*	    23,6747	 1	 96,28	 84,64	  13,8	  17,1	  20,2	  25,0	  29,2	  32,0
*	    23,5479	 1	 93,88	 84,63	  14,0	  17,3	  20,3	  25,1	  29,3	  32,1
*	    23,5302	 1	 91,46	 84,63	  14,0	  17,3	  20,3	  25,1	  29,4	  32,1
*	    23,6220	 1	 89,06	 84,64	  13,9	  17,2	  20,3	  25,0	  29,3	  32,1
*	    23,7292	 1	 86,38	 86,74	   7,5	  10,8	  13,8	  18,6	  22,9	  25,6
*	    24,0503	 1	 84,02	 86,76	   7,2	  10,5	  13,6	  18,3	  22,6	  25,3
*	    24,4738	 1	 81,70	 86,78	   6,8	  10,1	  13,2	  18,0	  22,2	  25,0
*	    24,9948	 1	 79,40	 86,80	   6,4	   9,7	  12,7	  17,5	  21,8	  24,5
*	    23,7382	 1	 86,31	 96,77	  19,6	  22,9	  26,0	  30,8	  35,0	  37,8
*	    24,0587	 1	 83,93	 96,73	  19,3	  22,7	  25,7	  30,5	  34,7	  37,5
*	    24,4814	 1	 81,59	 96,67	  19,0	  22,3	  25,3	  30,1	  34,4	  37,1
*	    25,0015	 1	 79,28	 96,61	  18,5	  21,8	  24,9	  29,7	  33,9	  36,7
*	    23,8552	 1	 86,38	 84,66	  13,7	  17,0	  20,1	  24,8	  29,1	  31,9
*	    24,1747	 1	 84,01	 84,69	  13,4	  16,7	  19,8	  24,6	  28,8	  31,6
*	    24,5961	 1	 81,69	 84,72	  13,1	  16,4	  19,4	  24,2	  28,4	  31,2
*	    25,1146	 1	 79,39	 84,76	  12,6	  15,9	  19,0	  23,7	  28,0	  30,7
*	    24,0751	 1	 96,27	 99,71	  22,0	  25,3	  28,4	  33,1	  37,4	  40,2
*	    23,9508	 1	 93,85	 99,73	  22,1	  25,4	  28,5	  33,3	  37,5	  40,3
*	    23,9336	 1	 91,43	 99,71	  22,2	  25,5	  28,5	  33,3	  37,5	  40,3
*	    24,0848	 1	 77,07	 87,97	  24,9	  28,2	  31,2	  36,0	  40,2	  43,0
*	    25,7920	 1	 77,71	 87,99	  23,5	  26,8	  29,9	  34,6	  38,9	  41,6
*	    24,0900	 1	 77,08	 90,07	  24,8	  28,2	  31,2	  36,0	  40,2	  43,0
*	    25,7971	 1	 77,73	 90,00	  23,5	  26,8	  29,8	  34,6	  38,9	  41,6
*	    24,1972	 1	 77,10	 92,46	  24,8	  28,1	  31,1	  35,9	  40,1	  42,9
*	    25,8987	 1	 77,74	 92,31	  23,4	  26,7	  29,8	  34,5	  38,8	  41,5
*	    24,2417	 1	 77,05	 84,69	  29,0	  32,3	  35,4	  40,2	  44,4	  47,2
*	    24,5243	 1	 87,26	 87,94	  33,6	  36,9	  40,0	  44,7	  49,0	  51,7
*	    24,3489	 1	 89,60	 87,94	  33,8	  37,1	  40,1	  44,9	  49,1	  51,9
*	    24,2796	 1	 91,95	 87,94	  33,8	  37,1	  40,2	  44,9	  49,2	  52,0
*	    24,3171	 1	 94,30	 87,95	  33,8	  37,1	  40,1	  44,9	  49,1	  51,9
*	    24,5293	 1	 87,27	 90,00	  33,6	  36,9	  40,0	  44,7	  49,0	  51,7
*	    24,3539	 1	 89,60	 89,99	  33,8	  37,1	  40,1	  44,9	  49,1	  51,9
*	    24,2846	 1	 91,95	 90,01	  33,8	  37,1	  40,2	  44,9	  49,2	  52,0
*	    24,3222	 1	 94,30	 90,01	  33,8	  37,1	  40,1	  44,9	  49,1	  51,9
*	    24,3021	 1	 76,35	 87,98	  25,1	  28,4	  31,4	  36,2	  40,5	  43,2
*	    24,3073	 1	 76,36	 90,06	  25,1	  28,4	  31,4	  36,2	  40,5	  43,2
*	    24,3440	 1	 87,19	 95,09	  15,6	  18,9	  21,9	  26,7	  31,0	  33,7
*	    24,5190	 1	 96,22	 85,60	  33,6	  36,9	  39,9	  44,7	  49,0	  51,7
*	    24,3960	 1	 93,86	 85,59	  33,7	  37,0	  40,1	  44,8	  49,1	  51,8
*	    24,3790	 1	 91,50	 85,59	  33,7	  37,0	  40,1	  44,8	  49,1	  51,9
*	    24,4684	 1	 89,14	 85,59	  33,6	  37,0	  40,0	  44,8	  49,0	  51,8
*	    24,6356	 1	 87,27	 92,34	  33,5	  36,8	  39,9	  44,6	  48,9	  51,7
*	    24,4608	 1	 89,60	 92,35	  33,7	  37,0	  40,0	  44,8	  49,0	  51,8
*	    24,3918	 1	 91,95	 92,37	  33,7	  37,0	  40,1	  44,8	  49,1	  51,9
*	    24,4291	 1	 94,30	 92,37	  33,7	  37,0	  40,0	  44,8	  49,1	  51,8
*	    24,4137	 1	 76,38	 92,46	  25,0	  28,3	  31,4	  36,1	  40,4	  43,1
*	    24,4220	 1	 86,45	 95,08	  16,7	  20,0	  23,0	  27,8	  32,1	  34,8
*	    24,8858	 1	 87,27	 95,01	  33,3	  36,6	  39,7	  44,4	  48,7	  51,4
*	    24,7125	 1	 89,60	 95,04	  33,4	  36,8	  39,8	  44,6	  48,8	  51,6
*	    24,6440	 1	 91,95	 95,05	  33,5	  36,8	  39,9	  44,6	  48,9	  51,6
*	    24,6809	 1	 94,29	 95,05	  33,5	  36,8	  39,8	  44,6	  48,8	  51,6
*	    55,1501	 1	 42,31	 90,56	  27,8	  30,6	  33,4	  37,0	  39,5	  42,1
*	    49,6569	 1	 45,93	 90,61	  30,2	  32,9	  35,7	  39,3	  41,9	  44,4
*	    27,2156	 1	 76,10	 84,47	  27,2	  30,3	  33,1	  36,1	  39,0	  41,8
*	    25,8025	 1	 82,45	 82,35	  27,8	  30,8	  33,6	  36,7	  39,6	  42,4
*	    24,6846	 1	 93,77	 84,15	  29,3	  32,3	  35,2	  38,2	  41,1	  43,9
*	    24,7404	 1	 89,49	 84,16	  29,3	  32,3	  35,1	  38,2	  41,1	  43,9
*	    26,3967	 1	 77,88	 85,72	  23,0	  26,3	  29,4	  34,1	  38,4	  41,1
*	    24,6900	 1	 77,26	 85,62	  24,4	  27,7	  30,7	  35,5	  39,7	  42,5
*	    24,6952	 1	 86,52	 85,61	  33,5	  36,8	  39,8	  44,6	  48,8	  51,6
*	    25,0061	 1	 84,21	 85,62	  33,2	  36,5	  39,5	  44,3	  48,6	  51,3
*	    25,4165	 1	 81,92	 85,66	  32,8	  36,2	  39,2	  44,0	  48,2	  51,0
*	    25,9218	 1	 79,67	 85,69	  32,4	  35,7	  38,8	  43,5	  47,8	  50,5
*	    26,3094	 1	 77,90	 87,99	  32,1	  35,4	  38,5	  43,2	  47,5	  50,2
*	    25,7288	 1	 80,11	 87,98	  32,6	  35,9	  38,9	  43,7	  48,0	  50,7
*	    25,2395	 1	 82,37	 87,96	  33,0	  36,3	  39,4	  44,1	  48,4	  51,1
*	    24,8465	 1	 84,65	 87,95	  33,3	  36,6	  39,7	  44,5	  48,7	  51,5
*	    26,3144	 1	 77,91	 89,98	  32,1	  35,4	  38,5	  43,2	  47,5	  50,2
*	    25,7338	 1	 80,12	 89,98	  32,6	  35,9	  38,9	  43,7	  48,0	  50,7
*	    25,2445	 1	 82,38	 89,99	  33,0	  36,3	  39,4	  44,1	  48,4	  51,1
*	    24,8515	 1	 84,66	 89,99	  33,3	  36,6	  39,7	  44,5	  48,7	  51,5
*	    24,9030	 1	 76,54	 85,64	  24,6	  27,9	  31,0	  35,7	  40,0	  42,7
*	    26,4144	 1	 77,92	 92,26	  32,0	  35,3	  38,4	  43,1	  47,4	  50,1
*	    25,8358	 1	 80,13	 92,29	  32,5	  35,8	  38,9	  43,6	  47,9	  50,6
*	    25,3482	 1	 82,38	 92,31	  32,9	  36,2	  39,3	  44,0	  48,3	  51,0
*	    24,9566	 1	 84,66	 92,33	  33,2	  36,6	  39,6	  44,4	  48,6	  51,4
*	    25,0334	 1	 91,94	 97,71	  33,2	  36,5	  39,5	  44,3	  48,5	  51,3
*	    25,0695	 1	 94,28	 97,71	  33,1	  36,4	  39,5	  44,2	  48,5	  51,3
*	    25,0698	 1	 60,77	 96,24	  19,2	  20,8	  21,8	  25,3	  28,7	  31,5
*	    26,6495	 1	 77,94	 94,84	  31,8	  35,1	  38,2	  43,0	  47,2	  50,0
*	    26,0756	 1	 80,14	 94,90	  32,3	  35,6	  38,7	  43,4	  47,7	  50,4
*	    25,5921	 1	 82,39	 94,94	  32,7	  36,0	  39,1	  43,8	  48,1	  50,8
*	    25,2039	 1	 84,67	 94,97	  33,0	  36,3	  39,4	  44,2	  48,4	  51,2
s	    25,3972	 2	 92,32	 75,13	  60,5	  62,6	  64,0	  66,6	  66,2	  67,7
*	    25,4920	 1	 30,30	 94,76	  25,8	  27,4	  28,4	  31,9	  35,3	  38,1
*	    25,4937	 1	 79,30	 99,42	  20,8	  24,1	  27,2	  32,0	  36,2	  39,0
s	    25,5635	 3	 99,09	 75,21	  60,2	  62,1	  63,2	  66,5	  65,8	  67,2
*	    25,9132	 1	 74,50	 91,20	   7,6	  10,9	  13,9	  18,7	  22,9	  25,7
*	    26,0687	 1	 34,40	 94,46	   3,9	   5,5	   6,4	  10,0	  13,4	  16,1
*	    26,0941	 1	 74,52	 93,82	  13,9	  17,2	  20,3	  25,1	  29,3	  32,1
*	    26,1375	 1	 77,76	 94,92	  23,2	  26,5	  29,6	  34,3	  38,6	  41,3
*	    26,4014	 1	 74,69	 86,88	   5,2	   8,5	  11,6	  16,3	  20,6	  23,3
*	    26,5150	 1	 74,67	 84,88	  11,5	  14,8	  17,8	  22,6	  26,8	  29,6
*	    27,0658	 1	 75,47	 88,01	  31,5	  34,8	  37,9	  42,6	  46,9	  49,6
*	    27,0709	 1	 75,48	 89,98	  31,5	  34,8	  37,9	  42,6	  46,9	  49,6
*	    27,1684	 1	 75,50	 92,22	  31,4	  34,7	  37,8	  42,5	  46,8	  49,5
s	    27,1827	 2	274,17	 92,08	  58,6	  62,0	  65,3	  67,4	  68,3	  71,1
*	    27,2890	 1	 75,04	 85,79	  31,3	  34,6	  37,7	  42,4	  46,7	  49,4
s	    27,3412	 3	267,93	 92,08	  58,5	  61,9	  65,2	  67,3	  68,2	  71,0
*	    27,3978	 1	 75,51	 94,78	  31,2	  34,6	  37,6	  42,4	  46,6	  49,4
s	    28,2379	 3	274,13	 79,38	  60,9	  63,4	  64,7	  66,8	  66,6	  68,2
s	    28,3480	 3	 92,28	114,35	  59,4	  61,9	  63,2	  65,2	  65,1	  66,7
*	    28,7920	 1	 28,10	 94,39	   1,9	   3,5	   4,5	   8,0	  11,4	  14,2
*	    30,8976	 1	 26,87	 94,18	  23,5	  25,1	  26,0	  29,6	  33,0	  35,7
*	    31,5068	 1	 30,54	 93,94	   0,2	   1,8	   2,7	   6,3	   9,7	  12,4
*	    34,2423	 1	 25,14	 93,88	  -1,5	   0,1	   1,0	   4,6	   8,0	  10,7
*	    35,9706	 1	 55,26	 89,83	  26,2	  29,6	  32,6	  36,4	  41,0	  43,7
*	    35,9749	 1	 55,23	 87,96	  25,6	  29,0	  32,0	  35,8	  40,4	  43,1
*	    36,0486	 1	 55,29	 91,96	  26,8	  30,1	  33,2	  37,0	  41,5	  44,2
*	    37,5602	 1	 31,69	 93,82	   9,6	  12,5	  15,5	  18,5	  21,3	  24,0
*	    37,6427	 1	 31,98	 93,80	  22,7	  25,7	  28,7	  31,6	  34,5	  37,1
*	    40,3193	 1	 50,67	 89,82	  25,2	  28,6	  31,6	  35,4	  40,0	  42,7
*	    41,6744	 1	 52,08	 89,78	  24,5	  27,9	  30,9	  34,7	  39,3	  42,0
*	    40,3229	 1	 50,64	 88,08	  24,6	  27,9	  31,0	  34,8	  39,4	  42,0
*	    41,5845	 1	 51,96	 88,08	  24,0	  27,3	  30,4	  34,2	  38,7	  41,4
*	    40,3904	 1	 50,71	 91,82	  25,7	  29,1	  32,1	  36,0	  40,5	  43,2
*	    41,8359	 1	 52,21	 91,70	  25,0	  28,3	  31,4	  35,2	  39,8	  42,4
*	    41,8313	 1	 52,22	 88,36	  24,8	  28,2	  31,2	  35,0	  39,6	  42,2
*	    41,8365	 1	 52,25	 89,99	  24,8	  28,1	  31,2	  35,0	  39,6	  42,2
*	    41,9102	 1	 52,28	 91,85	  24,8	  28,1	  31,2	  35,0	  39,5	  42,2
*	    46,3258	 1	 23,67	 92,35	  -6,9	  -3,6	  -0,5	   3,3	   7,8	  10,4
*	    44,1160	 1	 24,47	 92,44	  -5,9	  -2,6	   0,5	   4,3	   8,9	  11,5
*	    44,2892	 1	 18,40	 87,79	  -1,3	   2,0	   5,0	   8,9	  13,4	  16,0
*	    44,1491	 1	 15,80	 87,85	  -1,3	   2,0	   5,1	   8,9	  13,5	  16,1
*	    46,2623	 1	 23,62	 90,41	  -7,5	  -4,1	  -1,1	   2,7	   7,3	   9,9
*	    44,1881	 1	 24,38	 90,43	  -6,5	  -3,2	  -0,1	   3,7	   8,3	  10,9
*	    44,2211	 1	 25,01	 92,42	   3,3	   6,6	   9,7	  13,5	  18,1	  20,7
*	    44,2932	 1	 24,90	 90,41	   2,7	   6,0	   9,1	  12,9	  17,5	  20,1
*	    46,2647	 1	 23,57	 88,72	  -8,1	  -4,7	  -1,7	   2,1	   6,7	   9,3
*	    44,3308	 1	 24,27	 88,68	  -7,2	  -3,8	  -0,8	   3,0	   7,6	  10,2
*	    44,4846	 1	 18,44	 91,48	  -2,8	   0,5	   3,6	   7,4	  12,0	  14,6
*	    44,3452	 1	 15,86	 91,57	  -2,7	   0,6	   3,7	   7,5	  12,0	  14,7
*	    44,4356	 1	 24,80	 88,66	   2,0	   5,4	   8,4	  12,2	  16,8	  19,4
*	    45,0336	 1	 24,01	 87,70	  -1,7	   1,6	   4,7	   8,5	  13,1	  15,7
*	    44,6288	 1	 21,55	 87,74	  -1,5	   1,8	   4,9	   8,7	  13,3	  15,9
*	    45,2263	 1	 24,02	 91,26	  -3,1	   0,2	   3,3	   7,1	  11,6	  14,3
*	    44,8230	 1	 21,58	 91,36	  -2,9	   0,4	   3,4	   7,2	  11,8	  14,4
*	    45,3348	 1	 24,08	 93,43	   4,2	   7,6	  10,6	  14,4	  19,0	  21,6
*	    44,9322	 1	 21,64	 93,55	   4,4	   7,7	  10,8	  14,6	  19,2	  21,8
s	    45,3639	 1	 13,84	 89,91	  55,1	  58,4	  61,8	  63,0	  64,2	  66,9
*	    45,4005	 1	 15,62	 90,90	  27,2	  30,6	  33,6	  37,4	  42,0	  44,6
s	    45,3915	 2	 13,78	 87,78	  53,7	  56,7	  60,3	  61,2	  63,0	  65,7
*	    45,3947	 1	 15,57	 89,21	  27,2	  30,6	  33,6	  37,4	  42,0	  44,6
*	    47,6195	 1	 28,80	 92,10	  12,3	  15,6	  18,7	  22,5	  27,1	  29,7
*	    45,4575	 1	 29,75	 92,18	  13,3	  16,6	  19,7	  23,5	  28,1	  30,7
*	    47,5574	 1	 28,75	 90,23	  11,8	  15,1	  18,2	  22,0	  26,5	  29,1
*	    45,5283	 1	 29,63	 90,25	  12,7	  16,1	  19,1	  22,9	  27,5	  30,1
*	    46,9990	 1	  0,22	 88,82	  27,8	  30,5	  33,3	  36,9	  39,5	  42,1
*	    46,9964	 1	  0,30	 91,62	  27,8	  30,5	  33,3	  36,9	  39,5	  42,1
*	    46,8442	 1	  2,85	 83,20	  27,8	  30,6	  33,4	  37,0	  39,6	  42,1
*	    46,4548	 1	  3,01	 88,75	  28,0	  30,8	  33,5	  37,2	  39,7	  42,3
*	    46,4521	 1	  3,09	 91,54	  28,0	  30,8	  33,5	  37,2	  39,7	  42,3
*	    45,9502	 1	 11,17	 83,02	  28,2	  31,0	  33,8	  37,4	  40,0	  42,5
*	    45,5540	 1	 11,32	 88,52	  28,4	  31,2	  34,0	  37,6	  40,2	  42,7
*	    45,5509	 1	 11,40	 91,28	  28,4	  31,2	  34,0	  37,6	  40,2	  42,7
*	    45,9826	 1	  8,32	 84,52	  27,9	  30,9	  33,8	  36,8	  39,6	  42,3
*	    45,6180	 1	 30,23	 92,16	  13,7	  17,1	  20,1	  23,9	  28,5	  31,1
*	    47,5599	 1	 28,71	 88,61	  11,2	  14,5	  17,6	  21,4	  25,9	  28,5
*	    45,6679	 1	 29,53	 88,56	  12,0	  15,4	  18,4	  22,2	  26,8	  29,4
*	    45,6885	 1	 30,12	 90,23	  13,1	  16,5	  19,5	  23,3	  27,9	  30,5
*	    46,3553	 1	 29,21	 87,63	  -2,3	   1,1	   4,1	   7,9	  12,5	  15,1
*	    45,6965	 1	 26,94	 87,65	  -2,0	   1,3	   4,4	   8,2	  12,8	  15,4
*	    45,8278	 1	 30,01	 88,55	  12,5	  15,8	  18,9	  22,7	  27,2	  29,8
*	    45,8668	 1	 21,20	 89,07	  27,0	  30,4	  33,4	  37,2	  41,8	  44,4
*	    45,8725	 1	 21,24	 90,71	  27,0	  30,4	  33,4	  37,2	  41,8	  44,4
*	    46,5435	 1	 29,20	 91,06	  -3,7	  -0,4	   2,7	   6,5	  11,0	  13,6
*	    45,8869	 1	 26,95	 91,15	  -3,4	  -0,1	   3,0	   6,8	  11,3	  13,9
*	    45,9407	 1	 21,29	 92,60	  27,0	  30,3	  33,4	  37,2	  41,8	  44,4
*	    46,6494	 1	 29,26	 93,13	   3,6	   7,0	  10,0	  13,8	  18,4	  21,0
*	    45,9941	 1	 27,00	 93,26	   3,9	   7,3	  10,3	  14,1	  18,7	  21,3
s	    46,0782	 2	 13,58	 81,28	  56,5	  58,6	  60,0	  62,6	  62,2	  63,5
s	    46,0910	 2	349,82	 90,59	  56,2	  58,4	  62,1	  66,1	  68,7	  71,5
s	    46,1183	 3	349,76	 88,48	  54,8	  56,6	  60,6	  64,4	  67,5	  70,3
s	    46,6779	 3	349,58	 82,05	  55,1	  56,8	  59,0	  62,1	  61,6	  63,1
*	    46,9151	 1	 26,49	 88,94	  26,6	  29,9	  33,0	  36,8	  41,3	  43,9
*	    46,9205	 1	 26,53	 90,53	  26,6	  29,9	  33,0	  36,8	  41,3	  43,9
*	    46,9875	 1	 26,58	 92,36	  26,5	  29,9	  32,9	  36,7	  41,3	  43,9
*	    47,3240	 1	 31,92	 87,60	  -2,7	   0,6	   3,7	   7,5	  12,0	  14,7
*	    47,5091	 1	 31,91	 90,95	  -4,1	  -0,8	   2,2	   6,0	  10,6	  13,2
s	    47,5696	 2	 92,69	 88,66	  56,8	  60,1	  63,3	  66,5	  69,4	  72,0
s	    47,5893	 3	 92,70	 86,84	  54,9	  58,6	  62,0	  65,6	  68,4	  71,1
*	    47,6133	 1	 31,96	 92,98	   3,2	   6,5	   9,6	  13,4	  18,0	  20,6
s	    47,6381	 3	 96,12	 88,66	  54,9	  58,6	  62,0	  65,6	  68,4	  71,1
s	    47,8534	 3	 96,72	 88,66	  58,1	  60,6	  63,1	  67,4	  69,6	  72,1
s	    48,3213	 3	 92,71	 80,36	  57,3	  59,5	  60,7	  63,4	  62,9	  64,2
*	    48,5128	 1	 31,40	 88,83	  25,9	  29,2	  32,3	  36,1	  40,6	  43,2
*	    48,5180	 1	 31,43	 90,35	  25,9	  29,2	  32,3	  36,1	  40,6	  43,2
*	    48,5831	 1	 31,48	 92,12	  25,8	  29,2	  32,2	  36,0	  40,6	  43,2
s	    48,9154	 3	173,47	 81,88	  57,2	  59,4	  60,6	  63,3	  62,8	  64,2
s	    48,9276	 3	196,06	 90,73	  56,5	  58,8	  61,1	  66,1	  68,0	  70,5
s	    50,0522	 3	 12,88	 81,86	  57,2	  59,3	  60,6	  63,3	  62,9	  64,2
s	    50,0642	 3	350,72	 90,54	  56,9	  59,4	  63,1	  66,5	  69,4	  72,2
s	    50,4821	 3	273,82	 91,91	  56,1	  59,5	  62,5	  65,8	  68,6	  71,3
s	    55,1026	 3	 35,42	 81,88	  54,9	  56,8	  58,0	  61,3	  60,5	  61,7
s	    71,8536	 3	 92,86	 88,57	  49,9	  53,6	  57,1	  59,5	  60,3	  62,8
#END
