   11.804	 -64.1417
   11.929	 -64.2987
   12.056	 -64.5807
   12.184	 -64.8807
   12.314	 -65.1824
   12.445	 -65.4858
   12.578	 -65.7907
   12.711	 -66.0972
   12.847	 -66.4052
   12.983	 -66.7145
   13.122	 -67.0253
   13.261	 -67.3373
   13.402	 -67.6504
   13.545	 -67.9647
   13.689	 -68.2800
   13.835	 -68.5963
   13.982	 -68.9134
   14.131	 -69.2312
   14.281	 -69.5496
   14.433	 -69.8686
   14.587	 -70.1880
   14.742	 -70.5077
   14.899	 -70.8275
   15.057	 -71.1474
   15.217	 -71.4671
   15.379	 -71.7866
   15.543	 -72.1056
   15.708	 -72.4240
   15.875	 -72.7418
   16.044	 -73.0585
   16.215	 -73.3742
   16.388	 -73.6885
   16.562	 -74.0014
   16.738	 -74.3124
   16.916	 -74.6216
   17.096	 -74.9286
   17.278	 -75.2332
   17.462	 -75.5350
   17.648	 -75.8340
   17.836	 -76.1298
   18.025	 -76.4220
   18.217	 -76.7105
   18.411	 -76.9948
   18.607	 -77.2748
   18.805	 -77.5500
   19.005	 -77.8200
   19.207	 -78.0846
   19.412	 -78.3433
   19.618	 -78.5958
   19.827	 -78.8416
   20.038	 -79.0803
   20.251	 -79.3114
   20.467	 -79.5346
   20.684	 -79.7492
   20.905	 -79.9549
   21.127	 -80.1510
   21.352	 -80.3370
   21.579	 -80.5125
   21.809	 -80.6766
   22.041	 -80.8290
   22.275	 -80.9689
   22.512	 -81.0956
   22.752	 -81.2086
   22.994	 -81.3070
   23.239	 -81.3901
   23.486	 -81.4579
   23.736	 -81.5106
   23.988	 -81.5490
   24.244	 -81.5733
   24.501	 -81.5840
   24.762	 -81.5812
   25.026	 -81.5654
   25.292	 -81.5369
   25.561	 -81.4960
   25.833	 -81.4432
   26.108	 -81.3790
   26.386	 -81.3040
   26.667	 -81.2186
   26.950	 -81.1236
   27.237	 -81.0197
   27.527	 -80.9074
   27.820	 -80.7877
   28.116	 -80.6614
   28.415	 -80.5295
   28.717	 -80.3928
   29.023	 -80.2525
   29.332	 -80.1097
   29.644	 -79.9656
   29.959	 -79.8214
   30.278	 -79.6786
   30.600	 -79.5385
   30.926	 -79.4027
   31.255	 -79.2729
   31.587	 -79.1507
   31.924	 -79.0380
   32.263	 -78.9367
   32.607	 -78.8489
   32.953	 -78.7767
   33.304	 -78.7223
   33.658	 -78.6882
   34.017	 -78.6769
   34.379	 -78.6910
   34.744	 -78.7318
   35.114	 -78.7860
   35.488	 -78.8468
   35.865	 -78.9144
   36.247	 -79.0019
   36.633	 -79.1116
   37.022	 -79.2425
   37.416	 -79.3935
   37.815	 -79.5634
   38.217	 -79.7508
   38.624	 -79.9541
   39.035	 -80.1719
   39.450	 -80.4023
   39.870	 -80.6436
   40.294	 -80.8937
   40.723	 -81.1506
   41.156	 -81.4119
   41.594	 -81.6752
   42.036	 -81.9380
   42.484	 -82.1974
   42.936	 -82.4506
   43.393	 -82.6943
   43.854	 -82.9253
   44.321	 -83.1400
   44.793	 -83.3347
   45.269	 -83.5054
   45.751	 -83.6478
   46.238	 -83.7576
   46.730	 -83.8313
   47.227	 -83.8645
   47.730	 -83.8538
   48.237	 -83.7978
   48.751	 -83.6988
   49.269	 -83.5603
   49.794	 -83.3863
   50.323	 -83.1810
   50.859	 -82.9490
   51.400	 -82.6952
   51.947	 -82.4247
   52.500	 -82.1432
   53.058	 -81.8566
   53.623	 -81.5711
   54.194	 -81.2934
   54.770	 -81.0305
   55.353	 -80.7901
   55.942	 -80.5799
   56.537	 -80.4083
   57.139	 -80.2841
   57.747	 -80.2178
   58.361	 -80.2322
   58.982	 -80.3429
   59.610	 -80.5496
   60.244	 -80.8329
   60.885	 -81.1770
   61.533	 -81.5741
   62.188	 -82.0170
   62.850	 -82.4977
   63.518	 -83.0078
   64.194	 -83.5380
   64.877	 -84.0786
   65.568	 -84.6191
   66.265	 -85.1482
   66.970	 -85.6538
   67.683	 -86.1230
   68.403	 -86.5421
   69.131	 -86.8961
   69.867	 -87.1698
   70.610	 -87.3569
   71.361	 -87.4639
   72.121	 -87.5056
   72.888	 -87.4942
   73.664	 -87.4388
   74.448	 -87.3488
   75.240	 -87.2342
   76.040	 -87.1056
   76.849	 -86.9742
   77.667	 -86.8521
   78.494	 -86.7518
   79.329	 -86.6867
   80.173	 -86.6707
   81.026	 -86.7173
   81.888	 -86.8249
   82.759	 -86.9941
   83.640	 -87.2248
   84.530	 -87.5233
   85.430	 -87.8820
   86.339	 -88.2878
   87.257	 -88.7263
   88.186	 -89.1818
   89.124	 -89.6378
   90.072	 -90.0760
   91.031	 -90.4773
   91.999	 -90.8201
   92.978	 -91.0715
   93.968	 -91.1834
   94.968	 -91.1494
   95.978	 -91.0004
   96.999	 -90.7858
   98.032	 -90.5249
   99.075	 -90.2347
  100.129	 -89.9333
  101.194	 -89.6397
  102.271	 -89.3739
  103.359	 -89.1569
  104.459	 -89.0034
  105.571	 -88.8889
  106.694	 -88.7991
  107.829	 -88.7282
  108.977	 -88.6984
  110.136	 -88.7131
  111.308	 -88.7737
  112.492	 -88.8816
  113.689	 -89.0383
  114.899	 -89.2471
  116.122	 -89.5408
  117.357	 -90.0448
  118.606	 -90.7903
  119.868	 -91.7449
  121.144	 -92.7361
  122.433	 -93.7446
  123.735	 -94.7705
  125.052	 -95.8143
  126.383	 -96.8761
  127.727	 -97.9553
  129.087	 -99.0476
  130.460	 -100.1531
  131.848	 -101.2749
  133.251	 -102.4203
  134.669	 -103.5853
  136.102	 -104.7642
  137.550	 -105.9510
  139.014	 -107.0952
  140.493	 -107.5513
  141.988	 -106.6108
  143.499	 -104.3991
  145.026	 -101.6535
  146.569	 -98.7462
  148.129	 -95.9687
  149.705	 -93.5896
  151.298	 -91.8275
  152.908	 -90.6370
  154.535	 -89.8642
  156.179	 -89.3392
  157.841	 -88.9856
  159.520	 -88.8028
  161.218	 -88.7945
  162.933	 -88.9515
  164.667	 -89.2728
  166.419	 -89.7723
  168.190	 -90.4536
  169.979	 -91.2693
  171.788	 -92.1053
  173.616	 -92.8258
  175.463	 -93.2935
  177.330	 -93.4207
  179.217	 -93.2298
  181.124	 -92.8424
  183.052	 -92.4216
  184.999	 -92.1346
  186.968	 -92.1680
  188.957	 -92.5862
  190.968	 -93.3537
  193.000	 -94.3032
  195.054	 -95.3008
  197.129	 -96.2399
  199.227	 -97.0875
  201.347	 -97.8443
  203.489	 -98.5328
  205.654	 -99.1051
  207.843	 -99.5382
  210.054	 -99.6389
  212.289	 -99.0275
  214.548	 -97.6134
  216.831	 -95.8029
  219.138	 -94.1329
  221.470	 -93.0430
  223.827	 -92.6618
  226.208	 -92.9126
  228.615	 -93.5287
  231.048	 -94.1761
  233.506	 -94.6106
  235.991	 -94.6832
  238.502	 -94.4191
  241.040	 -93.9991
  243.605	 -93.7147
  246.197	 -93.9400
  248.816	 -94.8679
  251.464	 -96.5268
  254.140	 -98.5227
  256.844	 -99.9925
  259.577	 -99.9439
  262.339	 -98.4653
  265.130	 -96.7145
  267.952	 -95.6657
  270.803	 -95.6211
  273.684	 -96.5695
  276.596	 -98.1633
  279.540	 -99.6326
  282.514	 -100.3118
  285.520	 -100.2068
  288.558	 -99.8358
  291.629	 -99.5410
  294.732	 -99.4500
  297.868	 -99.5510
  301.037	 -99.6756
  304.241	 -99.2962
  307.478	 -97.8798
  310.750	 -95.8414
  314.056	 -94.3278
  317.398	 -94.0939
  320.775	 -95.1699
  324.189	 -97.3783
  327.638	 -98.9651
  331.124	 -98.1094
  334.648	 -95.9854
  338.209	 -94.4913
  341.807	 -94.1307
  345.444	 -94.7772
  349.120	 -95.5643
  352.835	 -94.5596
  356.589	 -91.7742
  360.384	 -89.4389
  364.218	 -88.3602
  368.094	 -88.4315
  372.011	 -89.4624
  375.969	 -91.0144
  379.970	 -92.9535
  384.013	 -95.1139
  388.099	 -97.3902
  392.228	 -99.7393
  396.402	 -101.7213
  400.620	 -101.6187
  404.883	 -99.6255
  409.191	 -98.6546
  413.545	 -99.2674
  417.945	 -101.5566
  422.393	 -103.1846
  426.887	 -101.3290
  431.429	 -99.4827
  436.020	 -98.9886
  440.660	 -99.6258
  445.348	 -100.1506
  450.087	 -99.2312
  454.876	 -99.0400
  459.717	 -100.4444
  464.608	 -104.6592
  469.552	 -107.9362
  474.548	 -101.0257
  479.598	 -98.3443
  484.701	 -97.6575
  489.858	 -99.1608
  495.071	 -101.7606
  500.339	 -104.4433
  505.663	 -104.3637
  511.043	 -101.0525
  516.481	 -97.5984
  521.977	 -95.2009
  527.531	 -94.9972
  533.144	 -96.4526
  538.817	 -99.6488
  544.550	 -100.0920
  550.345	 -99.1279
  556.201	 -98.8212
  562.119	 -98.9165
  568.100	 -98.6186
  574.145	 -98.5570
  580.255	 -99.0170
  586.429	 -98.9101
  592.669	 -97.6478
  598.975	 -97.0711
  605.349	 -97.3029
  611.790	 -97.5616
  618.300	 -96.5522
  624.879	 -95.3001
  631.528	 -95.5692
  638.248	 -97.2867
  645.039	 -100.1022
  651.903	 -100.3731
  658.839	 -100.6341
  665.850	 -101.6939
  672.935	 -99.2787
  680.095	 -95.8047
  687.332	 -94.1081
  694.645	 -94.2295
  702.037	 -96.1272
  709.507	 -99.6999
  717.057	 -102.3438
  724.686	 -101.0605
  732.398	 -99.7821
  740.191	 -99.4883
  748.067	 -99.4949
  756.027	 -99.3979
  764.071	 -98.5900
  772.201	 -98.0642
  780.418	 -97.6767
  788.722	 -96.9853
  797.115	 -97.4203
  805.597	 -99.0801
  814.169	 -104.3452
  822.832	 -103.2475
  831.587	 -101.8951
  840.436	 -101.9413
  849.379	 -104.8004
  858.417	 -104.7939
  867.551	 -105.1224
  876.782	 -105.0447
  886.111	 -105.1534
  895.540	 -104.1124
  905.069	 -102.8656
  914.700	 -103.6331
  924.433	 -103.8163
  934.269	 -104.6237
  944.210	 -101.9045
  954.257	 -97.8069
  964.411	 -95.7693
  974.673	 -95.7020
  985.044	 -96.6297
  995.526	 -98.8472
 1006.119	 -100.0062
 1016.824	 -103.9615
 1027.644	 -103.4956
 1038.579	 -100.0197
 1049.630	 -98.1254
 1060.799	 -98.4530
 1072.086	 -101.4903
 1083.494	 -104.5425
 1095.023	 -102.6352
 1106.674	 -100.5658
 1118.450	 -98.0148
 1130.351	 -96.5975
 1142.379	 -95.9796
 1154.534	 -96.6929
 1166.819	 -97.8642
 1179.235	 -98.2461
 1191.783	 -98.0907
 1204.464	 -98.6634
 1217.280	 -100.4346
 1230.233	 -100.7595
 1243.323	 -100.6579
 1256.553	 -99.0646
 1269.923	 -98.3078
 1283.436	 -97.0588
 1297.093	 -96.5701
 1310.895	 -97.3476
 1324.843	 -97.8539
 1338.940	 -99.9189
 1353.188	 -101.0515
 1367.586	 -104.3467
 1382.138	 -104.8111
 1396.845	 -101.6675
 1411.708	 -100.0543
 1426.730	 -97.2391
 1441.911	 -97.5142
 1457.254	 -98.1196
 1472.760	 -99.2320
 1488.431	 -98.8481
 1504.269	 -99.8170
 1520.275	 -100.6649
 1536.452	 -100.3779
 1552.801	 -100.5773
 1569.323	 -103.2419
 1586.022	 -100.0103
 1602.898	 -99.1766
 1619.954	 -99.6518
 1637.191	 -102.3803
 1654.612	 -103.1253
 1672.218	 -100.8574
 1690.011	 -101.7370
 1707.994	 -101.8730
 1726.168	 -102.5380
 1744.536	 -99.7303
 1763.099	 -99.4570
 1781.859	 -99.8103
 1800.819	 -99.2203
 1819.981	 -99.1031
 1839.347	 -99.5875
 1858.918	 -101.5311
 1878.698	 -101.8849
 1898.689	 -101.1071
 1918.892	 -101.5430
 1939.310	 -100.2490
 1959.946	 -101.8613
 1980.801	 -101.1933
 2001.878	 -101.4451
 2023.179	 -101.5948
 2044.707	 -103.5974
 2066.464	 -102.1421
 2088.452	 -101.3428
 2110.674	 -100.8239
 2133.133	 -99.9822
 2155.831	 -99.5518
 2178.771	 -99.8470
 2201.954	 -101.1598
 2225.384	 -100.0517
 2249.063	 -99.4504
 2272.995	 -99.4487
 2297.181	 -99.6697
 2321.624	 -99.0338
 2346.328	 -98.5256
 2371.294	 -98.6098
 2396.526	 -99.3620
 2422.027	 -99.7687
 2447.798	 -98.5380
 2473.844	 -97.8817
 2500.168	 -98.0553
 2526.771	 -99.5807
 2553.657	 -101.2563
 2580.830	 -102.3854
 2608.291	 -100.5361
 2636.045	 -99.2066
 2664.094	 -97.6162
 2692.442	 -96.3832
 2721.091	 -95.6007
 2750.045	 -96.3046
 2779.307	 -98.3088
 2808.881	 -101.1722
 2838.769	 -100.5223
 2868.975	 -100.2749
 2899.503	 -100.2737
 2930.355	 -101.4189
 2961.536	 -100.0812
 2993.049	 -95.6977
 3024.896	 -94.4755
 3057.083	 -95.0452
 3089.612	 -97.5580
 3122.488	 -99.4832
 3155.713	 -99.6760
 3189.292	 -98.1404
 3223.228	 -96.4075
 3257.525	 -95.3925
 3292.187	 -96.1124
 3327.218	 -97.0915
 3362.621	 -97.5108
 3398.402	 -96.4289
 3434.563	 -96.3358
 3471.108	 -96.6471
 3508.043	 -96.8210
 3545.371	 -93.5992
 3583.096	 -87.5650
 3621.222	 -81.7664
 3659.754	 -81.1250
 3698.696	 -82.3260
 3738.052	 -90.0544
 3777.827	 -96.0691
 3818.026	 -96.9462
 3858.652	 -98.5562
 3899.710	 -98.7963
 3941.206	 -97.2868
 3983.142	 -96.6634
 4025.525	 -97.6882
 4068.360	 -99.6061
 4111.649	 -100.1290
 4155.400	 -99.8458
 4199.616	 -99.3900
 4244.302	 -100.3191
 4289.464	 -99.9916
 4335.106	 -98.2485
 4381.235	 -96.6722
 4427.854	 -96.0107
 4474.969	 -96.1984
 4522.585	 -96.3856
 4570.708	 -97.1864
 4619.343	 -96.8533
 4668.496	 -94.8213
 4718.171	 -94.2233
 4768.376	 -95.0271
 4819.114	 -97.5445
 4870.393	 -98.3251
 4922.216	 -98.0846
 4974.592	 -98.7172
 5027.524	 -99.2212
 5081.021	 -99.5750
 5135.085	 -98.8955
 5189.726	 -95.7500
 5244.948	 -90.2060
 5300.757	 -89.5884
 5357.161	 -90.5576
 5414.164	 -97.2622
 5471.774	 -99.9607
 5529.997	 -100.8889
 5588.839	 -101.7587
 5648.308	 -101.7347
 5708.409	 -101.7483
 5769.150	 -101.9133
 5830.538	 -100.6472
 5892.578	 -99.8835
 5955.279	 -99.5108
 6018.646	 -100.8789
 6082.688	 -101.9079
 6147.412	 -102.4229
 6212.824	 -101.3535
 6278.932	 -100.8959
 6345.744	 -100.9943
 6413.267	 -101.7039
 6481.507	 -101.1050
 6550.475	 -100.9545
 6620.176	 -101.3690
 6690.619	 -101.8740
 6761.811	 -101.8864
 6833.760	 -101.6587
 6906.476	 -100.9489
 6979.965	 -100.9064
 7054.236	 -100.6659
 7129.297	 -101.6089
 7205.157	 -101.8332
 7281.825	 -102.7059
 7359.308	 -101.6977
 7437.615	 -100.7578
 7516.756	 -100.1849
 7596.739	 -99.9604
 7677.572	 -100.4895
 7759.267	 -100.9818
 7841.830	 -100.9225
 7925.271	 -100.4998
 8009.601	 -100.3765
 8094.828	 -100.9906
 8180.962	 -101.0407
 8268.013	 -101.2684
 8355.989	 -101.1664
 8444.902	 -101.4559
 8534.761	 -101.6894
 8625.576	 -102.0721
 8717.357	 -101.5152
 8810.115	 -101.8164
 8903.860	 -101.7004
 8998.603	 -101.4453
 9094.354	 -100.0478
 9191.123	 -100.0683
 9288.922	 -100.8008
 9387.762	 -102.1187
 9487.653	 -102.4354
 9588.607	 -102.2710
 9690.636	 -102.1074
 9793.750	 -101.3629
 9897.962	 -100.6922
10003.282	 -100.7364
10109.723	 -101.0403
10217.297	 -101.7962
10326.015	 -101.7664
10435.890	 -101.7947
10546.934	 -101.5877
10659.160	 -102.0204
10772.580	 -102.2557
10887.206	 -101.6085
11003.053	 -100.9724
11120.132	 -100.8976
11238.457	 -101.9542
11358.041	 -102.4379
11478.897	 -102.7464
11601.040	 -101.9276
11724.481	 -102.1080
11849.237	 -101.8286
11975.320	 -102.2375
12102.745	 -102.2187
12231.525	 -102.4967
12361.677	 -101.8608
12493.212	 -100.9914
12626.147	 -100.7784
12760.497	 -101.6147
12896.277	 -101.6999
13033.501	 -100.8420
13172.186	 -100.3608
13312.346	 -100.5942
13453.997	 -101.0985
13597.155	 -100.4244
13741.838	 -99.9056
13888.059	 -99.9497
14035.836	 -100.4942
14185.187	 -101.3179
14336.125	 -101.8134
14488.670	 -102.1561
14642.839	 -101.3340
14798.647	 -100.1255
14956.113	 -99.8446
15115.256	 -99.8551
15276.091	 -100.5293
15438.638	 -100.5330
15602.915	 -100.3604
15768.939	 -99.9609
15936.730	 -99.8708
16106.307	 -99.6837
16277.688	 -99.7581
16450.893	 -99.8815
16625.939	 -100.2868
16802.850	 -100.1020
16981.643	 -99.8480
17162.336	 -99.3752
17344.955	 -99.4270
17529.516	 -98.7642
17716.039	 -98.7445
17904.549	 -98.1932
18095.064	 -98.0928
18287.607	 -98.4266
18482.199	 -99.0264
18678.859	 -99.6990
18877.615	 -99.2460
19078.484	 -98.5480
19281.490	 -97.8895
19486.656	 -97.6555
19694.008	 -97.5329
19903.563	 -97.5582
20115.350	 -97.3422
20329.389	 -97.2824
20545.705	 -96.2203
20764.324	 -95.4024
20985.270	 -94.5960
21208.564	 -94.6920
21434.236	 -94.9419
21662.311	 -94.7997
21892.811	 -94.1277
22125.764	 -94.0564
22361.195	 -94.0434
22599.131	 -94.1939
22839.600	 -93.7350
23082.627	 -94.0964
23328.240	 -94.2049
23576.467	 -94.9657
23827.334	 -95.2929
