48 0 0 0 
65 50 50 0 
65 50 52 0 
64 50 54 0 
64 50 56 0 
63 50 57 0 
62 50 59 0 
61 50 61 0 
59 50 62 0 
58 50 63 0 
56 50 64 0 
54 50 64 0 
52 50 65 0 
50 50 65 0 
48 50 65 0 
46 50 64 0 
44 50 64 0 
43 50 63 0 
41 50 62 0 
39 50 61 0 
38 50 59 0 
37 50 57 0 
36 50 56 0 
36 50 54 0 
35 50 52 0 
35 50 50 0 
35 50 48 0 
36 50 46 0 
36 50 44 0 
37 50 43 0 
38 50 41 0 
39 50 39 0 
41 50 38 0 
42 50 37 0 
44 50 36 0 
46 50 36 0 
48 50 35 0 
50 50 35 0 
52 50 35 0 
54 50 36 0 
56 50 36 0 
58 50 37 0 
59 50 38 0 
61 50 39 0 
62 50 41 0 
63 50 43 0 
64 50 44 0 
64 50 46 0 
65 50 48 0 
