Row	TRb	T30b	T20b	T10b	EDTb
125	32.56503	18.9962698412698	13.5687641723356	8.14125850340136	5.42750566893424
250	4.198231	2.44896825396825	1.74926303854875	1.04955782312925	0.699705215419501
500	4.187347	2.44261904761905	1.74472789115646	1.04683673469388	0.697891156462585
1000	6.490748	3.78626984126984	2.70447845804989	1.62268707482993	1.08179138321995
2000	6.700272	3.90849206349206	2.79178004535147	1.67506802721088	1.11671201814059
4000	4.611565	2.69007936507937	1.92148526077098	1.15289115646259	0.76859410430839
8000	2.361905	1.37777777777778	0.984126984126984	0.59047619047619	0.393650793650794
16000	1.071157	0.62484126984127	0.446315192743764	0.267789115646259	0.178526077097506
32000	33.30993	19.4307936507937	13.8791383219955	8.32748299319728	5.55165532879819
B,a,s,s, ,R,a,t,i,o
3.4429
B,r,i,l,l,o
1.0593
