Row	TRt	T30t	T20t	T10t	EDTt
100	33.0027210884354	19.2515873015873	13.7511337868481	8.25068027210884	5.50045351473923
125	18.2055782312925	10.6199206349206	7.58565759637188	4.55139455782313	3.03426303854875
158	15.1672108843537	8.84753968253968	6.31967120181406	3.79180272108844	2.52786848072562
199	4.01292517006803	2.34087301587302	1.67205215419501	1.00323129251701	0.668820861678005
250	4.47469387755102	2.6102380952381	1.86445578231293	1.11867346938776	0.74578231292517
315	5.36748299319728	3.13103174603175	2.23645124716553	1.34187074829932	0.894580498866213
397	4.2978231292517	2.50706349206349	1.79075963718821	1.07445578231293	0.716303854875283
500	3.89278911564626	2.27079365079365	1.62199546485261	0.973197278911565	0.648798185941043
630	5.75156462585034	3.35507936507937	2.39648526077098	1.43789115646259	0.95859410430839
794	6.21428571428572	3.625	2.58928571428571	1.55357142857143	1.03571428571429
1000	6.93401360544218	4.04484126984127	2.88917233560091	1.73350340136054	1.15566893424036
1260	7.47578231292517	4.36087301587302	3.11490929705215	1.86894557823129	1.24596371882086
1588	6.67156462585034	3.89174603174603	2.77981859410431	1.66789115646259	1.11192743764172
2000	6.34176870748299	3.69936507936508	2.64240362811791	1.58544217687075	1.05696145124717
2520	5.11850340136054	2.98579365079365	2.13270975056689	1.27962585034014	0.853083900226757
3175	4.34598639455782	2.53515873015873	1.81082766439909	1.08649659863946	0.724331065759637
4000	3.33931972789116	1.94793650793651	1.39138321995465	0.834829931972789	0.556553287981859
5040	2.55904761904762	1.49277777777778	1.06626984126984	0.639761904761905	0.426507936507937
6350	1.88721088435374	1.10087301587302	0.786337868480726	0.471802721088435	0.31453514739229
8000	1.39823129251701	0.815634920634921	0.582596371882086	0.349557823129252	0.233038548752834
10080	1.09496598639456	0.638730158730159	0.456235827664399	0.273741496598639	0.18249433106576
12700	0.785170068027211	0.458015873015873	0.327154195011338	0.196292517006803	0.130861678004535
16000	1.05278911564626	0.614126984126984	0.438662131519274	0.263197278911565	0.17546485260771
20159	33.1552380952381	19.3405555555556	13.8146825396825	8.28880952380952	5.52587301587302
25399	33.5312925170068	19.5599206349206	13.9713718820862	8.3828231292517	5.58854875283447
32000	0	0	0	0	0
40318	0	0	0	0	0
B,a,s,s, ,R,a,t,i,o
3.4429
B,r,i,l,l,o
1.0593
