   11.804	 -52.0159
   11.929	 -52.0388
   12.056	 -52.0790
   12.184	 -52.1215
   12.314	 -52.1638
   12.445	 -52.2060
   12.578	 -52.2481
   12.711	 -52.2900
   12.847	 -52.3316
   12.983	 -52.3730
   13.122	 -52.4141
   13.261	 -52.4547
   13.402	 -52.4949
   13.545	 -52.5347
   13.689	 -52.5739
   13.835	 -52.6125
   13.982	 -52.6504
   14.131	 -52.6875
   14.281	 -52.7239
   14.433	 -52.7593
   14.587	 -52.7938
   14.742	 -52.8273
   14.899	 -52.8596
   15.057	 -52.8907
   15.217	 -52.9204
   15.379	 -52.9488
   15.543	 -52.9756
   15.708	 -53.0009
   15.875	 -53.0244
   16.044	 -53.0460
   16.215	 -53.0657
   16.388	 -53.0833
   16.562	 -53.0986
   16.738	 -53.1116
   16.916	 -53.1221
   17.096	 -53.1300
   17.278	 -53.1350
   17.462	 -53.1370
   17.648	 -53.1359
   17.836	 -53.1315
   18.025	 -53.1236
   18.217	 -53.1120
   18.411	 -53.0964
   18.607	 -53.0768
   18.805	 -53.0529
   19.005	 -53.0244
   19.207	 -52.9911
   19.412	 -52.9528
   19.618	 -52.9093
   19.827	 -52.8602
   20.038	 -52.8052
   20.251	 -52.7442
   20.467	 -52.6768
   20.684	 -52.6026
   20.905	 -52.5215
   21.127	 -52.4329
   21.352	 -52.3367
   21.579	 -52.2324
   21.809	 -52.1196
   22.041	 -51.9980
   22.275	 -51.8672
   22.512	 -51.7267
   22.752	 -51.5761
   22.994	 -51.4149
   23.239	 -51.2429
   23.486	 -51.0615
   23.736	 -50.8732
   23.988	 -50.6802
   24.244	 -50.4834
   24.501	 -50.2829
   24.762	 -50.0784
   25.026	 -49.8699
   25.292	 -49.6574
   25.561	 -49.4408
   25.833	 -49.2199
   26.108	 -48.9948
   26.386	 -48.7652
   26.667	 -48.5311
   26.950	 -48.2925
   27.237	 -48.0492
   27.527	 -47.8011
   27.820	 -47.5482
   28.116	 -47.2903
   28.415	 -47.0273
   28.717	 -46.7592
   29.023	 -46.4858
   29.332	 -46.2070
   29.644	 -45.9227
   29.959	 -45.6329
   30.278	 -45.3373
   30.600	 -45.0358
   30.926	 -44.7284
   31.255	 -44.4150
   31.587	 -44.0953
   31.924	 -43.7693
   32.263	 -43.4368
   32.607	 -43.0977
   32.953	 -42.7519
   33.304	 -42.3992
   33.658	 -42.0396
   34.017	 -41.6727
   34.379	 -41.2986
   34.744	 -40.9181
   35.114	 -40.5426
   35.488	 -40.1725
   35.865	 -39.8023
   36.247	 -39.4202
   36.633	 -39.0243
   37.022	 -38.6149
   37.416	 -38.1926
   37.815	 -37.7578
   38.217	 -37.3112
   38.624	 -36.8534
   39.035	 -36.3853
   39.450	 -35.9074
   39.870	 -35.4207
   40.294	 -34.9261
   40.723	 -34.4244
   41.156	 -33.9168
   41.594	 -33.4043
   42.036	 -32.8881
   42.484	 -32.3693
   42.936	 -31.8494
   43.393	 -31.3298
   43.854	 -30.8118
   44.321	 -30.2972
   44.793	 -29.7875
   45.269	 -29.2846
   45.751	 -28.7903
   46.238	 -28.3139
   46.730	 -27.9290
   47.227	 -27.6705
   47.730	 -27.5253
   48.237	 -27.4268
   48.751	 -27.3441
   49.269	 -27.2753
   49.794	 -27.2209
   50.323	 -27.1814
   50.859	 -27.1572
   51.400	 -27.1489
   51.947	 -27.1570
   52.500	 -27.1820
   53.058	 -27.2243
   53.623	 -27.2847
   54.194	 -27.3636
   54.770	 -27.4616
   55.353	 -27.5793
   55.942	 -27.7173
   56.537	 -27.8762
   57.139	 -28.0567
   57.747	 -28.2581
   58.361	 -28.4645
   58.982	 -28.6618
   59.610	 -28.8495
   60.244	 -29.0456
   60.885	 -29.2621
   61.533	 -29.5008
   62.188	 -29.7621
   62.850	 -30.0469
   63.518	 -30.3557
   64.194	 -30.6894
   64.877	 -31.0486
   65.568	 -31.4339
   66.265	 -31.8463
   66.970	 -32.2865
   67.683	 -32.7552
   68.403	 -33.2533
   69.131	 -33.7809
   69.867	 -34.3325
   70.610	 -34.9190
   71.361	 -35.5742
   72.121	 -36.3419
   72.888	 -37.2373
   73.664	 -38.2452
   74.448	 -39.3457
   75.240	 -40.5172
   76.040	 -41.7366
   76.849	 -42.9787
   77.667	 -44.2163
   78.494	 -45.4200
   79.329	 -46.5580
   80.173	 -47.5957
   81.026	 -48.4755
   81.888	 -48.8832
   82.759	 -48.5242
   83.640	 -47.4033
   84.530	 -45.8182
   85.430	 -43.9109
   86.339	 -41.7722
   87.257	 -39.4925
   88.186	 -37.1643
   89.124	 -34.8820
   90.072	 -32.7409
   91.031	 -30.8376
   91.999	 -29.2760
   92.978	 -28.2150
   93.968	 -27.7790
   94.968	 -27.8411
   95.978	 -28.1955
   96.999	 -28.5791
   98.032	 -28.9669
   99.075	 -29.3589
  100.129	 -29.7552
  101.194	 -30.1555
  102.271	 -30.5601
  103.359	 -30.9688
  104.459	 -31.3817
  105.571	 -31.7990
  106.694	 -32.2206
  107.829	 -32.6468
  108.977	 -33.0774
  110.136	 -33.5125
  111.308	 -33.9520
  112.492	 -34.3961
  113.689	 -34.8448
  114.899	 -35.2968
  116.122	 -35.7281
  117.357	 -36.0248
  118.606	 -36.1388
  119.868	 -36.0949
  121.144	 -35.9958
  122.433	 -35.8498
  123.735	 -35.6555
  125.052	 -35.4113
  126.383	 -35.1162
  127.727	 -34.7777
  129.087	 -34.4307
  130.460	 -34.0752
  131.848	 -33.6928
  133.251	 -33.2491
  134.669	 -32.7394
  136.102	 -32.1617
  137.550	 -31.5139
  139.014	 -30.7845
  140.493	 -29.8742
  141.988	 -28.6235
  143.499	 -26.9728
  145.026	 -25.0223
  146.569	 -22.9493
  148.129	 -20.9311
  149.705	 -19.1652
  151.298	 -18.0146
  152.908	 -17.7535
  154.535	 -18.3360
  156.179	 -19.5874
  157.841	 -21.0701
  159.520	 -22.6289
  161.218	 -24.1325
  162.933	 -25.4647
  164.667	 -26.6102
  166.419	 -27.6231
  168.190	 -28.5581
  169.979	 -29.3777
  171.788	 -30.0727
  173.616	 -30.6276
  175.463	 -30.9034
  177.330	 -30.8552
  179.217	 -30.5646
  181.124	 -30.2182
  183.052	 -29.8607
  184.999	 -29.4946
  186.968	 -29.1223
  188.957	 -28.7431
  190.968	 -28.3559
  193.000	 -27.9601
  195.054	 -27.5599
  197.129	 -27.1943
  199.227	 -27.1894
  201.347	 -27.5977
  203.489	 -28.4102
  205.654	 -29.2772
  207.843	 -30.1526
  210.054	 -31.0304
  212.289	 -31.9079
  214.548	 -32.7857
  216.831	 -33.6660
  219.138	 -34.5550
  221.470	 -35.4683
  223.827	 -36.4445
  226.208	 -37.5177
  228.615	 -38.6887
  231.048	 -39.8667
  233.506	 -40.6488
  235.991	 -40.2493
  238.502	 -38.4949
  241.040	 -36.3204
  243.605	 -34.6841
  246.197	 -34.1288
  248.816	 -34.7171
  251.464	 -36.3769
  254.140	 -38.5112
  256.844	 -40.0347
  259.577	 -39.9474
  262.339	 -38.5363
  265.130	 -36.8779
  267.952	 -35.7243
  270.803	 -35.3074
  273.684	 -35.5737
  276.596	 -36.1947
  279.540	 -36.6373
  282.514	 -36.4222
  285.520	 -35.5310
  288.558	 -34.4491
  291.629	 -33.7834
  294.732	 -33.8002
  297.868	 -34.4719
  301.037	 -35.4391
  304.241	 -36.1527
  307.478	 -36.3499
  310.750	 -36.1942
  314.056	 -36.0266
  317.398	 -36.0387
  320.775	 -36.2757
  324.189	 -36.5607
  327.638	 -36.0915
  331.124	 -34.1074
  334.648	 -31.4579
  338.209	 -29.6782
  341.807	 -29.1101
  345.444	 -29.5778
  349.120	 -30.3717
  352.835	 -30.4987
  356.589	 -29.7871
  360.384	 -28.6372
  364.218	 -27.2132
  368.094	 -25.6060
  372.011	 -24.2318
  375.969	 -23.6448
  379.970	 -23.8282
  384.013	 -24.4588
  388.099	 -24.7553
  392.228	 -24.5625
  396.402	 -24.3816
  400.620	 -24.5624
  404.883	 -25.1313
  409.191	 -25.8310
  413.545	 -26.4600
  417.945	 -27.0327
  422.393	 -27.6838
  426.887	 -28.4808
  431.429	 -29.1202
  436.020	 -28.7239
  440.660	 -27.6920
  445.348	 -27.9409
  450.087	 -29.8189
  454.876	 -34.4824
  459.717	 -38.9518
  464.608	 -40.4436
  469.552	 -40.9710
  474.548	 -41.5320
  479.598	 -41.9469
  484.701	 -42.0124
  489.858	 -41.7474
  495.071	 -41.3718
  500.339	 -40.8890
  505.663	 -40.1462
  511.043	 -38.9989
  516.481	 -37.3756
  521.977	 -35.4762
  527.531	 -33.4809
  533.144	 -31.2163
  538.817	 -27.2306
  544.550	 -22.7889
  550.345	 -22.3347
  556.201	 -23.7300
  562.119	 -31.4491
  568.100	 -39.9640
  574.145	 -40.1854
  580.255	 -38.0370
  586.429	 -35.5748
  592.669	 -33.7256
  598.975	 -33.8964
  605.349	 -35.6759
  611.790	 -39.7132
  618.300	 -42.0544
  624.879	 -43.7759
  631.528	 -43.0409
  638.248	 -35.9654
  645.039	 -32.5510
  651.903	 -31.3771
  658.839	 -32.2028
  665.850	 -34.4155
  672.935	 -37.1916
  680.095	 -40.2613
  687.332	 -43.6022
  694.645	 -41.1708
  702.037	 -39.2670
  709.507	 -39.2604
  717.057	 -42.6305
  724.686	 -46.2909
  732.398	 -41.8778
  740.191	 -37.1920
  748.067	 -35.8422
  756.027	 -36.3916
  764.071	 -39.1509
  772.201	 -41.1257
  780.418	 -40.8641
  788.722	 -39.9917
  797.115	 -39.7093
  805.597	 -39.9241
  814.169	 -39.9228
  822.832	 -37.2033
  831.587	 -31.5831
  840.436	 -28.4227
  849.379	 -28.0020
  858.417	 -29.8391
  867.551	 -34.1002
  876.782	 -35.5549
  886.111	 -33.9062
  895.540	 -32.1740
  905.069	 -31.4371
  914.700	 -31.7950
  924.433	 -28.3142
  934.269	 -21.6929
  944.210	 -19.9179
  954.257	 -20.3863
  964.411	 -24.0633
  974.673	 -22.3327
  985.044	 -20.8795
  995.526	 -20.9894
 1006.119	 -24.5823
 1016.824	 -27.0866
 1027.644	 -26.8715
 1038.579	 -26.7171
 1049.630	 -26.8348
 1060.799	 -27.9370
 1072.086	 -29.8049
 1083.494	 -33.0794
 1095.023	 -36.2239
 1106.674	 -36.3602
 1118.450	 -36.8633
 1130.351	 -38.0444
 1142.379	 -38.4018
 1154.534	 -37.6013
 1166.819	 -37.1823
 1179.235	 -38.4339
 1191.783	 -40.7564
 1204.464	 -43.1118
 1217.280	 -39.8028
 1230.233	 -38.0943
 1243.323	 -38.0898
 1256.553	 -40.0189
 1269.923	 -40.9773
 1283.436	 -41.4392
 1297.093	 -39.9123
 1310.895	 -40.0684
 1324.843	 -39.4976
 1338.940	 -39.9534
 1353.188	 -37.2100
 1367.586	 -36.9718
 1382.138	 -36.5647
 1396.845	 -37.7929
 1411.708	 -36.9648
 1426.730	 -36.4406
 1441.911	 -36.7371
 1457.254	 -37.6767
 1472.760	 -40.0668
 1488.431	 -37.0277
 1504.269	 -33.9801
 1520.275	 -32.0915
 1536.452	 -29.3558
 1552.801	 -27.2072
 1569.323	 -23.7128
 1586.022	 -19.2814
 1602.898	 -17.1001
 1619.954	 -16.9594
 1637.191	 -19.1025
 1654.612	 -23.0697
 1672.218	 -26.6718
 1690.011	 -27.3679
 1707.994	 -26.9201
 1726.168	 -26.1176
 1744.536	 -23.7104
 1763.099	 -20.4873
 1781.859	 -19.6794
 1800.819	 -18.8231
 1819.981	 -13.8489
 1839.347	 -10.6828
 1858.918	 -10.5494
 1878.698	 -12.8295
 1898.689	 -20.1434
 1918.892	 -24.8965
 1939.310	 -27.8352
 1959.946	 -25.9461
 1980.801	 -24.2721
 2001.878	 -24.8981
 2023.179	 -27.4659
 2044.707	 -32.7949
 2066.464	 -33.5777
 2088.452	 -32.1821
 2110.674	 -31.5219
 2133.133	 -30.0226
 2155.831	 -30.4861
 2178.771	 -30.6623
 2201.954	 -30.4518
 2225.384	 -29.9106
 2249.063	 -28.1701
 2272.995	 -26.9651
 2297.181	 -25.7118
 2321.624	 -25.1717
 2346.328	 -23.6797
 2371.294	 -20.3615
 2396.526	 -17.3107
 2422.027	 -16.0689
 2447.798	 -14.3300
 2473.844	 -11.0017
 2500.168	 -8.7679
 2526.771	 -8.6725
 2553.657	 -10.5890
 2580.830	 -14.7394
 2608.291	 -18.6328
 2636.045	 -22.0842
 2664.094	 -25.0220
 2692.442	 -24.5543
 2721.091	 -23.8020
 2750.045	 -23.3230
 2779.307	 -22.1394
 2808.881	 -21.3032
 2838.769	 -21.1197
 2868.975	 -22.0332
 2899.503	 -21.4052
 2930.355	 -20.2168
 2961.536	 -18.7787
 2993.049	 -17.5858
 3024.896	 -14.9277
 3057.083	 -13.4910
 3089.612	 -13.1987
 3122.488	 -14.3585
 3155.713	 -16.4059
 3189.292	 -19.2253
 3223.228	 -23.2356
 3257.525	 -25.3195
 3292.187	 -25.3254
 3327.218	 -24.5842
 3362.621	 -22.2956
 3398.402	 -19.4881
 3434.563	 -17.8232
 3471.108	 -17.1704
 3508.043	 -15.1752
 3545.371	 -14.0144
 3583.096	 -12.5548
 3621.222	 -13.0620
 3659.754	 -13.4098
 3698.696	 -15.6195
 3738.052	 -17.4967
 3777.827	 -21.9585
 3818.026	 -25.7276
 3858.652	 -29.5283
 3899.710	 -33.8951
 3941.206	 -34.4495
 3983.142	 -34.5169
 4025.525	 -35.0023
 4068.360	 -33.7333
 4111.649	 -34.1143
 4155.400	 -34.8671
 4199.616	 -36.1692
 4244.302	 -32.1170
 4289.464	 -28.2765
 4335.106	 -23.6296
 4381.235	 -22.6586
 4427.854	 -19.2395
 4474.969	 -18.2372
 4522.585	 -17.9991
 4570.708	 -19.5923
 4619.343	 -21.3319
 4668.496	 -22.9987
 4718.171	 -26.8435
 4768.376	 -29.1662
 4819.114	 -24.6981
 4870.393	 -17.4867
 4922.216	 -15.9224
 4974.592	 -15.8317
 5027.524	 -17.7993
 5081.021	 -19.0461
 5135.085	 -19.9570
 5189.726	 -20.1468
 5244.948	 -18.3505
 5300.757	 -18.7040
 5357.161	 -21.0249
 5414.164	 -29.4799
 5471.774	 -35.1255
 5529.997	 -34.9158
 5588.839	 -31.3623
 5648.308	 -25.9309
 5708.409	 -25.4005
 5769.150	 -26.5337
 5830.538	 -34.2256
 5892.578	 -36.7331
 5955.279	 -35.7741
 6018.646	 -32.3753
 6082.688	 -30.9742
 6147.412	 -31.2594
 6212.824	 -33.4319
 6278.932	 -35.9001
 6345.744	 -35.5371
 6413.267	 -34.4213
 6481.507	 -27.6324
 6550.475	 -24.3989
 6620.176	 -24.2883
 6690.619	 -26.7855
 6761.811	 -35.5705
 6833.760	 -41.7791
 6906.476	 -43.3482
 6979.965	 -43.9548
 7054.236	 -43.8250
 7129.297	 -43.6136
 7205.157	 -43.4497
 7281.825	 -42.8274
 7359.308	 -37.9732
 7437.615	 -29.8869
 7516.756	 -27.8133
 7596.739	 -25.5931
 7677.572	 -22.2996
 7759.267	 -21.1612
 7841.830	 -21.8847
 7925.271	 -25.9180
 8009.601	 -30.2660
 8094.828	 -27.6849
 8180.962	 -25.5804
 8268.013	 -25.5294
 8355.989	 -27.8963
 8444.902	 -33.3511
 8534.761	 -39.2591
 8625.576	 -40.2757
 8717.357	 -38.3629
 8810.115	 -33.2322
 8903.860	 -26.0530
 8998.603	 -23.8711
 9094.354	 -23.9925
 9191.123	 -26.5598
 9288.922	 -26.7558
 9387.762	 -26.3700
 9487.653	 -27.3455
 9588.607	 -33.2150
 9690.636	 -38.1954
 9793.750	 -34.2739
 9897.962	 -33.4380
10003.282	 -33.9097
10109.723	 -38.4803
10217.297	 -40.1701
10326.015	 -38.1946
10435.890	 -35.2489
10546.934	 -35.0346
10659.160	 -36.9557
10772.580	 -44.1650
10887.206	 -49.2377
11003.053	 -47.9144
11120.132	 -48.0318
11238.457	 -49.2048
11358.041	 -52.7738
11478.897	 -56.2879
11601.040	 -58.0396
11724.481	 -56.1066
11849.237	 -52.4127
11975.320	 -50.4659
12102.745	 -49.9477
12231.525	 -50.8888
12361.677	 -52.9644
12493.212	 -56.2752
12626.147	 -60.0600
12760.497	 -59.3755
12896.277	 -58.1820
13033.501	 -57.7746
13172.186	 -58.6069
13312.346	 -59.9262
13453.997	 -60.8468
13597.155	 -60.9428
13741.838	 -60.9485
13888.059	 -61.9209
14035.836	 -62.6826
14185.187	 -62.9593
14336.125	 -62.3611
14488.670	 -62.0537
14642.839	 -61.5612
14798.647	 -60.4519
14956.113	 -60.6392
15115.256	 -61.4616
15276.091	 -63.3329
15438.638	 -63.0058
15602.915	 -62.9710
15768.939	 -63.2592
15936.730	 -63.4507
16106.307	 -62.9972
16277.688	 -62.5450
16450.893	 -62.6896
16625.939	 -62.9752
16802.850	 -63.2851
16981.643	 -63.4345
17162.336	 -63.6768
17344.955	 -63.7936
17529.516	 -63.9167
17716.039	 -63.9986
17904.549	 -64.0974
18095.064	 -63.8972
18287.607	 -63.5553
18482.199	 -63.5051
18678.859	 -63.7409
18877.615	 -64.0168
19078.484	 -64.1993
19281.490	 -64.2174
19486.656	 -64.0147
19694.008	 -63.8933
19903.563	 -63.9639
20115.350	 -64.2367
20329.389	 -64.1848
20545.705	 -64.0192
20764.324	 -63.9489
20985.270	 -64.1612
21208.564	 -64.3324
21434.236	 -64.4315
21662.311	 -64.4577
21892.811	 -64.6380
22125.764	 -64.7026
22361.195	 -64.6815
22599.131	 -64.6493
22839.600	 -64.6695
23082.627	 -64.6446
23328.240	 -64.6091
23576.467	 -64.6412
23827.334	 -64.6815
