   11.804	 -33.6435
   11.929	 -33.6374
   12.056	 -33.6265
   12.184	 -33.6146
   12.314	 -33.6021
   12.445	 -33.5890
   12.578	 -33.5754
   12.711	 -33.5612
   12.847	 -33.5465
   12.983	 -33.5311
   13.122	 -33.5152
   13.261	 -33.4986
   13.402	 -33.4814
   13.545	 -33.4636
   13.689	 -33.4452
   13.835	 -33.4261
   13.982	 -33.4063
   14.131	 -33.3859
   14.281	 -33.3648
   14.433	 -33.3431
   14.587	 -33.3206
   14.742	 -33.2974
   14.899	 -33.2735
   15.057	 -33.2489
   15.217	 -33.2235
   15.379	 -33.1974
   15.543	 -33.1706
   15.708	 -33.1429
   15.875	 -33.1146
   16.044	 -33.0854
   16.215	 -33.0555
   16.388	 -33.0247
   16.562	 -32.9932
   16.738	 -32.9608
   16.916	 -32.9277
   17.096	 -32.8937
   17.278	 -32.8589
   17.462	 -32.8232
   17.648	 -32.7867
   17.836	 -32.7494
   18.025	 -32.7112
   18.217	 -32.6722
   18.411	 -32.6323
   18.607	 -32.5916
   18.805	 -32.5500
   19.005	 -32.5075
   19.207	 -32.4642
   19.412	 -32.4200
   19.618	 -32.3750
   19.827	 -32.3291
   20.038	 -32.2823
   20.251	 -32.2347
   20.467	 -32.1862
   20.684	 -32.1369
   20.905	 -32.0868
   21.127	 -32.0358
   21.352	 -31.9840
   21.579	 -31.9314
   21.809	 -31.8780
   22.041	 -31.8238
   22.275	 -31.7688
   22.512	 -31.7131
   22.752	 -31.6566
   22.994	 -31.5994
   23.239	 -31.5415
   23.486	 -31.4825
   23.736	 -31.4219
   23.988	 -31.3593
   24.244	 -31.2943
   24.501	 -31.2269
   24.762	 -31.1571
   25.026	 -31.0848
   25.292	 -31.0099
   25.561	 -30.9324
   25.833	 -30.8521
   26.108	 -30.7691
   26.386	 -30.6832
   26.667	 -30.5943
   26.950	 -30.5025
   27.237	 -30.4076
   27.527	 -30.3096
   27.820	 -30.2083
   28.116	 -30.1037
   28.415	 -29.9958
   28.717	 -29.8843
   29.023	 -29.7692
   29.332	 -29.6506
   29.644	 -29.5281
   29.959	 -29.4018
   30.278	 -29.2716
   30.600	 -29.1374
   30.926	 -28.9990
   31.255	 -28.8564
   31.587	 -28.7094
   31.924	 -28.5580
   32.263	 -28.4020
   32.607	 -28.2414
   32.953	 -28.0759
   33.304	 -27.9056
   33.658	 -27.7303
   34.017	 -27.5498
   34.379	 -27.3640
   34.744	 -27.1726
   35.114	 -26.9717
   35.488	 -26.7527
   35.865	 -26.5073
   36.247	 -26.2318
   36.633	 -25.9269
   37.022	 -25.5939
   37.416	 -25.2343
   37.815	 -24.8497
   38.217	 -24.4419
   38.624	 -24.0125
   39.035	 -23.5638
   39.450	 -23.0977
   39.870	 -22.6166
   40.294	 -22.1230
   40.723	 -21.6195
   41.156	 -21.1090
   41.594	 -20.5944
   42.036	 -20.0789
   42.484	 -19.5660
   42.936	 -19.0592
   43.393	 -18.5623
   43.854	 -18.0795
   44.321	 -17.6150
   44.793	 -17.1733
   45.269	 -16.7592
   45.751	 -16.3777
   46.238	 -16.0454
   46.730	 -15.8836
   47.227	 -15.9443
   47.730	 -16.2061
   48.237	 -16.5397
   48.751	 -16.8831
   49.269	 -17.2313
   49.794	 -17.5841
   50.323	 -17.9418
   50.859	 -18.3045
   51.400	 -18.6721
   51.947	 -19.0448
   52.500	 -19.4227
   53.058	 -19.8058
   53.623	 -20.1942
   54.194	 -20.5880
   54.770	 -20.9873
   55.353	 -21.3922
   55.942	 -21.8027
   56.537	 -22.2190
   57.139	 -22.6410
   57.747	 -23.0689
   58.361	 -23.5006
   58.982	 -23.9349
   59.610	 -24.3723
   60.244	 -24.8161
   60.885	 -25.2679
   61.533	 -25.7273
   62.188	 -26.1941
   62.850	 -26.6678
   63.518	 -27.1479
   64.194	 -27.6340
   64.877	 -28.1256
   65.568	 -28.6220
   66.265	 -29.1227
   66.970	 -29.6270
   67.683	 -30.1343
   68.403	 -30.6438
   69.131	 -31.1527
   69.867	 -31.6316
   70.610	 -32.0257
   71.361	 -32.3146
   72.121	 -32.5270
   72.888	 -32.7104
   73.664	 -32.8735
   74.448	 -33.0208
   75.240	 -33.1575
   76.040	 -33.2890
   76.849	 -33.4208
   77.667	 -33.5592
   78.494	 -33.7104
   79.329	 -33.8815
   80.173	 -34.0794
   81.026	 -34.3111
   81.888	 -34.5731
   82.759	 -34.8622
   83.640	 -35.1754
   84.530	 -35.5170
   85.430	 -35.8850
   86.339	 -36.2740
   87.257	 -36.6784
   88.186	 -37.0920
   89.124	 -37.5082
   90.072	 -37.9198
   91.031	 -38.3195
   91.999	 -38.6989
   92.978	 -39.0479
   93.968	 -39.3582
   94.968	 -39.6336
   95.978	 -39.8854
   96.999	 -40.1243
   98.032	 -40.3507
   99.075	 -40.5643
  100.129	 -40.7645
  101.194	 -40.9508
  102.271	 -41.1228
  103.359	 -41.2801
  104.459	 -41.4224
  105.571	 -41.5498
  106.694	 -41.6566
  107.829	 -41.7382
  108.977	 -41.7938
  110.136	 -41.8309
  111.308	 -41.8588
  112.492	 -41.8870
  113.689	 -41.9257
  114.899	 -41.9857
  116.122	 -42.0775
  117.357	 -42.2100
  118.606	 -42.3890
  119.868	 -42.6137
  121.144	 -42.8769
  122.433	 -43.1656
  123.735	 -43.4651
  125.052	 -43.7599
  126.383	 -44.0331
  127.727	 -44.2682
  129.087	 -44.4491
  130.460	 -44.5570
  131.848	 -44.5849
  133.251	 -44.5445
  134.669	 -44.4674
  136.102	 -44.3883
  137.550	 -44.3438
  139.014	 -44.3750
  140.493	 -44.5595
  141.988	 -44.9670
  143.499	 -45.6280
  145.026	 -46.4937
  146.569	 -47.4779
  148.129	 -48.4827
  149.705	 -49.3957
  151.298	 -50.0527
  152.908	 -50.2644
  154.535	 -50.0056
  156.179	 -49.4294
  157.841	 -48.7237
  159.520	 -48.0032
  161.218	 -47.3774
  162.933	 -46.9548
  164.667	 -46.7612
  166.419	 -46.7397
  168.190	 -46.7952
  169.979	 -46.8759
  171.788	 -46.9784
  173.616	 -47.1028
  175.463	 -47.2442
  177.330	 -47.4013
  179.217	 -47.5731
  181.124	 -47.7596
  183.052	 -47.9515
  184.999	 -48.1365
  186.968	 -48.3055
  188.957	 -48.4487
  190.968	 -48.5626
  193.000	 -48.6530
  195.054	 -48.7403
  197.129	 -48.8552
  199.227	 -49.0831
  201.347	 -49.4964
  203.489	 -50.1173
  205.654	 -50.8563
  207.843	 -51.5743
  210.054	 -52.0486
  212.289	 -52.1234
  214.548	 -51.8468
  216.831	 -51.4267
  219.138	 -51.0032
  221.470	 -50.6276
  223.827	 -50.3039
  226.208	 -50.0274
  228.615	 -49.7982
  231.048	 -49.6354
  233.506	 -49.6118
  235.991	 -49.8063
  238.502	 -50.2338
  241.040	 -50.7969
  243.605	 -51.3368
  246.197	 -51.7519
  248.816	 -52.0233
  251.464	 -52.1900
  254.140	 -52.2803
  256.844	 -52.3020
  259.577	 -52.2610
  262.339	 -52.1583
  265.130	 -51.9878
  267.952	 -51.7457
  270.803	 -51.3922
  273.684	 -50.9099
  276.596	 -50.3775
  279.540	 -50.0999
  282.514	 -50.4513
  285.520	 -51.5474
  288.558	 -53.2432
  291.629	 -54.8055
  294.732	 -55.6838
  297.868	 -55.8866
  301.037	 -55.7619
  304.241	 -55.4304
  307.478	 -54.9502
  310.750	 -54.3944
  314.056	 -53.8281
  317.398	 -53.2698
  320.775	 -52.7265
  324.189	 -52.2335
  327.638	 -52.1239
  331.124	 -52.5051
  334.648	 -53.3762
  338.209	 -54.3735
  341.807	 -55.3192
  345.444	 -56.1685
  349.120	 -56.8129
  352.835	 -56.8113
  356.589	 -56.0501
  360.384	 -55.2177
  364.218	 -55.1249
  368.094	 -55.9101
  372.011	 -57.0880
  375.969	 -57.2160
  379.970	 -55.8971
  384.013	 -53.9741
  388.099	 -51.9034
  392.228	 -49.8778
  396.402	 -48.8851
  400.620	 -49.4794
  404.883	 -51.8271
  409.191	 -55.8945
  413.545	 -58.2724
  417.945	 -58.4111
  422.393	 -58.2754
  426.887	 -58.2752
  431.429	 -58.1311
  436.020	 -57.3361
  440.660	 -56.1623
  445.348	 -55.5965
  450.087	 -55.8565
  454.876	 -56.6613
  459.717	 -57.1587
  464.608	 -57.1887
  469.552	 -57.1239
  474.548	 -57.1717
  479.598	 -57.5480
  484.701	 -58.3888
  489.858	 -59.1657
  495.071	 -58.3407
  500.339	 -56.9923
  505.663	 -56.9729
  511.043	 -58.3790
  516.481	 -59.9931
  521.977	 -58.9907
  527.531	 -57.9720
  533.144	 -57.8535
  538.817	 -58.3522
  544.550	 -58.5920
  550.345	 -58.9505
  556.201	 -59.7916
  562.119	 -60.5135
  568.100	 -60.0904
  574.145	 -59.3773
  580.255	 -59.3153
  586.429	 -60.1048
  592.669	 -61.2969
  598.975	 -62.3087
  605.349	 -62.4467
  611.790	 -61.6531
  618.300	 -60.9170
  624.879	 -60.7181
  631.528	 -59.7419
  638.248	 -57.4216
  645.039	 -57.3554
  651.903	 -58.8959
  658.839	 -63.5381
  665.850	 -63.7723
  672.935	 -63.3434
  680.095	 -63.8165
  687.332	 -63.6817
  694.645	 -62.6381
  702.037	 -62.0199
  709.507	 -61.9734
  717.057	 -62.4313
  724.686	 -63.5407
  732.398	 -64.9122
  740.191	 -63.0166
  748.067	 -61.6904
  756.027	 -61.6190
  764.071	 -63.8063
  772.201	 -66.3080
  780.418	 -67.8927
  788.722	 -67.5627
  797.115	 -66.4426
  805.597	 -66.4573
  814.169	 -68.2546
  822.832	 -68.3549
  831.587	 -67.2304
  840.436	 -67.0319
  849.379	 -68.2759
  858.417	 -67.3345
  867.551	 -64.5519
  876.782	 -63.3978
  886.111	 -63.9445
  895.540	 -65.8603
  905.069	 -65.3413
  914.700	 -65.5307
  924.433	 -57.1285
  934.269	 -46.2014
  944.210	 -41.1475
  954.257	 -40.6956
  964.411	 -42.4136
  974.673	 -51.5071
  985.044	 -58.5585
  995.526	 -59.5970
 1006.119	 -60.2525
 1016.824	 -61.3078
 1027.644	 -61.3032
 1038.579	 -61.2715
 1049.630	 -61.2008
 1060.799	 -61.5360
 1072.086	 -62.1533
 1083.494	 -61.9963
 1095.023	 -61.6760
 1106.674	 -61.7016
 1118.450	 -62.6924
 1130.351	 -64.1572
 1142.379	 -63.2752
 1154.534	 -62.2191
 1166.819	 -62.1751
 1179.235	 -64.3884
 1191.783	 -66.6359
 1204.464	 -66.5958
 1217.280	 -65.5888
 1230.233	 -64.1555
 1243.323	 -63.7920
 1256.553	 -64.4293
 1269.923	 -66.2690
 1283.436	 -67.3618
 1297.093	 -64.1597
 1310.895	 -63.6947
 1324.843	 -64.2497
 1338.940	 -65.8698
 1353.188	 -65.2143
 1367.586	 -63.9455
 1382.138	 -64.0071
 1396.845	 -64.2302
 1411.708	 -65.3781
 1426.730	 -66.5529
 1441.911	 -67.5285
 1457.254	 -67.0167
 1472.760	 -66.7831
 1488.431	 -67.3117
 1504.269	 -69.0159
 1520.275	 -70.5157
 1536.452	 -70.1424
 1552.801	 -70.1916
 1569.323	 -68.3250
 1586.022	 -68.6228
 1602.898	 -69.4060
 1619.954	 -70.5893
 1637.191	 -65.2835
 1654.612	 -64.3137
 1672.218	 -64.2527
 1690.011	 -66.5472
 1707.994	 -67.0064
 1726.168	 -67.1708
 1744.536	 -66.3789
 1763.099	 -66.0993
 1781.859	 -67.1908
 1800.819	 -70.6954
 1819.981	 -72.3195
 1839.347	 -65.5380
 1858.918	 -64.3951
 1878.698	 -64.8315
 1898.689	 -67.8276
 1918.892	 -66.2873
 1939.310	 -64.9654
 1959.946	 -65.6265
 1980.801	 -67.4824
 2001.878	 -68.0891
 2023.179	 -67.5901
 2044.707	 -67.3379
 2066.464	 -68.7741
 2088.452	 -70.0781
 2110.674	 -72.2614
 2133.133	 -69.9810
 2155.831	 -68.9189
 2178.771	 -69.1338
 2201.954	 -70.7115
 2225.384	 -71.2467
 2249.063	 -70.1635
 2272.995	 -70.7803
 2297.181	 -71.4032
 2321.624	 -71.5688
 2346.328	 -71.8647
 2371.294	 -72.9605
 2396.526	 -74.0104
 2422.027	 -71.2724
 2447.798	 -70.8288
 2473.844	 -70.3962
 2500.168	 -71.2043
 2526.771	 -71.0556
 2553.657	 -71.4834
 2580.830	 -71.5100
 2608.291	 -71.6066
 2636.045	 -71.7387
 2664.094	 -71.0324
 2692.442	 -71.2656
 2721.091	 -72.0560
 2750.045	 -73.5749
 2779.307	 -73.3230
 2808.881	 -73.5567
 2838.769	 -74.4036
 2868.975	 -74.7868
 2899.503	 -73.8122
 2930.355	 -71.8633
 2961.536	 -70.0713
 2993.049	 -69.5299
 3024.896	 -69.6948
 3057.083	 -70.4074
 3089.612	 -70.8979
 3122.488	 -72.2205
 3155.713	 -73.1042
 3189.292	 -71.2857
 3223.228	 -70.9481
 3257.525	 -72.0714
 3292.187	 -76.9695
 3327.218	 -78.3157
 3362.621	 -77.4798
 3398.402	 -76.4368
 3434.563	 -75.4613
 3471.108	 -73.8615
 3508.043	 -72.8638
 3545.371	 -71.0331
 3583.096	 -70.0687
 3621.222	 -70.0975
 3659.754	 -71.1016
 3698.696	 -70.7004
 3738.052	 -69.8092
 3777.827	 -69.9175
 3818.026	 -71.4679
 3858.652	 -72.2614
 3899.710	 -73.0517
 3941.206	 -73.8410
 3983.142	 -75.9151
 4025.525	 -74.7607
 4068.360	 -74.0933
 4111.649	 -73.8214
 4155.400	 -74.4893
 4199.616	 -74.7246
 4244.302	 -73.2057
 4289.464	 -71.5213
 4335.106	 -69.4601
 4381.235	 -68.3081
 4427.854	 -68.9276
 4474.969	 -71.3741
 4522.585	 -76.7200
 4570.708	 -78.1547
 4619.343	 -77.3708
 4668.496	 -76.8937
 4718.171	 -76.2549
 4768.376	 -76.3884
 4819.114	 -74.9030
 4870.393	 -74.1618
 4922.216	 -73.8315
 4974.592	 -75.1472
 5027.524	 -76.7632
 5081.021	 -78.3449
 5135.085	 -78.4139
 5189.726	 -77.8552
 5244.948	 -77.7324
 5300.757	 -78.3790
 5357.161	 -79.1098
 5414.164	 -79.2824
 5471.774	 -78.3990
 5529.997	 -78.0557
 5588.839	 -78.2811
 5648.308	 -78.9314
 5708.409	 -79.1573
 5769.150	 -78.6416
 5830.538	 -78.6859
 5892.578	 -78.6467
 5955.279	 -78.5574
 6018.646	 -78.2324
 6082.688	 -78.5681
 6147.412	 -79.4294
 6212.824	 -80.4962
 6278.932	 -80.2822
 6345.744	 -79.8993
 6413.267	 -80.0066
 6481.507	 -80.4585
 6550.475	 -80.1408
 6620.176	 -79.4790
 6690.619	 -79.5257
 6761.811	 -80.1825
 6833.760	 -81.2647
 6906.476	 -81.2345
 6979.965	 -81.1816
 7054.236	 -80.6790
 7129.297	 -80.9999
 7205.157	 -81.0255
 7281.825	 -80.7017
 7359.308	 -80.7071
 7437.615	 -80.4789
 7516.756	 -80.2837
 7596.739	 -80.4957
 7677.572	 -80.6266
 7759.267	 -81.0811
 7841.830	 -80.9024
 7925.271	 -81.3349
 8009.601	 -81.5465
 8094.828	 -81.8496
 8180.962	 -81.5748
 8268.013	 -81.7921
 8355.989	 -81.9849
 8444.902	 -82.8382
 8534.761	 -82.8951
 8625.576	 -82.6388
 8717.357	 -82.7491
 8810.115	 -82.9665
 8903.860	 -82.5809
 8998.603	 -81.9845
 9094.354	 -81.6495
 9191.123	 -82.3887
 9288.922	 -82.3226
 9387.762	 -82.0010
 9487.653	 -81.4218
 9588.607	 -81.3924
 9690.636	 -81.8137
 9793.750	 -82.3093
 9897.962	 -83.3331
10003.282	 -83.5685
10109.723	 -83.5106
10217.297	 -83.4140
10326.015	 -83.5013
10435.890	 -83.6893
10546.934	 -83.4606
10659.160	 -83.2758
10772.580	 -82.9480
10887.206	 -82.9142
11003.053	 -83.2913
11120.132	 -83.8503
11238.457	 -84.1413
11358.041	 -83.8796
11478.897	 -84.0003
11601.040	 -83.7701
11724.481	 -83.8505
11849.237	 -83.6135
11975.320	 -83.7136
12102.745	 -83.9568
12231.525	 -84.3319
12361.677	 -84.5332
12493.212	 -83.9393
12626.147	 -83.8748
12760.497	 -84.1694
12896.277	 -84.1954
13033.501	 -83.9677
13172.186	 -83.9358
13312.346	 -84.4742
13453.997	 -84.3469
13597.155	 -84.1932
13741.838	 -84.1629
13888.059	 -84.4612
14035.836	 -84.6907
14185.187	 -85.1015
14336.125	 -84.9585
14488.670	 -85.0701
14642.839	 -84.8210
14798.647	 -85.0905
14956.113	 -84.9331
15115.256	 -84.7035
15276.091	 -84.7008
15438.638	 -84.7789
15602.915	 -84.9063
15768.939	 -84.5224
15936.730	 -84.5914
16106.307	 -84.7699
16277.688	 -85.4297
16450.893	 -85.5943
16625.939	 -85.9678
16802.850	 -86.0807
16981.643	 -86.0752
17162.336	 -85.8904
17344.955	 -85.8328
17529.516	 -85.8905
17716.039	 -85.3846
17904.549	 -85.1689
18095.064	 -85.2744
18287.607	 -85.8512
18482.199	 -86.1011
18678.859	 -86.3538
18877.615	 -86.2597
19078.484	 -86.0450
19281.490	 -85.5565
19486.656	 -85.3520
19694.008	 -85.2141
19903.563	 -85.1554
20115.350	 -85.3173
20329.389	 -85.2659
20545.705	 -85.3569
20764.324	 -85.2954
20985.270	 -85.9954
21208.564	 -86.5644
21434.236	 -86.4527
21662.311	 -85.7205
21892.811	 -85.4585
22125.764	 -85.1479
22361.195	 -84.8410
22599.131	 -84.8221
22839.600	 -85.4524
23082.627	 -86.1261
23328.240	 -86.5116
23576.467	 -86.6562
23827.334	 -86.8431
