   11.804	 -58.1980
   11.929	 -58.3143
   12.056	 -58.5222
   12.184	 -58.7432
   12.314	 -58.9657
   12.445	 -59.1894
   12.578	 -59.4145
   12.711	 -59.6408
   12.847	 -59.8683
   12.983	 -60.0969
   13.122	 -60.3267
   13.261	 -60.5575
   13.402	 -60.7893
   13.545	 -61.0220
   13.689	 -61.2556
   13.835	 -61.4900
   13.982	 -61.7251
   14.131	 -61.9609
   14.281	 -62.1972
   14.433	 -62.4340
   14.587	 -62.6712
   14.742	 -62.9087
   14.899	 -63.1464
   15.057	 -63.3842
   15.217	 -63.6221
   15.379	 -63.8597
   15.543	 -64.0972
   15.708	 -64.3343
   15.875	 -64.5709
   16.044	 -64.8069
   16.215	 -65.0421
   16.388	 -65.2764
   16.562	 -65.5096
   16.738	 -65.7415
   16.916	 -65.9721
   17.096	 -66.2010
   17.278	 -66.4282
   17.462	 -66.6534
   17.648	 -66.8764
   17.836	 -67.0971
   18.025	 -67.3151
   18.217	 -67.5302
   18.411	 -67.7423
   18.607	 -67.9510
   18.805	 -68.1561
   19.005	 -68.3574
   19.207	 -68.5545
   19.412	 -68.7471
   19.618	 -68.9349
   19.827	 -69.1177
   20.038	 -69.2950
   20.251	 -69.4665
   20.467	 -69.6318
   20.684	 -69.7906
   20.905	 -69.9425
   21.127	 -70.0871
   21.352	 -70.2238
   21.579	 -70.3524
   21.809	 -70.4723
   22.041	 -70.5830
   22.275	 -70.6840
   22.512	 -70.7748
   22.752	 -70.8550
   22.994	 -70.9238
   23.239	 -70.9808
   23.486	 -71.0263
   23.736	 -71.0611
   23.988	 -71.0865
   24.244	 -71.1028
   24.501	 -71.1104
   24.762	 -71.1094
   25.026	 -71.0999
   25.292	 -71.0823
   25.561	 -71.0567
   25.833	 -71.0236
   26.108	 -70.9831
   26.386	 -70.9356
   26.667	 -70.8815
   26.950	 -70.8212
   27.237	 -70.7551
   27.527	 -70.6837
   27.820	 -70.6076
   28.116	 -70.5272
   28.415	 -70.4432
   28.717	 -70.3561
   29.023	 -70.2667
   29.332	 -70.1757
   29.644	 -70.0838
   29.959	 -69.9919
   30.278	 -69.9009
   30.600	 -69.8117
   30.926	 -69.7252
   31.255	 -69.6425
   31.587	 -69.5648
   31.924	 -69.4932
   32.263	 -69.4289
   32.607	 -69.3733
   32.953	 -69.3277
   33.304	 -69.2937
   33.658	 -69.2727
   34.017	 -69.2663
   34.379	 -69.2764
   34.744	 -69.3036
   35.114	 -69.3376
   35.488	 -69.3737
   35.865	 -69.4121
   36.247	 -69.4629
   36.633	 -69.5279
   37.022	 -69.6065
   37.416	 -69.6979
   37.815	 -69.8014
   38.217	 -69.9161
   38.624	 -70.0410
   39.035	 -70.1751
   39.450	 -70.3172
   39.870	 -70.4662
   40.294	 -70.6208
   40.723	 -70.7797
   41.156	 -70.9413
   41.594	 -71.1041
   42.036	 -71.2665
   42.484	 -71.4266
   42.936	 -71.5826
   43.393	 -71.7324
   43.854	 -71.8739
   44.321	 -72.0050
   44.793	 -72.1230
   45.269	 -72.2255
   45.751	 -72.3099
   46.238	 -72.3725
   46.730	 -72.4041
   47.227	 -72.3987
   47.730	 -72.3574
   48.237	 -72.2885
   48.751	 -72.1971
   49.269	 -72.0854
   49.794	 -71.9552
   50.323	 -71.8087
   50.859	 -71.6482
   51.400	 -71.4761
   51.947	 -71.2951
   52.500	 -71.1080
   53.058	 -70.9178
   53.623	 -70.7276
   54.194	 -70.5408
   54.770	 -70.3611
   55.353	 -70.1921
   55.942	 -70.0381
   56.537	 -69.9032
   57.139	 -69.7919
   57.747	 -69.7099
   58.361	 -69.6718
   58.982	 -69.6814
   59.610	 -69.7289
   60.244	 -69.7936
   60.885	 -69.8657
   61.533	 -69.9437
   62.188	 -70.0268
   62.850	 -70.1141
   63.518	 -70.2049
   64.194	 -70.2981
   64.877	 -70.3927
   65.568	 -70.4875
   66.265	 -70.5816
   66.970	 -70.6735
   67.683	 -70.7620
   68.403	 -70.8456
   69.131	 -70.9232
   69.867	 -70.9955
   70.610	 -71.0655
   71.361	 -71.1341
   72.121	 -71.1995
   72.888	 -71.2597
   73.664	 -71.3152
   74.448	 -71.3674
   75.240	 -71.4172
   76.040	 -71.4660
   76.849	 -71.5150
   77.667	 -71.5659
   78.494	 -71.6200
   79.329	 -71.6790
   80.173	 -71.7445
   81.026	 -71.8185
   81.888	 -71.9029
   82.759	 -71.9982
   83.640	 -72.1042
   84.530	 -72.2201
   85.430	 -72.3460
   86.339	 -72.4823
   87.257	 -72.6291
   88.186	 -72.7869
   89.124	 -72.9558
   90.072	 -73.1363
   91.031	 -73.3287
   91.999	 -73.5334
   92.978	 -73.7530
   93.968	 -73.9998
   94.968	 -74.2859
   95.978	 -74.6175
   96.999	 -74.9875
   98.032	 -75.3873
   99.075	 -75.8074
  100.129	 -76.2380
  101.194	 -76.6684
  102.271	 -77.0870
  103.359	 -77.4818
  104.459	 -77.8414
  105.571	 -78.1656
  106.694	 -78.4577
  107.829	 -78.7218
  108.977	 -78.9532
  110.136	 -79.1501
  111.308	 -79.3115
  112.492	 -79.4362
  113.689	 -79.5230
  114.899	 -79.5697
  116.122	 -79.5599
  117.357	 -79.4217
  118.606	 -79.1286
  119.868	 -78.7003
  121.144	 -78.2033
  122.433	 -77.6655
  123.735	 -77.1126
  125.052	 -76.5716
  126.383	 -76.0702
  127.727	 -75.6272
  129.087	 -75.2186
  130.460	 -74.8339
  131.848	 -74.4719
  133.251	 -74.1552
  134.669	 -73.8870
  136.102	 -73.6690
  137.550	 -73.5029
  139.014	 -73.4012
  140.493	 -73.4876
  141.988	 -73.8587
  143.499	 -74.5636
  145.026	 -75.5054
  146.569	 -76.5791
  148.129	 -77.6773
  149.705	 -78.6805
  151.298	 -79.4673
  152.908	 -79.9358
  154.535	 -80.0359
  156.179	 -79.8086
  157.841	 -79.3826
  159.520	 -78.9311
  161.218	 -78.6269
  162.933	 -78.6449
  164.667	 -79.1680
  166.419	 -80.2970
  168.190	 -82.0371
  169.979	 -84.2047
  171.788	 -86.5100
  173.616	 -88.5659
  175.463	 -89.7032
  177.330	 -89.4199
  179.217	 -88.0091
  181.124	 -86.1737
  183.052	 -84.3394
  184.999	 -82.8259
  186.968	 -81.8362
  188.957	 -81.3554
  190.968	 -81.2668
  193.000	 -81.3747
  195.054	 -81.5129
  197.129	 -81.5096
  199.227	 -81.2708
  201.347	 -80.7460
  203.489	 -79.9887
  205.654	 -79.1151
  207.843	 -78.3263
  210.054	 -77.8833
  212.289	 -77.9516
  214.548	 -78.5454
  216.831	 -79.4956
  219.138	 -80.4987
  221.470	 -81.2261
  223.827	 -81.4611
  226.208	 -81.2521
  228.615	 -80.8403
  231.048	 -80.4404
  233.506	 -80.1693
  235.991	 -80.0531
  238.502	 -80.0778
  241.040	 -80.2312
  243.605	 -80.5334
  246.197	 -81.0601
  248.816	 -81.8843
  251.464	 -83.0117
  254.140	 -84.2573
  256.844	 -85.2508
  259.577	 -85.7159
  262.339	 -85.7051
  265.130	 -85.5403
  267.952	 -85.4585
  270.803	 -85.5405
  273.684	 -85.7692
  276.596	 -86.0574
  279.540	 -86.3367
  282.514	 -86.5779
  285.520	 -86.7695
  288.558	 -86.8929
  291.629	 -86.7524
  294.732	 -85.8792
  297.868	 -84.2522
  301.037	 -82.6294
  304.241	 -82.0289
  307.478	 -82.6761
  310.750	 -84.6321
  314.056	 -87.0741
  317.398	 -88.0038
  320.775	 -86.6992
  324.189	 -84.9504
  327.638	 -84.1182
  331.124	 -84.4192
  334.648	 -85.6958
  338.209	 -86.9739
  341.807	 -86.8885
  345.444	 -85.5689
  349.120	 -84.3763
  352.835	 -83.9556
  356.589	 -84.3042
  360.384	 -84.9847
  364.218	 -85.3062
  368.094	 -85.0600
  372.011	 -84.7752
  375.969	 -85.0930
  379.970	 -86.1969
  384.013	 -87.8295
  388.099	 -89.1349
  392.228	 -89.6647
  396.402	 -89.6035
  400.620	 -88.9990
  404.883	 -88.1933
  409.191	 -88.4842
  413.545	 -90.2976
  417.945	 -94.6436
  422.393	 -97.4133
  426.887	 -91.3147
  431.429	 -87.9130
  436.020	 -86.8859
  440.660	 -87.5950
  445.348	 -89.2438
  450.087	 -90.1219
  454.876	 -90.5129
  459.717	 -91.1291
  464.608	 -92.0301
  469.552	 -92.7139
  474.548	 -92.5825
  479.598	 -91.3964
  484.701	 -89.4370
  489.858	 -88.5564
  495.071	 -89.3592
  500.339	 -91.9631
  505.663	 -92.1002
  511.043	 -87.8981
  516.481	 -86.0997
  521.977	 -85.8887
  527.531	 -87.2924
  533.144	 -88.9071
  538.817	 -90.5598
  544.550	 -92.2153
  550.345	 -93.2908
  556.201	 -93.2808
  562.119	 -92.6723
  568.100	 -92.1048
  574.145	 -90.5862
  580.255	 -88.3497
  586.429	 -87.4482
  592.669	 -87.8817
  598.975	 -89.9413
  605.349	 -92.2730
  611.790	 -94.0402
  618.300	 -94.1286
  624.879	 -92.5812
  631.528	 -91.8042
  638.248	 -91.9871
  645.039	 -92.2712
  651.903	 -90.8131
  658.839	 -88.5715
  665.850	 -88.0462
  672.935	 -89.1205
  680.095	 -92.3347
  687.332	 -95.4094
  694.645	 -94.6874
  702.037	 -92.4133
  709.507	 -90.8085
  717.057	 -90.8520
  724.686	 -91.8614
  732.398	 -93.2932
  740.191	 -93.9929
  748.067	 -94.9646
  756.027	 -95.5551
  764.071	 -93.6555
  772.201	 -93.1391
  780.418	 -93.6146
  788.722	 -94.8419
  797.115	 -94.7217
  805.597	 -94.8104
  814.169	 -96.1666
  822.832	 -97.3039
  831.587	 -96.2620
  840.436	 -94.1927
  849.379	 -93.9120
  858.417	 -95.5874
  867.551	 -100.2640
  876.782	 -101.8833
  886.111	 -96.5299
  895.540	 -92.6891
  905.069	 -92.3883
  914.700	 -93.6958
  924.433	 -99.2151
  934.269	 -102.0843
  944.210	 -104.5310
  954.257	 -103.2075
  964.411	 -99.6110
  974.673	 -96.3002
  985.044	 -95.8326
  995.526	 -96.4749
 1006.119	 -98.2333
 1016.824	 -95.9414
 1027.644	 -94.9014
 1038.579	 -94.8742
 1049.630	 -96.7456
 1060.799	 -99.2423
 1072.086	 -101.9575
 1083.494	 -101.4288
 1095.023	 -95.0626
 1106.674	 -93.1202
 1118.450	 -92.9824
 1130.351	 -95.6307
 1142.379	 -97.5273
 1154.534	 -96.0345
 1166.819	 -92.9726
 1179.235	 -92.8608
 1191.783	 -94.0458
 1204.464	 -95.9343
 1217.280	 -94.8872
 1230.233	 -94.2679
 1243.323	 -95.8552
 1256.553	 -97.0243
 1269.923	 -98.0986
 1283.436	 -96.9687
 1297.093	 -95.8932
 1310.895	 -96.4211
 1324.843	 -98.1647
 1338.940	 -102.5723
 1353.188	 -99.7053
 1367.586	 -99.0476
 1382.138	 -99.3998
 1396.845	 -101.2071
 1411.708	 -100.7176
 1426.730	 -97.4979
 1441.911	 -96.7205
 1457.254	 -96.8661
 1472.760	 -97.6863
 1488.431	 -98.0187
 1504.269	 -97.8497
 1520.275	 -99.2381
 1536.452	 -100.0115
 1552.801	 -100.4029
 1569.323	 -97.5995
 1586.022	 -97.3086
 1602.898	 -97.2942
 1619.954	 -97.9398
 1637.191	 -96.9862
 1654.612	 -98.0462
 1672.218	 -100.5192
 1690.011	 -102.7149
 1707.994	 -101.6194
 1726.168	 -100.7044
 1744.536	 -100.5200
 1763.099	 -101.3054
 1781.859	 -99.7633
 1800.819	 -97.8785
 1819.981	 -96.4494
 1839.347	 -97.7881
 1858.918	 -99.5410
 1878.698	 -98.2073
 1898.689	 -97.7214
 1918.892	 -98.5673
 1939.310	 -101.9228
 1959.946	 -101.5413
 1980.801	 -99.4441
 2001.878	 -99.4536
 2023.179	 -99.0091
 2044.707	 -99.7953
 2066.464	 -98.3982
 2088.452	 -98.2560
 2110.674	 -97.6078
 2133.133	 -95.7870
 2155.831	 -95.0350
 2178.771	 -94.5869
 2201.954	 -96.3381
 2225.384	 -96.4741
 2249.063	 -97.8496
 2272.995	 -97.9247
 2297.181	 -99.8828
 2321.624	 -100.5512
 2346.328	 -100.5685
 2371.294	 -98.4896
 2396.526	 -98.7318
 2422.027	 -99.3338
 2447.798	 -100.2847
 2473.844	 -99.7547
 2500.168	 -98.9702
 2526.771	 -99.0612
 2553.657	 -98.9406
 2580.830	 -98.9450
 2608.291	 -97.9647
 2636.045	 -98.0730
 2664.094	 -99.5901
 2692.442	 -100.8058
 2721.091	 -99.3352
 2750.045	 -97.5856
 2779.307	 -97.5667
 2808.881	 -98.5500
 2838.769	 -100.6790
 2868.975	 -102.0521
 2899.503	 -101.5844
 2930.355	 -100.9873
 2961.536	 -100.7724
 2993.049	 -99.8869
 3024.896	 -99.5318
 3057.083	 -99.3797
 3089.612	 -99.5327
 3122.488	 -100.2657
 3155.713	 -101.6109
 3189.292	 -103.3524
 3223.228	 -103.1722
 3257.525	 -103.3654
 3292.187	 -103.0275
 3327.218	 -101.5216
 3362.621	 -100.6774
 3398.402	 -100.2184
 3434.563	 -99.6569
 3471.108	 -99.4275
 3508.043	 -100.4792
 3545.371	 -102.9316
 3583.096	 -104.3837
 3621.222	 -102.1936
 3659.754	 -100.5033
 3698.696	 -98.6497
 3738.052	 -98.2701
 3777.827	 -98.4449
 3818.026	 -99.9516
 3858.652	 -100.6956
 3899.710	 -100.6789
 3941.206	 -101.1342
 3983.142	 -101.5477
 4025.525	 -102.5830
 4068.360	 -102.0702
 4111.649	 -102.6237
 4155.400	 -102.3317
 4199.616	 -101.7547
 4244.302	 -100.0440
 4289.464	 -99.4548
 4335.106	 -99.6635
 4381.235	 -100.3453
 4427.854	 -99.3687
 4474.969	 -99.2380
 4522.585	 -99.5610
 4570.708	 -100.4552
 4619.343	 -100.5782
 4668.496	 -99.9824
 4718.171	 -100.5990
 4768.376	 -101.1433
 4819.114	 -102.9162
 4870.393	 -102.0131
 4922.216	 -101.2532
 4974.592	 -100.8031
 5027.524	 -101.6537
 5081.021	 -101.9520
 5135.085	 -100.8681
 5189.726	 -100.2782
 5244.948	 -100.7643
 5300.757	 -101.2058
 5357.161	 -101.2551
 5414.164	 -101.0286
 5471.774	 -101.6999
 5529.997	 -101.5992
 5588.839	 -101.4924
 5648.308	 -102.3003
 5708.409	 -103.3853
 5769.150	 -103.4084
 5830.538	 -102.5054
 5892.578	 -102.1487
 5955.279	 -103.3964
 6018.646	 -104.0165
 6082.688	 -103.2033
 6147.412	 -102.3899
 6212.824	 -101.5470
 6278.932	 -101.6828
 6345.744	 -101.3164
 6413.267	 -101.3176
 6481.507	 -101.0614
 6550.475	 -100.7290
 6620.176	 -100.6764
 6690.619	 -100.3063
 6761.811	 -100.6718
 6833.760	 -100.5796
 6906.476	 -100.9052
 6979.965	 -100.8963
 7054.236	 -101.2353
 7129.297	 -101.1428
 7205.157	 -101.6445
 7281.825	 -102.1136
 7359.308	 -103.2229
 7437.615	 -102.9962
 7516.756	 -102.8521
 7596.739	 -102.9201
 7677.572	 -103.0439
 7759.267	 -102.8980
 7841.830	 -102.5707
 7925.271	 -102.0475
 8009.601	 -100.6328
 8094.828	 -99.4143
 8180.962	 -99.5594
 8268.013	 -100.6590
 8355.989	 -101.7276
 8444.902	 -101.3980
 8534.761	 -101.2670
 8625.576	 -101.1518
 8717.357	 -100.9462
 8810.115	 -101.0460
 8903.860	 -101.4408
 8998.603	 -102.0212
 9094.354	 -101.8287
 9191.123	 -101.8268
 9288.922	 -101.9687
 9387.762	 -102.7283
 9487.653	 -103.0189
 9588.607	 -102.6334
 9690.636	 -102.3171
 9793.750	 -102.4490
 9897.962	 -103.1305
10003.282	 -103.1923
10109.723	 -102.3043
10217.297	 -102.0376
10326.015	 -101.6201
10435.890	 -101.6414
10546.934	 -101.3715
10659.160	 -101.4715
10772.580	 -101.5890
10887.206	 -101.4458
11003.053	 -101.5142
11120.132	 -102.2213
11238.457	 -101.9154
11358.041	 -101.7967
11478.897	 -101.0731
11601.040	 -101.3310
11724.481	 -101.3371
11849.237	 -101.4502
11975.320	 -101.1420
12102.745	 -101.4316
12231.525	 -101.8862
12361.677	 -102.1526
12493.212	 -101.5011
12626.147	 -101.6014
12760.497	 -101.9878
12896.277	 -102.9324
13033.501	 -103.1341
13172.186	 -102.7940
13312.346	 -102.2956
13453.997	 -101.9366
13597.155	 -101.8245
13741.838	 -101.6420
13888.059	 -101.9457
14035.836	 -102.1153
14185.187	 -101.5327
14336.125	 -101.3580
14488.670	 -100.8263
14642.839	 -101.0276
14798.647	 -100.4024
14956.113	 -100.4993
15115.256	 -100.1195
15276.091	 -100.1904
15438.638	 -100.2084
15602.915	 -100.3101
15768.939	 -100.8086
15936.730	 -100.7123
16106.307	 -100.6251
16277.688	 -99.9211
16450.893	 -99.3339
16625.939	 -98.9671
16802.850	 -98.7227
16981.643	 -99.4951
17162.336	 -99.7472
17344.955	 -100.3149
17529.516	 -100.1078
17716.039	 -99.7310
17904.549	 -98.8767
18095.064	 -98.2478
18287.607	 -98.0960
18482.199	 -98.5345
18678.859	 -99.0160
18877.615	 -98.5012
19078.484	 -97.9127
19281.490	 -97.2418
19486.656	 -97.2877
19694.008	 -96.9911
19903.563	 -96.9313
20115.350	 -96.8550
20329.389	 -96.2792
20545.705	 -95.9469
20764.324	 -96.0908
20985.270	 -96.3993
21208.564	 -95.9650
21434.236	 -94.6141
21662.311	 -93.8098
21892.811	 -93.8106
22125.764	 -94.6332
22361.195	 -95.0712
22599.131	 -95.0695
22839.600	 -94.7595
23082.627	 -94.1930
23328.240	 -93.8466
23576.467	 -94.0045
23827.334	 -94.6944
