ROOM ACOUSTICAL PARAMETERS

F (Hz)    T30 (s)   rT30      T20 (s)   rT20      T10 (s)   rT10      EDT (s)   C80 (dB)  C50 (dB)  D50 (%)   Ts (ms)   BR        
63        1.307     -0.995    1.333     -0.985    1.852     -0.947    1.937     7.71      5.27      77.08     132.427   0.573     
125       1.188     -0.998    1.204     -0.994    1.321     -0.948    0.850     9.01      5.61      78.45     70.464              
250       1.524     -0.999    1.497     -0.998    1.384     -0.997    1.635     -1.82     -3.73     29.78     143.004             
500       2.279     -0.999    2.154     -0.999    1.942     -0.996    2.027     -1.71     -3.82     29.33     170.257             
1000      2.652     -1.000    2.566     -0.999    2.561     -1.000    2.448     -1.94     -3.17     32.53     187.889             
2000      2.568     -1.000    2.555     -0.999    2.752     -1.000    2.713     -1.68     -2.93     33.74     189.886             
4000      2.202     -1.000    2.186     -1.000    2.222     -0.999    2.240     1.35      -0.38     47.80     130.094             
8000      1.330     -0.999    1.316     -0.996    1.534     -0.963    1.372     7.17      5.34      77.39     56.028              
