ROOM ACOUSTICAL PARAMETERS

F (Hz)    T30 (s)   rT30      T20 (s)   rT20      T10 (s)   rT10      EDT (s)   C80 (dB)  C50 (dB)  D50 (%)   Ts (ms)   BR        
63        1.356     -0.995    1.376     -0.985    2.164     -0.906    1.563     7.79      2.71      65.09     102.587   0.600     
125       1.340     -0.995    1.249     -0.995    1.362     -0.950    0.474     9.59      7.62      85.24     70.519              
250       1.505     -0.998    1.471     -0.994    1.787     -0.990    1.586     4.83      3.93      71.19     95.048              
500       2.070     -0.999    2.050     -0.997    2.038     -0.985    2.044     5.94      5.65      78.62     89.410              
1000      2.546     -0.999    2.481     -0.999    2.323     -0.997    2.650     3.27      2.83      65.72     125.781             
2000      2.576     -1.000    2.576     -0.999    2.448     -0.997    2.371     3.20      0.73      54.18     122.346             
4000      2.148     -0.999    2.095     -0.999    2.120     -0.993    2.009     4.84      2.81      65.65     93.933              
8000      1.348     -0.999    1.359     -0.996    1.483     -0.964    1.255     6.87      4.00      71.53     65.521              
