Aurora 4.3 - Speech Transmission Index calculation results

MTF and STI

Parameters
F [Hz]	 125	 250	 500	1000	2000	4000	8000
0.63 	0,955	0,928	0,861	0,798	0,777	0,824	0,906
0.8  	0,935	0,893	0,802	0,720	0,696	0,759	0,883
1    	0,908	0,849	0,732	0,631	0,608	0,683	0,853
1.25 	0,874	0,793	0,652	0,531	0,511	0,596	0,814
1.6  	0,830	0,714	0,551	0,411	0,401	0,496	0,762
2    	0,791	0,624	0,453	0,307	0,312	0,419	0,714
2.5  	0,762	0,514	0,359	0,252	0,259	0,367	0,672
3.15 	0,749	0,379	0,295	0,251	0,275	0,350	0,647
4    	0,732	0,216	0,320	0,286	0,308	0,368	0,646
5    	0,679	0,091	0,380	0,385	0,346	0,410	0,658
6.3  	0,593	0,153	0,402	0,374	0,375	0,409	0,637
8    	0,520	0,216	0,296	0,236	0,271	0,302	0,545
10   	0,414	0,110	0,239	0,159	0,223	0,224	0,456
12.5 	0,318	0,045	0,163	0,169	0,191	0,152	0,359

OCTAVE BAND STI values
F [Hz]	 125	 250	 500	1000	2000	4000	8000
MTI	0,668	0,469	0,481	0,431	0,435	0,472	0,626

TOTAL STI values	Noise Corrected	Mask Corrected
STI Male =	0,484
STI Female =	0,484
RaSTI =	0,454
STItel =	0,543
STIpa =	0,468


