ROOM ACOUSTICAL PARAMETERS

F (Hz)    T30 (s)   rT30      T20 (s)   rT20      T10 (s)   rT10      EDT (s)   C80 (dB)  C50 (dB)  D50 (%)   Ts (ms)   BR        
63        1.390     -0.987    1.548     -0.984    2.357     -0.952    1.917     8.31      7.34      84.43     113.091   0.621     
125       1.235     -0.997    1.219     -0.991    1.669     -0.994    1.298     5.95      2.84      65.81     81.997              
250       1.632     -0.999    1.655     -0.998    1.509     -0.996    1.308     -1.55     -4.48     26.29     122.188             
500       2.051     -0.999    2.084     -0.999    2.040     -0.998    2.077     -0.00     -1.46     41.70     138.458             
1000      2.578     -1.000    2.545     -0.999    2.418     -0.998    2.563     -1.26     -2.65     35.22     179.833             
2000      2.543     -1.000    2.620     -1.000    2.597     -0.999    2.695     -0.89     -1.75     40.07     176.032             
4000      2.191     -1.000    2.169     -1.000    2.093     -1.000    2.320     0.58      -0.24     48.59     140.199             
8000      1.361     -0.999    1.356     -0.997    1.491     -0.981    1.551     5.98      4.95      75.78     62.319              
