Aurora 4.3 - Speech Transmission Index calculation results

MTF and STI

Parameters
F [Hz]	 125	 250	 500	1000	2000	4000	8000
0.63 	0,950	0,934	0,865	0,822	0,799	0,832	0,891
0.8  	0,926	0,901	0,806	0,753	0,727	0,769	0,859
1    	0,894	0,859	0,736	0,673	0,649	0,696	0,817
1.25 	0,850	0,803	0,656	0,582	0,565	0,611	0,762
1.6  	0,788	0,728	0,563	0,470	0,468	0,505	0,688
2    	0,723	0,657	0,485	0,365	0,381	0,404	0,612
2.5  	0,659	0,600	0,415	0,275	0,307	0,305	0,537
3.15 	0,608	0,572	0,357	0,206	0,259	0,228	0,477
4    	0,589	0,562	0,307	0,240	0,245	0,211	0,450
5    	0,605	0,564	0,275	0,346	0,276	0,253	0,440
6.3  	0,641	0,565	0,429	0,423	0,305	0,269	0,353
8    	0,583	0,482	0,409	0,325	0,260	0,131	0,142
10   	0,389	0,364	0,239	0,202	0,183	0,114	0,179
12.5 	0,487	0,343	0,218	0,309	0,211	0,176	0,325

OCTAVE BAND STI values
F [Hz]	 125	 250	 500	1000	2000	4000	8000
MTI	0,644	0,602	0,493	0,455	0,438	0,425	0,529

TOTAL STI values	Noise Corrected	Mask Corrected
STI Male =	0,476
STI Female =	0,474
RaSTI =	0,463
STItel =	0,477
STIpa =	0,466


