Aurora 4.3 - Speech Transmission Index calculation results

MTF and STI

Parameters
F [Hz]	 125	 250	 500	1000	2000	4000	8000
0.63 	0,917	0,911	0,840	0,746	0,757	0,787	0,883
0.8  	0,878	0,868	0,769	0,647	0,668	0,706	0,849
1    	0,831	0,817	0,684	0,537	0,572	0,614	0,805
1.25 	0,770	0,755	0,582	0,419	0,469	0,510	0,751
1.6  	0,687	0,679	0,461	0,298	0,350	0,395	0,684
2    	0,600	0,609	0,364	0,211	0,241	0,304	0,628
2.5  	0,502	0,534	0,296	0,152	0,135	0,233	0,585
3.15 	0,396	0,458	0,257	0,102	0,068	0,184	0,561
4    	0,334	0,417	0,240	0,086	0,095	0,185	0,554
5    	0,357	0,384	0,187	0,035	0,094	0,189	0,551
6.3  	0,258	0,289	0,129	0,093	0,054	0,142	0,558
8    	0,085	0,223	0,223	0,011	0,072	0,132	0,554
10   	0,119	0,295	0,214	0,116	0,146	0,234	0,571
12.5 	0,314	0,553	0,269	0,192	0,171	0,310	0,618

OCTAVE BAND STI values
F [Hz]	 125	 250	 500	1000	2000	4000	8000
MTI	0,505	0,545	0,430	0,299	0,319	0,398	0,601

TOTAL STI values	Noise Corrected	Mask Corrected
STI Male =	0,400
STI Female =	0,411
RaSTI =	0,366
STItel =	0,353
STIpa =	0,395


