Aurora 4.3 - Speech Transmission Index calculation results

MTF and STI

Parameters
F [Hz]	 125	 250	 500	1000	2000	4000	8000
0.63 	0,959	0,915	0,882	0,834	0,815	0,828	0,930
0.8  	0,942	0,874	0,833	0,774	0,752	0,764	0,920
1    	0,919	0,821	0,779	0,712	0,688	0,689	0,906
1.25 	0,891	0,752	0,722	0,650	0,625	0,604	0,889
1.6  	0,854	0,659	0,665	0,595	0,564	0,507	0,867
2    	0,815	0,561	0,629	0,564	0,518	0,430	0,849
2.5  	0,772	0,457	0,597	0,551	0,487	0,379	0,834
3.15 	0,724	0,374	0,553	0,545	0,482	0,364	0,826
4    	0,672	0,336	0,518	0,549	0,512	0,385	0,826
5    	0,628	0,326	0,512	0,586	0,533	0,415	0,829
6.3  	0,544	0,404	0,554	0,633	0,562	0,437	0,823
8    	0,366	0,394	0,543	0,532	0,477	0,395	0,788
10   	0,202	0,339	0,586	0,481	0,494	0,411	0,761
12.5 	0,071	0,382	0,553	0,530	0,507	0,429	0,749

OCTAVE BAND STI values
F [Hz]	 125	 250	 500	1000	2000	4000	8000
MTI	0,633	0,539	0,590	0,569	0,546	0,505	0,752

TOTAL STI values	Noise Corrected	Mask Corrected
STI Male =	0,582
STI Female =	0,587
RaSTI =	0,563
STItel =	0,595
STIpa =	0,571


