ROOM ACOUSTICAL PARAMETERS

F (Hz)    T30 (s)   rT30      T20 (s)   rT20      T10 (s)   rT10      EDT (s)   C80 (dB)  C50 (dB)  D50 (%)   Ts (ms)   BR        
63        2.071     -0.995    1.795     -0.994    2.018     -0.967    1.812     8.80      8.04      86.42     63.598    0.652     
125       1.443     -0.999    1.438     -0.997    1.340     -0.989    1.010     6.41      2.32      63.05     62.442              
250       1.600     -0.999    1.575     -0.996    1.324     -0.997    1.601     1.00      -0.18     48.96     97.920              
500       2.136     -0.999    2.095     -0.999    2.266     -0.998    2.349     2.64      2.33      63.08     89.156              
1000      2.560     -1.000    2.523     -1.000    2.506     -0.999    2.897     2.67      2.43      63.63     109.571             
2000      2.632     -1.000    2.594     -1.000    2.635     -0.999    2.820     1.73      1.41      58.04     120.441             
4000      2.223     -1.000    2.169     -1.000    2.082     -1.000    2.384     0.92      0.34      51.98     119.318             
8000      1.372     -0.999    1.398     -0.997    1.665     -0.976    1.206     10.22     9.81      90.55     27.719              
