ROOM ACOUSTICAL PARAMETERS

F (Hz)    T30 (s)   rT30      T20 (s)   rT20      T10 (s)   rT10      EDT (s)   C80 (dB)  C50 (dB)  D50 (%)   Ts (ms)   BR        
63        1.727     -0.990    1.884     -0.993    2.145     -0.986    2.216     4.13      2.65      64.78     110.453   0.685     
125       1.762     -0.998    1.656     -0.998    1.742     -0.990    1.591     0.46      -1.99     38.74     112.234             
250       1.575     -0.998    1.579     -0.995    1.226     -0.994    1.713     -2.41     -2.76     34.65     117.395             
500       2.134     -0.999    2.081     -0.998    2.067     -0.991    2.119     -4.82     -5.20     23.20     168.588             
1000      2.648     -1.000    2.639     -0.999    2.523     -0.999    2.760     -5.15     -5.40     22.40     216.183             
2000      2.602     -1.000    2.568     -1.000    2.571     -0.999    3.036     -2.91     -3.27     32.02     203.874             
4000      2.220     -1.000    2.187     -1.000    2.117     -0.999    2.529     -1.98     -2.41     36.46     170.881             
8000      1.482     -0.999    1.470     -0.997    1.682     -0.991    1.826     4.26      3.89      71.01     58.645              
