Aurora 4.3 - Speech Transmission Index calculation results

MTF and STI

Parameters
F [Hz]	 125	 250	 500	1000	2000	4000	8000
0.63 	0,905	0,907	0,842	0,769	0,736	0,788	0,892
0.8  	0,863	0,861	0,773	0,680	0,637	0,704	0,861
1    	0,813	0,801	0,693	0,581	0,530	0,606	0,823
1.25 	0,750	0,723	0,600	0,472	0,419	0,491	0,774
1.6  	0,671	0,612	0,486	0,347	0,308	0,356	0,713
2    	0,592	0,492	0,375	0,239	0,234	0,250	0,661
2.5  	0,504	0,362	0,280	0,134	0,185	0,201	0,620
3.15 	0,397	0,259	0,251	0,072	0,211	0,245	0,597
4    	0,281	0,239	0,216	0,099	0,257	0,305	0,592
5    	0,230	0,179	0,096	0,110	0,258	0,312	0,593
6.3  	0,228	0,144	0,169	0,223	0,230	0,323	0,606
8    	0,150	0,214	0,142	0,259	0,332	0,372	0,631
10   	0,177	0,453	0,252	0,125	0,277	0,263	0,616
12.5 	0,183	0,604	0,369	0,313	0,304	0,320	0,665

OCTAVE BAND STI values
F [Hz]	 125	 250	 500	1000	2000	4000	8000
MTI	0,492	0,497	0,427	0,362	0,405	0,435	0,624

TOTAL STI values	Noise Corrected	Mask Corrected
STI Male =	0,441
STI Female =	0,452
RaSTI =	0,400
STItel =	0,431
STIpa =	0,434


