ROOM ACOUSTICAL PARAMETERS

F (Hz)    T30 (s)   rT30      T20 (s)   rT20      T10 (s)   rT10      EDT (s)   C80 (dB)  C50 (dB)  D50 (%)   Ts (ms)   BR        
63        1.503     -0.994    1.400     -0.991    1.722     -0.986    1.618     7.72      7.13      83.77     62.863    0.608     
125       1.379     -0.995    1.215     -0.995    1.196     -0.989    1.393     2.03      -2.07     38.30     93.019              
250       1.542     -0.998    1.562     -0.996    1.519     -0.996    1.620     3.96      2.64      64.74     70.167              
500       2.066     -0.999    1.989     -1.000    2.000     -0.998    2.254     2.26      2.05      61.57     94.721              
1000      2.588     -1.000    2.578     -1.000    2.626     -0.998    2.712     0.63      0.43      52.49     132.758             
2000      2.563     -1.000    2.558     -1.000    2.571     -0.999    2.944     1.63      1.50      58.54     121.593             
4000      2.214     -1.000    2.185     -1.000    2.163     -0.999    2.370     1.14      0.90      55.14     112.256             
8000      1.363     -0.999    1.368     -0.998    1.580     -0.985    1.922     9.06      8.75      88.24     27.906              
