ROOM ACOUSTICAL PARAMETERS

F (Hz)    T30 (s)   rT30      T20 (s)   rT20      T10 (s)   rT10      EDT (s)   C80 (dB)  C50 (dB)  D50 (%)   Ts (ms)   BR        
63        1.260     -0.993    1.399     -0.991    1.778     -0.981    2.100     2.95      2.52      64.13     99.354    0.651     
125       1.505     -0.998    1.543     -0.997    1.455     -0.990    1.901     3.24      2.28      62.83     83.106              
250       1.533     -0.998    1.466     -0.996    1.455     -0.982    1.678     3.20      2.87      65.92     69.827              
500       2.129     -1.000    2.114     -0.999    2.272     -0.998    2.241     -0.82     -1.25     42.83     135.468             
1000      2.656     -0.999    2.508     -0.999    2.407     -0.999    2.718     -1.47     -1.72     40.23     168.393             
2000      2.573     -0.999    2.478     -0.999    2.324     -0.999    2.745     -1.21     -1.38     42.14     163.698             
4000      2.157     -1.000    2.110     -1.000    2.066     -0.998    2.307     2.04      1.86      60.56     98.216              
8000      1.359     -0.999    1.350     -0.995    1.606     -0.985    1.818     3.88      3.67      69.95     65.491              
