Aurora 4.3 - Speech Transmission Index calculation results

MTF and STI

Parameters
F [Hz]	 125	 250	 500	1000	2000	4000	8000
0.63 	0,960	0,982	0,947	0,933	0,906	0,943	0,944
0.8  	0,941	0,974	0,921	0,907	0,870	0,928	0,941
1    	0,914	0,963	0,887	0,877	0,828	0,910	0,936
1.25 	0,876	0,950	0,840	0,843	0,775	0,888	0,928
1.6  	0,818	0,933	0,772	0,805	0,705	0,862	0,917
2    	0,753	0,918	0,695	0,776	0,634	0,839	0,908
2.5  	0,688	0,905	0,617	0,758	0,567	0,820	0,896
3.15 	0,655	0,902	0,575	0,750	0,532	0,811	0,889
4    	0,709	0,911	0,641	0,763	0,582	0,816	0,893
5    	0,835	0,933	0,809	0,837	0,731	0,849	0,909
6.3  	0,903	0,944	0,924	0,897	0,853	0,879	0,917
8    	0,723	0,902	0,744	0,759	0,648	0,798	0,882
10   	0,620	0,883	0,586	0,711	0,520	0,758	0,858
12.5 	0,789	0,903	0,863	0,790	0,728	0,801	0,875

OCTAVE BAND STI values
F [Hz]	 125	 250	 500	1000	2000	4000	8000
MTI	0,726	0,882	0,703	0,725	0,640	0,762	0,834

TOTAL STI values	Noise Corrected	Mask Corrected
STI Male =	0,725
STI Female =	0,745
RaSTI =	0,660
STItel =	0,756
STIpa =	0,710


