ROOM ACOUSTICAL PARAMETERS

F (Hz)    T30 (s)   rT30      T20 (s)   rT20      T10 (s)   rT10      EDT (s)   C80 (dB)  C50 (dB)  D50 (%)   Ts (ms)   BR        
63        1.610     -0.996    1.665     -0.993    1.934     -0.944    1.214     9.28      8.87      88.51     50.916    0.690     
125       0.975     -0.980    0.950     -0.947    4.111     -0.700    3.737     8.14      7.98      86.26     31.820              
250       1.311     -0.993    1.348     -0.973    3.066     -0.858    0.148     11.97     11.52     93.42     19.345              
500       1.643     -0.986    1.352     -0.975    1.597     -0.734    4.687     5.38      5.27      77.09     46.394              
1000      2.176     -0.996    1.980     -0.993    2.096     -0.954    3.283     6.96      6.85      82.88     43.912              
2000      2.154     -0.995    1.980     -0.989    1.689     -0.948    2.647     4.27      4.02      71.63     65.147              
4000      1.836     -0.995    1.611     -0.991    1.873     -0.894    2.356     9.24      8.42      87.42     28.409              
8000      0.962     -0.980    0.960     -0.907    1.005     -0.814    0.126     14.66     13.88     96.07     11.600              
