Aurora 4.3 - Speech Transmission Index calculation results

MTF and STI

Parameters
F [Hz]	 125	 250	 500	1000	2000	4000	8000
0.63 	0,978	0,985	0,963	0,940	0,928	0,945	0,932
0.8  	0,969	0,978	0,946	0,916	0,902	0,930	0,920
1    	0,957	0,970	0,926	0,887	0,870	0,912	0,905
1.25 	0,940	0,959	0,901	0,854	0,831	0,890	0,884
1.6  	0,915	0,944	0,870	0,813	0,782	0,861	0,853
2    	0,889	0,930	0,839	0,777	0,736	0,834	0,822
2.5  	0,862	0,917	0,811	0,747	0,695	0,812	0,790
3.15 	0,847	0,910	0,797	0,736	0,676	0,803	0,771
4    	0,864	0,919	0,822	0,763	0,717	0,824	0,788
5    	0,910	0,943	0,887	0,846	0,825	0,877	0,844
6.3  	0,930	0,958	0,933	0,918	0,900	0,912	0,890
8    	0,841	0,913	0,850	0,788	0,745	0,825	0,808
10   	0,787	0,897	0,783	0,733	0,675	0,783	0,733
12.5 	0,833	0,914	0,883	0,855	0,835	0,850	0,803

OCTAVE BAND STI values
F [Hz]	 125	 250	 500	1000	2000	4000	8000
MTI	0,832	0,902	0,794	0,740	0,709	0,775	0,749

TOTAL STI values	Noise Corrected	Mask Corrected
STI Male =	0,758
STI Female =	0,765
RaSTI =	0,746
STItel =	0,772
STIpa =	0,734


