Aurora 4.3 - Speech Transmission Index calculation results

MTF and STI

Parameters
F [Hz]	 125	 250	 500	1000	2000	4000	8000
0.63 	0,903	0,891	0,890	0,820	0,797	0,831	0,897
0.8  	0,857	0,835	0,839	0,750	0,722	0,765	0,868
1    	0,798	0,762	0,777	0,671	0,641	0,688	0,830
1.25 	0,721	0,666	0,701	0,580	0,552	0,597	0,778
1.6  	0,618	0,539	0,601	0,468	0,451	0,485	0,705
2    	0,512	0,418	0,507	0,369	0,353	0,384	0,629
2.5  	0,399	0,311	0,418	0,277	0,240	0,290	0,550
3.15 	0,263	0,239	0,336	0,174	0,115	0,226	0,480
4    	0,094	0,253	0,281	0,075	0,083	0,201	0,450
5    	0,113	0,264	0,314	0,056	0,172	0,226	0,505
6.3  	0,086	0,281	0,448	0,185	0,289	0,327	0,623
8    	0,030	0,417	0,446	0,316	0,330	0,353	0,649
10   	0,156	0,377	0,214	0,129	0,199	0,334	0,512
12.5 	0,126	0,454	0,175	0,197	0,231	0,403	0,553

OCTAVE BAND STI values
F [Hz]	 125	 250	 500	1000	2000	4000	8000
MTI	0,414	0,494	0,503	0,392	0,406	0,462	0,599

TOTAL STI values	Noise Corrected	Mask Corrected
STI Male =	0,457
STI Female =	0,468
RaSTI =	0,452
STItel =	0,483
STIpa =	0,460


