ROOM ACOUSTICAL PARAMETERS

F (Hz)    T30 (s)   rT30      T20 (s)   rT20      T10 (s)   rT10      EDT (s)   C80 (dB)  C50 (dB)  D50 (%)   Ts (ms)   BR        
63        1.567     -0.986    1.725     -0.993    1.369     -0.991    1.740     0.42      0.00      50.03     127.332   0.672     
125       1.513     -0.998    1.534     -0.993    1.495     -0.981    1.499     -1.53     -1.95     38.94     122.810             
250       1.401     -0.998    1.360     -0.995    1.194     -0.979    2.142     2.84      2.61      64.60     75.546              
500       2.024     -0.999    2.011     -0.998    1.821     -0.995    1.707     -2.77     -3.10     32.85     143.118             
1000      2.414     -0.999    2.292     -1.000    2.260     -0.999    2.253     -5.82     -6.20     19.35     205.635             
2000      2.408     -1.000    2.339     -1.000    2.276     -0.999    2.344     -3.94     -4.24     27.35     184.499             
4000      2.003     -0.999    1.925     -0.999    1.787     -0.999    2.076     -0.35     -0.55     46.86     120.885             
8000      1.259     -0.999    1.219     -0.997    1.327     -0.981    1.655     3.89      3.70      70.11     58.020              
