Aurora 4.3 - Speech Transmission Index calculation results

MTF and STI

Parameters
F [Hz]	 125	 250	 500	1000	2000	4000	8000
0.63 	0,907	0,921	0,882	0,813	0,809	0,848	0,899
0.8  	0,862	0,882	0,828	0,736	0,734	0,789	0,870
1    	0,804	0,830	0,761	0,648	0,648	0,716	0,833
1.25 	0,727	0,764	0,677	0,547	0,550	0,628	0,782
1.6  	0,617	0,675	0,559	0,431	0,430	0,514	0,710
2    	0,489	0,591	0,426	0,325	0,314	0,403	0,638
2.5  	0,330	0,528	0,267	0,219	0,191	0,306	0,568
3.15 	0,174	0,525	0,077	0,106	0,060	0,273	0,520
4    	0,264	0,589	0,156	0,050	0,084	0,330	0,516
5    	0,476	0,606	0,336	0,142	0,186	0,417	0,562
6.3  	0,566	0,575	0,506	0,298	0,330	0,519	0,652
8    	0,381	0,701	0,436	0,307	0,325	0,517	0,698
10   	0,101	0,600	0,086	0,094	0,164	0,367	0,593
12.5 	0,319	0,649	0,303	0,197	0,248	0,436	0,554

OCTAVE BAND STI values
F [Hz]	 125	 250	 500	1000	2000	4000	8000
MTI	0,504	0,619	0,460	0,384	0,396	0,507	0,615

TOTAL STI values	Noise Corrected	Mask Corrected
STI Male =	0,464
STI Female =	0,479
RaSTI =	0,423
STItel =	0,483
STIpa =	0,449


