Aurora 4.3 - Speech Transmission Index calculation results

MTF and STI

Parameters
F [Hz]	 125	 250	 500	1000	2000	4000	8000
0.63 	0,963	0,934	0,881	0,862	0,840	0,896	0,921
0.8  	0,947	0,902	0,829	0,810	0,784	0,862	0,904
1    	0,926	0,862	0,767	0,752	0,723	0,823	0,882
1.25 	0,899	0,813	0,697	0,686	0,655	0,779	0,853
1.6  	0,863	0,752	0,616	0,607	0,575	0,723	0,811
2    	0,826	0,697	0,549	0,533	0,510	0,666	0,767
2.5  	0,785	0,638	0,501	0,455	0,468	0,602	0,717
3.15 	0,732	0,560	0,484	0,391	0,438	0,534	0,666
4    	0,660	0,461	0,468	0,337	0,416	0,480	0,626
5    	0,595	0,404	0,449	0,335	0,416	0,432	0,596
6.3  	0,515	0,382	0,391	0,304	0,397	0,361	0,545
8    	0,354	0,344	0,255	0,139	0,236	0,222	0,459
10   	0,280	0,284	0,271	0,133	0,210	0,233	0,450
12.5 	0,366	0,278	0,394	0,251	0,230	0,325	0,470

OCTAVE BAND STI values
F [Hz]	 125	 250	 500	1000	2000	4000	8000
MTI	0,661	0,576	0,530	0,481	0,497	0,550	0,638

TOTAL STI values	Noise Corrected	Mask Corrected
STI Male =	0,536
STI Female =	0,542
RaSTI =	0,507
STItel =	0,549
STIpa =	0,525


