ROOM ACOUSTICAL PARAMETERS

F (Hz)    T30 (s)   rT30      T20 (s)   rT20      T10 (s)   rT10      EDT (s)   C80 (dB)  C50 (dB)  D50 (%)   Ts (ms)   BR        
63        1.761     -0.993    1.909     -0.999    1.861     -0.997    1.178     3.53      -3.77     29.54     158.653   0.647     
125       1.827     -0.997    1.674     -0.996    1.581     -0.983    1.939     -2.51     -8.71     11.86     144.416             
250       1.539     -0.994    1.319     -0.997    1.373     -0.985    1.507     -1.13     -6.30     18.98     130.521             
500       2.166     -0.999    2.050     -0.998    1.862     -0.997    1.891     -2.02     -9.70     9.68      166.860             
1000      2.663     -1.000    2.577     -1.000    2.535     -0.998    2.340     -3.44     -9.18     10.77     206.362             
2000      2.633     -1.000    2.591     -1.000    2.629     -1.000    2.610     -3.41     -5.81     20.79     191.970             
4000      2.276     -1.000    2.222     -1.000    2.121     -1.000    2.129     -1.33     -3.79     29.47     145.943             
8000      1.438     -0.999    1.353     -0.999    1.294     -0.995    1.360     2.38      -1.00     44.26     85.061              
