Settings = C:\Users\CUA\Desktop\Salon de actos\GEO.PRD
PROJECT  = Auditorio
MASTER   = MASTER.GEO

The absorption is used as follows:
-----------------------------------------------------------------------------------
                                          Relative absorption area [%]
Key name        Area [m²] Area [%] <  125  250  500   1k   2k   4k   8k  16k> Used
-----------------------------------------------------------------------------------
SILLAS              494,3     20,0 < 13,8 11,7 13,9 18,3 21,1 25,9 28,0 28,0>  312
VICYCLE             455,0     18,4 < 19,4 31,4 42,1 41,7 40,1 39,5 35,7 35,7>   34
FLAT_PANEL_FS       355,3     14,4 < 11,2 31,7 32,9 32,6 33,3 29,4 30,2 30,2>   40
MADERA_A2           355,0     14,4 < 29,6 12,7  3,3  1,6  1,3  1,3  0,8  0,8>   69
SUELO_A2            343,3     13,9 < 12,7  6,1  3,9  3,2  2,0  1,6  2,3  2,3>   28
TECHO_A2            341,7     13,8 < 12,7  6,1  3,2  1,6  1,6  1,8  1,9  1,9>    2
PARED_A2            128,3      5,2 <  0,6  0,4  0,7  1,0  0,5  0,5  1,1  1,1>   29
-----------------------------------------------------------------------------------
                   2473,0
