Settings = C:\Users\CUA\Desktop\Salon de actos\GEO.PRD
PROJECT  = Auditorio
MASTER   = MASTER.GEO

The absorption is used as follows:
-----------------------------------------------------------------------------------
                                          Relative absorption area [%]
Key name        Area [m²] Area [%] <  125  250  500   1k   2k   4k   8k  16k> Used
-----------------------------------------------------------------------------------
MADERA_A2           592,5     17,9 < 33,3 16,9  5,0  2,6  2,1  1,9  1,3  1,3>   92
DIFUSOR             513,7     15,5 < 25,7 41,0 43,2 44,0 44,2 43,2 40,4 40,4>  485
SILLAS              494,3     14,9 <  9,3  9,4 12,6 17,1 19,3 23,1 25,9 25,9>  312
TECHO2_A2           455,0     13,7 < 11,4  6,5  3,9  2,0  2,0  2,1  2,4  2,4>   34
SUELO_A2            343,3     10,4 <  8,6  4,9  3,5  3,0  1,8  1,4  2,1  2,1>   28
TECHO_A2            341,7     10,3 <  8,5  4,9  2,9  1,5  1,5  1,6  1,8  1,8>    2
VIWASH              327,9      9,9 <  2,5 15,9 27,6 28,1 28,2 25,8 24,1 24,1>   24
PARED_A2            246,2      7,4 <  0,8  0,6  1,3  1,8  0,9  0,8  1,9  1,9>   46
-----------------------------------------------------------------------------------
                   3314,6
