#HEADER
CATT-Acoustic v8.0b    Copyright © CATT 1988-2003

 Project                : Restaurante

 GEOMETRICAL INFORMATION
 Src id and loc     [m] :   F1           6,830        1,550        1,400
 Rec id and loc     [m] :   08           3,620        2,950        1,500

 08       10,2045

 VARIABLE SOURCE DATA
 Directivity
   Type (library)       :  Voz.SD0
   Dir. Index (DI) [dB] :       1,1      2,0      3,0      0,7      2,3      5,1
 Level
   On axis 1m      [dB] :      51,2     57,2     59,8     53,5     48,8     43,8
   Total power     [dB] :      61,1     66,2     67,8     63,8     57,5     49,7
 Aim
   Horizontal angle [°] :      -0,0
   Vertical   angle [°] :       0,0
   Point            [m] :                6,110        1,550        1,400
   Roll angle       [°] :       0,0
   Auxiliary delay [ms] :       0,0

 VARIABLE AIR DATA
 Temperature       [°C] :      20
 Relative humidity  [%] :      70
 Density        [kg/m³] :       1,2
 Sound speed      [m/s] :     343
 Impedance      [Ns/m³] :     412
 Diss. coeff. [0.001/m] :      0,08     0,26     0,64     1,15     2,08     5,31      (estimated)

#DATAFIELDS
 TYPE DELAY ORDER AZIMUTH ELEVATION SPL125 SPL250 SPL500 SPL1K SPL2K SPL4K
#DATA
d	     0,0000	 0	 26,68	 90,21	  40,7	  46,7	  49,3	  43,2	  39,4	  32,3
*	     0,6543	 1	 25,43	105,07	  15,5	  17,5	  23,1	  14,2	  15,2	   3,5
*	     1,3407	 1	 20,10	101,25	  18,3	  20,3	  25,0	  18,0	  13,8	   3,1
*	     0,8693	 1	 30,38	101,80	  17,7	  19,7	  24,7	  16,5	  13,1	   2,1
*	     3,3676	 1	152,14	144,48	  16,0	  18,0	  23,6	  14,0	  14,7	   3,0
*	     2,2573	 1	 93,56	133,44	  15,8	  17,8	  23,7	  14,1	  15,0	   2,7
*	     2,3371	 1	282,18	166,96	  19,3	  21,2	  26,8	  16,5	  17,1	   6,4
*	     1,1592	 1	 35,86	142,48	  18,9	  20,8	  26,5	  16,6	  17,3	   6,1
*	     1,2683	 1	 26,58	 90,10	  32,5	  29,2	  32,2	  20,9	  15,7	   5,0
*	     2,3047	 1	 36,05	107,59	  11,4	  13,2	  14,7	   5,9	  -2,5	 -12,9
s	     2,8554	 1	 24,27	 49,99	  37,2	  41,6	  40,7	  33,2	  26,0	  10,9
*	    19,8840	 1	 32,71	 76,82	   2,1	   5,4	   8,3	   5,2	  -8,4	 -19,1
*	    19,8305	 1	 50,50	 75,58	   1,9	   4,4	   7,9	   4,2	  -8,1	 -17,6
*	    24,1745	 1	 68,24	 75,67	  -2,5	   1,0	   5,0	   2,3	  -9,3	 -17,5
*	    31,3471	 1	 83,07	 76,76	  -7,9	  -2,9	   0,5	  -0,5	 -12,4	 -20,2
*	     9,8305	 1	 25,35	 72,80	  15,5	  19,0	  22,5	  21,0	   7,5	  -1,8
*	     9,9873	 1	 50,67	 70,30	  13,0	  17,6	  21,0	  19,6	   7,3	  -0,4
*	    15,9909	 1	 75,82	 71,31	   4,4	  10,8	  13,4	  13,0	   1,3	  -5,9
*	    24,7297	 1	 93,77	 74,15	  -3,5	   3,4	   6,0	   5,9	  -5,9	 -12,5
*	     4,6411	 1	  9,03	 65,44	  23,4	  28,6	  29,6	  28,4	  20,8	  13,0
*	     4,2141	 1	 51,14	 57,43	  21,4	  27,5	  30,0	  28,1	  20,7	  12,8
*	    11,1244	 1	 92,44	 63,58	   9,8	  16,5	  20,3	  18,5	  10,1	   3,3
*	    21,0406	 1	111,16	 71,14	  -0,4	   6,4	  10,2	   9,0	  -0,5	  -6,9
*	     6,3156	 1	327,34	 57,14	  19,1	  25,2	  27,8	  26,4	  17,1	  11,3
*	     4,2358	 1	 59,13	 10,40	  24,5	  31,0	  33,9	  32,0	  24,2	  16,8
*	    11,0812	 1	133,39	 55,33	  11,5	  18,3	  22,2	  19,6	  13,8	   4,4
*	    21,1968	 1	136,77	 69,76	  -0,1	   6,7	  10,9	   8,3	   2,6	  -6,4
*	     2,8866	 1	 29,78	105,34	  12,8	  14,3	  11,9	   3,7	  -8,3	 -18,9
*	     3,0770	 1	  6,75	 91,32	  17,3	  18,6	  23,6	  13,4	  14,5	   0,8
*	     3,6028	 1	132,98	 94,08	  20,1	  21,4	  25,8	  15,5	  15,7	   3,2
*	     4,7865	 1	131,22	131,37	  15,6	  16,9	  21,3	  11,3	  11,3	  -1,3
s	     3,9582	 1	246,87	 94,11	  37,5	  43,0	  44,7	  35,5	  31,7	  19,8
*	    20,3554	 1	151,79	 75,08	  -3,8	   3,4	   9,0	   7,8	   5,0	  -3,5
*	    19,8222	 1	151,16	 87,69	  -3,4	   3,9	   9,6	   8,3	   5,6	  -2,9
*	    16,0983	 1	155,13	 71,67	   0,9	   8,1	  13,6	  12,5	   9,4	   0,9
*	    15,4564	 1	154,29	 87,63	   1,6	   8,9	  14,6	  13,3	  10,3	   1,7
*	    12,1165	 1	161,03	 66,07	   6,4	  13,6	  18,9	  17,8	  14,2	   6,3
*	    11,3067	 1	159,83	 87,54	   7,6	  14,9	  20,4	  19,1	  15,6	   7,6
*	     8,6197	 1	173,85	 56,20	  12,8	  19,9	  24,7	  23,7	  19,5	  12,6
*	     7,5214	 1	171,88	 87,43	  15,4	  22,6	  27,6	  26,3	  22,3	  15,4
*	     8,3045	 1	169,93	119,83	  13,3	  20,5	  25,5	  24,3	  20,3	  13,3
*	     6,1459	 1	209,65	 42,42	  18,6	  25,6	  30,1	  28,9	  24,0	  18,5
*	     4,6062	 1	206,63	 87,72	  24,5	  31,7	  36,4	  34,3	  30,1	  24,5
*	     5,6190	 1	267,21	 47,95	  18,6	  25,8	  29,9	  28,3	  23,2	  19,0
*	     4,1635	 1	267,06	 89,94	  23,9	  31,2	  35,9	  32,8	  28,5	  24,2
*	     5,2306	 1	266,90	135,00	  20,1	  26,9	  31,7	  29,6	  25,1	  20,5
*	     6,9253	 1	292,25	 62,93	  13,9	  21,2	  24,9	  23,6	  18,4	  14,9
*	     5,8537	 1	292,90	 91,08	  16,2	  23,5	  28,0	  25,9	  20,7	  17,2
s	     5,1495	 2	 23,30	 40,29	  32,7	  38,7	  38,1	  34,3	  21,2	  14,2
s	     5,5189	 2	  7,03	122,16	  29,1	  35,0	  35,3	  30,9	  23,3	  16,1
*	     5,5890	 1	 71,02	100,35	   2,9	   4,9	  11,1	   2,7	   1,0	  -9,6
s	     5,8983	 1	355,76	 91,27	  34,3	  39,8	  43,6	  38,3	  35,7	  26,1
*	    12,9523	 1	298,10	 81,78	   2,2	   9,4	  13,9	  11,8	   7,3	   2,2
*	    11,2184	 1	306,59	 81,01	   4,0	  11,1	  15,7	  13,9	   9,3	   3,9
*	     9,7226	 1	315,74	 80,39	   5,6	  12,7	  17,2	  15,8	  11,2	   5,5
*	     9,2810	 1	324,70	 71,34	   5,9	  12,8	  17,2	  16,7	  11,7	   5,4
*	     8,4901	 1	325,12	 80,01	   6,9	  14,0	  18,6	  17,6	  12,9	   6,8
*	     8,1116	 1	325,55	 89,27	   7,4	  14,7	  19,4	  17,9	  13,6	   7,4
*	    15,4513	 1	 19,83	 78,35	  -0,9	   2,4	   7,8	   6,5	  -3,0	 -11,2
*	    14,7370	 1	 20,07	 82,95	  -0,3	   2,8	   8,1	   6,0	  -2,8	  -9,9
*	    14,3826	 1	 20,32	 87,62	  -0,0	   2,9	   8,1	   5,5	  -2,8	  -9,0
*	     8,9833	 1	318,75	 93,17	  10,6	  12,4	  18,8	   9,1	   9,2	  -1,7
*	     9,2459	 1	318,30	 82,51	  10,2	  11,9	  18,2	   9,0	   8,7	  -2,2
*	    10,6562	 1	308,15	 93,55	   8,8	  10,7	  17,0	   6,9	   7,0	  -3,5
*	    10,8990	 1	307,79	 83,12	   8,5	  10,2	  16,4	   6,7	   6,5	  -3,9
*	    13,5896	 1	298,86	112,90	   5,4	   7,1	  13,4	   4,0	   4,1	  -6,5
*	    12,8890	 1	298,59	103,65	   6,4	   8,2	  14,5	   4,4	   4,4	  -5,8
*	    12,6415	 1	298,33	 93,79	   6,8	   8,6	  15,0	   4,5	   4,6	  -5,6
*	    12,8646	 1	298,06	 83,88	   6,4	   8,2	  14,4	   4,4	   4,2	  -5,9
*	    13,3045	 1	299,57	 72,70	   3,3	  14,3	  13,8	   9,0	   7,5	  -2,4
*	     7,0969	 1	338,79	 80,68	  11,4	  22,4	  22,5	  18,0	  17,5	   5,6
*	     6,3894	 1	356,66	 81,27	  12,6	  23,5	  23,8	  19,3	  20,2	   7,3
*	     7,9804	 1	  8,88	 82,24	  11,5	  22,6	  21,9	  19,5	  14,3	   4,4
*	    12,0787	 1	 17,05	 83,06	   6,0	  13,9	  14,3	   9,9	   4,5	  -7,2
*	    17,6481	 1	 22,79	 83,73	  -0,8	   5,7	   5,8	  -0,5	  -5,5	 -16,9
s	     6,1360	 2	247,60	 63,00	  35,2	  39,3	  38,6	  31,7	  23,0	   9,2
*	     6,7651	 1	 64,15	 93,17	  -2,1	  -0,8	   2,7	  -4,5	 -10,1	 -20,1
*	     6,8928	 1	 65,74	105,70	  -2,4	  -1,1	   1,7	  -5,9	 -12,8	 -23,0
*	     6,8753	 1	 65,54	104,59	   0,2	   1,5	   4,4	  -3,2	 -10,1	 -20,2
*	     7,4261	 1	 67,65	 88,65	   1,4	   2,7	   6,4	  -0,9	  -6,1	 -16,1
s	     7,8435	 2	354,10	 63,42	  33,0	  37,5	  38,7	  33,0	  26,8	  16,6
s	     8,0218	 3	247,87	 53,92	  31,0	  36,8	  36,6	  33,9	  23,5	  15,3
s	     8,2498	 3	 30,73	144,91	  29,8	  35,4	  34,5	  29,6	  14,9	   9,0
*	     9,1288	 1	 62,83	101,29	  -5,3	  -4,2	  -2,1	  -9,0	 -17,7	 -27,9
*	     8,5339	 1	 62,53	 93,20	  -4,4	  -3,5	  -0,4	  -7,8	 -13,6	 -24,4
s	     8,5948	 3	  0,50	116,72	  25,2	  28,4	  28,5	  26,0	  10,8	   1,7
s	     8,6569	 2	274,23	 94,06	  32,9	  38,2	  40,7	  33,8	  30,6	  15,1
s	     9,6184	 3	 24,74	 33,19	  25,0	  29,1	  23,5	  22,1	  -3,9	 -14,9
*	     9,6495	 1	 88,53	 88,53	   8,1	   9,4	  14,1	   5,4	   2,9	  -7,5
s	     9,8305	 3	186,99	115,36	  23,7	  23,5	  29,1	  21,2	  17,8	   7,5
*	    10,1262	 1	 59,47	 96,21	  -7,8	  -7,5	  -2,5	  -9,8	 -16,1	 -28,2
s	    10,3425	 3	274,13	 69,79	  31,6	  35,9	  36,1	  28,9	  22,3	   6,0
*	    10,8915	 1	 57,20	100,72	  -2,2	  -2,9	   0,1	  -7,7	 -17,4	 -30,5
s	    11,8385	 3	245,31	142,95	  33,1	  36,6	  34,5	  28,0	  20,3	   5,3
s	    12,0023	 3	348,58	113,02	  24,0	  29,4	  31,1	  26,8	  20,4	  13,1
s	    13,1324	 3	359,05	136,52	  31,7	  35,7	  34,5	  26,6	  19,3	   4,3
*	    16,5505	 1	 72,76	 88,02	   0,6	   0,4	   4,2	  -3,9	  -9,1	 -20,6
s	    16,5724	 3	 19,28	 21,15	  31,3	  33,9	  30,0	  21,2	  10,1	  -6,0
s	    17,9106	 1	 41,84	 88,47	  28,6	  31,1	  30,4	  26,1	  14,8	   7,1
*	    21,3999	 1	 24,88	 79,59	  -1,2	   1,5	   6,3	   3,8	  -5,4	 -13,1
*	    20,8685	 1	 25,07	 83,31	  -0,9	   1,6	   6,1	   3,4	  -5,6	 -12,2
*	    20,5897	 1	 25,26	 87,07	  -0,7	   1,8	   5,8	   3,2	  -5,7	 -11,5
*	    20,3910	 1	 28,40	 79,19	  -0,3	   2,8	   7,0	   5,0	  -5,0	 -13,3
*	    19,8376	 1	 28,59	 82,99	  -0,1	   3,1	   6,5	   4,9	  -5,3	 -12,2
*	    19,5464	 1	 28,78	 86,85	   0,2	   3,3	   5,9	   4,7	  -5,6	 -11,4
*	    18,8620	 1	 39,95	 78,13	   0,5	   4,8	   8,3	   7,0	  -4,1	 -13,3
*	    18,2806	 1	 40,13	 82,15	   0,4	   5,4	   7,9	   6,8	  -4,4	 -12,6
*	    17,9741	 1	 40,30	 86,23	   0,9	   5,6	   7,1	   6,6	  -4,6	 -12,2
*	    18,6233	 1	 34,80	 83,00	   3,5	  12,4	   9,9	   5,3	  -2,2	 -15,0
*	    18,3504	 1	 45,87	 82,40	   4,2	  11,6	   9,8	   4,9	  -2,0	 -13,6
*	    20,0979	 1	 57,49	 82,08	   2,4	   9,0	   9,3	   3,1	  -1,8	 -13,0
*	    23,3111	 1	 68,22	 82,09	  -0,7	   6,9	   7,5	   2,4	  -2,5	 -14,0
*	    27,4473	 1	 77,76	 91,28	  -4,0	   4,7	   4,8	   1,2	  -4,4	 -15,8
*	    27,5182	 1	 77,66	 82,28	  -4,0	   4,6	   4,8	   1,2	  -4,2	 -15,6
*	    32,4526	 1	 85,71	 82,59	  -7,4	   2,1	   1,8	  -0,9	  -6,5	 -17,7
s	    19,0681	 2	 41,11	 71,71	  27,3	  29,5	  29,0	  22,8	   8,7	  -2,0
s	    20,5466	 2	 24,96	 89,20	  27,6	  28,5	  29,1	  20,6	  11,8	  -0,9
*	    20,8910	 1	 94,37	 90,24	  -7,6	  -6,3	  -2,8	 -10,1	 -15,3	 -25,6
s	    21,6083	 3	 24,16	 73,82	  26,6	  26,9	  26,9	  17,1	   5,3	 -10,1
s	    22,0817	 2	237,39	 93,20	  27,1	  29,4	  28,5	  24,8	  13,2	   5,2
s	    23,0946	 3	237,84	 78,51	  25,6	  27,9	  26,9	  21,4	   6,9	  -3,6
s	    24,4014	 3	252,42	 93,52	  26,3	  27,2	  27,0	  19,7	  10,0	  -2,7
s	    25,6967	 1	125,13	 87,86	  26,6	  32,1	  34,8	  28,3	  23,4	  10,7
*	    35,5791	 1	 89,63	 81,41	  -2,4	   3,5	   7,9	   8,9	  -0,3	  -6,7
*	    27,6943	 1	110,47	100,94	   2,6	   9,8	  14,3	  15,7	   6,4	   1,6
*	    30,8476	 1	 97,23	 82,31	 -10,0	   1,2	   0,2	  -1,7	  -7,3	 -17,6
*	    32,4927	 1	 94,04	 82,54	 -11,0	  -0,3	  -1,2	  -3,3	  -8,9	 -19,5
*	    28,2156	 1	104,65	 81,89	  -8,2	   2,9	   2,5	   0,6	  -5,0	 -14,6
*	    29,4419	 1	100,69	 82,10	  -9,1	   2,1	   1,4	  -0,5	  -6,1	 -16,1
*	    26,5629	 1	113,37	 81,56	  -7,0	   4,1	   4,3	   1,8	  -2,5	 -12,2
*	    27,3173	 1	108,58	 81,71	  -7,6	   3,6	   3,4	   1,5	  -4,0	 -13,4
*	    25,8835	 1	124,08	 81,41	  -6,4	   4,7	   5,5	   1,8	  -0,1	 -10,3
*	    26,0907	 1	118,45	 81,44	  -6,6	   4,5	   5,0	   1,9	  -1,2	 -11,2
*	    26,3242	 1	136,05	 81,78	  -6,6	   4,6	   5,4	   1,1	   1,0	 -10,9
*	    25,9525	 1	129,86	 81,63	  -6,4	   4,8	   5,6	   1,5	   0,6	 -10,4
*	    27,9437	 1	148,60	 82,35	  -7,5	   3,6	   4,5	  -0,4	   1,0	 -12,3
*	    26,9941	 1	142,37	 82,02	  -7,0	   4,2	   5,0	   0,4	   1,2	 -11,5
s	    26,6102	 2	125,56	 74,60	  25,6	  30,4	  31,4	  24,0	  16,0	   2,0
s	    27,0157	 2	161,56	 89,44	  26,0	  31,2	  33,7	  27,5	  23,6	   9,5
s	    27,8977	 3	162,25	 76,65	  25,0	  29,6	  30,4	  23,3	  16,2	   1,0
s	    34,2390	 2	101,46	 87,25	  24,8	  27,0	  30,1	  25,7	  16,7	   8,9
s	    34,4761	 2	128,15	 87,87	  24,8	  30,1	  33,4	  30,2	  23,8	  17,2
s	    34,9801	 3	101,58	 76,48	  23,8	  25,4	  27,0	  21,9	   9,7	   0,5
s	    35,2134	 3	128,52	 77,16	  23,7	  28,4	  30,2	  25,9	  16,5	   8,7
s	    35,5427	 3	157,45	 89,14	  24,3	  29,4	  32,7	  29,6	  24,1	  16,8
s	    36,9883	 3	182,91	 90,52	  24,0	  25,4	  28,6	  24,0	  15,0	   7,2
s	    40,6858	 2	 45,57	 88,05	  25,6	  31,1	  32,7	  23,9	  19,3	   8,2
s	    41,3343	 3	 45,19	 78,63	  24,3	  29,3	  28,8	  19,8	  12,0	  -0,1
s	    41,5902	 3	107,73	 87,29	  23,2	  26,2	  28,8	  25,7	  16,2	   8,5
s	    42,4786	 2	330,47	 91,89	  23,0	  28,5	  30,7	  24,9	  18,7	   6,3
s	    43,1054	 3	330,03	 82,78	  21,9	  26,9	  27,6	  20,8	  11,5	  -2,2
s	    44,8833	 3	234,39	 92,89	  24,6	  29,9	  31,2	  23,2	  18,2	   7,1
s	    48,6329	 3	348,44	 90,92	  22,1	  25,4	  27,6	  25,7	  15,8	   8,1
s	    48,9748	 3	 37,37	 88,35	  23,5	  28,5	  31,0	  22,1	  18,0	   6,6
s	    51,2332	 3	 84,53	 87,10	  23,1	  28,4	  30,0	  23,2	  19,3	   4,8
s	    51,3854	 3	328,98	 91,91	  21,7	  26,8	  29,7	  27,5	  19,9	  13,4
s	    59,1085	 3	 46,79	 87,92	  19,9	  22,8	  21,4	  17,8	   6,1	  -2,6
s	    72,7539	 3	133,76	 87,90	  18,7	  24,0	  25,8	  21,1	  13,6	   1,2
#END
