#HEADER
CATT-Acoustic v8.0b    Copyright © CATT 1988-2003

 Project                : Restaurante

 GEOMETRICAL INFORMATION
 Src id and loc     [m] :   F1           6,830        1,550        1,400
 Rec id and loc     [m] :   01           8,450        6,740        1,500

 01       15,8389

 VARIABLE SOURCE DATA
 Directivity
   Type (library)       :  Voz.SD0
   Dir. Index (DI) [dB] :       1,1      2,0      3,0      0,7      2,3      5,1
 Level
   On axis 1m      [dB] :      51,2     57,2     59,8     53,5     48,8     43,8
   Total power     [dB] :      61,1     66,2     67,8     63,8     57,5     49,7
 Aim
   Horizontal angle [°] :      -0,0
   Vertical   angle [°] :       0,0
   Point            [m] :                6,110        1,550        1,400
   Roll angle       [°] :       0,0
   Auxiliary delay [ms] :       0,0

 VARIABLE AIR DATA
 Temperature       [°C] :      20
 Relative humidity  [%] :      70
 Density        [kg/m³] :       1,2
 Sound speed      [m/s] :     343
 Impedance      [Ns/m³] :     412
 Diss. coeff. [0.001/m] :      0,08     0,26     0,64     1,15     2,08     5,31      (estimated)

#DATAFIELDS
 TYPE DELAY ORDER AZIMUTH ELEVATION SPL125 SPL250 SPL500 SPL1K SPL2K SPL4K
#DATA
d	     0,0000	 0	125,23	 89,98	  34,5	  40,2	  41,9	  39,5	  30,7	  23,5
*	     1,2902	 1	111,23	 99,73	  -8,4	  -6,4	  -0,9	  -8,4	 -12,2	 -22,5
*	     1,7293	 1	108,24	107,91	  -1,0	   0,3	   3,6	  -3,9	 -10,4	 -20,4
s	     1,9740	 1	125,64	 61,68	  32,4	  37,1	  36,5	  29,9	  18,7	   4,3
*	    12,1589	 1	158,00	 76,68	   3,6	   6,8	   9,7	   6,6	  -7,0	 -17,7
*	     7,5352	 1	165,72	 71,07	   7,5	  10,0	  13,6	   9,8	  -2,5	 -11,9
*	     6,3026	 1	186,07	 59,55	   9,8	  13,4	  17,4	  14,7	   3,1	  -5,0
*	     9,2902	 1	245,65	 50,83	   9,2	  14,2	  17,5	  16,6	   4,7	  -3,0
*	     6,9615	 1	138,07	 75,89	  13,2	  16,7	  20,2	  18,7	   5,2	  -4,1
*	     2,6321	 1	135,61	 69,18	  14,8	  19,4	  22,8	  21,4	   9,1	   1,4
*	     2,1434	 1	127,39	 51,19	  15,1	  21,5	  24,1	  23,8	  12,0	   4,9
*	     5,4519	 1	 13,46	 23,20	  15,2	  22,0	  24,7	  24,6	  12,8	   6,2
*	     7,9654	 1	119,14	 76,66	  14,9	  20,1	  21,0	  19,8	  12,3	   4,3
*	     4,3250	 1	108,68	 71,93	  14,3	  20,3	  22,8	  20,9	  13,5	   5,5
*	     5,1314	 1	 86,40	 64,53	  10,3	  17,0	  20,8	  19,0	  10,5	   3,8
*	     9,3645	 1	 44,16	 60,92	   6,7	  13,5	  17,4	  16,2	   6,6	   0,3
*	    15,3661	 1	104,33	 78,24	   4,2	  10,4	  13,0	  11,5	   2,2	  -3,6
*	    12,0390	 1	 91,88	 75,68	   5,4	  11,9	  14,8	  12,9	   5,1	  -2,4
*	    12,6868	 1	 72,80	 73,11	   2,6	   9,3	  13,3	  10,6	   4,9	  -4,6
*	    16,6460	 1	 47,92	 72,45	  -1,2	   5,7	   9,8	   7,2	   1,5	  -7,5
*	     2,0483	 1	104,44	 99,39	   0,0	   2,1	   8,2	  -0,2	  -1,9	 -12,5
*	     2,4236	 1	 97,83	100,83	  -1,0	   1,1	   7,1	  -0,9	  -3,0	 -13,5
s	     2,1092	 1	124,85	117,00	  28,7	  29,7	  34,0	  29,0	  17,0	   9,5
*	     2,1487	 1	 93,04	 96,75	  -7,9	  -6,6	  -2,2	 -10,3	 -13,9	 -24,1
*	     3,5406	 1	120,21	 95,46	  10,2	  12,2	  16,9	   9,9	   5,8	  -5,0
*	     2,2386	 1	117,79	 96,10	   9,8	  11,8	  16,8	   8,6	   5,2	  -5,8
*	     2,4342	 1	118,61	100,57	   5,0	   6,8	   8,2	  -0,6	  -9,0	 -19,4
*	     2,6451	 1	118,77	101,12	  -1,8	   0,1	   1,2	  -7,6	 -16,4	 -26,9
*	     2,7085	 1	 97,13	108,76	  -2,4	  -1,1	   2,8	  -5,3	 -10,0	 -20,3
*	     3,1373	 1	 78,94	 99,40	  -8,2	  -6,9	  -2,6	 -10,6	 -14,4	 -24,5
s	     3,3178	 3	124,74	123,16	  23,1	  23,2	  25,3	  19,7	   5,9	  -1,3
*	     4,0598	 1	125,60	 99,08	   5,8	   7,2	   5,2	  -3,0	 -14,7	 -25,4
s	     4,4042	 3	127,35	113,62	  21,3	  21,0	  24,4	  18,2	   7,7	   0,1
s	     4,5966	 1	184,84	 90,93	  31,8	  33,8	  37,3	  31,6	  23,1	  15,6
*	    15,4403	 1	155,73	 80,27	  -7,1	  -4,4	   0,4	  -2,1	 -11,4	 -19,1
*	    14,9062	 1	155,65	 84,03	  -6,8	  -4,3	   0,1	  -2,6	 -11,5	 -18,1
*	    14,6260	 1	155,56	 87,85	  -6,7	  -4,1	  -0,1	  -2,7	 -11,7	 -17,4
*	    13,6591	 1	156,66	 79,65	  -5,8	  -2,7	   1,6	  -0,4	 -10,4	 -18,7
*	    13,0957	 1	156,57	 83,68	  -5,5	  -2,3	   1,1	  -0,5	 -10,7	 -17,6
*	    12,7996	 1	156,48	 87,77	  -5,2	  -2,1	   0,6	  -0,7	 -11,0	 -16,8
*	     9,3789	 1	160,44	 77,25	  -2,7	   1,6	   5,1	   3,8	  -7,3	 -16,5
*	     8,7508	 1	160,33	 82,27	  -2,7	   2,3	   4,7	   3,6	  -7,6	 -15,7
*	     8,4214	 1	160,22	 87,40	  -2,2	   2,5	   4,0	   3,5	  -7,7	 -15,2
*	    10,4301	 1	158,41	 83,54	  -0,8	   8,1	   5,6	   1,0	  -6,5	 -19,3
*	     7,2807	 1	162,80	 82,11	   2,5	   9,9	   8,1	   3,2	  -3,6	 -15,3
*	     5,4994	 1	170,52	 79,78	   4,6	  11,3	  11,6	   5,4	   0,5	 -10,6
*	     4,9471	 1	185,33	 75,93	   6,8	  14,4	  15,0	   9,9	   5,0	  -6,4
*	     5,8614	 1	216,33	 71,08	   8,5	  17,2	  17,3	  13,8	   8,4	  -2,9
*	     9,2307	 1	259,01	 72,80	   5,5	  15,0	  14,7	  12,0	   6,4	  -4,7
s	     6,1620	 2	185,38	 68,36	  30,3	  32,2	  33,0	  24,5	  12,9	  -2,5
*	     6,4808	 1	110,37	 89,70	  11,2	  12,5	  16,5	   5,0	   4,0	  -4,9
*	     6,7491	 1	121,16	 89,73	  12,8	  14,1	  19,1	   8,8	   9,9	  -3,8
*	     7,9448	 1	 37,49	115,51	  -6,3	  -5,0	  -0,9	  -8,7	 -13,3	 -23,4
s	     8,2515	 1	333,89	 91,27	  30,0	  35,5	  36,5	  32,0	  23,2	  10,8
*	    12,3777	 1	275,81	 71,17	   9,0	  14,9	  19,3	  20,3	  11,1	   4,8
*	    10,5663	 1	350,21	132,75	  10,3	  17,6	  21,5	  23,2	  13,2	   8,2
*	    10,5327	 1	 14,69	 98,24	   9,7	  16,9	  21,8	  23,2	  14,5	   9,9
*	    12,1214	 1	 15,30	121,93	   7,4	  14,7	  19,2	  20,6	  11,3	   6,5
*	     8,8050	 1	319,59	 69,61	   4,4	  15,5	  14,5	  12,6	   7,0	  -3,2
*	     9,6413	 1	298,66	 71,55	   3,1	  13,7	  12,9	  10,8	   5,2	  -5,4
*	     9,2151	 1	358,32	 72,59	   2,2	  13,4	  13,0	  11,1	   5,5	  -4,1
*	     8,6860	 1	340,75	 70,19	   4,0	  15,1	  14,4	  12,5	   7,0	  -3,0
*	    11,4596	 1	 18,22	 77,28	  -2,2	   9,0	   9,1	   6,6	   2,3	  -7,3
*	    10,1176	 1	  9,56	 75,00	   0,2	  11,3	  11,2	   9,3	   3,8	  -5,6
*	    14,8455	 1	 28,46	 80,37	  -6,6	   4,5	   5,3	   1,6	  -0,2	 -10,5
*	    13,0242	 1	 24,09	 78,99	  -4,4	   6,7	   7,2	   4,1	   1,0	  -8,9
*	    18,9324	 1	 34,17	 82,47	 -10,6	   0,6	   1,5	  -2,9	  -3,0	 -14,8
*	    16,7781	 1	 31,64	 81,64	  -8,6	   2,5	   3,4	  -0,7	  -1,6	 -12,6
*	    23,6466	 1	 37,79	 83,69	 -14,2	  -3,0	  -2,2	  -7,0	  -5,7	 -19,0
*	    21,2372	 1	 36,17	 83,14	 -12,4	  -1,3	  -0,4	  -5,1	  -4,3	 -17,0
s	     8,7658	 1	131,52	 89,69	  30,2	  35,8	  37,8	  35,5	  26,2	  19,9
*	    26,5521	 1	 98,62	 84,91	  -9,2	  -2,0	   2,5	   0,1	  -4,4	  -9,3
*	    24,2559	 1	100,86	 84,79	  -7,6	  -0,5	   4,0	   1,9	  -2,6	  -7,8
*	    22,0220	 1	103,25	 84,65	  -6,0	   1,2	   5,7	   3,9	  -0,7	  -6,1
*	    19,8621	 1	105,83	 84,53	  -4,2	   2,9	   7,4	   6,0	   1,4	  -4,4
*	    18,3366	 1	108,62	 80,99	  -2,9	   4,0	   8,3	   7,8	   2,8	  -3,5
*	    17,7917	 1	108,59	 84,40	  -2,4	   4,7	   9,2	   8,3	   3,6	  -2,7
*	    17,5255	 1	108,57	 87,82	  -2,1	   5,1	   9,8	   8,3	   4,1	  -2,2
*	    12,1326	 1	145,54	 79,94	   1,1	   4,4	   9,8	   8,5	  -1,1	  -9,2
*	    11,4422	 1	145,46	 84,00	   1,7	   4,7	  10,1	   7,9	  -0,8	  -8,0
*	    11,0985	 1	145,38	 88,13	   1,9	   4,8	  10,1	   7,4	  -0,8	  -7,1
*	    19,0388	 1	106,51	 89,11	   0,7	   2,5	   8,8	  -0,9	  -0,8	 -11,8
*	    19,2238	 1	106,53	 85,31	   0,5	   2,2	   8,4	  -0,9	  -1,2	 -12,1
*	    22,1202	 1	103,51	 96,35	  -2,1	  -0,4	   5,9	  -3,2	  -3,0	 -14,1
*	    21,6555	 1	103,53	 92,73	  -1,5	   0,2	   6,6	  -3,2	  -3,2	 -13,9
*	    21,5034	 1	103,55	 89,07	  -1,3	   0,5	   6,8	  -3,3	  -3,3	 -13,8
*	    21,6695	 1	103,57	 85,42	  -1,6	   0,2	   6,4	  -3,3	  -3,5	 -14,1
*	    24,6266	 1	100,78	 96,04	  -3,9	  -2,3	   4,1	  -5,3	  -5,2	 -15,9
*	    24,2007	 1	100,79	 92,56	  -3,4	  -1,7	   4,7	  -5,4	  -5,4	 -15,8
*	    24,0611	 1	100,81	 89,05	  -3,2	  -1,4	   4,9	  -5,6	  -5,5	 -15,7
*	    24,2118	 1	100,82	 85,54	  -3,5	  -1,7	   4,5	  -5,5	  -5,7	 -15,9
*	    26,6954	 1	 98,30	 89,03	  -5,0	  -3,2	   3,1	  -7,6	  -7,6	 -17,5
*	    26,8333	 1	 98,31	 85,66	  -5,3	  -3,5	   2,7	  -7,6	  -7,8	 -17,7
*	    24,2502	 1	101,37	 81,41	  -6,0	   4,9	   4,4	  -0,4	  -1,9	 -11,9
*	    14,8249	 1	113,15	 84,52	   3,3	  14,3	  14,4	   9,9	   9,4	  -2,6
*	    10,9889	 1	121,46	 84,30	   7,6	  18,5	  18,7	  14,2	  15,1	   2,2
*	     9,0348	 1	130,57	 93,63	  10,1	  21,2	  20,1	  18,3	  11,1	   1,4
*	     9,2503	 1	130,72	 84,24	   9,7	  20,7	  20,0	  17,6	  12,4	   2,4
*	    10,2086	 1	140,53	 84,31	   6,8	  14,7	  15,2	  10,7	   5,3	  -6,4
*	    12,9687	 1	150,56	 84,56	   2,1	   8,6	   8,8	   2,4	  -2,6	 -14,0
s	     9,5929	 2	333,48	 71,88	  28,8	  33,5	  33,0	  27,3	  15,6	   1,8
s	     9,8398	 3	124,30	140,84	  23,4	  23,6	  24,2	  18,2	   0,1	  -8,4
s	    10,0806	 2	131,82	 70,68	  28,9	  33,8	  34,3	  30,8	  18,7	  10,9
*	    10,5229	 1	 85,29	 92,69	  -4,0	  -2,7	   1,8	  -8,4	  -8,1	 -21,0
*	    10,5753	 1	 96,93	 95,25	  -2,5	  -0,6	   5,0	  -5,2	  -4,6	 -15,3
s	    10,6175	 3	336,99	130,21	  24,2	  27,7	  25,8	  17,7	   6,6	  -7,7
s	    11,4940	 2	292,39	 91,83	  29,0	  32,3	  34,9	  32,2	  22,6	  15,0
s	    11,9484	 2	172,22	 90,42	  28,9	  32,5	  35,1	  31,9	  22,6	  15,0
s	    12,6833	 3	292,23	 74,61	  27,5	  30,5	  30,6	  24,1	  12,1	  -2,7
s	    12,7680	 3	292,54	108,39	  23,1	  21,7	  28,6	  23,5	  13,8	   3,8
s	    13,1190	 3	172,62	 73,47	  27,7	  30,9	  32,0	  27,7	  15,3	   6,6
s	    13,2024	 3	171,84	106,73	  25,1	  29,3	  32,3	  31,1	  19,0	  11,3
s	    13,2526	 3	333,08	 56,49	  23,4	  23,6	  25,9	  20,3	   4,8	  -4,1
s	    13,6799	 3	132,11	 55,47	  25,4	  31,2	  29,7	  28,0	  10,1	   3,4
s	    14,5765	 3	332,21	106,74	  23,4	  27,9	  28,0	  25,0	  13,7	   7,6
s	    15,6559	 1	 81,26	 89,23	  29,8	  35,3	  37,0	  29,3	  25,5	  12,0
*	    19,6628	 1	 52,79	 79,63	   0,4	   7,6	  13,1	  11,9	   9,2	   0,7
*	    19,2248	 1	 52,92	 88,42	   0,6	   7,9	  13,6	  12,3	   9,6	   1,0
*	    17,9722	 1	 61,61	 79,64	   1,9	   9,1	  14,6	  13,5	  10,3	   1,9
*	    17,5120	 1	 61,71	 88,31	   2,2	   9,5	  15,2	  13,9	  10,8	   2,3
*	    16,8210	 1	 70,02	 79,87	   3,3	  10,4	  15,8	  14,6	  11,1	   3,0
*	    16,3400	 1	 70,09	 88,26	   3,6	  10,8	  16,3	  15,0	  11,5	   3,5
*	    16,2388	 1	 77,73	 80,27	   4,4	  11,5	  16,4	  15,3	  11,1	   4,1
*	    15,7382	 1	 77,77	 88,23	   4,8	  12,1	  17,0	  15,7	  11,7	   4,7
*	    16,2614	 1	 84,57	 80,77	   5,2	  12,3	  16,7	  15,6	  10,7	   5,0
*	    15,7446	 1	 84,59	 88,24	   5,8	  13,0	  17,7	  15,6	  11,4	   5,7
*	    16,9328	 1	 90,53	 81,31	   5,2	  12,3	  16,4	  14,8	   9,7	   5,4
*	    16,4073	 1	 90,53	 88,26	   6,0	  13,3	  18,0	  14,9	  10,5	   6,1
*	    18,2869	 1	 95,66	 81,86	   4,0	  11,3	  15,1	  13,7	   8,5	   4,9
*	    17,7657	 1	 95,64	 88,30	   4,5	  11,8	  16,4	  14,2	   9,0	   5,4
s	    16,6934	 2	 81,21	 74,18	  28,6	  33,3	  33,3	  25,3	  18,0	   3,2
s	    16,7676	 2	 81,31	103,71	  29,2	  34,7	  36,5	  29,3	  25,6	  11,7
s	    17,1529	 2	330,82	 91,15	  27,4	  32,7	  34,7	  33,1	  23,5	  17,2
s	    17,7484	 3	 80,34	103,27	  21,1	  22,3	  21,9	  16,3	   5,6	  -2,7
s	    18,1447	 3	330,52	 76,76	  26,2	  30,9	  31,4	  28,6	  16,2	   8,6
s	    19,5899	 3	299,75	 91,62	  26,5	  30,8	  32,8	  30,6	  21,0	  13,8
s	    19,6278	 3	 81,15	 61,32	  23,2	  23,5	  28,7	  20,9	  14,9	   3,9
s	    19,8994	 3	 81,37	116,91	  27,8	  32,2	  31,8	  24,4	  16,9	   1,8
s	    20,5121	 2	 12,05	 90,18	  27,5	  32,7	  34,9	  28,1	  24,7	   9,5
s	    20,8550	 2	 93,73	 89,14	  27,7	  33,1	  36,3	  31,7	  27,8	  18,6
s	    21,4146	 3	 11,75	 77,08	  26,4	  31,2	  31,9	  23,7	  17,3	   1,0
s	    21,7492	 3	 93,75	 76,15	  26,6	  31,3	  32,9	  27,5	  20,5	  10,1
s	    23,8143	 2	210,15	 91,08	  27,9	  33,5	  35,0	  26,6	  22,7	  10,0
s	    24,6433	 3	210,39	 79,04	  26,7	  31,5	  31,4	  22,7	  15,3	   1,4
s	    26,9338	 3	  2,82	 90,33	  25,5	  30,6	  34,0	  30,0	  26,4	  16,6
*	    27,5750	 1	 97,52	 88,03	  -2,1	   5,2	   9,8	   6,8	   2,6	  -2,3
*	    27,8446	 1	 97,54	 84,17	  -2,5	   4,7	   9,1	   6,8	   2,3	  -2,6
s	    27,7713	 3	265,37	 91,70	  26,1	  31,4	  33,0	  26,2	  22,2	   8,0
s	    32,6721	 2	 70,73	 89,10	  24,0	  25,2	  25,3	  21,0	  10,1	   3,3
s	    33,3520	 3	 70,66	 79,21	  22,9	  23,6	  22,9	  17,2	   3,5	  -5,4
s	    36,1980	 3	 80,22	 89,02	  23,2	  23,4	  25,3	  19,7	  10,3	   3,5
s	    41,3210	 3	217,23	 91,09	  22,3	  23,7	  23,2	  19,5	   7,9	   1,1
s	    47,2237	 2	138,29	 89,39	  21,4	  26,9	  28,2	  23,7	  14,8	   2,7
s	    47,7482	 3	138,42	 81,75	  20,4	  25,3	  25,1	  19,6	   7,7	  -5,7
s	    48,5321	 3	154,91	 89,70	  20,9	  26,0	  26,4	  23,2	  13,7	   0,9
s	    52,8483	 3	118,86	 89,09	  20,4	  25,7	  28,0	  21,6	  18,1	   3,5
s	    54,8023	 3	 64,93	 89,04	  23,0	  28,3	  29,6	  21,0	  16,5	   4,8
s	    55,7076	 3	326,37	 90,96	  20,0	  25,3	  26,4	  22,6	  13,4	   1,2
s	    56,2308	 3	138,83	 89,36	  20,3	  25,7	  27,8	  26,2	  16,5	  10,4
#END
