#HEADER
CATT-Acoustic v8.0b    Copyright © CATT 1988-2003

 Project                : Restaurante

 GEOMETRICAL INFORMATION
 Src id and loc     [m] :   F2           5,470        1,550        1,400
 Rec id and loc     [m] :   01           8,450        6,740        1,500

 01       17,4340

 VARIABLE SOURCE DATA
 Directivity
   Type (library)       :  Voz.SD0
   Dir. Index (DI) [dB] :       1,1      2,0      3,0      0,7      2,3      5,1
 Level
   On axis 1m      [dB] :      51,2     57,2     59,8     53,5     48,8     43,8
   Total power     [dB] :      61,1     66,2     67,8     63,8     57,5     49,7
 Aim
   Horizontal angle [°] :      -0,0
   Vertical   angle [°] :       0,0
   Point            [m] :                6,110        1,550        1,400
   Roll angle       [°] :       0,0
   Auxiliary delay [ms] :       0,0

 VARIABLE AIR DATA
 Temperature       [°C] :      20
 Relative humidity  [%] :      70
 Density        [kg/m³] :       1,2
 Sound speed      [m/s] :     343
 Impedance      [Ns/m³] :     412
 Diss. coeff. [0.001/m] :      0,08     0,26     0,64     1,15     2,08     5,31      (estimated)

#DATAFIELDS
 TYPE DELAY ORDER AZIMUTH ELEVATION SPL125 SPL250 SPL500 SPL1K SPL2K SPL4K
#DATA
d	     0,0000	 0	112,71	 89,74	  33,7	  39,7	  43,2	  37,9	  36,2	  26,1
*	     0,9459	 1	110,37	 89,70	  24,9	  22,2	  23,2	  13,9	   6,7	  -4,0
*	     2,4031	 1	120,21	 95,46	   8,0	  10,0	  15,2	   7,3	   6,3	  -5,1
*	     1,0645	 1	117,79	 96,10	   8,1	  10,1	  15,4	   7,5	   5,8	  -5,9
*	     1,3974	 1	 97,77	 98,33	  -1,0	   1,0	   6,5	  -0,8	  -4,7	 -14,8
*	     1,4279	 1	104,02	102,48	  -1,2	   0,2	   3,6	  -4,9	 -10,3	 -20,9
s	     1,8111	 1	112,96	 63,71	  32,1	  36,9	  37,4	  28,9	  23,1	   7,2
*	    14,2326	 1	158,00	 76,68	   1,5	   8,2	  10,7	   8,1	  -0,1	  -5,3
*	     9,4167	 1	165,72	 71,07	   5,9	  12,5	  15,4	  12,8	   4,7	  -1,5
*	     7,5159	 1	186,07	 59,55	   8,8	  15,6	  19,3	  16,7	  10,2	   1,4
*	     9,8986	 1	245,65	 50,83	   8,4	  15,2	  19,4	  16,6	  11,0	   1,4
*	     8,3366	 1	138,07	 75,89	   8,8	  14,8	  17,3	  16,1	   6,8	   0,6
*	     3,6071	 1	135,61	 69,18	  11,9	  18,4	  21,3	  19,4	  12,0	   4,0
*	     2,2455	 1	127,39	 51,19	  13,7	  20,4	  24,3	  21,7	  16,2	   6,8
*	     5,0533	 1	 13,46	 23,20	  14,4	  21,2	  25,4	  23,0	  16,7	   8,3
*	     5,9047	 1	119,14	 76,66	  16,1	  21,3	  22,2	  20,4	  11,8	   4,2
*	     2,3693	 1	108,68	 71,93	  14,8	  21,0	  23,5	  21,5	  12,9	   5,8
*	     3,3316	 1	 86,40	 64,53	  10,4	  17,2	  20,7	  19,5	   9,7	   3,3
*	     7,6322	 1	 44,16	 60,92	   6,7	  13,6	  17,2	  16,5	   6,0	  -0,1
*	    10,5527	 1	104,33	 78,24	   8,5	  11,5	  15,0	  13,7	  -0,6	 -12,0
*	     7,5825	 1	 91,88	 75,68	   8,3	  12,1	  15,8	  13,9	   1,3	  -7,3
*	     9,1079	 1	 72,80	 73,11	   4,0	   9,8	  12,7	  12,1	   0,2	  -7,2
*	    13,6234	 1	 47,92	 72,45	  -0,2	   6,6	   9,0	   8,9	  -2,9	  -9,8
*	     2,2579	 1	 91,01	 90,06	  -0,6	   0,7	   4,4	  -2,9	  -8,1	 -18,2
*	     2,3038	 1	 96,00	102,78	  -3,2	  -1,9	   1,1	  -6,4	 -13,4	 -23,5
*	     3,3472	 1	 88,09	114,64	  18,6	  25,9	  26,9	  24,5	  15,1	   8,7
*	     7,3552	 1	180,82	123,09	  17,0	  24,3	  26,2	  22,1	  18,1	   9,3
*	     4,3414	 1	160,96	 91,55	   5,2	   6,5	  10,7	   0,4	   0,3	 -11,7
*	     4,8687	 1	160,64	106,01	   4,4	   5,7	   9,9	  -0,2	  -0,3	 -12,4
*	     4,8313	 1	121,16	 89,73	  13,6	  14,9	  19,9	   9,6	  11,2	  -2,5
s	     5,8516	 1	192,07	 90,99	  32,0	  37,6	  41,0	  35,7	  32,2	  23,2
*	    17,3618	 1	155,73	 80,27	  -7,2	  -0,1	   4,2	   2,8	  -2,2	  -7,3
*	    16,9183	 1	155,65	 84,03	  -6,7	   0,5	   5,0	   2,8	  -1,7	  -6,8
*	    16,6893	 1	155,56	 87,85	  -6,4	   0,9	   5,5	   2,9	  -1,4	  -6,5
*	    15,7033	 1	156,66	 79,65	  -6,0	   1,1	   5,2	   3,7	  -1,4	  -5,9
*	    15,2409	 1	156,57	 83,68	  -5,4	   1,8	   6,2	   3,7	  -0,9	  -5,3
*	    15,0022	 1	156,48	 87,77	  -5,0	   2,3	   6,9	   3,8	  -0,5	  -5,0
*	    14,9927	 1	156,40	 91,87	  -5,0	   2,3	   7,0	   3,9	  -0,5	  -4,9
*	    11,5446	 1	160,44	 77,25	  -3,2	   4,1	   7,8	   6,5	   1,3	  -2,3
*	    11,0288	 1	160,33	 82,27	  -2,7	   4,6	   8,7	   6,9	   1,8	  -1,8
*	    10,7634	 1	160,22	 87,40	  -2,3	   4,9	   9,5	   7,2	   2,1	  -1,6
*	     8,4552	 1	167,05	107,75	   5,4	   7,2	  13,5	   4,3	   4,4	  -6,5
*	    12,7172	 1	158,41	 83,54	  -0,7	  10,4	   9,8	   4,4	   2,9	  -5,5
*	     9,4702	 1	162,80	 82,11	   2,6	  13,8	  13,3	   7,2	   6,2	  -2,7
*	     7,2777	 1	170,52	 79,78	   5,0	  16,0	  15,9	  10,8	  10,0	  -0,7
*	     6,1632	 1	184,68	103,60	   7,3	  18,5	  18,9	  14,1	  14,0	   1,7
*	     6,2492	 1	185,33	 75,93	   7,3	  18,4	  18,8	  14,0	  13,9	   1,6
*	     6,7431	 1	216,33	 71,08	   9,2	  20,3	  21,2	  16,4	  16,8	   3,6
*	     9,7688	 1	259,01	 72,80	   6,2	  17,4	  18,2	  13,4	  14,3	   1,1
s	     6,1283	 2	191,89	 99,09	  29,1	  35,8	  38,4	  33,9	  30,5	  21,7
*	     6,2364	 1	 85,29	 92,69	  -4,5	  -5,6	  -1,5	 -10,3	 -15,7	 -27,6
*	     6,8270	 1	 80,39	 93,47	  -5,8	  -6,3	  -2,4	 -10,6	 -16,2	 -27,9
*	     7,0500	 1	 52,89	 90,71	  -6,2	  -4,9	  -1,1	  -8,3	 -13,6	 -23,5
s	     7,2368	 2	192,54	 70,98	  30,3	  35,3	  35,9	  27,3	  21,2	   5,0
s	     7,7339	 1	342,77	 91,05	  29,6	  35,1	  37,9	  31,0	  27,2	  13,5
*	    12,7487	 1	275,81	 71,17	   8,2	  15,4	  21,0	  19,8	  17,3	   8,7
*	    11,7290	 1	 26,75	 95,50	   5,3	  12,5	  17,2	  18,9	   9,7	   5,1
*	    13,0113	 1	 27,15	113,53	   3,9	  11,2	  15,5	  17,2	   7,4	   2,7
*	     8,5266	 1	319,59	 69,61	   3,5	  14,7	  15,6	  11,1	  11,4	  -0,8
*	     9,6357	 1	298,66	 71,55	   2,1	  13,2	  14,1	   9,4	  10,5	  -2,5
*	     8,3352	 1	358,32	 72,59	   1,8	  12,9	  13,8	   9,9	   8,5	  -2,0
*	     8,1205	 1	340,75	 70,19	   3,3	  14,5	  15,4	  11,1	  10,6	  -0,7
*	     9,9480	 1	 18,22	 77,28	  -2,3	   8,9	   9,3	   6,4	   2,7	  -7,0
*	     8,9423	 1	  9,56	 75,00	  -0,1	  11,1	  11,7	   8,3	   5,9	  -4,2
*	    12,6722	 1	 28,46	 80,37	  -6,3	   4,9	   4,6	   2,7	  -2,8	 -12,3
*	    11,1839	 1	 24,09	 78,99	  -4,3	   6,9	   6,9	   4,7	  -0,2	  -9,7
*	    16,1424	 1	 34,17	 82,47	  -9,8	   1,3	   0,4	  -1,5	  -7,0	 -17,2
*	    14,2923	 1	 31,64	 81,64	  -8,0	   3,1	   2,5	   0,6	  -4,9	 -14,8
*	    20,3135	 1	 37,79	 83,69	 -13,2	  -2,9	  -3,5	  -5,8	 -11,4	 -22,2
*	    18,1629	 1	 36,17	 83,14	 -11,5	  -0,6	  -1,6	  -3,6	  -9,2	 -19,7
s	     8,2266	 1	122,80	 89,54	  29,8	  35,4	  39,2	  34,5	  30,2	  22,7
*	    21,2937	 1	 98,62	 84,91	  -8,2	  -5,4	  -1,5	  -3,8	 -13,2	 -19,6
*	    19,0712	 1	100,86	 84,79	  -6,1	  -3,6	   1,0	  -1,9	 -10,7	 -17,3
*	    16,9402	 1	103,25	 84,65	  -3,9	  -1,3	   3,6	   0,9	  -7,8	 -14,5
*	    14,9281	 1	105,83	 84,53	  -1,6	   1,3	   6,6	   4,4	  -4,4	 -11,5
*	    13,7915	 1	108,62	 80,99	  -0,0	   4,0	   9,0	   8,5	  -1,1	  -8,6
*	    13,0763	 1	108,59	 84,40	   0,7	   4,3	   9,7	   8,3	  -0,7	  -7,9
*	    12,7137	 1	108,57	 87,82	   1,1	   4,3	  10,0	   7,8	  -0,5	  -7,2
*	    13,6851	 1	145,54	 79,94	  -1,6	   5,3	   9,7	   9,1	   3,8	  -2,0
*	    13,1439	 1	145,46	 84,00	  -1,1	   6,1	  10,6	   9,3	   4,6	  -1,3
*	    12,8825	 1	145,38	 88,13	  -0,8	   6,5	  11,2	   9,3	   5,0	  -0,8
*	    14,0614	 1	106,51	 89,11	   3,4	   0,8	   7,7	  -2,8	  -6,7	 -17,9
*	    14,3115	 1	106,53	 85,31	   3,2	   0,7	   7,7	  -2,3	  -6,7	 -18,6
*	    16,3646	 1	103,55	 89,07	   0,7	  -2,4	   4,1	  -6,8	 -10,8	 -21,5
*	    16,5816	 1	103,57	 85,42	   0,5	  -2,3	   4,3	  -6,3	 -10,6	 -22,2
*	    18,8179	 1	100,81	 89,05	  -1,9	  -4,8	   0,9	  -9,6	 -14,1	 -24,7
*	    19,0088	 1	100,82	 85,54	  -2,0	  -4,9	   1,2	  -9,5	 -14,0	 -25,3
*	    21,3817	 1	 98,30	 89,03	  -4,2	  -6,9	  -1,9	 -11,6	 -16,9	 -27,6
*	    21,5519	 1	 98,31	 85,66	  -4,3	  -7,0	  -1,6	 -11,6	 -16,8	 -28,0
*	    19,1973	 1	101,37	 81,41	  -4,2	   2,5	   2,6	  -3,2	  -9,0	 -21,6
*	    10,6600	 1	113,15	 84,52	   6,9	  16,4	  16,1	  13,3	   7,6	  -3,5
*	     8,7291	 1	121,46	 84,30	   9,1	  20,0	  20,2	  16,6	  14,2	   3,9
*	     9,3909	 1	130,72	 84,24	   6,7	  17,7	  18,1	  13,6	  13,8	   0,9
*	    11,6284	 1	140,53	 84,31	   3,5	  14,5	  14,3	   9,8	   8,9	  -2,3
*	    14,8717	 1	150,56	 84,56	   0,1	  11,2	  10,9	   5,5	   4,6	  -5,6
s	     9,0207	 2	342,35	 72,44	  28,6	  33,6	  34,5	  26,2	  19,3	   4,6
*	     9,1946	 1	141,81	 90,11	   3,8	   5,1	   9,0	  -2,9	  -3,1	 -13,2
s	     9,4898	 2	123,04	 71,26	  28,8	  33,6	  35,5	  30,0	  22,4	  13,7
s	    10,6502	 1	 85,14	 89,28	  28,7	  29,4	  31,2	  21,9	  14,1	   1,2
*	    15,9913	 1	 52,79	 79,63	  -0,5	   5,3	   9,7	  10,6	   1,4	  -4,9
*	    15,5257	 1	 52,92	 88,42	  -0,2	   5,6	  10,0	  11,0	   1,8	  -4,6
*	    14,0382	 1	 61,61	 79,64	   1,2	   6,3	  11,1	  11,7	   2,4	  -4,1
*	    13,5384	 1	 61,71	 88,31	   1,5	   6,6	  11,4	  11,9	   2,8	  -3,8
*	    12,5771	 1	 70,02	 79,87	   2,7	   7,2	  12,2	  11,8	   2,8	  -3,9
*	    12,0378	 1	 70,09	 88,26	   3,0	   7,4	  12,6	  11,9	   3,2	  -3,4
*	    11,6428	 1	 77,73	 80,27	   4,1	   7,7	  13,1	  11,5	   2,8	  -4,3
*	    11,0563	 1	 77,77	 88,23	   4,5	   7,8	  13,5	  11,2	   3,0	  -3,6
*	    11,3033	 1	 84,57	 80,77	   5,4	   8,3	  13,4	  11,2	   2,2	  -5,2
*	    10,6627	 1	 84,59	 88,24	   5,8	   8,3	  13,3	  10,2	   2,0	  -3,8
*	    11,6794	 1	 90,53	 81,31	   6,0	   9,1	  13,3	  11,4	   1,3	  -7,1
*	    10,9911	 1	 90,53	 88,26	   6,5	   9,6	  12,1	  11,0	   0,5	  -5,1
*	    12,9157	 1	 95,66	 81,86	   5,1	   9,5	  13,0	  11,8	   0,6	  -8,9
*	    12,2137	 1	 95,64	 88,30	   5,2	  10,5	  11,6	  11,1	  -0,1	  -8,2
s	    10,9946	 3	192,99	 55,27	  24,8	  25,0	  30,0	  22,2	  14,0	   3,6
s	    11,3328	 3	191,15	126,23	  28,6	  32,4	  32,8	  25,2	  18,8	   3,2
s	    11,8090	 2	 85,11	 72,49	  27,7	  28,1	  28,7	  19,1	   7,6	  -7,9
s	    12,0905	 2	285,73	 91,83	  28,8	  34,1	  37,7	  33,0	  30,0	  20,3
s	    12,5116	 2	178,82	 90,53	  28,6	  34,3	  37,9	  32,6	  29,9	  20,3
s	    12,5558	 3	341,94	 57,45	  23,3	  23,9	  28,2	  20,5	  10,5	   0,6
s	    12,8766	 3	343,61	124,25	  28,3	  32,6	  32,4	  24,9	  17,0	   2,4
s	    12,9705	 3	123,27	 56,45	  25,4	  31,4	  31,9	  28,1	  15,6	   8,0
s	    13,1948	 3	285,62	 75,83	  27,4	  32,2	  32,9	  24,7	  19,2	   2,5
s	    13,2869	 3	122,35	122,25	  28,5	  32,9	  33,8	  28,5	  20,1	  11,6
s	    13,6010	 3	179,19	 74,74	  27,6	  32,5	  34,3	  28,2	  22,3	  11,7
s	    16,0055	 2	  7,64	 90,32	  26,9	  28,2	  30,7	  22,8	  14,7	   0,9
s	    16,3526	 2	337,48	 91,00	  27,2	  32,5	  36,1	  32,4	  26,8	  20,1
s	    16,9844	 3	  7,31	 76,12	  25,9	  26,8	  27,6	  19,4	   7,7	  -7,7
s	    17,3217	 3	337,18	 76,94	  26,2	  30,8	  32,7	  28,1	  19,3	  11,3
s	    18,5889	 2	207,75	 91,08	  26,3	  27,1	  27,7	  19,3	  10,3	  -2,3
s	    19,4994	 3	208,02	 77,86	  25,2	  25,6	  25,3	  15,6	   3,7	 -11,4
s	    19,7118	 3	294,11	 91,65	  26,1	  31,5	  34,9	  30,4	  27,4	  18,1
*	    22,2469	 1	 97,52	 88,03	  -2,7	   0,1	   3,3	   1,5	  -8,3	 -13,9
*	    22,5735	 1	 97,54	 84,17	  -3,0	  -0,1	   3,7	   1,6	  -8,0	 -14,7
s	    22,8936	 3	358,52	 90,45	  25,4	  27,7	  30,4	  27,2	  17,7	   9,9
s	    22,9036	 3	268,42	 91,73	  25,0	  25,7	  27,5	  19,1	  10,9	  -2,3
s	    29,0156	 3	201,24	 90,84	  21,8	  23,1	  25,7	  20,4	  11,6	   5,1
s	    34,8555	 2	 69,38	 89,08	  26,3	  31,6	  34,1	  27,7	  23,1	  17,1
s	    35,4869	 3	 69,30	 79,90	  24,9	  29,6	  30,5	  23,8	  15,9	   8,6
s	    38,1422	 3	 78,33	 89,01	  24,9	  30,0	  32,3	  27,7	  22,8	  15,5
s	    43,5551	 3	218,21	 91,09	  24,7	  30,1	  32,5	  25,9	  21,2	  15,5
s	    46,0479	 2	134,72	 89,33	  21,3	  26,9	  29,0	  23,4	  16,6	   4,3
s	    46,5690	 3	134,84	 81,74	  20,7	  25,7	  27,3	  23,0	  12,7	   5,2
s	    47,8977	 3	158,30	 89,77	  20,8	  26,4	  28,8	  22,3	  17,5	   4,6
s	    49,3431	 3	 65,66	 89,05	  20,5	  22,1	  20,3	  14,5	   3,2	 -10,0
s	    54,4825	 3	329,52	 90,90	  20,0	  25,3	  27,1	  22,3	  14,9	   2,6
s	    55,0029	 3	135,70	 89,31	  20,3	  25,7	  28,5	  25,9	  18,1	  11,8
#END
