#HEADER
CATT-Acoustic v8.0b    Copyright © CATT 1988-2003

 Project                : Restaurante

 GEOMETRICAL INFORMATION
 Src id and loc     [m] :   F3           6,110        0,850        1,400
 Rec id and loc     [m] :   01           8,450        6,740        1,500

 01       18,4624

 VARIABLE SOURCE DATA
 Directivity
   Type (library)       :  Voz.SD0
   Dir. Index (DI) [dB] :       1,1      2,0      3,0      0,7      2,3      5,1
 Level
   On axis 1m      [dB] :      51,2     57,2     59,8     53,5     48,8     43,8
   Total power     [dB] :      61,1     66,2     67,8     63,8     57,5     49,7
 Aim
   Horizontal angle [°] :      -0,0
   Vertical   angle [°] :       0,0
   Point            [m] :                6,110        1,550        1,400
   Roll angle       [°] :       0,0
   Auxiliary delay [ms] :       0,0

 VARIABLE AIR DATA
 Temperature       [°C] :      20
 Relative humidity  [%] :      70
 Density        [kg/m³] :       1,2
 Sound speed      [m/s] :     343
 Impedance      [Ns/m³] :     412
 Diss. coeff. [0.001/m] :      0,08     0,26     0,64     1,15     2,08     5,31      (estimated)

#DATAFIELDS
 TYPE DELAY ORDER AZIMUTH ELEVATION SPL125 SPL250 SPL500 SPL1K SPL2K SPL4K
#DATA
d	     0,0000	 0	120,91	 89,77	  35,7	  41,7	  44,3	  37,9	  34,1	  27,2
*	     0,8236	 1	120,21	 95,46	  10,7	  12,7	  17,3	  10,1	   5,4	  -5,1
*	     0,6407	 1	117,79	 96,10	   6,2	   8,0	  13,6	   4,9	   6,2	  -5,2
*	     1,2814	 1	121,16	 89,73	  27,8	  25,2	  26,2	  16,9	   9,7	  -1,2
*	     3,1531	 1	347,00	150,26	  10,1	  12,1	  17,7	   6,8	   7,4	  -3,0
*	     1,4109	 1	108,53	156,88	  12,0	  14,0	  19,6	   9,0	   9,6	  -1,1
s	     1,7190	 1	121,22	 65,03	  33,4	  38,0	  37,8	  29,9	  21,8	   7,9
*	    11,3633	 1	158,00	 76,68	   1,2	   8,1	  11,4	  10,7	  -0,3	  -6,3
*	     7,5405	 1	165,72	 71,07	   4,6	  11,3	  15,3	  12,7	   7,0	  -2,1
*	     6,4920	 1	186,07	 59,55	   8,5	  15,3	  19,3	  16,7	  10,5	   1,1
*	     9,4320	 1	245,65	 50,83	   9,2	  16,0	  19,5	  16,8	   9,8	   1,9
*	     5,6306	 1	138,07	 75,89	   9,4	  16,1	  18,9	  17,2	   7,2	   0,8
*	     2,4776	 1	135,61	 69,18	  11,6	  18,1	  21,3	  19,2	  12,6	   3,7
*	     2,0275	 1	127,39	 51,19	  14,7	  21,2	  24,3	  22,0	  14,0	   7,2
*	     5,2526	 1	 13,46	 23,20	  15,9	  22,6	  25,7	  22,3	  14,7	   8,8
*	     4,4350	 1	119,14	 76,66	  16,2	  22,3	  23,3	  20,3	  11,4	   4,2
*	     2,7890	 1	108,68	 71,93	  13,4	  19,4	  21,6	  20,6	  11,3	   5,0
*	     4,1314	 1	 86,40	 64,53	  10,3	  17,0	  19,5	  17,1	   8,7	   3,6
*	     8,5305	 1	 44,16	 60,92	   7,2	  14,1	  16,7	  13,6	   5,8	   1,0
*	    10,8098	 1	104,33	 78,24	   4,9	  11,7	  14,6	  13,2	   2,9	  -3,4
*	     8,9602	 1	 91,88	 75,68	   5,2	  11,7	  15,1	  12,9	   6,6	  -2,5
*	    10,5843	 1	 72,80	 73,11	   3,4	  10,1	  13,2	  10,9	   3,3	  -4,1
*	    15,0338	 1	 47,92	 72,45	   0,4	   7,2	  10,3	   7,0	  -0,5	  -6,8
s	     1,8384	 1	120,61	113,45	  29,5	  30,6	  37,5	  29,7	  28,2	  18,8
*	     2,1910	 1	125,54	127,74	  22,1	  29,3	  30,8	  26,7	  22,8	  15,2
*	     2,5872	 1	110,37	 89,70	  11,3	  12,6	  17,6	   7,3	   8,4	  -5,4
s	     3,2741	 2	121,34	 57,00	  29,7	  35,7	  36,1	  32,0	  23,6	  15,1
*	     3,3874	 1	 96,00	102,78	  -3,9	  -3,1	   0,9	  -9,1	  -9,5	 -19,9
*	     3,5724	 1	 91,01	 90,06	   4,5	   5,8	   9,8	  -2,5	  -2,7	 -12,4
*	     4,6660	 1	315,99	 97,92	  18,6	  19,9	  23,9	  12,3	  12,0	   1,6
s	     4,6736	 1	125,44	 89,65	  30,7	  32,2	  32,4	  27,6	  16,8	  10,2
*	    21,4117	 1	 98,62	 84,91	 -12,1	  -4,8	  -0,9	   0,7	  -8,5	 -13,9
*	    19,0820	 1	100,86	 84,79	 -10,1	  -2,9	   1,0	   2,6	  -6,6	 -12,1
*	    16,8105	 1	103,25	 84,65	  -7,9	  -0,7	   3,0	   4,6	  -4,6	 -10,2
*	    14,6094	 1	105,83	 84,53	  -5,5	   1,4	   5,2	   6,6	  -2,5	  -8,3
*	    13,1790	 1	108,62	 80,99	  -3,6	   2,8	   6,7	   7,8	  -1,3	  -7,5
*	    12,4965	 1	108,59	 84,40	  -2,9	   3,6	   7,6	   8,8	  -0,4	  -6,4
*	    12,1532	 1	108,57	 87,82	  -2,5	   4,0	   8,1	   9,4	   0,2	  -5,8
*	    10,3316	 1	145,54	 79,94	  -3,2	   3,6	   7,4	   8,7	  -0,3	  -6,3
*	     9,6913	 1	145,46	 84,00	  -2,5	   4,3	   8,2	   9,6	   0,5	  -5,3
*	     9,3759	 1	145,38	 88,13	  -2,2	   4,7	   8,6	  10,1	   0,9	  -4,8
*	    13,7068	 1	106,51	 89,11	  -0,4	   1,0	   6,5	   0,3	  -4,7	 -15,5
*	    13,9396	 1	106,53	 85,31	  -0,6	   0,7	   6,3	  -0,1	  -5,0	 -15,9
*	    16,9591	 1	103,51	 96,35	  -4,0	  -2,2	   2,4	  -3,4	 -11,0	 -21,1
*	    16,4148	 1	103,53	 92,73	  -3,4	  -1,6	   3,5	  -2,5	  -8,2	 -18,6
*	    16,2377	 1	103,55	 89,07	  -3,3	  -1,5	   3,9	  -2,2	  -7,1	 -17,8
*	    16,4383	 1	103,57	 85,42	  -3,4	  -1,7	   3,7	  -2,5	  -7,4	 -18,1
*	    19,4954	 1	100,78	 96,04	  -6,4	  -4,6	   0,4	  -5,5	 -12,4	 -22,6
*	    19,0090	 1	100,79	 92,56	  -5,9	  -4,1	   1,2	  -4,8	 -10,3	 -20,6
*	    18,8506	 1	100,81	 89,05	  -5,8	  -4,0	   1,5	  -4,6	  -9,5	 -20,0
*	    19,0272	 1	100,82	 85,54	  -5,9	  -4,2	   1,3	  -4,8	  -9,7	 -20,2
*	    21,5310	 1	 98,30	 89,03	  -8,1	  -6,3	  -0,7	  -6,7	 -11,7	 -22,1
*	    21,6890	 1	 98,31	 85,66	  -8,2	  -6,4	  -0,8	  -6,9	 -11,9	 -22,3
*	    19,1423	 1	101,37	 81,41	  -8,3	   2,7	   1,7	  -0,4	  -5,9	 -16,3
*	     9,4659	 1	113,15	 84,52	   4,7	  14,0	  13,8	  10,9	   5,2	  -6,0
*	     5,9192	 1	121,46	 84,30	  13,1	  20,2	  20,3	  16,4	   8,7	  -6,1
*	     5,8059	 1	130,72	 84,24	   9,9	  18,0	  18,2	  14,2	   8,3	  -3,7
*	     8,1057	 1	140,53	 84,31	   3,1	  13,3	  12,6	  10,2	   4,6	  -6,2
*	    11,4711	 1	150,56	 84,56	  -2,1	   9,0	   7,9	   6,0	   0,4	  -9,9
s	     4,8930	 1	185,28	 90,84	  31,8	  37,4	  41,0	  35,7	  32,3	  23,0
*	    14,0720	 1	155,73	 80,27	  -7,9	  -0,8	   3,1	   4,5	  -4,5	 -10,0
*	    13,5765	 1	155,65	 84,03	  -7,6	  -0,4	   3,5	   5,1	  -4,0	  -9,4
*	    13,3184	 1	155,56	 87,85	  -7,4	  -0,1	   3,8	   5,5	  -3,7	  -9,1
*	    13,3054	 1	155,48	 91,69	  -7,4	  -0,1	   3,8	   5,5	  -3,8	  -9,1
*	    12,5760	 1	156,66	 79,65	  -6,9	   0,3	   4,5	   5,9	  -3,1	  -8,1
*	    12,0632	 1	156,57	 83,68	  -6,5	   0,8	   5,1	   6,6	  -2,5	  -7,5
*	    11,7962	 1	156,48	 87,77	  -6,3	   1,0	   5,3	   7,0	  -2,2	  -7,1
*	     9,0512	 1	160,44	 77,25	  -4,1	   3,0	   8,3	   8,1	   2,5	  -3,0
*	     8,5002	 1	160,33	 82,27	  -3,8	   3,5	   9,0	   8,8	   3,3	  -2,2
*	     8,2151	 1	160,22	 87,40	  -3,6	   3,7	   9,3	   9,1	   3,8	  -1,7
*	     6,4842	 1	200,51	123,97	   8,3	  10,1	  17,0	   8,0	   8,5	  -4,2
*	     9,8697	 1	158,41	 83,54	  -1,5	   9,6	   9,8	   7,1	   3,1	  -6,6
*	     7,2796	 1	162,80	 82,11	   0,6	  11,7	  12,5	   8,1	   8,0	  -3,8
*	     5,7369	 1	170,52	 79,78	   3,0	  14,2	  15,0	  10,2	  11,1	  -2,1
*	     5,2191	 1	185,33	 75,93	   6,3	  17,4	  18,1	  13,3	  13,6	   0,6
*	     6,0915	 1	216,33	 71,08	   9,0	  20,1	  20,4	  15,6	  15,3	   3,3
*	     9,3977	 1	259,01	 72,80	   6,7	  17,8	  17,7	  12,9	  12,3	   1,0
*	     4,9990	 1	341,57	150,88	   3,0	   4,2	   8,2	  -3,0	  -3,3	 -13,7
*	     5,9235	 1	141,81	 90,11	  -1,6	  -0,3	   3,3	  -3,9	  -9,2	 -19,3
s	     5,9303	 2	340,37	110,71	  23,3	  23,2	  28,6	  19,6	  18,1	   9,1
s	     6,0672	 2	125,72	 69,51	  29,5	  30,5	  31,1	  24,3	  11,0	   0,4
s	     6,2742	 2	185,76	 70,88	  30,2	  35,2	  35,8	  27,2	  21,3	   4,9
s	     6,3718	 2	184,83	110,00	  25,8	  26,3	  34,7	  27,1	  25,0	  14,6
*	     6,7080	 1	152,13	 90,45	  -1,3	   0,0	   4,7	  -3,9	  -6,3	 -16,8
*	     7,9348	 1	 85,29	 92,69	  -5,1	  -3,8	   0,5	  -9,7	  -9,6	 -22,1
s	     8,0898	 1	337,47	 91,13	  32,2	  37,7	  39,4	  29,9	  26,1	  14,4
*	    12,5011	 1	275,81	 71,17	  10,0	  17,2	  21,9	  20,5	  16,1	   9,9
*	     8,3307	 1	349,30	102,59	  16,0	  23,3	  28,0	  24,9	  20,5	  16,2
*	    10,2731	 1	350,21	132,75	  12,2	  19,1	  23,8	  21,9	  17,3	  12,6
*	    20,5903	 1	 37,17	 92,93	  -0,4	   6,8	  11,5	   9,2	   5,0	  -0,6
*	    21,4834	 1	 37,39	104,47	  -1,2	   6,0	  10,7	   8,9	   4,7	  -1,1
*	     8,7148	 1	319,59	 69,61	   5,9	  17,1	  16,9	  10,7	  10,0	   0,3
*	     9,6509	 1	298,66	 71,55	   4,4	  15,5	  15,4	   9,6	   9,0	  -1,3
*	     8,8722	 1	358,32	 72,59	   3,8	  15,0	  14,7	   8,4	   7,4	  -1,4
*	     8,4804	 1	340,75	 70,19	   5,8	  16,9	  16,7	  10,1	   9,4	   0,2
*	    10,8092	 1	 18,22	 77,28	  -1,0	  10,1	   9,7	   4,2	   2,6	  -5,7
*	     9,6359	 1	  9,56	 75,00	   1,5	  12,7	  12,4	   6,5	   5,2	  -3,4
*	    13,8301	 1	 28,46	 80,37	  -4,8	   6,3	   6,0	  -0,0	  -1,2	  -9,9
*	    12,1980	 1	 24,09	 78,99	  -3,1	   8,1	   7,7	   2,0	   0,6	  -7,8
*	    17,5355	 1	 34,17	 82,47	  -8,1	   3,1	   2,9	  -3,6	  -4,3	 -13,7
*	    15,5750	 1	 31,64	 81,64	  -6,4	   4,8	   4,6	  -1,9	  -2,7	 -11,8
*	    21,8738	 1	 37,79	 83,69	 -11,9	  -0,8	  -0,9	  -6,5	  -7,1	 -17,7
*	    19,6487	 1	 36,17	 83,14	 -10,0	   1,1	   1,0	  -5,0	  -5,7	 -15,7
s	     8,4504	 3	340,68	122,20	  21,2	  23,4	  19,9	  10,9	   2,0	 -12,0
*	     8,9325	 1	 80,75	 99,81	  -6,2	  -4,9	  -0,7	 -10,8	 -10,9	 -23,0
*	     8,4873	 1	 80,39	 93,47	  -5,7	  -4,4	  -0,3	 -10,5	 -10,6	 -22,6
s	     8,7385	 2	178,19	 90,57	  29,1	  30,1	  33,1	  26,2	  17,9	  10,9
s	     9,3125	 2	337,08	 73,43	  30,3	  34,9	  34,6	  26,3	  18,3	   5,3
s	     9,9333	 3	178,60	 73,27	  28,0	  28,7	  30,4	  23,2	  11,2	   1,8
s	     9,9814	 3	340,83	126,88	  25,6	  28,9	  26,5	  18,3	  10,1	  -4,3
s	    11,6977	 2	290,89	 91,79	  30,1	  35,4	  38,1	  33,4	  28,9	  21,0
s	    12,2986	 1	 86,48	 89,23	  28,2	  33,7	  36,4	  28,9	  26,8	  11,1
*	    17,5997	 1	 52,79	 79,63	   0,6	   7,8	  12,4	  11,3	   6,8	   0,4
*	    17,1681	 1	 52,92	 88,42	   0,9	   8,2	  12,9	  11,5	   7,2	   0,8
*	    15,6802	 1	 61,61	 79,64	   1,7	   8,9	  13,7	  12,6	   8,4	   1,5
*	    15,2247	 1	 61,71	 88,31	   2,0	   9,3	  14,2	  12,9	   8,9	   1,9
*	    14,2401	 1	 70,02	 79,87	   2,6	   9,7	  14,8	  13,7	   9,9	   2,3
*	    13,7598	 1	 70,09	 88,26	   2,9	  10,2	  15,4	  14,1	  10,4	   2,8
*	    13,2944	 1	 77,73	 80,27	   3,1	  10,3	  15,7	  14,6	  11,3	   2,9
*	    12,7865	 1	 77,77	 88,23	   3,5	  10,8	  16,4	  15,1	  11,9	   3,4
*	    12,8716	 1	 84,57	 80,77	   3,5	  10,6	  16,0	  14,9	  12,0	   3,7
*	    12,3330	 1	 84,59	 88,24	   3,8	  11,1	  16,7	  15,5	  12,8	   4,2
*	    13,0297	 1	 90,53	 81,31	   3,6	  10,8	  16,1	  15,3	  11,8	   4,4
*	    12,4605	 1	 90,53	 88,26	   3,9	  11,2	  16,9	  15,9	  12,8	   5,1
*	    13,8550	 1	 95,66	 81,86	   3,6	  10,7	  15,9	  16,0	   9,9	   4,4
*	    13,2654	 1	 95,64	 88,30	   4,0	  11,3	  16,8	  16,8	  10,9	   5,5
s	    12,7795	 3	290,76	 76,10	  28,5	  33,2	  33,3	  25,3	  18,2	   3,1
s	    12,9010	 2	335,14	 91,09	  27,7	  29,3	  28,7	  25,1	  13,5	   6,4
s	    13,3600	 2	 86,45	 73,83	  27,1	  31,9	  32,8	  24,5	  19,2	   2,5
s	    13,9427	 3	334,82	 75,98	  26,3	  27,8	  27,1	  21,6	   7,3	  -2,8
s	    15,3111	 2	 93,47	 89,18	  27,2	  29,1	  32,3	  27,5	  18,7	  11,0
s	    16,0089	 3	295,22	 91,68	  26,7	  27,3	  29,2	  23,1	  13,9	   7,3
s	    16,2807	 3	 93,49	 75,11	  26,1	  27,6	  29,3	  23,9	  11,7	   2,4
s	    16,6310	 3	 86,52	117,46	  26,9	  31,2	  31,2	  23,4	  17,5	   1,3
s	    17,7370	 2	  7,44	 90,29	  27,2	  32,5	  35,0	  28,1	  25,0	   9,2
s	    17,8558	 3	 81,68	102,14	  20,6	  26,2	  27,3	  22,8	  18,3	   9,6
s	    18,6432	 3	  7,13	 77,14	  26,1	  30,7	  31,5	  23,9	  17,6	   0,8
s	    20,1229	 2	206,16	 91,01	  25,7	  31,2	  33,8	  26,6	  24,0	   9,0
s	    20,9743	 3	206,42	 78,65	  24,7	  29,6	  30,5	  22,4	  16,5	   0,5
s	    21,4003	 3	  2,41	 90,36	  25,5	  26,2	  29,2	  23,9	  15,0	   7,5
*	    22,4260	 1	 97,52	 88,03	  -3,3	   4,0	   7,9	   9,6	   0,4	  -4,9
*	    22,7307	 1	 97,54	 84,17	  -3,5	   3,7	   7,7	   9,3	   0,1	  -5,3
s	    24,5839	 3	269,17	 91,71	  24,9	  30,2	  32,6	  25,8	  23,1	   7,3
s	    32,6928	 2	 72,17	 89,07	  23,6	  28,9	  32,4	  28,5	  23,8	  16,1
s	    33,3380	 3	 72,10	 79,69	  22,6	  27,3	  29,3	  24,4	  16,6	   7,6
s	    34,5590	 3	 77,22	 89,03	  23,0	  27,1	  29,1	  26,9	  17,2	   9,8
s	    36,1362	 3	 24,54	 89,76	  22,7	  27,8	  31,2	  27,3	  24,0	  14,5
s	    41,2759	 3	215,87	 91,05	  22,0	  27,3	  30,7	  27,0	  21,7	  14,5
s	    46,8190	 2	136,59	 89,35	  23,5	  29,0	  30,6	  21,7	  17,2	   6,0
s	    47,3258	 3	136,71	 81,97	  22,7	  27,7	  28,5	  21,3	  13,2	   6,9
s	    48,3678	 3	156,29	 89,72	  23,5	  28,8	  30,2	  21,5	  17,1	   5,3
s	    50,6097	 3	 66,95	 89,03	  20,3	  25,6	  27,9	  22,2	  16,8	   4,0
s	    51,7454	 3	137,01	 89,34	  19,9	  22,6	  21,3	  17,7	   6,0	  -2,4
s	    55,2829	 3	327,89	 90,93	  22,1	  27,4	  28,8	  20,6	  15,7	   4,4
#END
