#HEADER
CATT-Acoustic v8.0b    Copyright © CATT 1988-2003

 Project                : Auditorio

 GEOMETRICAL INFORMATION
 Src id and loc     [m] :   A1          -9,000        0,000        0,000
 Rec id and loc     [m] :   12           7,000        3,000        1,000

 12       47,5046

 VARIABLE SOURCE DATA
 Directivity
   Type (library)       :  OMNI.SD0
   Dir. Index (DI) [dB] :       0,0      0,0      0,0      0,0      0,0      0,0
 Level
   On axis 1m      [dB] :      58,0     64,0     70,3     70,7     65,9     59,9
   Total power     [dB] :      68,9     74,9     81,2     81,6     76,8     70,8
   Auxiliary delay [ms] :       0,0

 VARIABLE AIR DATA
 Temperature       [°C] :      20
 Relative humidity  [%] :      50
 Density        [kg/m³] :       1,2
 Sound speed      [m/s] :     343
 Impedance      [Ns/m³] :     412
 Diss. coeff. [0.001/m] :      0,10     0,30     0,63     1,07     2,28     6,83      (estimated)

#DATAFIELDS
 TYPE DELAY ORDER AZIMUTH ELEVATION SPL125 SPL250 SPL500 SPL1K SPL2K SPL4K
#DATA
d	     0,0000	 0	 90,00	 90,00	  33,7	  39,7	  46,0	  46,4	  41,5	  35,2
*	    20,8197	 1	112,08	 93,89	 -14,0	  -7,0	   0,4	   1,0	  -3,9	 -10,3
*	    14,8266	 1	107,80	 94,13	 -10,4	  -3,4	   4,0	   4,6	  -0,3	  -6,7
*	    17,5549	 1	105,56	 93,55	 -10,5	  -3,5	   3,8	   4,4	  -0,4	  -6,9
*	     9,3376	 1	103,14	 94,36	  -6,3	   0,7	   8,1	   8,7	   3,9	  -2,5
*	    11,8627	 1	101,18	 93,73	  -5,8	   1,3	   8,6	   9,2	   4,4	  -2,0
*	     4,6833	 1	 98,14	 94,56	  -1,6	   5,4	  12,8	  13,4	   8,5	   2,2
*	     6,7156	 1	 96,53	 93,89	   0,7	   7,7	  15,1	  15,7	  10,8	   4,5
*	    11,2339	 1	 95,17	 93,32	  -1,4	   5,6	  13,0	  13,6	   8,7	   2,3
*	     1,7022	 1	 92,81	 94,75	   2,0	   9,0	  16,4	  17,0	  12,1	   5,8
*	     2,9750	 1	 91,62	 94,04	   8,2	  15,2	  22,6	  23,2	  18,3	  12,0
*	     7,9094	 1	 90,62	 93,43	   4,3	  11,3	  18,7	  19,3	  14,4	   8,1
*	     1,5427	 1	 87,24	 94,91	   1,0	   8,1	  15,4	  16,1	  11,2	   4,9
*	     3,2595	 1	 86,53	 94,16	   5,3	  12,3	  19,7	  20,3	  15,4	   9,1
*	     8,0919	 1	 85,94	 93,53	   2,3	   9,3	  16,7	  17,3	  12,4	   6,0
*	     3,7759	 1	 81,52	 95,01	  -2,9	   4,1	  11,5	  12,1	   7,2	   0,9
*	     6,3358	 1	 81,32	 94,25	  -1,8	   5,2	  12,6	  13,2	   8,3	   2,0
*	     7,2791	 1	 75,75	 95,07	  -6,9	   0,1	   7,5	   8,0	   3,2	  -3,2
*	    10,2971	 1	 76,08	 94,30	  -7,0	   0,0	   7,4	   8,0	   3,1	  -3,3
*	    11,5352	 1	 70,06	 95,09	 -10,4	  -3,4	   4,0	   4,6	  -0,3	  -6,7
*	    14,7761	 1	 70,88	 94,31	 -10,9	  -3,9	   3,5	   4,0	  -0,8	  -7,2
*	    16,3473	 1	 64,53	 95,04	 -13,4	  -6,4	   1,0	   1,6	  -3,3	  -9,7
*	    15,9970	 1	236,52	 21,59	   4,3	   5,1	  -2,6	  -2,3	  -7,2	  -0,4
*	    11,9443	 1	234,82	 29,56	   8,9	   9,7	   2,0	   2,3	  -2,6	   4,2
*	     8,4763	 1	232,97	 47,08	  14,8	  15,5	   7,8	   8,2	   3,3	  10,1
*	     6,5656	 1	230,94	 89,02	  19,5	  20,3	  12,6	  12,9	   8,0	  14,9
*	     6,6324	 1	 60,95	 96,28	 -17,6	 -11,7	  -5,8	  -3,5	  -7,8	 -14,7
*	    16,5343	 1	277,33	 21,62	   4,2	   5,0	  -2,7	  -2,4	  -7,3	  -0,5
*	    12,4740	 1	277,73	 29,40	   8,8	   9,6	   1,9	   2,3	  -2,7	   4,2
*	     8,9801	 1	278,17	 46,75	  14,8	  15,6	   7,9	   8,3	   3,4	  10,2
*	     7,0333	 1	278,67	 89,62	  19,8	  20,6	  12,9	  13,2	   8,3	  15,2
s	     7,0912	 1	 87,55	 89,55	  30,8	  31,5	  23,8	  24,2	  19,3	  26,1
*	    21,8581	 1	 87,14	 71,42	  -0,5	   0,3	  -7,4	  -7,1	 -12,0	  -5,3
*	    21,6959	 1	 83,17	 71,20	  -0,8	  -0,0	  -7,7	  -7,4	 -12,3	  -5,5
*	    17,6694	 1	 87,16	 75,19	   2,6	   3,4	  -4,3	  -4,0	  -8,9	  -2,1
*	    17,6446	 1	 83,20	 75,03	   2,1	   2,9	  -4,9	  -4,5	  -9,4	  -2,6
*	    13,7916	 1	 87,17	 79,05	   6,4	   7,1	  -0,6	  -0,2	  -5,1	   1,7
*	    13,9890	 1	 83,23	 78,96	   5,4	   6,1	  -1,6	  -1,2	  -6,1	   0,7
*	    10,3459	 1	 87,18	 82,99	  11,2	  11,9	   4,2	   4,6	  -0,3	   6,5
*	    10,9142	 1	 83,26	 82,96	   9,1	   9,8	   2,1	   2,5	  -2,4	   4,4
*	     7,7439	 1	 87,19	 86,97	  16,8	  17,5	   9,8	  10,2	   5,3	  12,2
*	     8,8612	 1	 83,29	 86,99	  12,5	  13,2	   5,5	   5,9	   1,0	   7,8
*	     7,3085	 1	 87,20	 90,94	  18,5	  19,3	  11,5	  11,9	   7,0	  13,9
*	     8,6143	 1	 83,32	 91,02	  13,2	  14,0	   6,3	   6,7	   1,8	   8,6
*	    26,1137	 1	 82,18	 67,46	  -3,4	  -2,6	 -10,3	 -10,0	 -14,9	  -8,2
*	    26,1745	 1	 86,19	 67,71	  -3,1	  -2,4	 -10,1	  -9,7	 -14,7	  -7,9
*	     7,1654	 1	 62,62	 96,29	 -16,2	 -10,3	  -4,4	  -2,1	  -6,4	 -13,3
s	     7,3533	 1	 89,55	 89,53	  30,7	  31,5	  23,8	  24,1	  19,2	  26,1
*	    23,7517	 1	 95,97	 71,74	  -1,2	  -0,4	  -8,1	  -7,8	 -12,7	  -6,0
*	    22,5654	 1	 92,02	 71,60	  -0,5	   0,2	  -7,5	  -7,1	 -12,0	  -5,3
*	    19,7690	 1	 95,94	 75,43	   1,6	   2,3	  -5,4	  -5,0	  -9,9	  -3,2
*	    18,4007	 1	 92,01	 75,33	   2,5	   3,3	  -4,4	  -4,0	  -9,0	  -2,2
*	    16,1928	 1	 95,92	 79,23	   4,7	   5,5	  -2,2	  -1,9	  -6,8	   0,0
*	    14,5527	 1	 92,01	 79,15	   6,3	   7,0	  -0,7	  -0,3	  -5,2	   1,6
*	    13,2157	 1	 95,89	 83,09	   8,2	   9,0	   1,3	   1,6	  -3,3	   3,5
*	    11,1509	 1	 92,00	 83,04	  10,9	  11,7	   4,0	   4,3	  -0,6	   6,3
*	    11,2670	 1	 95,87	 86,97	  11,3	  12,0	   4,3	   4,7	  -0,2	   6,6
*	     8,6187	 1	 91,99	 86,96	  16,2	  17,0	   9,3	   9,7	   4,8	  11,6
*	    11,0420	 1	 95,84	 90,85	  11,9	  12,7	   5,0	   5,3	   0,4	   7,3
*	     8,2087	 1	 91,98	 90,88	  17,8	  18,5	  10,8	  11,2	   6,3	  13,1
*	    28,7474	 1	 96,00	 67,62	  -4,0	  -3,3	 -11,0	 -10,6	 -15,6	  -8,9
*	    27,7085	 1	 92,03	 67,45	  -3,5	  -2,8	 -10,5	 -10,1	 -15,1	  -8,4
*	     7,8510	 1	 64,04	 96,28	 -15,0	  -9,1	  -3,2	  -0,9	  -5,2	 -12,1
*	    16,3889	 1	209,18	 29,12	   3,5	   4,3	  -3,4	  -3,1	  -8,0	  -1,2
*	    12,6080	 1	207,33	 39,26	   7,4	   8,1	   0,4	   0,8	  -4,1	   2,7
*	     9,6016	 1	205,41	 57,76	  11,5	  12,3	   4,6	   4,9	   0,0	   6,9
*	     8,1293	 1	203,43	 88,98	  14,0	  14,8	   7,1	   7,4	   2,5	   9,4
*	     8,7100	 1	 65,24	 96,28	 -13,9	  -8,0	  -2,1	   0,2	  -4,1	 -11,1
*	    10,5049	 1	311,95	 81,32	  12,7	  13,4	   5,7	   6,1	   1,2	   8,0
*	    12,4213	 1	310,59	 53,98	   9,6	  10,4	   2,7	   3,0	  -1,9	   4,9
*	    15,6150	 1	309,30	 38,20	   5,6	   6,4	  -1,3	  -1,0	  -5,9	   0,9
*	    17,5889	 1	196,08	 38,10	   2,1	   2,8	  -4,9	  -4,5	  -9,4	  -2,7
*	    14,1862	 1	194,65	 49,25	   5,0	   5,8	  -1,9	  -1,6	  -6,5	   0,3
*	    11,6653	 1	193,20	 66,17	   7,7	   8,5	   0,8	   1,1	  -3,8	   3,1
*	    10,5080	 1	191,74	 89,05	   9,0	   9,8	   2,1	   2,5	  -2,4	   4,4
*	    13,9695	 1	 73,69	 94,05	   4,8	   5,5	  -2,2	  -1,8	  -6,7	   0,1
*	    12,0996	 1	 77,64	 93,82	   7,6	   8,4	   0,7	   1,1	  -3,9	   3,0
*	    13,2618	 1	 73,62	 89,84	   5,2	   6,0	  -1,7	  -1,4	  -6,3	   0,5
*	    11,2900	 1	 77,59	 89,70	   8,3	   9,1	   1,4	   1,7	  -3,2	   3,7
*	    13,7103	 1	 73,55	 85,57	   4,8	   5,5	  -2,2	  -1,8	  -6,7	   0,1
*	    11,8856	 1	 77,53	 85,54	   7,5	   8,3	   0,6	   1,0	  -3,9	   2,9
*	    15,2262	 1	 73,47	 81,33	   3,5	   4,3	  -3,4	  -3,1	  -8,0	  -1,2
*	    13,7088	 1	 77,48	 81,40	   5,7	   6,5	  -1,3	  -0,9	  -5,8	   1,0
*	    17,6220	 1	 73,40	 77,14	   1,8	   2,6	  -5,1	  -4,7	  -9,7	  -2,9
*	    16,4417	 1	 77,42	 77,30	   3,4	   4,2	  -3,5	  -3,2	  -8,1	  -1,3
*	    20,7069	 1	 73,32	 73,05	  -0,0	   0,7	  -7,0	  -6,6	 -11,5	  -4,8
*	    19,8233	 1	 77,37	 73,30	   1,1	   1,8	  -5,9	  -5,5	 -10,4	  -3,7
*	    24,3301	 1	 73,24	 69,11	  -1,9	  -1,2	  -8,9	  -8,5	 -13,5	  -6,7
*	    23,6860	 1	 77,31	 69,43	  -1,2	  -0,4	  -8,1	  -7,8	 -12,7	  -6,0
*	    31,5053	 1	 78,12	 63,01	  -4,8	  -4,0	 -11,8	 -11,4	 -16,4	  -9,7
*	    26,9875	 1	 78,17	 66,57	  -2,8	  -2,0	  -9,7	  -9,4	 -14,3	  -7,6
*	    27,3338	 1	 74,12	 66,17	  -3,3	  -2,5	 -10,2	  -9,9	 -14,8	  -8,1
*	    12,8243	 1	187,17	 84,00	   5,7	   6,5	  -1,2	  -0,9	  -5,8	   1,0
*	    14,1729	 1	188,34	 66,19	   4,5	   5,2	  -2,5	  -2,1	  -7,0	  -0,2
*	    16,6559	 1	189,51	 52,21	   2,3	   3,1	  -4,6	  -4,2	  -9,1	  -2,4
*	    20,2761	 1	318,10	 38,52	   1,4	   2,2	  -5,5	  -5,1	 -10,1	  -3,3
*	    16,8751	 1	319,22	 49,66	   4,5	   5,3	  -2,5	  -2,1	  -7,0	  -0,2
*	    14,3384	 1	320,38	 66,83	   7,3	   8,1	   0,3	   0,7	  -4,2	   2,6
*	    13,1732	 1	321,58	 90,45	   8,7	   9,5	   1,7	   2,1	  -2,8	   4,0
*	    14,8327	 1	 99,65	 93,30	   8,3	   9,1	   1,3	   1,7	  -3,2	   3,6
*	    17,7504	 1	103,50	 93,34	   5,0	   5,7	  -2,0	  -1,6	  -6,5	   0,2
*	    14,0023	 1	 99,69	 89,45	   9,1	   9,8	   2,1	   2,5	  -2,4	   4,4
*	    17,0446	 1	103,55	 89,49	   5,5	   6,2	  -1,5	  -1,1	  -6,0	   0,7
*	    14,6587	 1	 99,73	 85,58	   8,1	   8,9	   1,2	   1,6	  -3,4	   3,5
*	    17,5358	 1	103,61	 85,63	   4,9	   5,7	  -2,0	  -1,7	  -6,6	   0,2
*	    16,5803	 1	 99,77	 81,72	   6,0	   6,8	  -0,9	  -0,5	  -5,5	   1,3
*	    19,1160	 1	103,67	 81,77	   3,5	   4,3	  -3,4	  -3,0	  -8,0	  -1,2
*	    19,3955	 1	 99,81	 77,90	   3,6	   4,3	  -3,4	  -3,0	  -7,9	  -1,2
*	    21,5673	 1	103,72	 77,94	   1,7	   2,5	  -5,2	  -4,9	  -9,8	  -3,0
*	    22,8244	 1	 99,85	 74,16	   1,1	   1,9	  -5,8	  -5,5	 -10,4	  -3,7
*	    24,6809	 1	103,78	 74,21	  -0,2	   0,5	  -7,2	  -6,8	 -11,8	  -5,0
*	    26,7000	 1	 99,89	 70,52	  -1,2	  -0,5	  -8,2	  -7,8	 -12,7	  -6,0
*	    28,3014	 1	103,84	 70,57	  -2,2	  -1,4	  -9,2	  -8,8	 -13,7	  -7,0
*	    31,8842	 1	104,82	 67,81	  -4,0	  -3,2	 -10,9	 -10,6	 -15,5	  -8,8
*	    30,2924	 1	100,86	 67,73	  -3,1	  -2,3	 -10,0	  -9,7	 -14,6	  -7,9
*	    23,5933	 1	332,76	 36,37	  -3,4	  -2,7	 -10,4	 -10,0	 -15,0	  -8,2
*	    19,8959	 1	333,88	 44,62	  -0,9	  -0,1	  -7,8	  -7,5	 -12,4	  -5,6
*	    16,8395	 1	335,03	 56,52	   1,7	   2,4	  -5,3	  -4,9	  -9,8	  -3,0
*	    14,7313	 1	336,19	 73,16	   3,7	   4,5	  -3,2	  -2,9	  -7,8	  -1,0
*	    17,5319	 1	 64,81	 94,77	   2,2	   2,9	  -4,8	  -4,4	  -9,3	  -2,6
*	    15,9603	 1	 68,86	 94,42	   3,8	   4,6	  -3,1	  -2,8	  -7,7	  -0,9
*	    16,9273	 1	 64,69	 90,26	   2,4	   3,2	  -4,5	  -4,2	  -9,1	  -2,3
*	    15,3220	 1	 68,76	 90,05	   4,1	   4,9	  -2,8	  -2,4	  -7,3	  -0,6
*	    17,2016	 1	 64,57	 85,70	   2,2	   3,0	  -4,7	  -4,3	  -9,3	  -2,5
*	    15,6589	 1	 68,66	 85,64	   3,9	   4,6	  -3,1	  -2,7	  -7,6	  -0,8
*	    18,3272	 1	 64,45	 81,15	   1,6	   2,4	  -5,3	  -5,0	  -9,9	  -3,1
*	    16,9264	 1	 68,56	 81,24	   3,0	   3,8	  -3,9	  -3,5	  -8,5	  -1,7
*	    20,2320	 1	 64,33	 76,67	   0,6	   1,4	  -6,3	  -6,0	 -10,9	  -4,1
*	    19,0173	 1	 68,46	 76,90	   1,8	   2,6	  -5,1	  -4,8	  -9,7	  -2,9
*	    22,8208	 1	 64,21	 72,32	  -0,6	   0,2	  -7,5	  -7,2	 -12,1	  -5,4
*	    21,8031	 1	 68,36	 72,67	   0,4	   1,1	  -6,6	  -6,2	 -11,2	  -4,4
*	    25,9958	 1	 64,08	 68,13	  -2,0	  -1,2	  -8,9	  -8,6	 -13,5	  -6,8
*	    25,1635	 1	 68,26	 68,59	  -1,2	  -0,5	  -8,2	  -7,8	 -12,7	  -6,0
*	    32,2545	 1	 69,01	 61,91	  -4,1	  -3,3	 -11,0	 -10,7	 -15,6	  -8,9
*	    32,6955	 1	 64,86	 61,27	  -4,5	  -3,7	 -11,5	 -11,1	 -16,0	  -9,4
*	    28,0698	 1	 69,11	 65,64	  -2,4	  -1,6	  -9,3	  -9,0	 -13,9	  -7,2
*	    28,6525	 1	 64,98	 65,07	  -3,0	  -2,2	  -9,9	  -9,6	 -14,5	  -7,8
*	    24,9745	 1	322,14	 36,90	  -1,8	  -1,0	  -8,7	  -8,4	 -13,3	  -6,6
*	    21,2998	 1	323,13	 45,16	   0,8	   1,5	  -6,2	  -5,8	 -10,8	  -4,0
*	    18,2611	 1	324,14	 57,06	   3,3	   4,1	  -3,6	  -3,3	  -8,2	  -1,4
*	    16,1649	 1	325,18	 73,72	   5,3	   6,1	  -1,6	  -1,2	  -6,2	   0,6
*	    15,3863	 1	326,25	 94,19	   6,1	   6,8	  -0,9	  -0,5	  -5,4	   1,4
*	    29,7103	 1	321,05	 30,38	  -4,5	  -3,8	 -11,5	 -11,1	 -16,1	  -9,4
*	    21,7907	 1	185,35	 52,23	  -1,8	  -1,0	  -8,7	  -8,3	 -13,3	  -6,5
*	    19,0633	 1	184,46	 62,43	  -0,0	   0,7	  -7,0	  -6,6	 -11,5	  -4,8
*	    17,1872	 1	183,57	 74,97	   1,2	   2,0	  -5,7	  -5,3	 -10,3	  -3,5
*	    16,3462	 1	182,67	 89,17	   1,8	   2,6	  -5,1	  -4,8	  -9,7	  -2,9
*	    26,0934	 1	  0,06	 50,40	   0,5	   1,3	  -6,4	  -6,1	 -11,0	  -4,3
*	    25,2986	 1	351,03	 45,89	   1,5	   2,2	  -5,5	  -5,1	 -10,0	  -3,3
*	    25,1723	 1	338,44	 41,60	   2,2	   3,0	  -4,7	  -4,4	  -9,3	  -2,6
*	    23,0424	 1	  0,80	 58,37	   2,1	   2,8	  -4,9	  -4,5	  -9,5	  -2,7
*	    22,0350	 1	351,90	 54,22	   3,3	   4,1	  -3,6	  -3,3	  -8,2	  -1,4
*	    21,7102	 1	339,41	 50,04	   4,4	   5,2	  -2,6	  -2,2	  -7,1	  -0,4
*	    20,6783	 1	  1,54	 68,00	   3,4	   4,1	  -3,6	  -3,2	  -8,1	  -1,4
*	    19,4615	 1	352,78	 64,80	   5,0	   5,7	  -2,0	  -1,6	  -6,5	   0,2
*	    18,9228	 1	340,39	 61,39	   6,4	   7,2	  -0,5	  -0,2	  -5,1	   1,7
*	    19,1421	 1	  2,29	 79,11	   4,3	   5,0	  -2,7	  -2,3	  -7,3	  -0,5
*	    17,7686	 1	353,65	 77,62	   6,1	   6,9	  -0,8	  -0,4	  -5,4	   1,4
*	    17,0549	 1	341,39	 76,01	   7,9	   8,7	   1,0	   1,3	  -3,6	   3,2
*	    18,5480	 1	  3,03	 91,10	   4,6	   5,3	  -2,4	  -2,0	  -6,9	  -0,2
*	    17,1272	 1	354,54	 91,86	   6,5	   7,3	  -0,4	  -0,1	  -5,0	   1,8
*	    29,0511	 1	341,56	 36,42	  -0,1	   0,7	  -7,0	  -6,7	 -11,6	  -4,9
*	    29,2080	 1	353,12	 40,70	  -0,6	   0,1	  -7,6	  -7,2	 -12,2	  -5,5
*	    29,9829	 1	  1,44	 45,17	  -1,4	  -0,6	  -8,4	  -8,0	 -13,0	  -6,3
*	    33,3613	 1	340,63	 31,59	  -2,1	  -1,3	  -9,0	  -8,7	 -13,6	  -7,0
*	    33,3796	 1	352,29	 35,58	  -2,5	  -1,7	  -9,4	  -9,1	 -14,0	  -7,4
*	    33,9897	 1	  0,73	 39,90	  -3,1	  -2,3	 -10,0	  -9,7	 -14,6	  -8,0
*	    37,9854	 1	339,71	 27,83	  -4,0	  -3,2	 -11,0	 -10,6	 -15,6	  -8,9
*	    37,8968	 1	351,47	 31,49	  -4,3	  -3,5	 -11,2	 -10,9	 -15,8	  -9,2
*	    38,3704	 1	  0,02	 35,57	  -4,7	  -4,0	 -11,7	 -11,3	 -16,3	  -9,6
*	    17,8043	 1	224,09	 21,68	   0,9	   1,7	  -6,0	  -5,6	 -10,6	  -3,8
*	    18,4363	 1	203,50	 29,60	   0,1	   0,8	  -6,9	  -6,5	 -11,4	  -4,7
*	    19,8382	 1	 55,56	 93,52	   1,2	   1,9	  -5,8	  -5,4	 -10,3	  -3,6
*	    18,6881	 1	 59,75	 93,11	   2,1	   2,9	  -4,8	  -4,5	  -9,4	  -2,6
*	    19,6177	 1	 55,38	 88,54	   1,2	   2,0	  -5,7	  -5,3	 -10,3	  -3,5
*	    18,4803	 1	 59,60	 88,33	   2,2	   2,9	  -4,8	  -4,4	  -9,3	  -2,6
*	    20,1552	 1	 55,21	 83,52	   1,0	   1,8	  -5,9	  -5,6	 -10,5	  -3,8
*	    19,0712	 1	 59,45	 83,54	   1,9	   2,6	  -5,1	  -4,7	  -9,6	  -2,9
*	    21,4266	 1	 55,03	 78,58	   0,5	   1,2	  -6,5	  -6,1	 -11,1	  -4,3
*	    20,4283	 1	 59,30	 78,79	   1,2	   2,0	  -5,7	  -5,4	 -10,3	  -3,5
*	    23,3846	 1	 54,85	 73,74	  -0,3	   0,4	  -7,3	  -6,9	 -11,9	  -5,1
*	    22,4917	 1	 59,14	 74,16	   0,3	   1,1	  -6,6	  -6,3	 -11,2	  -4,4
*	    25,9671	 1	 54,67	 69,11	  -1,3	  -0,6	  -8,3	  -7,9	 -12,9	  -6,1
*	    25,1864	 1	 58,99	 69,69	  -0,8	  -0,0	  -7,7	  -7,4	 -12,3	  -5,6
*	    29,1052	 1	 54,49	 64,70	  -2,5	  -1,7	  -9,4	  -9,1	 -14,0	  -7,3
*	    28,4339	 1	 58,84	 65,43	  -2,0	  -1,3	  -9,0	  -8,6	 -13,6	  -6,9
*	    33,3807	 1	 59,64	 60,38	  -3,7	  -3,0	 -10,7	 -10,3	 -15,3	  -8,6
*	    33,8141	 1	 55,36	 59,48	  -4,1	  -3,3	 -11,0	 -10,7	 -15,6	  -8,9
*	    29,4926	 1	 59,79	 64,30	  -2,3	  -1,6	  -9,3	  -9,0	 -13,9	  -7,2
*	    30,0234	 1	 55,53	 63,51	  -2,8	  -2,0	  -9,7	  -9,4	 -14,3	  -7,6
*	    24,5522	 1	182,87	 57,20	  -3,8	  -3,1	 -10,8	 -10,4	 -15,3	  -8,6
*	    22,0795	 1	182,13	 66,52	  -2,5	  -1,7	  -9,4	  -9,1	 -14,0	  -7,2
*	    20,4056	 1	181,39	 77,36	  -1,5	  -0,7	  -8,5	  -8,1	 -13,0	  -6,3
*	    19,6512	 1	180,65	 89,21	  -1,1	  -0,3	  -8,0	  -7,7	 -12,6	  -5,8
*	    27,2846	 1	 16,21	 57,56	  -0,3	   0,5	  -7,3	  -6,9	 -11,8	  -5,1
*	    26,7637	 1	  9,56	 54,67	   0,4	   1,2	  -6,6	  -6,2	 -11,1	  -4,4
*	    24,5563	 1	 16,75	 64,54	   0,8	   1,6	  -6,1	  -5,8	 -10,7	  -4,0
*	    23,9097	 1	 10,18	 62,12	   1,7	   2,5	  -5,3	  -4,9	  -9,8	  -3,1
*	    22,4826	 1	 17,28	 72,39	   1,7	   2,5	  -5,2	  -4,9	  -9,8	  -3,0
*	    21,7267	 1	 10,79	 70,71	   2,7	   3,5	  -4,2	  -3,9	  -8,8	  -2,0
*	    21,1446	 1	 17,80	 80,92	   2,3	   3,1	  -4,6	  -4,3	  -9,2	  -2,4
*	    20,3168	 1	 11,41	 80,26	   3,4	   4,2	  -3,5	  -3,2	  -8,1	  -1,3
*	    20,6002	 1	 18,33	 89,83	   2,5	   3,3	  -4,4	  -4,0	  -9,0	  -2,2
*	    19,7563	 1	 12,02	 90,33	   3,7	   4,4	  -3,3	  -2,9	  -7,8	  -1,1
*	    39,1630	 1	 14,52	 41,21	  -4,6	  -3,9	 -11,6	 -11,3	 -16,2	  -9,6
*	    38,9951	 1	  7,60	 38,06	  -4,3	  -3,6	 -11,3	 -10,9	 -15,9	  -9,3
*	    34,9253	 1	 15,06	 45,58	  -3,2	  -2,4	 -10,2	  -9,8	 -14,8	  -8,1
*	    34,6598	 1	  8,23	 42,39	  -2,8	  -2,0	  -9,7	  -9,4	 -14,3	  -7,7
*	    31,0860	 1	 15,60	 50,69	  -1,8	  -1,0	  -8,7	  -8,4	 -13,3	  -6,7
*	    30,7076	 1	  8,85	 47,55	  -1,3	  -0,5	  -8,2	  -7,9	 -12,8	  -6,1
*	    19,7833	 1	193,39	 37,84	  -1,3	  -0,5	  -8,2	  -7,9	 -12,8	  -6,0
*	    27,0719	 1	 50,30	 67,56	  -1,1	  -0,4	  -8,1	  -7,7	 -12,7	  -5,9
*	    27,4583	 1	 45,86	 66,67	  -1,3	  -0,6	  -8,3	  -7,9	 -12,9	  -6,2
*	    24,4636	 1	 50,51	 72,35	  -0,2	   0,6	  -7,1	  -6,8	 -11,7	  -5,0
*	    24,9009	 1	 46,11	 71,69	  -0,4	   0,3	  -7,4	  -7,0	 -12,0	  -5,2
*	    22,4638	 1	 50,72	 77,38	   0,6	   1,4	  -6,4	  -6,0	 -10,9	  -4,2
*	    22,9506	 1	 46,35	 76,98	   0,3	   1,0	  -6,7	  -6,3	 -11,2	  -4,5
*	    21,1288	 1	 50,92	 82,56	   1,1	   1,9	  -5,8	  -5,5	 -10,4	  -3,6
*	    21,6593	 1	 46,58	 82,46	   0,8	   1,5	  -6,2	  -5,8	 -10,7	  -4,0
*	    20,5012	 1	 51,13	 87,81	   1,4	   2,1	  -5,6	  -5,2	 -10,1	  -3,4
*	    21,0650	 1	 46,82	 88,02	   1,0	   1,8	  -5,9	  -5,6	 -10,5	  -3,8
*	    20,6037	 1	 51,33	 93,07	   1,3	   2,1	  -5,6	  -5,2	 -10,2	  -3,4
*	    21,1867	 1	 47,05	 93,57	   1,0	   1,7	  -6,0	  -5,6	 -10,6	  -3,8
*	    30,6994	 1	 44,50	 61,71	  -2,5	  -1,7	  -9,4	  -9,1	 -14,0	  -7,3
*	    30,2678	 1	 49,09	 62,78	  -2,3	  -1,5	  -9,2	  -8,9	 -13,8	  -7,1
*	    34,2788	 1	 44,25	 57,31	  -3,6	  -2,9	 -10,6	 -10,2	 -15,2	  -8,5
*	    33,8914	 1	 48,87	 58,52	  -3,5	  -2,7	 -10,4	 -10,1	 -15,0	  -8,3
*	    37,9353	 1	 48,65	 54,58	  -4,7	  -4,0	 -11,7	 -11,4	 -16,3	  -9,7
*	    20,9151	 1	313,47	 31,72	  -0,7	   0,1	  -7,6	  -7,3	 -12,2	  -5,4
*	    23,4538	 1	322,30	 40,02	  -2,4	  -1,6	  -9,3	  -9,0	 -13,9	  -7,2
*	    20,9200	 1	313,50	 31,74	  -0,8	  -0,0	  -7,8	  -7,4	 -12,3	  -5,6
s	    21,1540	 1	 22,74	 91,08	  28,8	  29,5	  21,8	  22,2	  17,2	  24,0
*	    27,9221	 1	 29,03	 62,26	  -0,9	  -0,1	  -7,9	  -7,5	 -12,4	  -5,7
*	    27,6457	 1	 23,63	 60,35	  -0,5	   0,3	  -7,4	  -7,1	 -12,0	  -5,3
*	    25,3599	 1	 29,42	 68,33	   0,0	   0,8	  -6,9	  -6,6	 -11,5	  -4,8
*	    25,0234	 1	 24,08	 66,80	   0,5	   1,3	  -6,4	  -6,1	 -11,0	  -4,3
*	    23,4218	 1	 29,81	 74,89	   0,8	   1,5	  -6,2	  -5,8	 -10,7	  -4,0
*	    23,0378	 1	 24,52	 73,91	   1,3	   2,1	  -5,6	  -5,3	 -10,2	  -3,5
*	    22,1642	 1	 30,19	 81,83	   1,3	   2,0	  -5,7	  -5,3	 -10,3	  -3,5
*	    21,7538	 1	 24,96	 81,48	   1,8	   2,6	  -5,1	  -4,8	  -9,7	  -2,9
*	    21,6263	 1	 30,57	 88,97	   1,4	   2,2	  -5,5	  -5,1	 -10,1	  -3,3
*	    21,2168	 1	 25,40	 89,32	   2,0	   2,8	  -4,9	  -4,6	  -9,5	  -2,7
*	    39,2896	 1	 27,79	 46,92	  -4,7	  -3,9	 -11,7	 -11,3	 -16,3	  -9,6
*	    39,2073	 1	 22,20	 44,50	  -4,5	  -3,7	 -11,5	 -11,1	 -16,1	  -9,4
*	    35,1991	 1	 28,19	 51,20	  -3,4	  -2,6	 -10,4	 -10,0	 -15,0	  -8,3
*	    35,0596	 1	 22,66	 48,85	  -3,1	  -2,4	 -10,1	  -9,7	 -14,7	  -8,0
*	    31,5247	 1	 28,58	 56,04	  -2,2	  -1,4	  -9,1	  -8,8	 -13,7	  -7,0
*	    31,3224	 1	 23,11	 53,83	  -1,8	  -1,1	  -8,8	  -8,4	 -13,4	  -6,7
*	    31,6765	 1	113,54	 71,92	  -2,3	  -1,5	  -9,2	  -8,9	 -13,8	  -7,1
*	    29,6915	 1	109,58	 71,93	  -1,1	  -0,4	  -8,1	  -7,7	 -12,7	  -6,0
*	    28,8185	 1	113,44	 75,64	  -1,0	  -0,2	  -7,9	  -7,6	 -12,5	  -5,8
*	    26,6173	 1	109,49	 75,63	   0,4	   1,1	  -6,6	  -6,2	 -11,2	  -4,4
*	    26,5502	 1	113,35	 79,46	   0,1	   0,9	  -6,8	  -6,5	 -11,4	  -4,7
*	    24,1332	 1	109,41	 79,42	   1,7	   2,5	  -5,2	  -4,9	  -9,8	  -3,0
*	    24,9675	 1	113,25	 83,33	   0,9	   1,7	  -6,0	  -5,6	 -10,6	  -3,8
*	    22,3634	 1	109,33	 83,27	   2,8	   3,6	  -4,1	  -3,8	  -8,7	  -1,9
*	    24,1589	 1	113,16	 87,25	   1,4	   2,2	  -5,5	  -5,2	 -10,1	  -3,4
*	    21,4336	 1	109,26	 87,15	   3,5	   4,2	  -3,5	  -3,1	  -8,1	  -1,3
*	    24,1828	 1	113,06	 91,16	   1,5	   2,2	  -5,5	  -5,1	 -10,1	  -3,3
*	    21,4342	 1	109,18	 91,03	   3,5	   4,3	  -3,4	  -3,1	  -8,0	  -1,2
*	    37,8765	 1	109,75	 64,39	  -4,5	  -3,8	 -11,5	 -11,2	 -16,1	  -9,5
*	    35,6106	 1	113,65	 67,77	  -3,9	  -3,1	 -10,8	 -10,5	 -15,4	  -8,8
*	    33,8567	 1	109,67	 67,80	  -3,0	  -2,2	  -9,9	  -9,6	 -14,5	  -7,8
s	    21,5603	 1	 40,05	 90,16	  28,7	  29,5	  21,8	  22,1	  17,2	  24,0
*	    27,8710	 1	 40,13	 65,41	  -1,2	  -0,4	  -8,1	  -7,8	 -12,7	  -6,0
*	    27,9222	 1	 35,34	 64,12	  -1,1	  -0,3	  -8,0	  -7,7	 -12,6	  -5,9
*	    25,3465	 1	 40,42	 70,75	  -0,3	   0,5	  -7,2	  -6,9	 -11,8	  -5,1
*	    25,3934	 1	 35,67	 69,76	  -0,2	   0,6	  -7,1	  -6,8	 -11,7	  -5,0
*	    23,4303	 1	 40,71	 76,41	   0,4	   1,2	  -6,5	  -6,2	 -11,1	  -4,4
*	    23,4784	 1	 36,00	 75,79	   0,5	   1,3	  -6,4	  -6,1	 -11,0	  -4,2
*	    22,1724	 1	 40,99	 82,30	   0,9	   1,7	  -6,1	  -5,7	 -10,6	  -3,9
*	    22,2285	 1	 36,32	 82,12	   1,0	   1,8	  -5,9	  -5,6	 -10,5	  -3,8
*	    21,6082	 1	 41,27	 88,31	   1,1	   1,9	  -5,8	  -5,5	 -10,4	  -3,7
*	    21,6797	 1	 36,64	 88,58	   1,2	   2,0	  -5,7	  -5,4	 -10,3	  -3,6
*	    21,7540	 1	 41,54	 94,31	   1,0	   1,8	  -5,9	  -5,6	 -10,5	  -3,7
*	    21,8473	 1	 36,96	 95,03	   1,1	   1,9	  -5,8	  -5,5	 -10,4	  -3,6
*	    39,0926	 1	 39,22	 51,20	  -4,8	  -4,0	 -11,7	 -11,4	 -16,3	  -9,7
*	    39,1724	 1	 34,29	 49,40	  -4,7	  -4,0	 -11,7	 -11,3	 -16,3	  -9,7
*	    35,0472	 1	 39,51	 55,29	  -3,5	  -2,8	 -10,5	 -10,1	 -15,1	  -8,4
*	    35,1172	 1	 34,63	 53,58	  -3,5	  -2,7	 -10,4	 -10,1	 -15,0	  -8,4
*	    31,4209	 1	 39,80	 59,78	  -2,4	  -1,6	  -9,3	  -9,0	 -13,9	  -7,2
*	    31,4811	 1	 34,97	 58,23	  -2,3	  -1,5	  -9,2	  -8,9	 -13,8	  -7,1
*	    21,7165	 1	187,88	 44,99	  -3,0	  -2,2	  -9,9	  -9,6	 -14,5	  -7,7
*	    22,5433	 1	179,73	 86,45	  -3,4	  -2,6	 -10,3	 -10,0	 -14,9	  -8,2
*	    23,4755	 1	180,38	 76,12	  -3,8	  -3,1	 -10,8	 -10,4	 -15,4	  -8,6
*	    25,2332	 1	181,03	 66,64	  -4,7	  -4,0	 -11,7	 -11,3	 -16,3	  -9,5
s	    23,0609	 1	 90,00	 38,70	  28,2	  31,5	  21,6	  21,9	  25,5	  22,8
*	    30,4212	 1	 20,87	 19,03	   8,1	  11,5	   1,5	   1,9	   5,4	   2,7
*	    26,9320	 1	 51,83	 31,87	   8,4	  11,7	   1,8	   2,1	   5,6	   3,0
*	    26,7704	 1	 62,13	 43,49	   8,0	  11,3	   1,3	   1,7	   5,2	   2,6
*	    29,6031	 1	 66,91	 51,90	   7,2	  10,5	   0,5	   0,9	   4,4	   1,7
*	    27,5037	 1	106,04	 11,34	   9,1	  12,4	   2,5	   2,8	   6,3	   3,7
*	    23,7658	 1	 88,48	 29,06	   9,4	  12,8	   2,8	   3,2	   6,7	   4,1
*	    23,3119	 1	 84,81	 42,19	   9,2	  12,5	   2,6	   2,9	   6,4	   3,8
*	    25,8398	 1	 83,26	 51,18	   8,6	  12,0	   2,0	   2,4	   5,9	   3,2
*	    31,6433	 1	 82,39	 57,44	   7,4	  10,7	   0,8	   1,1	   4,6	   1,9
*	    29,8470	 1	148,65	 26,72	   7,9	  11,2	   1,3	   1,6	   5,1	   2,5
*	    25,7495	 1	119,49	 35,54	   8,6	  11,9	   1,9	   2,3	   5,8	   3,2
*	    24,8644	 1	105,99	 45,13	   8,6	  12,0	   2,0	   2,4	   5,9	   3,3
*	    27,0116	 1	 99,01	 52,66	   8,3	  11,7	   1,7	   2,1	   5,6	   2,9
*	    32,5286	 1	 94,85	 58,25	   7,3	  10,6	   0,6	   1,0	   4,5	   1,8
*	    36,6791	 1	157,58	 40,92	   5,3	   8,6	  -1,4	  -1,0	   2,5	  -0,3
*	    32,3573	 1	136,13	 44,77	   6,2	   9,5	  -0,5	  -0,1	   3,4	   0,7
*	    31,1492	 1	121,59	 50,37	   6,5	   9,8	  -0,1	   0,2	   3,7	   1,0
*	    33,0190	 1	112,23	 55,66	   6,3	   9,7	  -0,3	   0,0	   3,5	   0,8
*	    42,5217	 1	145,02	 52,70	   3,0	   6,3	  -3,7	  -3,3	   0,2	  -2,6
*	    41,2003	 1	132,10	 55,77	   3,4	   6,7	  -3,3	  -2,9	   0,6	  -2,2
s	    25,3469	 2	  6,70	 91,88	  27,4	  23,0	   1,3	   1,7	  -3,3	  16,7
s	    26,2406	 2	 27,08	 90,67	  27,3	  22,9	   1,2	   1,5	  -3,4	  16,6
s	    26,6655	 2	 30,38	 90,47	  27,3	  22,8	   1,1	   1,5	  -3,4	  16,5
*	    35,6617	 1	122,32	 71,72	  -2,7	  -1,9	  -9,6	  -9,3	 -14,2	  -7,6
*	    33,8850	 1	118,33	 71,81	  -1,8	  -1,0	  -8,7	  -8,4	 -13,3	  -6,6
*	    33,1517	 1	122,19	 75,54	  -1,7	  -1,0	  -8,7	  -8,3	 -13,3	  -6,6
*	    31,2319	 1	118,22	 75,58	  -0,7	   0,1	  -7,7	  -7,3	 -12,2	  -5,6
*	    31,2080	 1	122,05	 79,45	  -1,0	  -0,2	  -7,9	  -7,6	 -12,5	  -5,8
*	    29,1573	 1	118,10	 79,44	   0,2	   1,0	  -6,8	  -6,4	 -11,4	  -4,7
*	    29,8889	 1	121,92	 83,44	  -0,4	   0,3	  -7,4	  -7,0	 -12,0	  -5,3
*	    27,7332	 1	117,98	 83,36	   0,8	   1,6	  -6,1	  -5,8	 -10,7	  -4,0
*	    29,2412	 1	121,79	 87,46	  -0,1	   0,6	  -7,1	  -6,7	 -11,7	  -5,0
*	    27,0207	 1	117,87	 87,34	   1,2	   2,0	  -5,8	  -5,4	 -10,3	  -3,6
*	    29,2928	 1	121,66	 91,48	  -0,1	   0,6	  -7,1	  -6,7	 -11,7	  -5,0
*	    27,0579	 1	117,76	 91,30	   1,2	   2,0	  -5,7	  -5,4	 -10,3	  -3,6
*	    40,3307	 1	117,69	 64,77	  -4,0	  -3,3	 -11,0	 -10,7	 -15,6	  -9,0
*	    41,7282	 1	121,68	 64,59	  -4,7	  -3,9	 -11,6	 -11,3	 -16,3	  -9,6
s	    27,5152	 2	247,65	 49,08	  26,9	  25,0	   1,0	   1,4	   4,9	  15,5
s	    27,8302	 2	 15,82	 91,26	  27,1	  22,7	   1,0	   1,4	  -3,6	  16,4
s	    27,9935	 2	 90,00	 35,39	  25,5	  29,9	  21,0	  21,6	  25,2	  22,6
*	    28,3606	 1	220,38	 20,24	 -10,5	  -5,8	   7,3	   8,6	   5,6	   0,8
*	    27,9963	 1	250,44	 15,60	 -10,2	  -5,5	   7,7	   9,0	   5,9	   1,1
*	    28,5071	 1	288,20	 16,83	 -10,4	  -5,6	   7,5	   8,8	   5,7	   1,0
*	    29,8791	 1	312,23	 22,84	 -11,0	  -6,3	   6,9	   8,2	   5,1	   0,3
s	    28,0169	 2	 87,39	 42,70	  26,8	  24,9	   1,0	   1,3	   4,9	  15,4
s	    28,2067	 2	 89,52	 42,83	  26,8	  24,9	   1,0	   1,3	   4,8	  15,4
s	    28,4588	 3	 87,68	130,62	  26,0	  23,9	  -0,6	  -0,9	   2,2	  12,3
s	    28,6020	 2	357,40	 92,36	  27,1	  22,6	   0,9	   1,3	  -3,7	  16,3
s	    28,6475	 3	 89,57	130,48	  26,0	  23,9	  -0,6	  -1,0	   2,2	  12,3
*	    29,7669	 1	240,79	 12,72	  -4,9	  -4,1	 -11,8	 -11,5	 -16,4	  -9,7
s	    30,8504	 3	244,76	139,82	  25,5	  23,9	   0,1	   0,6	   4,3	  14,9
*	    31,2592	 1	125,50	 92,40	   0,1	   0,8	  -6,9	  -6,5	 -11,5	  -4,8
*	    32,8235	 1	129,41	 92,67	  -0,8	  -0,0	  -7,7	  -7,4	 -12,3	  -5,7
*	    31,0804	 1	125,65	 88,31	   0,1	   0,9	  -6,9	  -6,5	 -11,4	  -4,8
*	    32,6385	 1	129,58	 88,48	  -0,7	   0,0	  -7,7	  -7,3	 -12,3	  -5,6
*	    31,5654	 1	125,80	 84,21	  -0,1	   0,7	  -7,1	  -6,7	 -11,7	  -5,0
*	    33,0892	 1	129,74	 84,29	  -0,9	  -0,1	  -7,9	  -7,5	 -12,5	  -5,8
*	    32,6962	 1	125,95	 80,14	  -0,5	   0,2	  -7,5	  -7,1	 -12,1	  -5,4
*	    34,1614	 1	129,91	 80,12	  -1,3	  -0,5	  -8,2	  -7,9	 -12,8	  -6,2
*	    34,4375	 1	126,10	 76,14	  -1,2	  -0,4	  -8,1	  -7,8	 -12,7	  -6,1
*	    35,8259	 1	130,08	 76,04	  -1,9	  -1,1	  -8,8	  -8,5	 -13,4	  -6,8
*	    36,7425	 1	126,25	 72,25	  -2,0	  -1,2	  -8,9	  -8,6	 -13,5	  -6,9
*	    38,0430	 1	130,24	 72,05	  -2,6	  -1,8	  -9,6	  -9,2	 -14,2	  -7,5
*	    39,5585	 1	126,40	 68,49	  -2,9	  -2,2	  -9,9	  -9,5	 -14,5	  -7,9
*	    40,7662	 1	130,41	 68,22	  -3,5	  -2,7	 -10,4	 -10,1	 -15,0	  -8,4
*	    44,1997	 1	127,58	 63,67	  -4,4	  -3,7	 -11,4	 -11,0	 -16,0	  -9,4
*	    42,0917	 1	131,48	 66,97	  -3,9	  -3,1	 -10,9	 -10,5	 -15,5	  -8,9
*	    40,8136	 1	127,42	 67,23	  -3,4	  -2,6	 -10,3	 -10,0	 -14,9	  -8,3
s	    31,3188	 3	299,67	 95,17	  25,9	  16,3	 -19,4	 -19,0	 -24,0	   9,1
s	    31,7125	 3	  3,78	 91,88	  25,9	  16,2	 -19,4	 -19,1	 -24,0	   9,1
s	    31,8251	 3	294,00	 95,32	  25,9	  16,2	 -19,4	 -19,1	 -24,0	   9,1
s	    32,1725	 3	247,80	 45,73	  24,2	  23,4	   0,6	   1,2	   4,7	  15,3
*	    32,4474	 1	177,65	 87,32	  -2,5	  -1,8	  -9,5	  -9,1	 -14,1	  -7,4
*	    33,2132	 1	178,12	 79,84	  -2,8	  -2,0	  -9,8	  -9,4	 -14,4	  -7,7
*	    34,6456	 1	178,59	 72,69	  -3,3	  -2,6	 -10,3	 -10,0	 -14,9	  -8,2
*	    36,6993	 1	179,05	 66,06	  -4,1	  -3,3	 -11,1	 -10,7	 -15,7	  -9,0
s	    32,6451	 3	 87,37	 39,35	  24,2	  23,4	   0,5	   1,1	   4,7	  15,2
s	    32,7993	 3	249,43	 52,68	  25,5	  18,4	 -19,6	 -19,2	 -15,7	   8,1
s	    32,8239	 3	 89,52	 39,48	  24,2	  23,4	   0,5	   1,1	   4,6	  15,2
s	    32,9688	 3	247,71	 52,74	  25,4	  18,4	 -19,6	 -19,2	 -15,7	   8,0
*	    35,8268	 1	162,47	 89,18	  -1,0	  -0,3	  -8,0	  -7,6	 -12,6	  -5,9
*	    34,6029	 1	166,80	 89,45	  -0,4	   0,4	  -7,3	  -7,0	 -11,9	  -5,3
*	    33,7958	 1	171,84	 89,78	   0,2	   1,0	  -6,7	  -6,4	 -11,3	  -4,6
*	    36,3134	 1	162,81	 83,28	  -1,2	  -0,4	  -8,1	  -7,8	 -12,7	  -6,1
*	    35,0946	 1	167,18	 83,10	  -0,5	   0,3	  -7,5	  -7,1	 -12,1	  -5,4
*	    34,2927	 1	172,26	 82,93	   0,1	   0,8	  -6,9	  -6,5	 -11,5	  -4,8
*	    37,4001	 1	163,16	 77,51	  -1,5	  -0,8	  -8,5	  -8,1	 -13,1	  -6,4
*	    36,2077	 1	167,57	 76,89	  -0,9	  -0,1	  -7,8	  -7,5	 -12,4	  -5,8
*	    35,4331	 1	172,68	 76,27	  -0,3	   0,5	  -7,3	  -6,9	 -11,9	  -5,2
*	    39,0631	 1	163,51	 71,95	  -2,0	  -1,3	  -9,0	  -8,7	 -13,6	  -7,0
*	    37,9151	 1	167,95	 70,97	  -1,4	  -0,7	  -8,4	  -8,1	 -13,0	  -6,4
*	    37,1860	 1	173,10	 69,96	  -0,9	  -0,2	  -7,9	  -7,5	 -12,5	  -5,8
*	    41,2674	 1	163,86	 66,72	  -2,7	  -2,0	  -9,7	  -9,3	 -14,3	  -7,7
*	    40,1774	 1	168,34	 65,41	  -2,2	  -1,4	  -9,1	  -8,8	 -13,8	  -7,1
*	    39,5064	 1	173,52	 64,09	  -1,7	  -0,9	  -8,7	  -8,3	 -13,3	  -6,7
*	    45,9877	 1	173,14	 53,99	  -3,8	  -3,1	 -10,8	 -10,5	 -15,4	  -8,8
*	    46,6181	 1	168,05	 55,71	  -4,2	  -3,4	 -11,2	 -10,8	 -15,8	  -9,2
*	    47,6575	 1	163,66	 57,42	  -4,6	  -3,9	 -11,6	 -11,3	 -16,2	  -9,7
*	    42,6762	 1	172,72	 58,72	  -2,8	  -2,0	  -9,8	  -9,4	 -14,4	  -7,8
*	    43,3745	 1	167,67	 60,29	  -3,2	  -2,5	 -10,2	  -9,9	 -14,8	  -8,2
*	    44,4846	 1	163,31	 61,84	  -3,7	  -3,0	 -10,7	 -10,4	 -15,3	  -8,7
*	    34,4642	 1	134,37	 91,98	  -0,8	  -0,0	  -7,7	  -7,4	 -12,3	  -5,7
*	    35,4296	 1	138,35	 92,31	  -1,2	  -0,5	  -8,2	  -7,8	 -12,8	  -6,1
*	    34,4231	 1	134,56	 87,64	  -0,8	  -0,0	  -7,7	  -7,4	 -12,3	  -5,7
*	    35,3772	 1	138,56	 87,83	  -1,2	  -0,4	  -8,2	  -7,8	 -12,8	  -6,1
*	    34,9903	 1	134,75	 83,32	  -1,0	  -0,2	  -7,9	  -7,6	 -12,5	  -5,9
*	    35,9203	 1	138,76	 83,36	  -1,4	  -0,6	  -8,3	  -8,0	 -12,9	  -6,3
*	    36,1515	 1	134,93	 79,03	  -1,3	  -0,6	  -8,3	  -8,0	 -12,9	  -6,3
*	    37,0464	 1	138,97	 78,94	  -1,7	  -1,0	  -8,7	  -8,4	 -13,3	  -6,7
*	    37,8798	 1	135,12	 74,84	  -1,9	  -1,1	  -8,9	  -8,5	 -13,5	  -6,8
*	    38,7316	 1	139,18	 74,61	  -2,3	  -1,5	  -9,2	  -8,9	 -13,8	  -7,2
*	    40,1394	 1	135,32	 70,79	  -2,6	  -1,8	  -9,6	  -9,2	 -14,2	  -7,6
*	    40,9428	 1	139,39	 70,45	  -2,9	  -2,2	  -9,9	  -9,6	 -14,5	  -7,9
*	    45,8231	 1	135,69	 63,47	  -4,3	  -3,5	 -11,3	 -10,9	 -15,9	  -9,3
*	    46,5290	 1	139,80	 62,95	  -4,6	  -3,8	 -11,5	 -11,2	 -16,1	  -9,6
s	    36,2653	 1	142,20	 89,84	  27,0	  27,8	  20,1	  20,4	  15,5	  22,1
*	    36,3033	 1	143,40	 91,01	  -1,2	  -0,4	  -8,1	  -7,8	 -12,7	  -6,1
*	    36,6362	 1	147,48	 91,36	  -1,3	  -0,5	  -8,2	  -7,9	 -12,8	  -6,2
*	    36,4569	 1	143,64	 86,33	  -1,2	  -0,4	  -8,2	  -7,8	 -12,8	  -6,1
*	    36,7778	 1	147,73	 86,47	  -1,3	  -0,5	  -8,3	  -7,9	 -12,9	  -6,2
*	    37,1933	 1	143,87	 81,67	  -1,4	  -0,7	  -8,4	  -8,1	 -13,0	  -6,4
*	    37,5004	 1	147,99	 81,61	  -1,5	  -0,8	  -8,5	  -8,1	 -13,1	  -6,5
*	    38,4973	 1	144,10	 77,09	  -1,8	  -1,1	  -8,8	  -8,5	 -13,4	  -6,8
*	    38,7896	 1	148,24	 76,83	  -1,9	  -1,2	  -8,9	  -8,5	 -13,5	  -6,9
*	    40,3436	 1	144,34	 72,65	  -2,4	  -1,6	  -9,4	  -9,0	 -14,0	  -7,3
*	    40,6209	 1	148,50	 72,22	  -2,5	  -1,7	  -9,4	  -9,1	 -14,0	  -7,4
*	    42,6988	 1	144,57	 68,40	  -3,1	  -2,3	 -10,0	  -9,7	 -14,7	  -8,1
*	    42,9614	 1	148,76	 67,81	  -3,2	  -2,4	 -10,1	  -9,8	 -14,7	  -8,1
*	    48,1088	 1	150,25	 60,70	  -4,6	  -3,8	 -11,6	 -11,2	 -16,2	  -9,6
*	    47,7777	 1	145,94	 61,46	  -4,5	  -3,8	 -11,5	 -11,1	 -16,1	  -9,5
*	    44,9960	 1	149,99	 64,71	  -3,7	  -3,0	 -10,7	 -10,3	 -15,3	  -8,7
*	    44,6506	 1	145,69	 65,38	  -3,6	  -2,9	 -10,6	 -10,3	 -15,2	  -8,6
s	    36,5053	 1	158,06	 90,68	  27,0	  27,8	  20,1	  20,4	  15,4	  22,1
*	    36,8171	 1	152,77	 89,89	  -1,2	  -0,4	  -8,2	  -7,8	 -12,8	  -6,1
*	    36,5178	 1	157,02	 90,21	  -1,0	  -0,2	  -7,9	  -7,6	 -12,6	  -5,9
*	    37,1641	 1	153,06	 84,71	  -1,3	  -0,5	  -8,3	  -7,9	 -12,9	  -6,2
*	    36,8581	 1	157,33	 84,74	  -1,1	  -0,3	  -8,0	  -7,7	 -12,7	  -6,0
*	    38,0909	 1	153,34	 79,60	  -1,6	  -0,8	  -8,6	  -8,2	 -13,2	  -6,5
*	    37,7862	 1	157,65	 79,34	  -1,4	  -0,6	  -8,3	  -8,0	 -12,9	  -6,3
*	    39,5793	 1	153,63	 74,62	  -2,0	  -1,3	  -9,0	  -8,7	 -13,6	  -7,0
*	    39,2832	 1	157,96	 74,10	  -1,8	  -1,1	  -8,8	  -8,5	 -13,4	  -6,8
*	    41,6010	 1	153,92	 69,85	  -2,6	  -1,9	  -9,6	  -9,3	 -14,2	  -7,6
*	    41,3199	 1	158,27	 69,10	  -2,4	  -1,7	  -9,4	  -9,1	 -14,0	  -7,4
*	    44,1205	 1	154,20	 65,33	  -3,4	  -2,6	 -10,3	 -10,0	 -15,0	  -8,4
*	    43,8587	 1	158,59	 64,39	  -3,2	  -2,4	 -10,2	  -9,8	 -14,8	  -8,2
*	    44,6376	 1	154,26	 64,53	  -3,5	  -2,8	 -10,5	 -10,1	 -15,1	  -8,5
*	    44,3798	 1	158,65	 63,56	  -3,3	  -2,6	 -10,3	 -10,0	 -14,9	  -8,3
*	    47,6946	 1	154,55	 60,34	  -4,4	  -3,6	 -11,3	 -11,0	 -16,0	  -9,4
*	    47,4593	 1	158,96	 59,25	  -4,2	  -3,5	 -11,2	 -10,9	 -15,8	  -9,2
s	    38,7323	 2	 20,08	 51,42	  25,6	  23,8	  -0,2	   0,2	   3,7	  14,2
s	    40,0910	 3	337,31	 54,66	  24,7	  17,6	 -20,3	 -20,0	 -16,5	   7,2
s	    42,1065	 3	  4,05	 54,00	  24,5	  17,4	 -20,5	 -20,2	 -16,7	   7,0
s	    42,1710	 2	154,96	 90,37	  25,6	  21,2	  -0,5	  -0,2	  -5,1	  14,7
*	    42,3975	 1	181,69	 54,65	  -4,8	  -4,1	 -11,8	 -11,5	 -16,4	  -9,8
s	    42,8345	 3	 24,69	 53,12	  24,4	  17,3	 -20,6	 -20,2	 -16,8	   6,9
s	    42,9863	 2	152,33	 90,21	  25,6	  21,1	  -0,6	  -0,3	  -5,2	  14,6
s	    43,4856	 2	 37,54	 47,12	  26,2	  27,3	  19,6	  20,1	  15,0	  21,4
s	    44,1368	 3	 13,31	 54,35	  24,3	  17,2	 -20,7	 -20,4	 -16,9	   6,8
s	    44,7723	 3	354,86	 55,75	  24,2	  17,2	 -20,8	 -20,4	 -16,9	   6,7
s	    46,6478	 3	 91,35	 92,22	  22,6	  24,1	  16,8	  15,4	   9,1	  15,5
s	    47,6053	 3	289,41	 54,73	  24,2	  20,0	  -1,5	  -0,9	  -5,9	  13,9
s	    54,7728	 3	144,30	 52,84	  22,1	  21,2	  -1,6	  -1,1	   2,5	  12,9
s	    59,1672	 3	160,77	 50,68	  21,9	  23,9	  17,6	  18,4	  13,4	  19,9
s	    59,4687	 3	164,94	 59,78	  23,0	  15,9	 -22,1	 -21,7	 -18,3	   5,3
s	    77,6138	 2	 92,00	 87,82	  22,7	  23,2	  14,8	  13,1	   6,8	  12,9
s	    83,9557	 3	243,52	 94,42	  21,5	  16,7	  -5,7	  -7,3	 -13,7	   5,6
s	    90,1377	 3	 92,56	 87,70	  21,2	  16,5	  -5,8	  -6,2	 -11,6	   7,5
s	    90,2417	 3	 91,76	 87,70	  21,2	  16,5	  -5,8	  -6,2	 -11,6	   7,5
s	   110,5345	 3	111,80	 87,79	  20,0	  15,3	  -7,1	  -7,4	 -12,9	   6,1
#END
