#HEADER
CATT-Acoustic v8.0b    Copyright © CATT 1988-2003

 Project                : Auditorio

 GEOMETRICAL INFORMATION
 Src id and loc     [m] :   A1          -9,000        0,000        0,000
 Rec id and loc     [m] :   61          -8,500       -1,000        0,000

 61        3,2565

 VARIABLE SOURCE DATA
 Directivity
   Type (library)       :  OMNI.SD0
   Dir. Index (DI) [dB] :       0,0      0,0      0,0      0,0      0,0      0,0
 Level
   On axis 1m      [dB] :      58,0     64,0     70,3     70,7     65,9     59,9
   Total power     [dB] :      68,9     74,9     81,2     81,6     76,8     70,8
   Auxiliary delay [ms] :       0,0

 VARIABLE AIR DATA
 Temperature       [°C] :      20
 Relative humidity  [%] :      50
 Density        [kg/m³] :       1,2
 Sound speed      [m/s] :     343
 Impedance      [Ns/m³] :     412
 Diss. coeff. [0.001/m] :      0,10     0,30     0,63     1,07     2,28     6,83      (estimated)

#DATAFIELDS
 TYPE DELAY ORDER AZIMUTH ELEVATION SPL125 SPL250 SPL500 SPL1K SPL2K SPL4K
#DATA
d	     0,0000	 0	 90,00	 90,00	  57,0	  63,0	  69,3	  69,7	  64,9	  58,9
s	     4,0046	 1	 90,00	153,35	  47,0	  54,1	  61,4	  62,1	  57,3	  51,3
*	    31,4442	 1	258,29	101,86	  -1,9	   5,1	  12,5	  13,1	   8,3	   2,1
*	    23,6918	 1	263,66	105,81	   4,8	  11,8	  19,2	  19,8	  15,0	   8,8
*	    22,0618	 1	242,26	106,80	   6,4	  13,4	  20,8	  21,4	  16,6	  10,5
*	    16,4561	 1	274,52	112,94	  13,1	  20,1	  27,5	  28,1	  23,3	  17,2
*	    14,1631	 1	241,50	116,29	  16,3	  23,3	  30,7	  31,3	  26,6	  20,5
*	    10,6324	 1	302,37	125,07	  22,3	  29,4	  36,8	  37,4	  32,6	  26,5
*	     7,1102	 1	238,14	143,57	  30,1	  37,2	  44,6	  45,2	  40,4	  34,4
*	     9,5832	 1	181,88	122,95	  24,0	  31,0	  38,4	  39,0	  34,3	  28,2
*	     8,5803	 1	357,82	126,73	  26,1	  33,2	  40,6	  41,2	  36,4	  30,3
*	     4,1063	 1	 70,44	150,85	  38,4	  45,5	  52,8	  53,5	  48,7	  42,7
*	     7,0206	 1	131,23	124,32	  29,9	  36,9	  44,3	  45,0	  40,2	  34,1
*	    11,6298	 1	 29,91	114,35	  20,1	  27,1	  34,5	  35,2	  30,4	  24,3
*	     8,1775	 1	 65,54	118,48	  27,4	  34,5	  41,8	  42,5	  37,7	  31,6
*	    10,1897	 1	 99,80	113,61	  23,3	  30,3	  37,7	  38,3	  33,5	  27,5
*	    17,7256	 1	 42,13	106,57	  11,2	  18,2	  25,6	  26,2	  21,5	  15,3
*	    15,4403	 1	 64,67	107,70	  14,4	  21,4	  28,8	  29,4	  24,6	  18,5
*	    25,0186	 1	 47,99	102,31	   3,4	  10,5	  17,8	  18,4	  13,6	   7,5
*	    23,3837	 1	 64,31	102,74	   5,0	  12,1	  19,5	  20,1	  15,3	   9,1
*	    32,7873	 1	 51,36	 99,72	  -2,9	   4,1	  11,5	  12,1	   7,3	   1,0
*	    31,5289	 1	 64,11	 99,94	  -2,0	   5,1	  12,4	  13,0	   8,2	   2,0
*	    40,7773	 1	 53,53	 98,01	  -8,2	  -1,1	   6,2	   6,8	   2,0	  -4,3
s	     5,7377	 1	140,72	 90,00	  46,4	  47,2	  39,5	  39,9	  35,1	  42,3
*	    31,9162	 1	187,76	 17,93	   3,2	   3,9	  -3,8	  -3,4	  -8,3	  -1,3
*	    31,0225	 1	147,98	 16,47	   3,8	   4,6	  -3,1	  -2,7	  -7,6	  -0,6
*	    25,4207	 1	187,76	 22,35	   8,5	   9,3	   1,6	   1,9	  -2,9	   4,1
*	    24,3188	 1	147,98	 20,57	   9,5	  10,3	   2,6	   3,0	  -1,9	   5,2
*	    19,2398	 1	187,76	 29,37	  14,8	  15,6	   7,9	   8,3	   3,4	  10,5
*	    17,8205	 1	147,98	 27,19	  16,5	  17,3	   9,6	  10,0	   5,1	  12,2
*	    13,7180	 1	187,76	 41,73	  22,2	  23,0	  15,3	  15,7	  10,8	  17,9
*	    11,7952	 1	147,98	 39,16	  25,3	  26,1	  18,4	  18,8	  13,9	  21,1
*	     9,7234	 1	187,76	 65,07	  29,2	  30,0	  22,3	  22,7	  17,9	  25,0
*	     7,1012	 1	147,98	 63,01	  35,1	  35,8	  28,2	  28,6	  23,7	  30,9
*	     8,8976	 1	187,76	100,81	  31,0	  31,8	  24,1	  24,5	  19,7	  26,8
*	     6,0513	 1	147,98	101,81	  37,9	  38,7	  31,0	  31,4	  26,5	  33,7
*	    39,6360	 1	187,76	 14,56	  -2,0	  -1,2	  -8,9	  -8,6	 -13,4	  -6,5
*	    38,9057	 1	147,98	 13,34	  -1,6	  -0,8	  -8,5	  -8,1	 -13,0	  -6,1
*	    31,6328	 1	109,52	 22,59	   4,1	   4,8	  -2,9	  -2,5	  -7,3	  -0,4
*	    33,3723	 1	 91,97	 29,59	   2,8	   3,6	  -4,1	  -3,7	  -8,6	  -1,6
*	    25,0666	 1	109,52	 27,85	   9,5	  10,3	   2,6	   3,0	  -1,9	   5,2
*	    27,1766	 1	 91,97	 35,79	   7,7	   8,4	   0,7	   1,1	  -3,7	   3,3
*	    18,7722	 1	109,52	 35,88	  16,1	  16,9	   9,2	   9,6	   4,7	  11,8
*	    21,4137	 1	 91,97	 44,63	  13,2	  14,0	   6,3	   6,7	   1,8	   8,9
*	    13,0520	 1	109,52	 48,91	  24,1	  24,8	  17,2	  17,5	  12,7	  19,8
*	    16,4577	 1	 91,97	 57,42	  19,2	  19,9	  12,2	  12,6	   7,8	  14,9
*	     8,7307	 1	109,52	 70,11	  32,5	  33,3	  25,6	  26,0	  21,2	  28,4
*	    13,0704	 1	 91,97	 75,15	  24,3	  25,1	  17,4	  17,8	  13,0	  20,1
*	     7,7839	 1	109,52	 98,45	  34,9	  35,7	  28,0	  28,4	  23,6	  30,8
*	    12,4015	 1	 91,97	 96,21	  25,5	  26,3	  18,6	  19,0	  14,2	  21,3
*	    40,3253	 1	 89,16	 26,68	  -1,7	  -1,0	  -8,7	  -8,3	 -13,2	  -6,2
*	    38,5927	 1	104,31	 20,26	  -0,7	   0,1	  -7,6	  -7,2	 -12,1	  -5,2
*	    45,3566	 1	104,31	 17,44	  -4,6	  -3,8	 -11,5	 -11,1	 -16,0	  -9,1
s	     7,8347	 2	140,72	125,81	  42,0	  43,8	  37,2	  37,9	  33,1	  40,3
*	    14,7882	 1	214,46	113,97	  23,2	  24,0	  16,3	  16,7	  11,8	  18,9
*	    20,1192	 1	230,53	108,17	  16,4	  17,2	   9,5	   9,9	   5,0	  12,1
*	    13,5698	 1	214,46	 87,91	  25,1	  25,8	  18,1	  18,5	  13,7	  20,8
*	    19,1940	 1	230,53	 88,46	  17,5	  18,3	  10,6	  11,0	   6,1	  13,2
*	    15,2000	 1	214,46	 62,64	  22,6	  23,4	  15,7	  16,1	  11,2	  18,3
*	    20,4383	 1	230,53	 69,09	  16,1	  16,8	   9,1	   9,5	   4,7	  11,7
*	    19,0402	 1	214,46	 45,03	  17,6	  18,3	  10,7	  11,0	   6,2	  13,3
*	    23,5400	 1	230,53	 53,59	  12,8	  13,6	   5,9	   6,3	   1,4	   8,5
*	    24,1628	 1	214,46	 34,05	  12,1	  12,9	   5,2	   5,6	   0,7	   7,8
*	    27,9381	 1	230,53	 42,47	   8,8	   9,6	   1,9	   2,2	  -2,6	   4,4
*	    29,9799	 1	214,46	 27,02	   7,1	   7,9	   0,2	   0,6	  -4,3	   2,7
*	    33,1624	 1	230,53	 34,63	   4,7	   5,5	  -2,2	  -1,8	  -6,7	   0,3
*	    36,1870	 1	214,46	 22,27	   2,6	   3,4	  -4,3	  -3,9	  -8,8	  -1,8
*	    38,9074	 1	230,53	 29,01	   0,9	   1,7	  -6,0	  -5,7	 -10,5	  -3,6
*	    48,2498	 1	219,19	 18,03	  -4,3	  -3,6	 -11,3	 -10,9	 -15,8	  -8,9
*	    44,3986	 1	233,12	 27,17	  -2,3	  -1,5	  -9,2	  -8,9	 -13,7	  -6,8
*	    41,7496	 1	219,19	 20,84	  -0,8	  -0,0	  -7,7	  -7,4	 -12,2	  -5,3
*	    27,4485	 1	 69,70	101,12	  10,8	  11,6	   3,9	   4,3	  -0,6	   6,4
*	    21,5561	 1	 76,90	103,48	  16,4	  17,2	   9,5	   9,9	   5,1	  12,1
*	    26,7527	 1	 69,70	 89,07	  11,4	  12,2	   4,5	   4,9	   0,0	   7,0
*	    20,6839	 1	 76,90	 88,88	  17,4	  18,2	  10,5	  10,9	   6,0	  13,1
*	    27,6914	 1	 69,70	 77,12	  10,6	  11,4	   3,7	   4,1	  -0,8	   6,2
*	    21,8578	 1	 76,90	 74,42	  16,1	  16,9	   9,2	   9,6	   4,7	  11,8
*	    30,1226	 1	 69,70	 66,19	   8,6	   9,4	   1,7	   2,0	  -2,8	   4,2
*	    24,8098	 1	 76,90	 61,72	  13,1	  13,9	   6,2	   6,6	   1,8	   8,8
*	    33,7468	 1	 69,70	 56,81	   5,9	   6,6	  -1,1	  -0,7	  -5,5	   1,4
*	    29,0421	 1	 76,90	 51,44	   9,4	  10,2	   2,5	   2,9	  -2,0	   5,0
*	    38,2490	 1	 69,70	 49,09	   2,9	   3,6	  -4,1	  -3,7	  -8,6	  -1,6
*	    34,1175	 1	 76,90	 43,43	   5,6	   6,4	  -1,3	  -1,0	  -5,8	   1,1
*	    43,3745	 1	 69,70	 42,81	  -0,2	   0,6	  -7,1	  -6,8	 -11,6	  -4,7
*	    39,7385	 1	 76,90	 37,24	   1,9	   2,7	  -5,0	  -4,6	  -9,5	  -2,6
*	    50,0556	 1	 79,00	 28,17	  -3,7	  -2,9	 -10,6	 -10,3	 -15,2	  -8,3
*	    43,8024	 1	 79,00	 32,07	  -0,4	   0,3	  -7,4	  -7,0	 -11,9	  -5,0
*	    46,9229	 1	 71,10	 37,52	  -2,1	  -1,3	  -9,0	  -8,7	 -13,6	  -6,7
*	    46,9150	 1	272,78	102,56	  -0,5	   6,8	  12,9	  15,4	  10,5	   5,1
*	    39,1395	 1	279,78	105,07	   3,9	  11,2	  17,3	  19,8	  14,9	   9,6
*	    32,1870	 1	290,23	108,32	   8,6	  15,9	  22,0	  24,5	  19,6	  14,3
*	    26,6454	 1	305,99	111,97	  13,1	  20,3	  26,5	  28,9	  24,1	  18,8
*	    23,4106	 1	327,74	114,33	  16,0	  23,2	  29,4	  31,9	  27,1	  21,8
*	    23,3090	 1	351,17	113,40	  16,1	  23,3	  29,5	  31,9	  27,1	  21,9
*	    26,3443	 1	  9,92	110,07	  13,2	  20,5	  26,6	  29,1	  24,3	  19,0
*	    31,7172	 1	 22,65	106,52	   8,9	  16,1	  22,3	  24,7	  19,9	  14,6
*	    38,5496	 1	 31,07	103,66	   4,3	  11,5	  17,6	  20,1	  15,2	   9,9
*	    46,2456	 1	 36,85	101,49	  -0,1	   7,1	  13,2	  15,7	  10,8	   5,4
*	    54,4616	 1	 40,96	 99,84	  -4,2	   3,1	   9,2	  11,7	   6,8	   1,3
*	    36,1925	 1	 25,06	101,45	   5,3	  11,3	  17,1	  19,5	  15,2	   8,4
*	    33,5377	 1	 21,33	102,34	   7,2	  13,1	  19,0	  21,3	  17,0	  10,2
*	    31,1095	 1	 16,99	103,30	   8,9	  14,8	  20,7	  23,1	  18,8	  12,0
*	    28,9582	 1	 11,91	104,34	  10,6	  16,5	  22,4	  24,8	  20,5	  13,7
*	    27,1414	 1	  6,00	105,38	  12,1	  18,0	  23,9	  26,3	  22,0	  15,2
*	    25,7207	 1	359,20	106,38	  13,4	  19,3	  25,2	  27,5	  23,3	  16,5
*	    24,7550	 1	351,53	107,23	  14,3	  20,2	  26,1	  28,4	  24,2	  17,4
*	    24,2919	 1	343,12	107,83	  14,7	  20,6	  26,5	  28,9	  24,6	  17,9
*	    24,3580	 1	334,27	108,07	  14,7	  20,6	  26,5	  28,8	  24,6	  17,8
*	    24,9519	 1	325,38	107,91	  14,1	  20,1	  25,9	  28,3	  24,0	  17,3
*	    26,0442	 1	316,87	107,37	  13,2	  19,1	  25,0	  27,3	  23,1	  16,3
*	    27,5840	 1	309,04	106,56	  11,8	  17,8	  23,6	  26,0	  21,7	  14,9
*	    29,5094	 1	302,07	105,57	  10,3	  16,2	  22,1	  24,4	  20,1	  13,3
*	    31,7570	 1	296,00	104,53	   8,5	  14,4	  20,3	  22,7	  18,4	  11,6
*	    36,3745	 1	 24,08	 98,08	   5,5	  11,4	  17,3	  19,6	  15,4	   8,5
*	    33,7326	 1	 20,34	 98,70	   7,3	  13,2	  19,1	  21,4	  17,2	  10,3
*	    31,3178	 1	 15,99	 99,37	   9,1	  15,0	  20,9	  23,2	  18,9	  12,1
*	    29,1800	 1	 10,94	100,07	  10,7	  16,6	  22,5	  24,9	  20,6	  13,8
*	    27,3759	 1	  5,11	100,79	  12,2	  18,1	  24,0	  26,4	  22,1	  15,3
*	    25,9660	 1	358,43	101,48	  13,4	  19,4	  25,3	  27,6	  23,3	  16,6
*	    25,0082	 1	350,94	102,07	  14,3	  20,2	  26,1	  28,5	  24,2	  17,4
*	    24,5490	 1	342,80	102,47	  14,8	  20,7	  26,6	  28,9	  24,7	  17,9
*	    24,6142	 1	334,24	102,63	  14,7	  20,6	  26,5	  28,9	  24,6	  17,9
*	    25,2026	 1	325,66	102,51	  14,2	  20,1	  26,0	  28,4	  24,1	  17,3
*	    26,2856	 1	317,40	102,16	  13,2	  19,2	  25,0	  27,4	  23,1	  16,4
*	    27,8134	 1	309,77	101,60	  11,9	  17,9	  23,7	  26,1	  21,8	  15,0
*	    29,7254	 1	302,94	100,93	  10,4	  16,3	  22,2	  24,5	  20,3	  13,5
*	    31,9592	 1	296,95	100,21	   8,7	  14,6	  20,5	  22,8	  18,5	  11,7
s	    24,9590	 2	339,79	111,23	  35,2	  40,7	  46,7	  45,1	  40,2	  32,6
*	    46,5491	 1	251,71	 45,91	   0,3	   1,1	  -6,6	  -6,3	 -11,2	  -4,3
*	    42,2101	 1	244,79	 40,45	   2,7	   3,4	  -4,3	  -3,9	  -8,8	  -1,9
*	    42,1868	 1	251,71	 52,65	   2,7	   3,5	  -4,2	  -3,9	  -8,7	  -1,8
*	    37,3850	 1	244,79	 47,27	   5,6	   6,4	  -1,3	  -0,9	  -5,8	   1,1
*	    38,5528	 1	251,71	 60,87	   4,9	   5,7	  -2,0	  -1,7	  -6,5	   0,4
*	    33,2754	 1	244,79	 56,00	   8,4	   9,2	   1,5	   1,9	  -3,0	   4,0
*	    35,8529	 1	251,71	 70,65	   6,6	   7,4	  -0,3	   0,1	  -4,8	   2,2
*	    30,1489	 1	244,79	 66,96	  10,8	  11,6	   3,9	   4,2	  -0,6	   6,4
*	    34,2928	 1	251,71	 81,73	   7,7	   8,5	   0,8	   1,2	  -3,7	   3,3
*	    28,3050	 1	244,79	 80,01	  12,3	  13,1	   5,4	   5,7	   0,9	   7,9
*	    34,0192	 1	251,71	 93,45	   7,9	   8,7	   1,0	   1,4	  -3,5	   3,5
*	    27,9782	 1	244,79	 94,18	  12,6	  13,3	   5,6	   6,0	   1,2	   8,2
*	    54,1855	 1	244,79	 30,30	  -3,4	  -2,7	 -10,4	 -10,0	 -14,9	  -8,1
*	    52,2892	 1	251,71	 39,63	  -2,6	  -1,8	  -9,5	  -9,1	 -14,0	  -7,2
*	    48,4332	 1	244,79	 34,37	  -0,7	   0,1	  -7,6	  -7,2	 -12,1	  -5,3
*	    41,1332	 1	 20,29	 96,14	   4,1	  10,0	  15,9	  18,2	  13,9	   7,1
*	    38,6351	 1	 16,73	 96,54	   5,6	  11,5	  17,4	  19,7	  15,5	   8,6
*	    36,3538	 1	 12,68	 96,96	   7,1	  13,0	  18,9	  21,2	  16,9	  10,1
*	    34,3282	 1	  8,11	 97,38	   8,4	  14,3	  20,2	  22,6	  18,3	  11,5
*	    32,6009	 1	  2,98	 97,80	   9,6	  15,6	  21,5	  23,8	  19,5	  12,7
*	    31,2160	 1	357,27	 98,20	  10,7	  16,6	  22,5	  24,8	  20,6	  13,7
*	    30,2155	 1	351,00	 98,54	  11,4	  17,4	  23,3	  25,6	  21,3	  14,5
*	    29,6343	 1	344,29	 98,80	  11,9	  17,8	  23,7	  26,1	  21,8	  15,0
*	    29,4952	 1	337,24	 98,94	  12,0	  18,0	  23,8	  26,2	  21,9	  15,1
*	    29,8049	 1	330,08	 98,94	  11,8	  17,7	  23,6	  26,0	  21,7	  14,9
*	    30,5523	 1	323,03	 98,81	  11,2	  17,2	  23,0	  25,4	  21,1	  14,3
*	    31,7108	 1	316,28	 98,56	  10,4	  16,3	  22,2	  24,5	  20,2	  13,4
*	    33,2422	 1	309,98	 98,23	   9,3	  15,2	  21,1	  23,4	  19,1	  12,3
*	    35,1024	 1	304,24	 97,83	   8,0	  13,9	  19,8	  22,1	  17,8	  11,0
*	    37,2462	 1	299,06	 97,41	   6,5	  12,5	  18,3	  20,7	  16,4	   9,5
*	    40,5539	 1	 56,98	 98,03	   5,3	   6,1	  -1,6	  -1,3	  -6,1	   0,8
*	    34,6296	 1	 62,17	 99,18	   9,1	   9,9	   2,2	   2,6	  -2,3	   4,7
*	    40,0719	 1	 56,98	 89,34	   5,6	   6,4	  -1,3	  -1,0	  -5,8	   1,1
*	    34,0702	 1	 62,17	 89,24	   9,5	  10,3	   2,6	   3,0	  -1,9	   5,1
*	    40,7235	 1	 56,98	 80,67	   5,2	   6,0	  -1,7	  -1,4	  -6,2	   0,7
*	    34,8260	 1	 62,17	 79,34	   9,0	   9,8	   2,1	   2,4	  -2,4	   4,5
*	    42,4595	 1	 56,98	 72,42	   4,2	   5,0	  -2,7	  -2,4	  -7,3	  -0,3
*	    36,8211	 1	 62,17	 70,05	   7,6	   8,4	   0,7	   1,1	  -3,8	   3,2
*	    45,1621	 1	 56,98	 64,85	   2,7	   3,5	  -4,2	  -3,9	  -8,8	  -1,9
*	    39,8813	 1	 62,17	 61,72	   5,7	   6,5	  -1,2	  -0,9	  -5,7	   1,2
*	    48,6794	 1	 56,98	 58,11	   0,8	   1,6	  -6,1	  -5,7	 -10,6	  -3,7
*	    43,7973	 1	 62,17	 54,52	   3,4	   4,2	  -3,5	  -3,1	  -8,0	  -1,1
*	    52,8576	 1	 56,98	 52,23	  -1,2	  -0,4	  -8,1	  -7,8	 -12,7	  -5,8
*	    48,3735	 1	 62,17	 48,40	   1,0	   1,8	  -5,9	  -5,6	 -10,5	  -3,6
*	    56,9243	 1	 63,61	 38,86	  -3,0	  -2,2	  -9,9	  -9,6	 -14,5	  -7,7
*	    60,6327	 1	 58,07	 42,78	  -4,6	  -3,8	 -11,5	 -11,2	 -16,1	  -9,3
*	    51,4608	 1	 63,61	 43,33	  -0,5	   0,2	  -7,5	  -7,1	 -12,0	  -5,1
*	    55,5154	 1	 58,07	 47,28	  -2,4	  -1,6	  -9,3	  -9,0	 -13,9	  -7,0
*	    45,0145	 1	 15,78	 94,66	   3,2	   9,1	  15,0	  17,3	  13,0	   6,1
*	    42,7267	 1	 12,25	 94,92	   4,5	  10,4	  16,3	  18,6	  14,3	   7,4
*	    40,6572	 1	  8,34	 95,17	   5,7	  11,6	  17,5	  19,8	  15,5	   8,7
*	    38,8377	 1	  4,01	 95,42	   6,8	  12,7	  18,6	  20,9	  16,6	   9,8
*	    37,3016	 1	359,26	 95,67	   7,8	  13,7	  19,6	  21,9	  17,6	  10,8
*	    36,0816	 1	354,11	 95,89	   8,6	  14,5	  20,4	  22,7	  18,4	  11,6
*	    35,2077	 1	348,57	 96,07	   9,1	  15,1	  20,9	  23,3	  19,0	  12,2
*	    34,7037	 1	342,73	 96,21	   9,5	  15,4	  21,3	  23,6	  19,4	  12,5
*	    34,5848	 1	336,69	 96,29	   9,6	  15,5	  21,4	  23,7	  19,4	  12,6
*	    34,8551	 1	330,57	 96,29	   9,4	  15,3	  21,2	  23,5	  19,3	  12,4
*	    35,5073	 1	324,52	 96,22	   9,0	  14,9	  20,8	  23,1	  18,8	  12,0
*	    36,5234	 1	318,66	 96,09	   8,3	  14,2	  20,1	  22,4	  18,2	  11,3
*	    37,8771	 1	313,11	 95,90	   7,4	  13,3	  19,2	  21,6	  17,3	  10,4
*	    39,5367	 1	307,92	 95,68	   6,4	  12,3	  18,2	  20,5	  16,3	   9,4
*	    41,4685	 1	303,14	 95,44	   5,3	  11,2	  17,1	  19,4	  15,1	   8,2
*	    36,6986	 1	 24,08	100,75	  -5,6	   0,3	   6,2	   8,5	   4,2	  -2,6
*	    37,1240	 1	 22,82	 97,38	  -9,1	  -3,2	   2,7	   5,1	   0,8	  -6,1
*	    38,0844	 1	284,76	102,16	   4,2	  10,1	  16,0	  18,3	  14,0	   7,2
*	    41,0411	 1	281,14	101,29	   2,4	   8,3	  14,2	  16,5	  12,2	   5,3
*	    44,1275	 1	278,03	100,50	   0,6	   6,5	  12,4	  14,7	  10,4	   3,6
*	    47,3195	 1	275,35	 99,79	  -1,1	   4,8	  10,7	  13,0	   8,7	   1,8
*	    50,5984	 1	273,01	 99,16	  -2,7	   3,2	   9,1	  11,4	   7,1	   0,1
*	    38,2558	 1	285,74	 98,57	   4,4	  10,3	  16,2	  18,5	  14,2	   7,4
*	    41,2012	 1	282,11	 97,96	   2,6	   8,5	  14,4	  16,7	  12,4	   5,5
*	    44,2771	 1	278,97	 97,41	   0,8	   6,7	  12,6	  14,9	  10,7	   3,8
*	    47,4598	 1	276,25	 96,92	  -0,9	   5,0	  10,9	  13,2	   8,9	   2,0
*	    50,7302	 1	273,88	 96,47	  -2,5	   3,4	   9,3	  11,6	   7,3	   0,4
*	    38,5132	 1	285,53	102,02	   2,4	   8,3	  14,2	  16,5	  12,2	   5,4
*	    38,5669	 1	285,74	101,39	  -6,8	  -0,9	   5,0	   7,3	   3,0	  -3,8
*	    38,9713	 1	287,01	 97,82	 -10,2	  -4,3	   1,6	   4,0	  -0,3	  -7,2
*	    42,9579	 1	288,29	102,50	  -3,9	   3,3	   9,5	  11,9	   7,1	   1,7
*	    39,2835	 1	294,00	103,65	  -1,7	   5,5	  11,7	  14,1	   9,3	   3,9
*	    46,7599	 1	 27,33	100,49	  -6,0	   1,2	   7,4	   9,8	   5,0	  -0,4
*	    49,1142	 1	 11,96	 93,37	   2,2	   8,1	  14,0	  16,3	  12,0	   5,1
*	    47,0124	 1	  8,53	 93,52	   3,3	   9,2	  15,1	  17,4	  13,1	   6,2
*	    45,1256	 1	  4,80	 93,67	   4,3	  10,2	  16,1	  18,4	  14,1	   7,2
*	    43,4795	 1	  0,74	 93,83	   5,2	  11,1	  17,0	  19,3	  15,0	   8,1
*	    42,1001	 1	356,35	 93,97	   6,0	  11,9	  17,8	  20,1	  15,8	   8,9
*	    41,0122	 1	351,68	 94,08	   6,6	  12,5	  18,4	  20,7	  16,5	   9,6
*	    40,2375	 1	346,73	 94,18	   7,1	  13,0	  18,9	  21,2	  16,9	  10,0
*	    39,7930	 1	341,57	 94,25	   7,3	  13,3	  19,1	  21,5	  17,2	  10,3
*	    39,6892	 1	336,28	 94,30	   7,4	  13,3	  19,2	  21,5	  17,3	  10,4
*	    39,9289	 1	330,93	 94,30	   7,3	  13,2	  19,1	  21,4	  17,1	  10,3
*	    40,5070	 1	325,63	 94,26	   6,9	  12,8	  18,7	  21,1	  16,8	   9,9
*	    41,4107	 1	320,46	 94,19	   6,4	  12,3	  18,2	  20,5	  16,2	   9,4
*	    42,6213	 1	315,50	 94,09	   5,7	  11,6	  17,5	  19,8	  15,5	   8,7
*	    44,1156	 1	310,79	 93,97	   4,9	  10,8	  16,7	  19,0	  14,7	   7,8
*	    45,8679	 1	306,39	 93,83	   3,9	   9,8	  15,7	  18,1	  13,8	   6,9
s	    40,1659	 3	286,20	103,61	  30,5	  36,3	  42,4	  40,8	  36,1	  28,5
*	    56,9218	 1	264,10	 54,82	  -1,0	  -0,3	  -8,0	  -7,6	 -12,5	  -5,7
*	    52,1303	 1	258,99	 51,19	   1,1	   1,9	  -5,8	  -5,4	 -10,3	  -3,5
*	    53,3567	 1	264,10	 60,95	   0,6	   1,3	  -6,4	  -6,0	 -10,9	  -4,1
*	    48,2337	 1	258,99	 57,63	   3,1	   3,8	  -3,9	  -3,5	  -8,4	  -1,5
*	    50,4766	 1	264,10	 67,91	   1,9	   2,7	  -5,0	  -4,6	  -9,5	  -2,7
*	    45,0477	 1	258,99	 65,13	   4,7	   5,5	  -2,2	  -1,8	  -6,7	   0,2
*	    48,3972	 1	264,10	 75,61	   3,0	   3,8	  -4,0	  -3,6	  -8,5	  -1,6
*	    42,7219	 1	258,99	 73,68	   6,0	   6,8	  -0,9	  -0,5	  -5,4	   1,5
*	    47,2190	 1	264,10	 83,88	   3,6	   4,4	  -3,3	  -3,0	  -7,9	  -1,0
*	    41,3930	 1	258,99	 83,02	   6,8	   7,6	  -0,1	   0,2	  -4,6	   2,3
*	    47,0062	 1	264,10	 92,42	   3,7	   4,5	  -3,2	  -2,9	  -7,8	  -0,9
*	    41,1521	 1	258,99	 92,76	   6,9	   7,7	   0,0	   0,4	  -4,5	   2,4
*	    47,7712	 1	264,10	100,85	   3,3	   4,1	  -3,6	  -3,3	  -8,2	  -1,3
*	    60,6132	 1	257,66	 40,29	  -2,6	  -1,8	  -9,5	  -9,2	 -14,1	  -7,3
*	    64,6486	 1	263,08	 44,12	  -4,2	  -3,4	 -11,1	 -10,8	 -15,7	  -8,9
*	    65,9533	 1	257,66	 36,42	  -4,7	  -3,9	 -11,6	 -11,3	 -16,2	  -9,4
*	    41,4353	 1	290,26	 99,92	   3,7	   9,6	  15,5	  17,9	  13,6	   6,7
*	    41,7418	 1	291,08	 96,64	   3,8	   9,7	  15,6	  17,9	  13,6	   6,8
*	    44,4716	 1	287,39	 96,25	   2,2	   8,2	  14,0	  16,4	  12,1	   5,2
*	    47,3484	 1	284,15	 95,87	   0,7	   6,6	  12,5	  14,8	  10,5	   3,6
*	    50,3483	 1	281,29	 95,52	  -0,8	   5,1	  11,0	  13,3	   9,0	   2,1
*	    53,4517	 1	278,74	 95,20	  -2,3	   3,7	   9,5	  11,9	   7,5	   0,6
*	    56,6425	 1	276,48	 94,90	  -3,7	   2,2	   8,1	  10,4	   6,1	  -0,9
*	    41,9104	 1	290,89	 99,81	   0,3	   6,2	  12,1	  14,5	  10,2	   3,3
*	    41,9461	 1	 19,23	 95,53	 -13,6	  -7,7	  -1,8	   0,6	  -3,7	 -10,6
*	    41,9913	 1	291,08	 99,24	  -9,9	  -4,0	   1,9	   4,2	  -0,1	  -6,9
*	    42,5440	 1	292,14	 95,97	 -13,9	  -8,0	  -2,1	   0,3	  -4,0	 -10,9
*	    42,7303	 1	 31,66	 99,27	  -9,4	  -3,4	   2,4	   4,8	   0,5	  -6,4
*	    42,9072	 1	 30,77	 96,41	 -12,6	  -6,6	  -0,8	   1,6	  -2,7	  -9,6
*	    43,0902	 1	 31,66	101,54	   1,1	   7,1	  12,9	  15,3	  11,0	   4,1
*	    46,2106	 1	 33,97	100,79	  -0,6	   5,4	  11,2	  13,6	   9,3	   2,4
*	    49,4281	 1	 36,00	100,13	  -2,2	   3,7	   9,6	  11,9	   7,6	   0,7
*	    52,7261	 1	 37,78	 99,53	  -3,8	   2,1	   8,0	  10,3	   6,0	  -0,9
*	    56,0910	 1	 39,36	 98,98	  -5,3	   0,6	   6,5	   8,8	   4,5	  -2,5
*	    43,1690	 1	 30,77	 98,70	   1,4	   7,3	  13,2	  15,5	  11,2	   4,3
*	    46,2845	 1	 33,11	 98,15	  -0,3	   5,6	  11,5	  13,8	   9,5	   2,6
*	    49,4975	 1	 35,18	 97,64	  -1,9	   4,0	   9,8	  12,2	   7,9	   0,9
*	    52,7914	 1	 37,00	 97,20	  -3,5	   2,4	   8,3	  10,6	   6,3	  -0,7
*	    56,1526	 1	 38,61	 96,78	  -5,0	   0,9	   6,7	   9,1	   4,8	  -2,2
*	    43,1756	 1	 31,66	102,02	   1,1	   7,0	  12,9	  15,2	  10,9	   4,1
s	    43,6091	 3	291,01	101,50	  29,8	  35,6	  41,7	  40,2	  35,5	  27,8
*	    53,4307	 1	  8,67	 92,22	   1,2	   7,1	  13,0	  15,3	  11,0	   4,0
*	    51,4943	 1	  5,38	 92,31	   2,1	   8,0	  13,9	  16,2	  11,9	   4,9
*	    49,7665	 1	  1,84	 92,40	   2,9	   8,8	  14,7	  17,0	  12,7	   5,8
*	    48,2684	 1	358,05	 92,48	   3,7	   9,6	  15,4	  17,8	  13,5	   6,6
*	    47,0201	 1	354,00	 92,56	   4,3	  10,2	  16,1	  18,4	  14,1	   7,2
*	    46,0407	 1	349,73	 92,61	   4,8	  10,7	  16,6	  18,9	  14,6	   7,7
*	    45,3464	 1	345,27	 92,67	   5,2	  11,1	  17,0	  19,3	  15,0	   8,1
*	    44,9495	 1	340,67	 92,70	   5,4	  11,3	  17,2	  19,5	  15,2	   8,3
*	    44,8576	 1	335,96	 92,73	   5,5	  11,4	  17,2	  19,6	  15,3	   8,4
*	    45,0726	 1	331,21	 92,73	   5,3	  11,3	  17,1	  19,5	  15,2	   8,3
*	    45,5909	 1	326,50	 92,70	   5,1	  11,0	  16,9	  19,2	  14,9	   8,0
*	    46,4031	 1	321,88	 92,67	   4,6	  10,6	  16,4	  18,8	  14,5	   7,6
*	    47,4956	 1	317,40	 92,62	   4,1	  10,0	  15,9	  18,2	  13,9	   7,0
*	    48,8508	 1	313,13	 92,56	   3,4	   9,3	  15,2	  17,5	  13,2	   6,3
*	    50,4491	 1	309,07	 92,49	   2,6	   8,5	  14,4	  16,7	  12,4	   5,5
*	    45,1566	 1	294,84	 97,98	   3,0	   8,9	  14,8	  17,1	  12,8	   5,9
*	    45,5762	 1	295,53	 94,97	   3,0	   8,9	  14,8	  17,1	  12,8	   5,9
*	    48,1019	 1	291,91	 94,72	   1,6	   7,6	  13,4	  15,8	  11,5	   4,5
*	    50,7852	 1	288,65	 94,48	   0,3	   6,2	  12,1	  14,4	  10,1	   3,2
*	    53,6035	 1	285,73	 94,24	  -1,0	   4,9	  10,8	  13,1	   8,8	   1,8
*	    56,5377	 1	283,10	 94,02	  -2,3	   3,6	   9,5	  11,8	   7,5	   0,5
*	    59,5715	 1	280,74	 93,83	  -3,6	   2,3	   8,2	  10,5	   6,2	  -0,8
*	    62,6910	 1	278,59	 93,63	  -4,9	   1,0	   6,9	   9,2	   4,9	  -2,1
*	    45,6680	 1	295,37	 97,88	  -1,8	   4,2	  10,0	  12,4	   8,1	   1,2
*	    45,7715	 1	295,53	 97,36	 -13,2	  -7,3	  -1,4	   0,9	  -3,4	 -10,3
*	    45,7750	 1	 26,54	 97,75	 -12,0	  -6,1	  -0,2	   2,1	  -2,2	  -9,1
*	    45,8949	 1	 14,87	 94,11	 -17,7	 -11,7	  -5,9	  -3,5	  -7,8	 -14,7
*	    46,0750	 1	 25,73	 95,04	 -15,9	  -9,9	  -4,1	  -1,7	  -6,0	 -12,9
*	    46,0784	 1	 26,54	 99,90	   1,1	   7,0	  12,9	  15,2	  10,9	   4,0
*	    46,1515	 1	 26,54	100,36	  -0,5	   5,4	  11,3	  13,6	   9,3	   2,4
*	    46,2860	 1	 25,73	 97,21	   1,2	   7,1	  13,0	  15,4	  11,1	   4,1
*	    49,2171	 1	 28,27	 96,80	  -0,3	   5,6	  11,5	  13,9	   9,6	   2,6
*	    46,9728	 1	292,16	100,32	  -6,8	   0,4	   6,6	   9,0	   4,2	  -1,2
*	    53,0104	 1	 46,48	 93,13	   2,2	   3,0	  -4,7	  -4,4	  -9,3	  -2,4
*	    47,3085	 1	 50,91	 93,46	   5,0	   5,8	  -1,9	  -1,6	  -6,4	   0,4
*	    53,0490	 1	 46,48	 86,25	   2,2	   3,0	  -4,7	  -4,4	  -9,3	  -2,4
*	    47,3515	 1	 50,91	 85,86	   5,0	   5,8	  -1,9	  -1,6	  -6,5	   0,4
*	    53,9566	 1	 46,48	 79,49	   1,8	   2,5	  -5,2	  -4,8	  -9,7	  -2,9
*	    48,3601	 1	 50,91	 78,42	   4,5	   5,2	  -2,5	  -2,1	  -7,0	  -0,1
*	    55,6928	 1	 46,48	 73,01	   1,0	   1,8	  -5,9	  -5,6	 -10,5	  -3,7
*	    50,2791	 1	 50,91	 71,34	   3,5	   4,3	  -3,4	  -3,1	  -8,0	  -1,1
*	    58,1869	 1	 46,48	 66,94	  -0,1	   0,7	  -7,0	  -6,7	 -11,6	  -4,8
*	    53,0149	 1	 50,91	 64,81	   2,2	   3,0	  -4,7	  -4,4	  -9,3	  -2,4
*	    61,3510	 1	 46,48	 61,38	  -1,4	  -0,6	  -8,3	  -8,0	 -12,9	  -6,1
*	    56,4547	 1	 50,91	 58,91	   0,7	   1,4	  -6,3	  -5,9	 -10,8	  -4,0
*	    65,0918	 1	 46,48	 56,33	  -2,9	  -2,1	  -9,8	  -9,5	 -14,4	  -7,6
*	    60,4843	 1	 50,91	 53,66	  -1,0	  -0,3	  -8,0	  -7,6	 -12,5	  -5,8
*	    65,5657	 1	 52,15	 46,95	  -3,0	  -2,3	 -10,0	  -9,6	 -14,6	  -7,8
*	    69,6867	 1	 47,48	 49,81	  -4,6	  -3,8	 -11,5	 -11,2	 -16,1	  -9,4
*	    60,8441	 1	 52,15	 51,41	  -1,2	  -0,4	  -8,1	  -7,8	 -12,7	  -5,9
*	    65,2503	 1	 47,48	 54,18	  -2,9	  -2,2	  -9,9	  -9,5	 -14,4	  -7,7
*	    49,1216	 1	298,63	 96,30	   2,1	   8,0	  13,9	  16,2	  11,9	   5,0
*	    49,1967	 1	 22,00	 96,34	 -15,0	  -9,1	  -3,2	  -0,9	  -5,2	 -12,1
*	    49,6348	 1	299,21	 93,55	   2,0	   7,9	  13,8	  16,1	  11,8	   4,9
*	    51,9749	 1	295,71	 93,40	   0,9	   6,8	  12,7	  15,0	  10,7	   3,7
*	    54,4780	 1	292,52	 93,25	  -0,3	   5,6	  11,5	  13,8	   9,5	   2,6
*	    57,1238	 1	289,59	 93,11	  -1,5	   4,5	  10,3	  12,7	   8,3	   1,4
*	    59,8942	 1	286,93	 92,96	  -2,6	   3,3	   9,2	  11,5	   7,2	   0,2
*	    62,7736	 1	284,52	 92,83	  -3,8	   2,1	   8,0	  10,3	   6,0	  -1,0
*	    65,7481	 1	282,32	 92,70	  -4,9	   1,0	   6,8	   9,2	   4,8	  -2,2
*	    49,6611	 1	299,08	 96,23	  -3,8	   2,1	   8,0	  10,3	   6,0	  -0,9
*	    49,7679	 1	 21,30	 95,84	   0,8	   6,7	  12,6	  14,9	  10,6	   3,7
*	    52,5167	 1	 23,91	 95,55	  -0,5	   5,4	  11,2	  13,6	   9,3	   2,3
*	    49,7832	 1	299,21	 95,75	 -16,6	 -10,7	  -4,8	  -2,5	  -6,8	 -13,8
*	    57,9219	 1	  5,83	 91,25	   0,1	   6,0	  11,9	  14,2	   9,9	   2,9
*	    56,1315	 1	  2,69	 91,30	   0,9	   6,8	  12,6	  15,0	  10,7	   3,7
*	    54,5421	 1	359,34	 91,33	   1,6	   7,5	  13,4	  15,7	  11,4	   4,4
*	    53,1705	 1	355,80	 91,38	   2,2	   8,1	  14,0	  16,3	  12,0	   5,0
*	    52,0329	 1	352,07	 91,41	   2,7	   8,6	  14,5	  16,8	  12,5	   5,6
*	    51,1437	 1	348,15	 91,43	   3,1	   9,1	  14,9	  17,3	  13,0	   6,0
*	    50,5155	 1	344,10	 91,46	   3,4	   9,4	  15,2	  17,6	  13,3	   6,3
*	    50,1574	 1	339,93	 91,48	   3,6	   9,5	  15,4	  17,7	  13,4	   6,5
*	    50,0751	 1	335,70	 91,48	   3,7	   9,6	  15,5	  17,8	  13,5	   6,5
*	    50,2698	 1	331,44	 91,48	   3,6	   9,5	  15,4	  17,7	  13,4	   6,5
*	    50,7390	 1	327,20	 91,48	   3,4	   9,3	  15,1	  17,5	  13,2	   6,2
*	    51,4756	 1	323,03	 91,46	   3,0	   8,9	  14,8	  17,1	  12,8	   5,9
*	    52,4693	 1	318,96	 91,43	   2,5	   8,4	  14,3	  16,7	  12,3	   5,4
*	    53,7068	 1	315,04	 91,41	   2,0	   7,9	  13,8	  16,1	  11,8	   4,8
*	    55,1727	 1	311,30	 91,38	   1,3	   7,2	  13,1	  15,4	  11,1	   4,1
*	    99,7417	 1	358,95	 57,55	  -0,1	   3,2	  -6,7	  -6,4	  -2,9	  -5,8
*	    85,7260	 1	  5,73	 51,74	   3,7	   7,1	  -2,9	  -2,6	   0,9	  -1,8
*	    73,9535	 1	 16,50	 44,77	   7,4	  10,8	   0,8	   1,1	   4,7	   2,0
*	    65,5830	 1	 34,31	 37,79	  10,4	  13,8	   3,8	   4,2	   7,7	   5,1
*	    95,0003	 1	346,53	 55,54	   1,1	   4,5	  -5,5	  -5,2	  -1,7	  -4,5
*	    80,1936	 1	350,55	 48,29	   5,4	   8,7	  -1,2	  -0,9	   2,6	  -0,1
*	    67,5098	 1	357,92	 38,54	   9,7	  13,0	   3,1	   3,4	   7,0	   4,3
*	    58,2747	 1	 14,60	 26,63	  13,3	  16,7	   6,7	   7,1	  10,6	   8,1
*	    54,1745	 1	 58,19	 18,33	  15,1	  18,5	   8,5	   8,9	  12,4	   9,9
*	    93,8720	 1	332,75	 54,83	   1,4	   4,8	  -5,2	  -4,9	  -1,4	  -4,2
*	    78,8621	 1	332,53	 46,99	   5,8	   9,2	  -0,8	  -0,5	   3,0	   0,3
*	    65,9360	 1	332,08	 35,95	  10,3	  13,6	   3,7	   4,0	   7,5	   4,9
*	    56,4623	 1	330,83	 20,71	  14,1	  17,5	   7,5	   7,9	  11,4	   8,9
*	    52,2365	 1	303,97	  1,99	  16,0	  19,4	   9,4	   9,8	  13,3	  10,8
*	    96,4807	 1	319,04	 55,69	   0,8	   4,1	  -5,9	  -5,6	  -2,1	  -4,9
*	    81,9305	 1	314,67	 48,55	   4,9	   8,2	  -1,8	  -1,4	   2,1	  -0,6
*	    69,5502	 1	306,75	 39,05	   9,0	  12,3	   2,3	   2,7	   6,2	   3,6
*	    60,6157	 1	289,47	 27,69	  12,4	  15,7	   5,8	   6,1	   9,7	   7,1
*	    88,9639	 1	299,87	 52,15	   2,8	   6,1	  -3,8	  -3,5	  -0,0	  -2,8
*	    77,6660	 1	288,97	 45,45	   6,2	   9,6	  -0,4	  -0,1	   3,4	   0,7
*	    52,6618	 1	268,87	 93,47	   4,0	   4,8	  -2,9	  -2,5	  -7,4	  -0,6
*	    58,0708	 1	273,50	 93,15	   1,6	   2,4	  -5,3	  -5,0	  -9,9	  -3,1
*	    52,7008	 1	268,87	 85,84	   4,0	   4,8	  -2,9	  -2,6	  -7,5	  -0,6
*	    58,1064	 1	273,50	 86,23	   1,6	   2,4	  -5,3	  -5,0	  -9,9	  -3,1
*	    53,6155	 1	268,87	 78,35	   3,6	   4,4	  -3,4	  -3,0	  -7,9	  -1,1
*	    58,9412	 1	273,50	 79,41	   1,2	   2,0	  -5,7	  -5,3	 -10,2	  -3,4
*	    55,3644	 1	268,87	 71,23	   2,8	   3,6	  -4,1	  -3,8	  -8,7	  -1,9
*	    60,5435	 1	273,50	 72,88	   0,6	   1,3	  -6,4	  -6,0	 -10,9	  -4,1
*	    57,8752	 1	268,87	 64,68	   1,7	   2,5	  -5,2	  -4,9	  -9,8	  -3,0
*	    62,8572	 1	273,50	 66,78	  -0,4	   0,4	  -7,3	  -6,9	 -11,9	  -5,1
*	    61,0581	 1	268,87	 58,75	   0,4	   1,1	  -6,6	  -6,2	 -11,1	  -4,4
*	    65,8102	 1	273,50	 61,18	  -1,5	  -0,7	  -8,4	  -8,1	 -13,0	  -6,3
*	    64,8182	 1	268,87	 53,49	  -1,1	  -0,4	  -8,1	  -7,7	 -12,6	  -5,9
*	    69,3240	 1	273,50	 56,14	  -2,8	  -2,0	  -9,7	  -9,4	 -14,3	  -7,6
*	    71,5046	 1	270,09	 48,17	  -3,6	  -2,8	 -10,5	 -10,2	 -15,1	  -8,4
*	    71,7050	 1	274,50	 55,26	  -3,6	  -2,9	 -10,6	 -10,2	 -15,2	  -8,5
*	    67,1800	 1	270,09	 52,61	  -2,0	  -1,2	  -9,0	  -8,6	 -13,5	  -6,8
*	    53,3231	 1	301,83	 94,85	   1,1	   7,0	  12,9	  15,2	  10,9	   3,9
*	    53,5031	 1	 17,43	 94,61	   0,1	   6,0	  11,9	  14,2	   9,9	   3,0
*	    53,9150	 1	302,31	 92,34	   1,0	   6,9	  12,8	  15,1	  10,8	   3,8
*	    56,0864	 1	298,97	 92,25	   0,0	   5,9	  11,8	  14,1	   9,8	   2,8
*	    58,4226	 1	295,86	 92,17	  -1,0	   4,9	  10,8	  13,1	   8,8	   1,8
*	    60,9057	 1	293,00	 92,07	  -2,0	   3,9	   9,7	  12,1	   7,7	   0,7
*	    63,5191	 1	290,36	 91,99	  -3,1	   2,8	   8,7	  11,0	   6,7	  -0,3
*	    66,2481	 1	287,93	 91,91	  -4,1	   1,8	   7,7	  10,0	   5,6	  -1,4
*	    69,0797	 1	285,70	 91,83	  -5,2	   0,7	   6,6	   8,9	   4,6	  -2,5
*	    62,4989	 1	  3,40	 90,40	  -1,0	   4,9	  10,8	  13,1	   8,8	   1,8
*	    60,8362	 1	  0,41	 90,41	  -0,3	   5,6	  11,5	  13,8	   9,5	   2,5
*	    59,3661	 1	357,25	 90,42	   0,3	   6,2	  12,1	  14,4	  10,1	   3,1
*	    58,1022	 1	353,94	 90,44	   0,8	   6,7	  12,6	  14,9	  10,6	   3,6
*	    57,0575	 1	350,46	 90,45	   1,3	   7,2	  13,1	  15,4	  11,1	   4,1
*	    56,2435	 1	346,85	 90,46	   1,6	   7,5	  13,4	  15,7	  11,4	   4,4
*	    55,6698	 1	343,14	 90,46	   1,9	   7,8	  13,7	  16,0	  11,7	   4,7
*	    55,3436	 1	339,35	 90,47	   2,0	   7,9	  13,8	  16,1	  11,8	   4,8
*	    55,2689	 1	335,49	 90,47	   2,1	   8,0	  13,8	  16,2	  11,9	   4,9
*	    55,4470	 1	331,63	 90,47	   2,0	   7,9	  13,8	  16,1	  11,8	   4,8
*	    55,8756	 1	327,76	 90,47	   1,8	   7,7	  13,6	  15,9	  11,6	   4,6
*	    56,5495	 1	323,96	 90,46	   1,5	   7,4	  13,3	  15,6	  11,3	   4,3
*	    57,4608	 1	320,25	 90,46	   1,1	   7,0	  12,9	  15,2	  10,9	   3,9
*	    58,5989	 1	316,63	 90,45	   0,6	   6,5	  12,4	  14,7	  10,4	   3,4
*	    59,9518	 1	313,15	 90,44	   0,1	   6,0	  11,8	  14,2	   9,8	   2,8
*	    57,4874	 1	 14,02	 93,50	  -0,6	   5,3	  11,2	  13,5	   9,2	   2,2
*	    57,7163	 1	304,56	 93,61	   0,1	   6,0	  11,8	  14,2	   9,8	   2,9
*	    58,2952	 1	304,87	 93,58	  -7,8	  -1,9	   4,0	   6,3	   2,0	  -5,0
*	    58,3738	 1	304,96	 91,31	  -0,1	   5,8	  11,7	  14,0	   9,7	   2,7
*	    60,3932	 1	301,77	 91,26	  -0,9	   5,0	  10,9	  13,2	   8,9	   1,8
*	    62,5767	 1	298,78	 91,21	  -1,8	   4,1	  10,0	  12,3	   8,0	   0,9
*	    64,9084	 1	296,00	 91,18	  -2,7	   3,2	   9,1	  11,4	   7,1	   0,0
*	    67,3737	 1	293,41	 91,13	  -3,6	   2,3	   8,1	  10,5	   6,1	  -0,9
*	    69,9590	 1	291,00	 91,09	  -4,6	   1,3	   7,2	   9,5	   5,2	  -1,9
*	    72,6520	 1	288,76	 91,05	  -5,5	   0,4	   6,3	   8,6	   4,2	  -2,9
*	    66,7108	 1	 42,18	 62,50	  -0,6	   0,2	  -7,6	  -7,2	 -12,1	  -5,4
*	    71,3407	 1	 37,94	 64,24	  -2,3	  -1,5	  -9,2	  -8,9	 -13,8	  -7,1
*	    63,6684	 1	 42,18	 67,68	   0,6	   1,3	  -6,4	  -6,0	 -11,0	  -4,2
*	    68,4954	 1	 37,94	 69,17	  -1,3	  -0,5	  -8,2	  -7,9	 -12,8	  -6,1
*	    61,2494	 1	 42,18	 73,28	   1,5	   2,3	  -5,4	  -5,1	 -10,0	  -3,2
*	    66,2452	 1	 37,94	 74,45	  -0,4	   0,3	  -7,4	  -7,0	 -12,0	  -5,2
*	    59,5262	 1	 42,18	 79,24	   2,2	   3,0	  -4,7	  -4,4	  -9,3	  -2,5
*	    64,6494	 1	 37,94	 80,01	   0,2	   0,9	  -6,8	  -6,4	 -11,3	  -4,6
*	    58,5572	 1	 42,18	 85,43	   2,6	   3,4	  -4,3	  -4,0	  -8,9	  -2,1
*	    63,7548	 1	 37,94	 85,76	   0,5	   1,3	  -6,4	  -6,1	 -11,0	  -4,2
*	    58,3781	 1	 42,18	 91,73	   2,7	   3,5	  -4,2	  -3,9	  -8,8	  -2,0
*	    63,5897	 1	 37,94	 91,60	   0,6	   1,4	  -6,4	  -6,0	 -10,9	  -4,2
*	    58,9958	 1	 42,18	 98,00	   2,4	   3,2	  -4,5	  -4,1	  -9,1	  -2,3
*	    75,7986	 1	 37,04	 60,11	  -3,8	  -3,0	 -10,7	 -10,4	 -15,3	  -8,7
*	    71,2923	 1	 41,14	 58,21	  -2,3	  -1,5	  -9,2	  -8,9	 -13,8	  -7,1
*	    75,2993	 1	 41,14	 53,94	  -3,6	  -2,9	 -10,6	 -10,2	 -15,2	  -8,5
s	    59,0518	 1	 90,00	  3,00	  30,3	  36,6	  42,9	  43,5	  38,4	  31,7
*	    61,4966	 1	 78,89	 18,51	   4,1	   8,8	  22,0	  23,3	  20,2	  15,5
*	    59,4593	 1	180,94	  5,78	   4,9	   9,7	  22,8	  24,1	  21,1	  16,4
*	    87,9122	 1	282,91	 45,54	  -4,8	  -0,1	  13,0	  14,3	  11,2	   6,4
s	    59,6134	 2	140,72	  8,22	  28,6	  29,6	  22,1	  22,7	  17,8	  24,6
s	    60,5302	 1	336,05	 90,00	  29,4	  35,1	  40,7	  39,1	  32,8	  26,2
*	    67,2280	 1	  1,26	 89,67	  -2,0	   3,9	   9,7	  12,0	   7,7	   0,7
*	    65,6793	 1	358,42	 89,66	  -1,5	   4,4	  10,3	  12,6	   8,3	   1,3
*	    64,3143	 1	355,44	 89,66	  -0,9	   5,0	  10,8	  13,2	   8,8	   1,8
*	    63,1446	 1	352,32	 89,64	  -0,5	   5,4	  11,3	  13,6	   9,3	   2,3
*	    62,1804	 1	349,09	 89,63	  -0,1	   5,8	  11,7	  14,0	   9,7	   2,6
*	    61,4309	 1	345,75	 89,63	   0,2	   6,1	  12,0	  14,3	  10,0	   3,0
*	    60,9038	 1	342,34	 89,63	   0,4	   6,3	  12,2	  14,5	  10,2	   3,2
*	    60,6045	 1	338,84	 89,62	   0,5	   6,4	  12,3	  14,6	  10,3	   3,3
*	    60,5364	 1	335,31	 89,62	   0,6	   6,5	  12,3	  14,7	  10,3	   3,3
*	    60,7002	 1	331,77	 89,62	   0,5	   6,4	  12,3	  14,6	  10,3	   3,3
*	    61,0943	 1	328,24	 89,62	   0,3	   6,2	  12,1	  14,4	  10,1	   3,1
*	    61,7145	 1	324,75	 89,63	   0,1	   6,0	  11,9	  14,2	   9,9	   2,9
*	    62,5547	 1	321,32	 89,63	  -0,2	   5,7	  11,5	  13,9	   9,5	   2,5
*	    63,6065	 1	317,98	 89,63	  -0,7	   5,3	  11,1	  13,4	   9,1	   2,1
*	    64,8603	 1	314,75	 89,64	  -1,1	   4,8	  10,6	  13,0	   8,6	   1,6
*	    61,6790	 1	 11,02	 92,51	  -1,5	   4,4	  10,3	  12,6	   8,3	   1,3
*	    62,2098	 1	306,85	 92,56	  -1,0	   4,9	  10,8	  13,1	   8,8	   1,8
*	    62,8025	 1	307,13	 92,52	  -9,6	  -3,7	   2,2	   4,5	   0,2	  -6,9
*	    62,9223	 1	307,21	 90,42	  -1,1	   4,8	  10,6	  13,0	   8,6	   1,6
*	    64,8070	 1	304,17	 90,41	  -1,9	   4,0	   9,9	  12,2	   7,9	   0,9
*	    66,8531	 1	301,32	 90,40	  -2,6	   3,3	   9,1	  11,5	   7,1	   0,1
*	    69,0470	 1	298,62	 90,39	  -3,4	   2,5	   8,3	  10,7	   6,3	  -0,8
*	    71,3755	 1	296,09	 90,37	  -4,3	   1,6	   7,5	   9,8	   5,5	  -1,6
*	    73,8265	 1	293,72	 90,36	  -5,1	   0,8	   6,7	   9,0	   4,6	  -2,5
*	    76,3887	 1	291,51	 90,34	  -6,0	  -0,1	   5,8	   8,1	   3,8	  -3,3
*	    64,5665	 1	278,76	 91,28	   1,5	   2,3	  -5,4	  -5,1	 -10,0	  -3,2
*	    69,5086	 1	282,99	 91,19	  -0,3	   0,5	  -7,2	  -6,9	 -11,8	  -5,1
*	    64,7795	 1	278,76	 85,07	   1,5	   2,2	  -5,5	  -5,1	 -10,1	  -3,3
*	    69,7071	 1	282,99	 85,42	  -0,4	   0,4	  -7,3	  -7,0	 -11,9	  -5,2
*	    65,7115	 1	278,76	 78,97	   1,1	   1,9	  -5,8	  -5,5	 -10,4	  -3,7
*	    70,5766	 1	282,99	 79,74	  -0,7	   0,1	  -7,6	  -7,3	 -12,2	  -5,5
*	    67,3335	 1	278,76	 73,11	   0,5	   1,3	  -6,5	  -6,1	 -11,0	  -4,3
*	    72,0936	 1	282,99	 74,26	  -1,2	  -0,4	  -8,2	  -7,8	 -12,7	  -6,0
*	    69,5994	 1	278,76	 67,60	  -0,3	   0,4	  -7,3	  -6,9	 -11,9	  -5,1
*	    74,2198	 1	282,99	 69,05	  -1,9	  -1,2	  -8,9	  -8,5	 -13,5	  -6,8
*	    72,4508	 1	278,76	 62,48	  -1,3	  -0,6	  -8,3	  -7,9	 -12,9	  -6,2
*	    76,9066	 1	282,99	 64,18	  -2,8	  -2,1	  -9,8	  -9,4	 -14,4	  -7,7
*	    79,3481	 1	278,76	 53,87	  -3,6	  -2,9	 -10,6	 -10,2	 -15,2	  -8,5
s	    65,5337	 2	 90,00	  2,71	  26,5	  33,8	  41,4	  42,2	  37,3	  30,9
s	    65,5337	 2	 90,00	177,29	  26,9	  34,2	  41,6	  42,4	  37,3	  30,7
*	    71,9865	 1	359,40	 89,03	  -3,1	   2,8	   8,7	  11,0	   6,7	  -0,4
*	    70,5375	 1	356,70	 89,00	  -2,6	   3,3	   9,2	  11,5	   7,2	   0,1
*	    69,2639	 1	353,88	 88,98	  -2,1	   3,8	   9,7	  12,0	   7,6	   0,6
*	    68,1752	 1	350,96	 88,96	  -1,7	   4,2	  10,1	  12,4	   8,0	   1,0
*	    67,2798	 1	347,93	 88,95	  -1,4	   4,5	  10,4	  12,7	   8,4	   1,3
*	    66,5851	 1	344,83	 88,93	  -1,1	   4,8	  10,7	  13,0	   8,6	   1,6
*	    66,0973	 1	341,65	 88,92	  -0,9	   5,0	  10,8	  13,2	   8,8	   1,8
*	    65,8208	 1	338,43	 88,91	  -0,8	   5,1	  10,9	  13,3	   8,9	   1,9
*	    65,7580	 1	335,17	 88,91	  -0,8	   5,1	  11,0	  13,3	   9,0	   1,9
*	    65,9098	 1	331,90	 88,91	  -0,9	   5,0	  10,9	  13,2	   8,9	   1,9
*	    66,2747	 1	328,65	 88,91	  -1,0	   4,9	  10,8	  13,1	   8,8	   1,7
*	    66,8495	 1	325,41	 88,92	  -1,2	   4,7	  10,6	  12,9	   8,5	   1,5
*	    67,6291	 1	322,24	 88,93	  -1,5	   4,4	  10,3	  12,6	   8,3	   1,2
*	    68,6069	 1	319,12	 88,95	  -1,9	   4,1	   9,9	  12,2	   7,9	   0,8
*	    69,7752	 1	316,10	 88,96	  -2,3	   3,6	   9,5	  11,8	   7,5	   0,4
*	    65,9897	 1	  8,40	 91,64	  -2,3	   3,6	   9,4	  11,8	   7,4	   0,4
s	    66,0427	 3	140,72	  7,46	  25,6	  27,7	  21,3	  22,2	  17,3	  24,1
s	    66,0427	 3	140,72	172,54	  25,1	  27,2	  20,8	  21,6	  16,8	  23,5
*	    66,8663	 1	308,86	 91,63	  -2,0	   3,9	   9,8	  12,1	   7,7	   0,7
*	    67,4700	 1	309,10	 91,62	 -11,4	  -5,5	   0,4	   2,7	  -1,6	  -8,7
*	    67,6257	 1	309,17	 89,66	  -2,2	   3,7	   9,6	  11,9	   7,6	   0,5
*	    69,3885	 1	306,29	 89,67	  -2,8	   3,1	   9,0	  11,3	   6,9	  -0,1
*	    71,3090	 1	303,55	 89,68	  -3,5	   2,4	   8,3	  10,6	   6,3	  -0,8
*	    73,3754	 1	300,96	 89,68	  -4,2	   1,7	   7,6	   9,9	   5,5	  -1,6
*	    75,5761	 1	298,51	 89,69	  -4,9	   1,0	   6,8	   9,1	   4,8	  -2,3
*	    77,9003	 1	296,19	 89,70	  -5,7	   0,2	   6,1	   8,4	   4,0	  -3,1
*	    80,3376	 1	294,00	 89,71	  -6,5	  -0,6	   5,3	   7,6	   3,2	  -3,9
s	    67,8084	 2	335,03	 90,00	  27,8	  28,3	  20,0	  19,7	  14,3	  20,7
s	    67,9335	 2	336,58	 90,00	  27,7	  28,2	  20,0	  19,6	  14,3	  20,7
*	    76,9556	 1	 33,02	 66,06	  -1,8	  -1,1	  -8,8	  -8,5	 -13,4	  -6,7
*	    81,2427	 1	 29,00	 67,28	  -3,2	  -2,4	 -10,2	  -9,8	 -14,8	  -8,1
*	    74,3171	 1	 33,02	 70,71	  -1,0	  -0,2	  -7,9	  -7,6	 -12,5	  -5,8
*	    78,7425	 1	 29,00	 71,72	  -2,4	  -1,7	  -9,4	  -9,0	 -14,0	  -7,3
*	    72,2411	 1	 33,02	 75,64	  -0,3	   0,5	  -7,2	  -6,9	 -11,8	  -5,1
*	    76,7816	 1	 29,00	 76,42	  -1,8	  -1,0	  -8,7	  -8,4	 -13,3	  -6,7
*	    70,7749	 1	 33,02	 80,80	   0,2	   1,0	  -6,7	  -6,4	 -11,3	  -4,6
*	    75,4004	 1	 29,00	 81,30	  -1,3	  -0,6	  -8,3	  -7,9	 -12,9	  -6,2
*	    69,9555	 1	 33,02	 86,10	   0,5	   1,3	  -6,4	  -6,1	 -11,0	  -4,3
*	    74,6297	 1	 29,00	 86,32	  -1,1	  -0,3	  -8,0	  -7,7	 -12,6	  -5,9
*	    69,8044	 1	 33,02	 91,48	   0,6	   1,4	  -6,4	  -6,0	 -10,9	  -4,2
*	    74,4877	 1	 29,00	 91,40	  -1,0	  -0,3	  -8,0	  -7,6	 -12,6	  -5,9
*	    84,2472	 1	 33,02	 57,17	  -4,1	  -3,4	 -11,1	 -10,7	 -15,7	  -9,1
*	    80,5861	 1	 33,02	 61,13	  -3,0	  -2,2	 -10,0	  -9,6	 -14,6	  -7,9
*	    84,6961	 1	 29,00	 62,53	  -4,2	  -3,5	 -11,2	 -10,9	 -15,8	  -9,2
s	    70,0322	 2	164,74	 90,00	  27,4	  27,8	  19,5	  17,8	  11,6	  18,1
*	    70,4777	 1	  6,05	 90,86	  -3,2	   2,7	   8,6	  10,9	   6,5	  -0,5
*	    76,8348	 1	357,75	 88,44	  -4,1	   1,8	   7,7	  10,0	   5,7	  -1,4
*	    75,4750	 1	355,17	 88,41	  -3,6	   2,3	   8,2	  10,5	   6,1	  -1,0
*	    74,2825	 1	352,51	 88,38	  -3,2	   2,7	   8,6	  10,9	   6,5	  -0,6
*	    73,2651	 1	349,76	 88,36	  -2,9	   3,0	   8,9	  11,2	   6,9	  -0,2
*	    72,4299	 1	346,93	 88,34	  -2,6	   3,3	   9,2	  11,5	   7,2	   0,1
*	    71,7830	 1	344,02	 88,32	  -2,4	   3,6	   9,4	  11,7	   7,4	   0,3
*	    71,3294	 1	341,07	 88,30	  -2,2	   3,7	   9,6	  11,9	   7,5	   0,5
*	    71,0724	 1	338,06	 88,29	  -2,1	   3,8	   9,7	  12,0	   7,6	   0,6
*	    71,0144	 1	335,05	 88,29	  -2,1	   3,8	   9,7	  12,0	   7,7	   0,6
*	    71,1557	 1	332,01	 88,29	  -2,1	   3,8	   9,6	  12,0	   7,6	   0,5
*	    71,4952	 1	328,99	 88,29	  -2,3	   3,7	   9,5	  11,8	   7,5	   0,4
*	    72,0304	 1	325,99	 88,30	  -2,4	   3,5	   9,3	  11,7	   7,3	   0,2
*	    72,7572	 1	323,02	 88,32	  -2,7	   3,2	   9,1	  11,4	   7,1	  -0,0
*	    73,6701	 1	320,12	 88,34	  -3,0	   2,9	   8,8	  11,1	   6,7	  -0,4
*	    74,7628	 1	317,28	 88,36	  -3,4	   2,5	   8,4	  10,7	   6,4	  -0,7
*	    71,5619	 1	310,57	 90,83	  -3,0	   2,9	   8,8	  11,1	   6,7	  -0,4
s	    72,0170	 3	 90,00	177,52	  23,1	  31,5	  40,2	  41,2	  36,4	  29,9
*	    72,1746	 1	310,78	 90,83	 -13,1	  -7,2	  -1,3	   1,0	  -3,3	 -10,4
*	    72,3614	 1	310,84	 88,99	  -3,2	   2,7	   8,6	  10,9	   6,6	  -0,5
*	    74,0163	 1	308,11	 89,01	  -3,7	   2,2	   8,0	  10,3	   6,0	  -1,1
*	    75,8246	 1	305,50	 89,04	  -4,3	   1,6	   7,4	   9,7	   5,4	  -1,7
*	    77,7759	 1	303,01	 89,06	  -5,0	   0,9	   6,8	   9,1	   4,7	  -2,4
*	    79,8602	 1	300,64	 89,08	  -5,6	   0,3	   6,1	   8,4	   4,1	  -3,1
*	    82,0676	 1	298,38	 89,11	  -6,3	  -0,4	   5,4	   7,7	   3,4	  -3,8
s	    74,3266	 3	278,12	 91,34	  26,2	  26,4	  17,4	  15,1	   8,5	  14,5
*	    75,0223	 1	  4,00	 90,17	  -4,1	   1,8	   7,7	  10,0	   5,6	  -1,5
*	    75,3430	 1	287,89	 89,11	  -0,2	   0,5	  -7,2	  -6,9	 -11,8	  -5,1
*	    79,7053	 1	291,90	 89,15	  -1,7	  -0,9	  -8,6	  -8,3	 -13,2	  -6,6
*	    75,7604	 1	287,89	 83,80	  -0,4	   0,4	  -7,3	  -7,0	 -11,9	  -5,2
*	    80,1007	 1	291,90	 84,14	  -1,8	  -1,0	  -8,7	  -8,4	 -13,3	  -6,7
*	    76,7942	 1	287,89	 78,60	  -0,7	   0,0	  -7,7	  -7,3	 -12,3	  -5,6
*	    81,0811	 1	291,90	 79,22	  -2,1	  -1,3	  -9,0	  -8,7	 -13,7	  -7,0
*	    78,4209	 1	287,89	 73,59	  -1,3	  -0,5	  -8,2	  -7,9	 -12,8	  -6,1
*	    82,6264	 1	291,90	 74,45	  -2,6	  -1,8	  -9,5	  -9,2	 -14,1	  -7,5
*	    80,6058	 1	287,89	 68,81	  -1,9	  -1,2	  -8,9	  -8,6	 -13,5	  -6,9
*	    84,7066	 1	291,90	 69,89	  -3,2	  -2,4	 -10,1	  -9,8	 -14,8	  -8,1
*	    83,3066	 1	287,89	 64,33	  -2,8	  -2,0	  -9,7	  -9,4	 -14,3	  -7,7
*	    87,2848	 1	291,90	 65,59	  -3,9	  -3,2	 -10,9	 -10,6	 -15,5	  -8,9
*	    89,7917	 1	288,87	 57,79	  -4,7	  -3,9	 -11,6	 -11,3	 -16,2	  -9,7
*	    90,3276	 1	292,78	 63,06	  -4,8	  -4,0	 -11,8	 -11,4	 -16,4	  -9,8
*	    86,3553	 1	288,87	 61,71	  -3,7	  -2,9	 -10,6	 -10,3	 -15,3	  -8,6
*	    81,7570	 1	356,28	 87,94	  -5,0	   0,9	   6,8	   9,1	   4,7	  -2,5
*	    80,4770	 1	353,83	 87,90	  -4,6	   1,3	   7,1	   9,5	   5,1	  -2,0
*	    79,3567	 1	351,31	 87,87	  -4,3	   1,6	   7,5	   9,8	   5,5	  -1,7
*	    78,4025	 1	348,71	 87,85	  -4,0	   1,9	   7,8	  10,1	   5,8	  -1,4
*	    77,6204	 1	346,05	 87,82	  -3,7	   2,2	   8,1	  10,4	   6,0	  -1,1
*	    77,0155	 1	343,32	 87,80	  -3,5	   2,4	   8,3	  10,6	   6,2	  -0,9
*	    76,5916	 1	340,56	 87,78	  -3,4	   2,5	   8,4	  10,7	   6,4	  -0,8
*	    76,3518	 1	337,76	 87,77	  -3,3	   2,6	   8,5	  10,8	   6,4	  -0,7
*	    76,2978	 1	334,94	 87,77	  -3,3	   2,6	   8,5	  10,8	   6,4	  -0,7
*	    76,4299	 1	332,11	 87,77	  -3,3	   2,6	   8,4	  10,8	   6,4	  -0,7
*	    76,7473	 1	329,29	 87,77	  -3,4	   2,5	   8,3	  10,7	   6,3	  -0,8
*	    77,2478	 1	326,48	 87,78	  -3,6	   2,3	   8,2	  10,5	   6,1	  -1,0
*	    77,9281	 1	323,71	 87,80	  -3,8	   2,1	   8,0	  10,3	   5,9	  -1,2
*	    78,7837	 1	320,99	 87,81	  -4,1	   1,8	   7,7	  10,0	   5,6	  -1,5
*	    79,8093	 1	318,32	 87,85	  -4,4	   1,5	   7,4	   9,7	   5,3	  -1,8
*	    76,3546	 1	312,09	 90,11	  -4,0	   1,9	   7,8	  10,1	   5,7	  -1,4
*	    76,9746	 1	312,27	 90,11	 -14,7	  -8,8	  -2,9	  -0,6	  -5,0	 -12,1
*	    77,1891	 1	312,33	 88,41	  -4,2	   1,7	   7,6	   9,9	   5,6	  -1,6
*	    78,7468	 1	309,73	 88,43	  -4,7	   1,2	   7,1	   9,4	   5,1	  -2,1
*	    80,4529	 1	307,24	 88,46	  -5,2	   0,7	   6,6	   8,9	   4,5	  -2,6
*	    82,2988	 1	304,85	 88,50	  -5,8	   0,1	   6,0	   8,3	   3,9	  -3,2
*	    84,2754	 1	302,55	 88,53	  -6,4	  -0,5	   5,4	   7,7	   3,3	  -3,8
*	    86,3742	 1	300,38	 88,57	  -7,0	  -1,1	   4,8	   7,1	   2,7	  -4,5
s	    77,2966	 3	165,69	 90,00	  25,9	  21,1	  -1,1	  -1,5	  -6,8	  12,7
s	    77,4411	 3	164,33	 90,00	  25,8	  21,1	  -1,1	  -1,5	  -6,8	  12,7
s	    78,3874	 3	280,46	 90,66	  25,7	  25,9	  17,0	  14,7	   8,0	  14,0
*	    79,6774	 1	  2,15	 89,55	  -5,0	   0,9	   6,8	   9,1	   4,8	  -2,4
*	    86,3502	 1	 24,27	 68,56	  -2,9	  -2,1	  -9,8	  -9,5	 -14,5	  -7,8
*	    90,1403	 1	 20,38	 69,42	  -4,0	  -3,2	 -10,9	 -10,6	 -15,5	  -9,0
*	    83,9968	 1	 24,27	 72,80	  -2,2	  -1,4	  -9,1	  -8,8	 -13,7	  -7,1
*	    87,8849	 1	 20,38	 73,51	  -3,3	  -2,6	 -10,3	  -9,9	 -14,9	  -8,3
*	    82,1568	 1	 24,27	 77,25	  -1,6	  -0,9	  -8,6	  -8,2	 -13,2	  -6,5
*	    86,1251	 1	 20,38	 77,78	  -2,8	  -2,0	  -9,8	  -9,4	 -14,4	  -7,8
*	    80,8640	 1	 24,27	 81,84	  -1,2	  -0,5	  -8,2	  -7,8	 -12,8	  -6,1
*	    84,8906	 1	 20,38	 82,20	  -2,4	  -1,7	  -9,4	  -9,1	 -14,0	  -7,4
*	    80,1439	 1	 24,27	 86,55	  -1,0	  -0,2	  -8,0	  -7,6	 -12,6	  -5,9
*	    84,2038	 1	 20,38	 86,70	  -2,2	  -1,5	  -9,2	  -8,9	 -13,8	  -7,2
*	    80,0114	 1	 24,27	 91,31	  -1,0	  -0,2	  -7,9	  -7,6	 -12,5	  -5,9
*	    92,9312	 1	 24,27	 60,30	  -4,7	  -4,0	 -11,7	 -11,3	 -16,3	  -9,8
*	    89,6136	 1	 24,27	 64,01	  -3,8	  -3,0	 -10,8	 -10,4	 -15,4	  -8,8
*	    93,2755	 1	 20,38	 65,01	  -4,8	  -4,1	 -11,8	 -11,4	 -16,4	  -9,8
*	    81,2280	 1	313,43	 89,50	  -4,9	   1,0	   6,8	   9,1	   4,8	  -2,4
*	    86,6841	 1	354,98	 87,49	  -5,9	  -0,0	   5,8	   8,1	   3,8	  -3,4
*	    85,4751	 1	352,65	 87,46	  -5,6	   0,3	   6,2	   8,5	   4,1	  -3,1
*	    84,4187	 1	350,26	 87,42	  -5,3	   0,6	   6,5	   8,8	   4,4	  -2,7
*	    83,5202	 1	347,79	 87,39	  -5,0	   0,9	   6,8	   9,1	   4,7	  -2,5
*	    82,7847	 1	345,28	 87,36	  -4,8	   1,1	   7,0	   9,3	   4,9	  -2,2
*	    82,2163	 1	342,72	 87,34	  -4,6	   1,3	   7,2	   9,5	   5,1	  -2,0
*	    81,8185	 1	340,12	 87,32	  -4,5	   1,4	   7,3	   9,6	   5,2	  -1,9
*	    81,5936	 1	337,49	 87,31	  -4,4	   1,5	   7,4	   9,7	   5,3	  -1,8
*	    81,5430	 1	334,84	 87,31	  -4,4	   1,5	   7,4	   9,7	   5,3	  -1,8
*	    81,6671	 1	332,19	 87,31	  -4,4	   1,5	   7,3	   9,6	   5,3	  -1,9
*	    81,9652	 1	329,54	 87,31	  -4,5	   1,4	   7,2	   9,6	   5,2	  -2,0
*	    82,4354	 1	326,92	 87,32	  -4,7	   1,2	   7,1	   9,4	   5,0	  -2,1
*	    83,0750	 1	324,31	 87,34	  -4,9	   1,0	   6,9	   9,2	   4,9	  -2,3
*	    83,8803	 1	321,75	 87,35	  -5,1	   0,8	   6,7	   9,0	   4,6	  -2,6
*	    84,8467	 1	319,23	 87,39	  -5,4	   0,5	   6,4	   8,7	   4,3	  -2,9
*	    81,8541	 1	313,59	 89,51	 -16,2	 -10,3	  -4,5	  -2,2	  -6,5	 -13,7
*	    82,0926	 1	313,63	 87,89	  -5,1	   0,8	   6,7	   9,0	   4,6	  -2,6
*	    83,5624	 1	311,17	 87,93	  -5,6	   0,3	   6,2	   8,5	   4,2	  -3,0
*	    85,1758	 1	308,79	 87,97	  -6,0	  -0,1	   5,7	   8,0	   3,7	  -3,5
*	    86,9250	 1	306,50	 88,01	  -6,5	  -0,6	   5,2	   7,5	   3,2	  -4,0
*	    88,8024	 1	304,28	 88,04	  -7,1	  -1,2	   4,7	   7,0	   2,6	  -4,6
s	    82,6295	 2	282,60	 90,00	  26,0	  26,4	  18,1	  16,4	  10,2	  16,6
s	    82,6295	 3	282,60	 90,05	  25,3	  25,5	  16,5	  14,2	   7,6	  13,6
s	    82,9397	 2	298,68	 90,00	  26,1	  26,6	  18,3	  18,0	  12,6	  18,8
*	    84,4252	 1	  0,50	 89,00	  -5,8	   0,1	   5,9	   8,2	   3,9	  -3,3
*	    84,9090	 1	296,64	 87,44	  -1,6	  -0,8	  -8,6	  -8,2	 -13,2	  -6,6
*	    88,6119	 1	300,51	 87,56	  -2,7	  -1,9	  -9,6	  -9,3	 -14,3	  -7,7
*	    85,4888	 1	296,64	 82,76	  -1,8	  -1,0	  -8,7	  -8,4	 -13,4	  -6,7
*	    89,1684	 1	300,51	 83,07	  -2,8	  -2,1	  -9,8	  -9,5	 -14,4	  -7,8
*	    86,6153	 1	296,64	 78,17	  -2,1	  -1,3	  -9,1	  -8,7	 -13,7	  -7,1
*	    90,2504	 1	300,51	 78,67	  -3,1	  -2,4	 -10,1	  -9,8	 -14,7	  -8,2
*	    88,2681	 1	296,64	 73,73	  -2,6	  -1,8	  -9,5	  -9,2	 -14,2	  -7,6
*	    91,8398	 1	300,51	 74,39	  -3,6	  -2,8	 -10,6	 -10,2	 -15,2	  -8,6
*	    90,4192	 1	296,64	 69,48	  -3,2	  -2,4	 -10,2	  -9,8	 -14,8	  -8,2
*	    93,9117	 1	300,51	 70,29	  -4,1	  -3,4	 -11,1	 -10,8	 -15,8	  -9,2
*	    93,0352	 1	296,64	 65,45	  -3,9	  -3,2	 -10,9	 -10,5	 -15,5	  -8,9
*	    96,4359	 1	300,51	 66,38	  -4,8	  -4,1	 -11,8	 -11,5	 -16,4	  -9,9
*	    93,5668	 1	296,64	 64,73	  -4,1	  -3,3	 -11,0	 -10,7	 -15,7	  -9,1
*	    86,1120	 1	314,60	 88,96	  -5,8	   0,1	   5,9	   8,2	   3,9	  -3,3
s	    86,3885	 2	 11,64	 90,00	  25,7	  26,2	  17,9	  17,6	  12,3	  18,5
*	    91,7224	 1	353,80	 87,09	  -6,8	  -0,9	   4,9	   7,2	   2,9	  -4,4
*	    90,5783	 1	351,59	 87,06	  -6,5	  -0,6	   5,3	   7,6	   3,2	  -4,0
*	    89,5799	 1	349,31	 87,02	  -6,2	  -0,3	   5,5	   7,8	   3,5	  -3,7
*	    88,7319	 1	346,97	 86,99	  -6,0	  -0,1	   5,8	   8,1	   3,7	  -3,5
*	    88,0384	 1	344,58	 86,96	  -5,8	   0,1	   6,0	   8,3	   3,9	  -3,3
*	    87,5030	 1	342,17	 86,94	  -5,6	   0,3	   6,1	   8,4	   4,1	  -3,1
*	    87,1285	 1	339,71	 86,92	  -5,5	   0,4	   6,2	   8,5	   4,2	  -3,0
*	    86,9169	 1	337,25	 86,91	  -5,5	   0,4	   6,3	   8,6	   4,2	  -3,0
*	    86,8695	 1	334,75	 86,89	  -5,5	   0,4	   6,3	   8,6	   4,2	  -2,9
*	    86,9864	 1	332,27	 86,89	  -5,5	   0,4	   6,3	   8,6	   4,2	  -3,0
*	    87,2671	 1	329,78	 86,91	  -5,6	   0,3	   6,2	   8,5	   4,1	  -3,1
*	    87,7101	 1	327,31	 86,92	  -5,7	   0,2	   6,1	   8,4	   4,0	  -3,2
*	    88,3130	 1	324,85	 86,93	  -5,9	   0,0	   5,9	   8,2	   3,8	  -3,4
*	    89,0727	 1	322,42	 86,95	  -6,1	  -0,2	   5,7	   8,0	   3,6	  -3,6
*	    89,9855	 1	320,04	 86,99	  -6,3	  -0,4	   5,4	   7,7	   3,3	  -3,9
*	    87,0028	 1	314,78	 87,44	  -6,0	  -0,1	   5,7	   8,1	   3,7	  -3,5
*	    88,3941	 1	312,44	 87,48	  -6,4	  -0,5	   5,3	   7,6	   3,3	  -3,9
*	    89,9239	 1	310,16	 87,53	  -6,8	  -0,9	   4,9	   7,2	   2,8	  -4,4
*	    91,5857	 1	307,96	 87,56	  -7,3	  -1,4	   4,5	   6,8	   2,4	  -4,8
s	    87,1125	 3	302,63	 90,00	  24,9	  20,1	  -2,1	  -2,5	  -7,8	  11,6
s	    87,5574	 3	251,54	 90,00	  24,7	  19,9	  -2,4	  -4,1	 -10,3	   9,3
s	    87,7000	 3	295,40	 90,00	  24,8	  20,1	  -2,2	  -2,5	  -7,9	  11,5
*	    94,5824	 1	 15,75	 70,34	  -3,7	  -2,9	 -10,7	 -10,3	 -15,3	  -8,8
*	    97,7645	 1	 11,95	 70,94	  -4,5	  -3,8	 -11,5	 -11,2	 -16,2	  -9,6
*	    92,4319	 1	 15,75	 74,27	  -3,1	  -2,4	 -10,1	  -9,8	 -14,7	  -8,2
*	    95,6832	 1	 11,95	 74,76	  -4,0	  -3,2	 -11,0	 -10,6	 -15,6	  -9,1
*	    90,7574	 1	 15,75	 78,36	  -2,7	  -1,9	  -9,6	  -9,3	 -14,3	  -7,7
*	    94,0647	 1	 11,95	 78,72	  -3,6	  -2,8	 -10,5	 -10,2	 -15,2	  -8,6
*	    89,5846	 1	 15,75	 82,56	  -2,3	  -1,6	  -9,3	  -9,0	 -13,9	  -7,3
*	    92,9323	 1	 11,95	 82,80	  -3,3	  -2,5	 -10,2	  -9,9	 -14,9	  -8,3
*	    88,9327	 1	 15,75	 86,86	  -2,2	  -1,4	  -9,1	  -8,8	 -13,7	  -7,1
*	    92,3033	 1	 11,95	 86,96	  -3,1	  -2,3	 -10,1	  -9,7	 -14,7	  -8,1
*	    97,5795	 1	 15,75	 66,07	  -4,5	  -3,7	 -11,5	 -11,1	 -16,1	  -9,6
*	    89,1960	 1	359,02	 88,51	  -6,7	  -0,7	   5,1	   7,4	   3,0	  -4,2
s	    90,7646	 3	187,92	 90,00	  24,5	  19,8	  -2,5	  -2,8	  -8,2	  11,2
s	    90,7716	 3	215,87	 90,00	  24,5	  19,8	  -2,5	  -2,8	  -8,2	  11,2
*	    91,1116	 1	315,66	 88,46	  -6,7	  -0,8	   5,0	   7,3	   2,9	  -4,3
s	    91,7095	 3	242,09	 90,00	  24,4	  19,7	  -2,6	  -2,9	  -8,3	  11,1
*	    92,0256	 1	315,83	 87,04	  -6,9	  -1,0	   4,9	   7,2	   2,8	  -4,4
*	    93,3446	 1	313,59	 87,08	  -7,3	  -1,4	   4,5	   6,8	   2,4	  -4,8
s	    92,3009	 3	257,29	 90,00	  24,4	  19,7	  -2,6	  -3,0	  -8,3	  11,1
*	    92,8076	 1	305,19	 86,60	  -2,4	  -1,7	  -9,4	  -9,1	 -14,0	  -7,5
*	    95,4611	 1	309,09	 86,69	  -3,1	  -2,4	 -10,1	  -9,8	 -14,7	  -8,2
*	    98,5302	 1	312,75	 86,80	  -3,9	  -3,2	 -10,9	 -10,6	 -15,6	  -9,0
*	    93,4669	 1	305,19	 82,32	  -2,6	  -1,8	  -9,6	  -9,2	 -14,2	  -7,6
*	    96,1028	 1	309,09	 82,54	  -3,3	  -2,5	 -10,3	  -9,9	 -14,9	  -8,4
*	    99,1525	 1	312,75	 82,78	  -4,1	  -3,3	 -11,1	 -10,7	 -15,7	  -9,2
*	    94,6266	 1	305,19	 78,13	  -2,9	  -2,2	  -9,9	  -9,5	 -14,5	  -8,0
*	    97,2319	 1	309,09	 78,47	  -3,6	  -2,8	 -10,6	 -10,2	 -15,2	  -8,7
*	   100,2484	 1	312,75	 78,83	  -4,4	  -3,6	 -11,3	 -11,0	 -16,0	  -9,5
*	    96,2693	 1	305,19	 74,07	  -3,3	  -2,6	 -10,3	 -10,0	 -15,0	  -8,4
*	    98,8325	 1	309,09	 74,51	  -4,0	  -3,3	 -11,0	 -10,7	 -15,6	  -9,1
*	   101,8029	 1	312,75	 74,99	  -4,8	  -4,0	 -11,7	 -11,4	 -16,4	  -9,9
*	    98,3713	 1	305,19	 70,16	  -3,9	  -3,1	 -10,9	 -10,5	 -15,5	  -9,0
*	   100,8827	 1	309,09	 70,69	  -4,5	  -3,8	 -11,5	 -11,2	 -16,2	  -9,6
*	   100,6162	 1	304,26	 66,04	  -4,5	  -3,7	 -11,4	 -11,1	 -16,1	  -9,6
s	    93,1478	 3	 91,14	 90,00	  24,2	  19,4	  -2,9	  -4,6	 -10,9	   8,7
s	    93,3412	 3	 55,67	 90,00	  24,2	  19,4	  -2,9	  -4,6	 -10,9	   8,7
s	    93,4693	 3	 41,71	 90,00	  24,3	  19,6	  -2,7	  -3,1	  -8,4	  11,0
*	    94,0908	 1	357,67	 88,06	  -7,5	  -1,6	   4,3	   6,6	   2,2	  -5,0
s	    94,6842	 3	132,62	 90,00	  24,2	  19,4	  -2,8	  -3,2	  -8,5	  10,8
*	    95,0878	 1	335,51	 85,16	  -2,3	  -1,5	  -9,3	  -8,9	 -13,9	  -7,4
*	    95,9173	 1	335,51	 81,06	  -2,5	  -1,8	  -9,5	  -9,1	 -14,1	  -7,6
*	    97,2314	 1	335,51	 77,05	  -2,9	  -2,1	  -9,8	  -9,5	 -14,5	  -7,9
*	    98,6290	 1	338,26	 74,22	  -3,2	  -2,5	 -10,2	  -9,9	 -14,8	  -8,3
*	    96,9726	 1	338,26	 78,14	  -2,8	  -2,0	  -9,8	  -9,4	 -14,4	  -7,9
*	    95,7870	 1	338,26	 82,16	  -2,5	  -1,7	  -9,5	  -9,1	 -14,1	  -7,5
*	    95,0893	 1	338,26	 86,28	  -2,3	  -1,5	  -9,3	  -8,9	 -13,9	  -7,4
*	    97,1337	 1	331,35	 78,12	  -2,8	  -2,1	  -9,8	  -9,5	 -14,5	  -7,9
*	    95,9499	 1	331,35	 82,15	  -2,5	  -1,8	  -9,5	  -9,2	 -14,1	  -7,6
*	    95,2533	 1	331,35	 86,26	  -2,3	  -1,6	  -9,3	  -9,0	 -14,0	  -7,4
*	    97,5159	 1	341,66	 78,22	  -2,9	  -2,2	  -9,9	  -9,6	 -14,6	  -8,0
*	    96,3368	 1	341,66	 82,22	  -2,6	  -1,9	  -9,6	  -9,3	 -14,3	  -7,7
*	    95,6430	 1	341,66	 86,30	  -2,5	  -1,7	  -9,4	  -9,1	 -14,1	  -7,5
*	    97,8361	 1	327,91	 78,17	  -3,0	  -2,3	 -10,0	  -9,7	 -14,7	  -8,1
*	    96,6606	 1	327,91	 82,20	  -2,7	  -2,0	  -9,7	  -9,4	 -14,3	  -7,8
*	    95,9689	 1	327,91	 86,29	  -2,5	  -1,8	  -9,5	  -9,2	 -14,2	  -7,6
*	   101,2766	 1	  7,37	 71,55	  -4,2	  -3,4	 -11,2	 -10,8	 -15,8	  -9,3
*	   103,4821	 1	  3,55	 71,92	  -4,7	  -4,0	 -11,7	 -11,4	 -16,4	  -9,9
*	    99,2667	 1	  7,37	 75,26	  -3,7	  -2,9	 -10,7	 -10,3	 -15,3	  -8,8
*	   101,5145	 1	  3,55	 75,56	  -4,3	  -3,5	 -11,2	 -10,9	 -15,9	  -9,4
*	    97,7057	 1	  7,37	 79,11	  -3,3	  -2,5	 -10,3	  -9,9	 -14,9	  -8,4
*	    99,9875	 1	  3,55	 79,33	  -3,9	  -3,1	 -10,8	 -10,5	 -15,5	  -9,0
*	   102,6855	 1	359,91	 79,58	  -4,5	  -3,8	 -11,5	 -11,2	 -16,2	  -9,7
*	    96,6146	 1	  7,37	 83,06	  -3,0	  -2,3	 -10,0	  -9,6	 -14,6	  -8,1
*	    98,9208	 1	  3,55	 83,19	  -3,6	  -2,8	 -10,6	 -10,2	 -15,2	  -8,7
*	   101,6462	 1	359,91	 83,37	  -4,3	  -3,5	 -11,3	 -10,9	 -15,9	  -9,4
*	    96,0090	 1	  7,37	 87,07	  -2,9	  -2,1	  -9,8	  -9,5	 -14,5	  -7,9
*	    98,3289	 1	  3,55	 87,12	  -3,5	  -2,7	 -10,4	 -10,1	 -15,1	  -8,5
*	   103,1653	 1	  8,50	 67,90	  -4,7	  -3,9	 -11,6	 -11,3	 -16,3	  -9,8
*	    98,4677	 1	345,00	 78,36	  -3,2	  -2,5	 -10,2	  -9,9	 -14,8	  -8,3
*	    97,2999	 1	345,00	 82,31	  -2,9	  -2,2	  -9,9	  -9,6	 -14,5	  -8,0
*	    96,6128	 1	345,00	 86,34	  -2,7	  -2,0	  -9,7	  -9,4	 -14,4	  -7,8
*	    96,9687	 1	325,22	 85,23	  -2,8	  -2,1	  -9,8	  -9,5	 -14,4	  -7,9
*	    97,7829	 1	325,22	 81,19	  -3,0	  -2,3	 -10,0	  -9,7	 -14,7	  -8,1
*	    99,0732	 1	325,22	 77,22	  -3,4	  -2,6	 -10,3	 -10,0	 -15,0	  -8,5
s	    97,5414	 3	 63,85	 90,00	  23,9	  19,2	  -3,1	  -3,4	  -8,8	  10,6
s	    97,9823	 3	 49,34	 90,00	  23,9	  19,2	  -3,1	  -3,5	  -8,8	  10,5
*	   101,4279	 1	348,24	 74,74	  -4,0	  -3,2	 -11,0	 -10,6	 -15,6	  -9,1
*	    99,8167	 1	348,24	 78,53	  -3,6	  -2,8	 -10,6	 -10,2	 -15,2	  -8,7
*	    98,6643	 1	348,24	 82,43	  -3,3	  -2,5	 -10,3	  -9,9	 -14,9	  -8,4
*	    97,9865	 1	348,24	 86,40	  -3,1	  -2,4	 -10,1	  -9,8	 -14,7	  -8,2
*	    98,4098	 1	315,62	 85,28	  -3,4	  -2,6	 -10,3	 -10,0	 -15,0	  -8,4
*	    99,2126	 1	315,62	 81,28	  -3,6	  -2,8	 -10,5	 -10,2	 -15,2	  -8,7
*	   100,4853	 1	315,62	 77,36	  -3,9	  -3,1	 -10,9	 -10,5	 -15,5	  -9,0
*	   102,2109	 1	315,62	 73,56	  -4,3	  -3,6	 -11,3	 -11,0	 -15,9	  -9,4
*	   102,0446	 1	321,25	 74,63	  -4,1	  -3,4	 -11,1	 -10,8	 -15,8	  -9,3
*	   100,4424	 1	321,25	 78,45	  -3,7	  -3,0	 -10,7	 -10,4	 -15,4	  -8,9
*	    99,2967	 1	321,25	 82,38	  -3,5	  -2,7	 -10,4	 -10,1	 -15,1	  -8,6
*	    98,6229	 1	321,25	 86,38	  -3,3	  -2,5	 -10,3	  -9,9	 -14,9	  -8,4
*	   100,2817	 1	351,96	 85,45	  -3,7	  -3,0	 -10,7	 -10,4	 -15,4	  -8,9
*	   101,0698	 1	351,96	 81,59	  -3,9	  -3,2	 -10,9	 -10,6	 -15,6	  -9,1
*	   102,3195	 1	351,96	 77,80	  -4,3	  -3,5	 -11,2	 -10,9	 -15,9	  -9,4
*	   102,2532	 1	318,08	 78,64	  -4,2	  -3,4	 -11,2	 -10,8	 -15,8	  -9,3
*	   101,1273	 1	318,08	 82,51	  -3,9	  -3,1	 -10,9	 -10,5	 -15,5	  -9,0
*	   100,4654	 1	318,08	 86,44	  -3,7	  -3,0	 -10,7	 -10,4	 -15,4	  -8,8
*	   103,4514	 1	357,40	 75,78	  -4,6	  -3,9	 -11,6	 -11,3	 -16,3	  -9,8
*	   101,9525	 1	357,40	 79,50	  -4,3	  -3,5	 -11,2	 -10,9	 -15,9	  -9,4
*	   100,9059	 1	357,40	 83,31	  -4,0	  -3,2	 -11,0	 -10,6	 -15,6	  -9,1
*	   103,6405	 1	354,33	 78,99	  -4,6	  -3,9	 -11,6	 -11,3	 -16,3	  -9,8
*	   102,5299	 1	354,33	 82,74	  -4,4	  -3,6	 -11,3	 -11,0	 -16,0	  -9,5
*	   101,8770	 1	354,33	 86,54	  -4,2	  -3,4	 -11,2	 -10,8	 -15,8	  -9,3
*	   108,0692	 1	329,18	 66,21	 -23,1	 -18,4	  -5,3	  -4,0	  -7,1	 -12,1
*	   107,2500	 1	333,28	 66,06	 -22,9	 -18,2	  -5,1	  -3,8	  -6,9	 -11,9
*	   106,8929	 1	337,40	 66,03	 -22,8	 -18,1	  -5,0	  -3,7	  -6,8	 -11,8
*	   107,0023	 1	341,53	 66,10	 -22,9	 -18,1	  -5,0	  -3,7	  -6,9	 -11,9
*	   107,5769	 1	345,59	 66,27	 -23,0	 -18,3	  -5,2	  -3,9	  -7,0	 -12,0
s	   112,5342	 3	335,55	122,18	  20,5	  19,7	  -3,2	  -2,7	   0,8	  11,1
s	   126,8235	 3	267,38	 64,90	  21,3	  14,2	 -23,8	 -23,5	 -20,1	   3,4
s	   127,7203	 3	 90,00	  1,42	  20,3	  27,9	  35,5	  36,5	  31,3	  24,2
s	   127,9012	 3	321,27	 65,12	  21,2	  14,1	 -23,9	 -23,5	 -20,1	   3,3
s	   129,1973	 3	349,49	 65,38	  21,1	  14,0	 -23,9	 -23,6	 -20,2	   3,2
s	   130,6074	 3	339,54	 70,70	  21,2	  17,0	  -4,5	  -4,0	  -9,0	  10,5
s	   131,6783	 3	 39,91	 65,86	  20,9	  13,8	 -24,1	 -23,8	 -20,4	   3,0
s	   132,3311	 3	342,44	 90,00	  21,3	  21,5	  12,5	  10,2	   3,4	   9,1
#END
