#HEADER
CATT-Acoustic v8.0b    Copyright © CATT 1988-2003

 Project                : Auditorio

 GEOMETRICAL INFORMATION
 Src id and loc     [m] :   A1          -9,000        0,000        0,000
 Rec id and loc     [m] :   21           4,350        7,000        0,550

 21       43,9349

 VARIABLE SOURCE DATA
 Directivity
   Type (library)       :  OMNI.SD0
   Dir. Index (DI) [dB] :       0,0      0,0      0,0      0,0      0,0      0,0
 Level
   On axis 1m      [dB] :      58,0     64,0     70,3     70,7     65,9     59,9
   Total power     [dB] :      68,9     74,9     81,2     81,6     76,8     70,8
   Auxiliary delay [ms] :       0,0

 VARIABLE AIR DATA
 Temperature       [°C] :      20
 Relative humidity  [%] :      50
 Density        [kg/m³] :       1,2
 Sound speed      [m/s] :     343
 Impedance      [Ns/m³] :     412
 Diss. coeff. [0.001/m] :      0,10     0,30     0,63     1,07     2,28     6,83      (estimated)

#DATAFIELDS
 TYPE DELAY ORDER AZIMUTH ELEVATION SPL125 SPL250 SPL500 SPL1K SPL2K SPL4K
#DATA
d	     0,0000	 0	 90,00	 90,00	  34,4	  40,4	  46,7	  47,1	  42,2	  35,9
*	     0,1932	 1	 89,15	 97,26	 -15,1	  -9,2	  -3,3	  -1,0	  -5,2	 -12,1
*	     0,1937	 1	 94,38	 97,02	 -17,7	 -11,7	  -5,9	  -3,5	  -7,8	 -14,7
*	     0,3502	 1	 85,32	 97,44	 -13,5	  -7,6	  -1,7	   0,6	  -3,6	 -10,5
*	     0,4751	 1	 78,69	 97,73	 -17,2	 -11,3	  -5,4	  -3,1	  -7,4	 -14,3
*	     0,6444	 1	 82,43	 97,53	 -12,2	  -6,3	  -0,4	   1,9	  -2,4	  -9,3
*	     0,8649	 1	 75,79	 97,74	 -15,1	  -9,2	  -3,3	  -1,0	  -5,3	 -12,2
*	    26,0255	 1	111,06	 93,49	 -15,4	  -8,4	  -1,1	  -0,5	  -5,4	 -11,8
*	    19,0988	 1	107,76	 93,80	 -11,7	  -4,6	   2,7	   3,3	  -1,5	  -7,9
*	    21,1481	 1	104,40	 93,42	 -11,6	  -4,6	   2,8	   3,4	  -1,5	  -7,9
*	    12,5709	 1	104,02	 94,14	  -7,2	  -0,2	   7,2	   7,8	   2,9	  -3,4
*	    14,4588	 1	100,72	 93,70	  -6,5	   0,5	   7,9	   8,4	   3,6	  -2,8
*	     6,7732	 1	 99,79	 94,48	  -2,2	   4,8	  12,2	  12,8	   7,9	   1,6
*	     8,2322	 1	 96,61	 93,99	   0,2	   7,2	  14,6	  15,2	  10,4	   4,0
*	    12,2644	 1	 93,87	 93,55	  -1,8	   5,2	  12,6	  13,2	   8,3	   2,0
*	     2,5534	 1	 95,03	 94,86	   1,8	   8,8	  16,2	  16,8	  12,0	   5,7
*	     3,3409	 1	 92,05	 94,28	   8,0	  15,1	  22,5	  23,1	  18,2	  11,9
*	     7,8697	 1	 89,54	 93,79	   4,2	  11,2	  18,6	  19,2	  14,4	   8,0
*	     1,0802	 1	 89,70	 95,23	   1,3	   8,4	  15,7	  16,3	  11,5	   5,2
*	     2,4220	 1	 87,05	 94,58	   5,5	  12,6	  19,9	  20,5	  15,7	   9,4
*	     6,9453	 1	 84,84	 94,03	   2,5	   9,5	  16,9	  17,5	  12,7	   6,3
*	     1,9567	 1	 83,80	 95,59	  -2,2	   4,9	  12,2	  12,8	   8,0	   1,7
*	     4,2690	 1	 81,60	 94,85	  -1,2	   5,9	  13,2	  13,8	   9,0	   2,7
*	     4,1032	 1	 77,37	 95,91	  -5,7	   1,3	   8,7	   9,3	   4,5	  -1,8
*	     7,0086	 1	 75,77	 95,10	  -5,9	   1,1	   8,5	   9,1	   4,2	  -2,1
*	     7,0524	 1	 70,55	 96,18	  -8,7	  -1,7	   5,7	   6,3	   1,5	  -4,9
*	    10,3105	 1	 69,65	 95,32	  -9,5	  -2,5	   4,9	   5,5	   0,6	  -5,7
*	    10,6552	 1	 63,48	 96,36	 -11,3	  -4,3	   3,1	   3,7	  -1,2	  -7,5
*	     1,0849	 1	 80,13	 97,58	 -11,1	  -5,2	   0,7	   3,0	  -1,3	  -8,2
*	     1,3633	 1	 73,78	 97,77	 -13,8	  -7,9	  -2,0	   0,3	  -4,0	 -10,9
*	     1,9757	 1	 72,30	 97,77	 -12,9	  -7,0	  -1,1	   1,2	  -3,0	  -9,9
*	     2,7310	 1	 71,13	 97,76	 -12,0	  -6,1	  -0,2	   2,1	  -2,2	  -9,1
s	     2,7895	 1	216,37	 93,21	  32,1	  37,8	  43,4	  41,8	  35,6	  29,0
*	     3,7657	 1	176,70	102,68	  12,0	  17,9	  23,8	  26,1	  21,9	  15,0
*	     3,6505	 1	 70,23	 97,75	 -11,3	  -5,4	   0,5	   2,9	  -1,4	  -8,3
*	     5,7851	 1	165,13	 90,14	   4,4	  10,3	  16,2	  18,5	  14,2	   7,3
*	     7,1025	 1	162,40	 89,90	   1,5	   7,4	  13,3	  15,6	  11,3	   4,4
*	     8,5147	 1	160,61	 89,74	  -0,9	   5,0	  10,9	  13,2	   8,9	   2,0
*	    10,0185	 1	159,37	 89,63	  -2,9	   3,0	   8,9	  11,2	   6,9	  -0,0
*	    11,6135	 1	158,45	 89,55	  -4,6	   1,3	   7,2	   9,5	   5,2	  -1,7
*	    13,3003	 1	157,74	 89,50	  -6,1	  -0,2	   5,7	   8,0	   3,7	  -3,3
*	    15,0795	 1	157,18	 89,44	  -7,5	  -1,6	   4,3	   6,6	   2,3	  -4,7
*	    16,9514	 1	156,73	 89,40	  -8,8	  -2,9	   3,0	   5,3	   1,0	  -6,0
*	    18,9159	 1	156,35	 89,37	 -10,0	  -4,1	   1,8	   4,1	  -0,2	  -7,2
*	    20,9725	 1	156,03	 89,35	 -11,1	  -5,2	   0,7	   3,0	  -1,3	  -8,3
*	    23,1201	 1	155,75	 89,31	 -12,2	  -6,2	  -0,4	   1,9	  -2,4	  -9,4
*	    25,3571	 1	155,53	 89,29	 -13,2	  -7,3	  -1,4	   0,9	  -3,4	 -10,5
*	    27,6814	 1	155,32	 89,28	 -14,2	  -8,3	  -2,4	  -0,1	  -4,4	 -11,5
*	    30,0904	 1	155,14	 89,27	 -15,1	  -9,2	  -3,4	  -1,0	  -5,4	 -12,5
*	    32,5811	 1	154,98	 89,25	 -16,1	 -10,2	  -4,3	  -2,0	  -6,3	 -13,4
s	     6,2389	 1	 85,08	 89,75	  31,5	  32,3	  24,6	  24,9	  20,0	  26,9
*	    21,6613	 1	 85,90	 70,03	  -0,4	   0,3	  -7,4	  -7,0	 -11,9	  -5,2
*	    20,6575	 1	 81,98	 69,40	  -0,5	   0,3	  -7,4	  -7,0	 -12,0	  -5,2
*	    17,3131	 1	 85,91	 74,05	   2,7	   3,5	  -4,2	  -3,9	  -8,8	  -2,0
*	    16,4250	 1	 82,01	 73,55	   2,5	   3,2	  -4,5	  -4,1	  -9,0	  -2,2
*	    13,2897	 1	 85,92	 78,21	   6,6	   7,3	  -0,4	  -0,0	  -4,9	   1,9
*	    12,6065	 1	 82,03	 77,86	   5,8	   6,6	  -1,1	  -0,8	  -5,7	   1,2
*	     9,7160	 1	 85,93	 82,48	  11,4	  12,1	   4,4	   4,8	  -0,1	   6,8
*	     9,3917	 1	 82,05	 82,29	   9,6	  10,3	   2,6	   3,0	  -1,9	   5,0
*	     7,0062	 1	 85,94	 86,82	  17,0	  17,8	  10,1	  10,5	   5,6	  12,4
*	     7,2248	 1	 82,08	 86,78	  13,0	  13,8	   6,1	   6,4	   1,5	   8,4
*	     6,4857	 1	 85,95	 91,16	  18,8	  19,5	  11,8	  12,2	   7,3	  14,2
*	     6,8928	 1	 82,10	 91,30	  13,8	  14,6	   6,9	   7,2	   2,3	   9,2
*	    25,0736	 1	 80,98	 65,27	  -3,1	  -2,3	 -10,0	  -9,7	 -14,6	  -7,8
*	    25,9558	 1	 84,98	 66,01	  -3,1	  -2,3	 -10,0	  -9,7	 -14,6	  -7,9
*	    10,0753	 1	 72,35	 94,94	   5,7	   6,5	  -1,2	  -0,9	  -5,8	   1,1
*	     9,0622	 1	 76,39	 94,57	   8,2	   9,0	   1,3	   1,7	  -3,2	   3,6
*	     9,4220	 1	 72,30	 89,92	   6,2	   6,9	  -0,8	  -0,4	  -5,3	   1,6
*	     8,3123	 1	 76,35	 89,79	   8,9	   9,7	   2,0	   2,4	  -2,5	   4,3
*	     9,9737	 1	 72,24	 84,88	   5,7	   6,4	  -1,3	  -0,9	  -5,8	   1,0
*	     9,0077	 1	 76,31	 84,99	   8,1	   8,9	   1,2	   1,5	  -3,4	   3,5
*	    11,6394	 1	 72,19	 79,89	   4,4	   5,1	  -2,6	  -2,2	  -7,1	  -0,3
*	    10,9690	 1	 76,27	 80,24	   6,2	   7,0	  -0,7	  -0,4	  -5,3	   1,6
*	    14,2272	 1	 72,13	 75,02	   2,6	   3,4	  -4,3	  -4,0	  -8,9	  -2,0
*	    13,8746	 1	 76,23	 75,57	   3,9	   4,6	  -3,1	  -2,7	  -7,6	  -0,8
*	    17,5395	 1	 72,07	 70,32	   0,6	   1,4	  -6,3	  -5,9	 -10,9	  -4,1
*	    17,4582	 1	 76,18	 71,08	   1,4	   2,2	  -5,5	  -5,1	 -10,1	  -3,2
*	    21,4178	 1	 72,01	 65,86	  -1,4	  -0,6	  -8,3	  -8,0	 -12,9	  -6,1
*	    21,5458	 1	 76,14	 66,78	  -0,9	  -0,1	  -7,8	  -7,5	 -12,4	  -5,6
*	    29,9637	 1	 76,96	 59,97	  -4,8	  -4,0	 -11,7	 -11,4	 -16,3	  -9,6
*	    25,2040	 1	 77,00	 63,80	  -2,6	  -1,9	  -9,6	  -9,2	 -14,1	  -7,4
*	    24,8089	 1	 72,95	 62,76	  -2,9	  -2,1	  -9,8	  -9,5	 -14,4	  -7,7
*	    25,5072	 1	 94,55	 71,12	  -1,3	  -0,5	  -8,3	  -7,9	 -12,8	  -6,1
*	    23,4392	 1	 90,70	 70,65	  -0,4	   0,4	  -7,4	  -7,0	 -11,9	  -5,2
*	    21,4060	 1	 94,54	 74,91	   1,5	   2,3	  -5,4	  -5,1	 -10,0	  -3,2
*	    19,1384	 1	 90,70	 74,55	   2,7	   3,5	  -4,2	  -3,9	  -8,8	  -2,0
*	    17,7164	 1	 94,53	 78,83	   4,7	   5,5	  -2,3	  -1,9	  -6,8	   0,0
*	    15,1633	 1	 90,70	 78,57	   6,5	   7,2	  -0,5	  -0,1	  -5,0	   1,8
*	    14,6333	 1	 94,51	 82,83	   8,2	   9,0	   1,2	   1,6	  -3,3	   3,5
*	    11,6462	 1	 90,69	 82,69	  11,2	  11,9	   4,2	   4,6	  -0,3	   6,5
*	    12,5877	 1	 94,50	 86,89	  11,3	  12,0	   4,3	   4,7	  -0,2	   6,6
*	     9,0126	 1	 90,69	 86,85	  16,5	  17,3	   9,6	   9,9	   5,0	  11,9
*	    12,2766	 1	 94,49	 90,95	  12,0	  12,7	   5,0	   5,4	   0,5	   7,3
*	     8,5170	 1	 90,69	 91,03	  18,1	  18,8	  11,1	  11,5	   6,6	  13,5
*	    30,6439	 1	 94,56	 66,90	  -4,2	  -3,4	 -11,1	 -10,8	 -15,7	  -9,0
*	    28,7473	 1	 90,70	 66,36	  -3,5	  -2,7	 -10,4	 -10,1	 -15,0	  -8,3
s	     9,1343	 2	220,82	 93,10	  30,3	  30,8	  22,5	  22,2	  16,9	  23,4
*	     9,2806	 1	183,68	 87,61	   6,4	  12,4	  18,2	  20,6	  16,3	   9,3
*	    10,4383	 1	177,78	 87,83	   4,1	  10,0	  15,9	  18,2	  13,9	   7,0
*	    11,7458	 1	173,66	 88,00	   2,1	   8,0	  13,9	  16,2	  11,9	   4,9
*	    13,1770	 1	170,63	 88,13	   0,3	   6,2	  12,1	  14,4	  10,1	   3,1
*	    14,7181	 1	168,35	 88,24	  -1,3	   4,6	  10,5	  12,8	   8,5	   1,5
*	    16,3619	 1	166,57	 88,32	  -2,8	   3,2	   9,0	  11,4	   7,0	   0,1
*	    18,1039	 1	165,13	 88,39	  -4,1	   1,8	   7,7	  10,0	   5,7	  -1,3
*	    19,9415	 1	163,95	 88,44	  -5,3	   0,6	   6,5	   8,8	   4,5	  -2,5
*	    21,8723	 1	162,97	 88,49	  -6,5	  -0,5	   5,3	   7,7	   3,3	  -3,7
*	    23,8945	 1	162,15	 88,53	  -7,5	  -1,6	   4,2	   6,6	   2,2	  -4,8
*	    26,0062	 1	161,43	 88,57	  -8,6	  -2,7	   3,2	   5,5	   1,2	  -5,9
*	    28,2051	 1	160,82	 88,59	  -9,6	  -3,7	   2,2	   4,5	   0,2	  -6,9
*	    30,4890	 1	160,28	 88,62	 -10,5	  -4,6	   1,3	   3,6	  -0,8	  -7,9
*	    32,8552	 1	159,80	 88,65	 -11,5	  -5,5	   0,3	   2,6	  -1,7	  -8,8
*	    35,3009	 1	159,39	 88,67	 -12,4	  -6,5	  -0,6	   1,7	  -2,6	  -9,7
s	    10,0068	 1	340,86	 92,39	  30,9	  31,6	  23,9	  24,3	  19,4	  26,3
*	    21,8584	 1	350,10	 29,97	   1,6	   2,4	  -5,3	  -5,0	  -9,9	  -3,1
*	    22,6708	 1	327,28	 24,82	   1,9	   2,6	  -5,1	  -4,7	  -9,7	  -2,9
*	    17,8323	 1	350,95	 36,95	   4,3	   5,1	  -2,6	  -2,2	  -7,1	  -0,3
*	    18,4884	 1	328,19	 30,94	   4,9	   5,7	  -2,0	  -1,7	  -6,6	   0,2
*	    14,3634	 1	351,79	 47,27	   7,2	   8,0	   0,3	   0,7	  -4,3	   2,6
*	    14,7814	 1	329,12	 40,68	   8,3	   9,1	   1,4	   1,8	  -3,1	   3,7
*	    11,7281	 1	352,64	 62,72	   9,9	  10,7	   3,0	   3,3	  -1,6	   5,3
*	    11,8312	 1	330,06	 57,01	  11,9	  12,7	   5,0	   5,3	   0,4	   7,3
*	    10,3616	 1	353,49	 83,95	  11,5	  12,3	   4,5	   4,9	   0,0	   6,9
*	    10,2210	 1	331,02	 82,90	  14,3	  15,1	   7,4	   7,7	   2,8	   9,7
*	    31,7278	 1	348,32	 21,11	  -3,5	  -2,8	 -10,5	 -10,1	 -15,1	  -8,3
*	    32,6997	 1	325,40	 17,43	  -3,6	  -2,8	 -10,5	 -10,2	 -15,1	  -8,4
*	    26,9422	 1	349,15	 24,52	  -1,2	  -0,5	  -8,2	  -7,8	 -12,8	  -6,0
*	    27,8618	 1	326,27	 20,23	  -1,2	  -0,4	  -8,1	  -7,8	 -12,7	  -6,0
*	    11,8457	 1	 63,19	 96,04	   3,5	   4,3	  -3,4	  -3,1	  -8,0	  -1,1
*	    11,0684	 1	 67,42	 95,50	   4,8	   5,5	  -2,2	  -1,8	  -6,7	   0,1
*	    11,2804	 1	 63,10	 90,33	   3,8	   4,5	  -3,2	  -2,8	  -7,7	  -0,8
*	    10,4770	 1	 67,34	 90,13	   5,1	   5,9	  -1,8	  -1,5	  -6,4	   0,5
*	    11,6678	 1	 63,00	 84,56	   3,5	   4,3	  -3,4	  -3,0	  -7,9	  -1,1
*	    10,9222	 1	 67,27	 84,71	   4,8	   5,5	  -2,2	  -1,8	  -6,7	   0,2
*	    12,9777	 1	 62,90	 78,88	   2,8	   3,6	  -4,1	  -3,7	  -8,6	  -1,8
*	    12,3570	 1	 67,19	 79,36	   3,9	   4,7	  -3,1	  -2,7	  -7,6	  -0,7
*	    15,1306	 1	 62,81	 73,36	   1,7	   2,5	  -5,2	  -4,8	  -9,8	  -2,9
*	    14,6684	 1	 67,11	 74,16	   2,6	   3,3	  -4,4	  -4,0	  -8,9	  -2,1
*	    18,0199	 1	 62,71	 68,11	   0,4	   1,1	  -6,6	  -6,2	 -11,1	  -4,3
*	    17,7189	 1	 67,03	 69,19	   1,0	   1,7	  -6,0	  -5,6	 -10,5	  -3,7
*	    21,5346	 1	 62,61	 63,19	  -1,2	  -0,4	  -8,1	  -7,8	 -12,7	  -5,9
*	    21,3778	 1	 66,96	 64,49	  -0,8	   0,0	  -7,7	  -7,3	 -12,3	  -5,5
*	    29,1909	 1	 67,76	 57,23	  -3,9	  -3,2	 -10,9	 -10,5	 -15,5	  -8,8
*	    29,0380	 1	 63,51	 55,66	  -4,1	  -3,4	 -11,1	 -10,7	 -15,7	  -8,9
*	    24,6834	 1	 67,83	 61,33	  -2,1	  -1,3	  -9,1	  -8,7	 -13,6	  -6,9
*	    24,6287	 1	 63,60	 59,89	  -2,4	  -1,7	  -9,4	  -9,0	 -13,9	  -7,2
s	    10,7100	 1	  5,57	 91,48	  30,7	  31,5	  23,8	  24,2	  19,3	  26,1
*	    21,0138	 1	 18,94	 42,99	   0,8	   1,5	  -6,2	  -5,8	 -10,7	  -4,0
*	    21,1993	 1	  8,67	 37,28	   1,4	   2,1	  -5,6	  -5,2	 -10,1	  -3,3
*	    17,4457	 1	 19,43	 50,58	   2,7	   3,5	  -4,2	  -3,9	  -8,8	  -2,0
*	    17,4230	 1	  9,31	 44,83	   3,7	   4,4	  -3,3	  -2,9	  -7,8	  -1,0
*	    14,5497	 1	 19,92	 60,20	   4,5	   5,2	  -2,5	  -2,1	  -7,0	  -0,2
*	    14,2843	 1	  9,94	 55,05	   5,9	   6,6	  -1,1	  -0,7	  -5,6	   1,2
*	    12,5062	 1	 20,40	 71,99	   5,8	   6,6	  -1,1	  -0,7	  -5,6	   1,2
*	    12,0116	 1	 10,56	 68,54	   7,7	   8,4	   0,7	   1,1	  -3,8	   3,0
*	    11,4963	 1	 20,88	 85,49	   6,5	   7,3	  -0,4	  -0,1	  -5,0	   1,9
*	    10,8755	 1	 11,19	 84,94	   8,6	   9,4	   1,7	   2,1	  -2,8	   4,0
*	    30,2863	 1	 17,88	 31,77	  -3,5	  -2,7	 -10,4	 -10,1	 -15,0	  -8,3
*	    30,7651	 1	  7,31	 26,84	  -3,3	  -2,5	 -10,2	  -9,9	 -14,8	  -8,1
*	    25,7227	 1	 18,38	 36,31	  -1,5	  -0,7	  -8,5	  -8,1	 -13,0	  -6,3
*	    26,0889	 1	  7,95	 30,97	  -1,2	  -0,4	  -8,1	  -7,8	 -12,7	  -5,9
*	    24,2708	 1	289,88	 23,36	   2,1	   2,8	  -4,9	  -4,5	  -9,4	  -2,7
*	    25,8565	 1	261,53	 26,63	   1,5	   2,2	  -5,5	  -5,1	 -10,0	  -3,3
*	    28,3486	 1	243,21	 33,31	   0,3	   1,1	  -6,6	  -6,3	 -11,2	  -4,5
*	    20,0598	 1	290,28	 29,08	   5,2	   6,0	  -1,7	  -1,4	  -6,3	   0,5
*	    21,7605	 1	261,38	 32,91	   4,5	   5,2	  -2,5	  -2,1	  -7,1	  -0,3
*	    24,5109	 1	242,87	 40,47	   2,9	   3,6	  -4,1	  -3,7	  -8,6	  -1,9
*	    16,2839	 1	290,70	 38,38	   8,9	   9,6	   1,9	   2,3	  -2,6	   4,2
*	    18,1390	 1	261,22	 42,78	   7,8	   8,5	   0,8	   1,2	  -3,7	   3,1
*	    21,2251	 1	242,51	 50,87	   5,5	   6,3	  -1,4	  -1,1	  -6,0	   0,8
*	    13,2142	 1	291,13	 54,81	  12,9	  13,6	   5,9	   6,3	   1,4	   8,2
*	    15,2729	 1	261,06	 59,06	  11,2	  12,0	   4,2	   4,6	  -0,3	   6,5
*	    18,7557	 1	242,15	 65,95	   7,9	   8,7	   1,0	   1,4	  -3,6	   3,2
*	    11,4906	 1	291,57	 82,86	  15,7	  16,5	   8,8	   9,2	   4,3	  11,1
*	    13,7230	 1	260,90	 84,25	  13,4	  14,2	   6,5	   6,9	   2,0	   8,8
*	    31,8475	 1	247,84	 26,38	  -1,8	  -1,0	  -8,7	  -8,4	 -13,3	  -6,6
*	    29,7786	 1	268,81	 21,15	  -1,0	  -0,2	  -7,9	  -7,6	 -12,5	  -5,8
*	    28,5242	 1	298,40	 19,68	  -0,6	   0,2	  -7,5	  -7,2	 -12,1	  -5,4
*	    36,4516	 1	248,14	 22,85	  -4,0	  -3,2	 -11,0	 -10,6	 -15,6	  -8,9
*	    34,5215	 1	268,83	 18,28	  -3,4	  -2,6	 -10,3	 -10,0	 -14,9	  -8,2
*	    33,3158	 1	297,88	 16,97	  -3,0	  -2,3	 -10,0	  -9,6	 -14,6	  -7,9
s	    11,8044	 1	 60,65	 89,83	  30,6	  31,3	  23,6	  24,0	  19,1	  25,9
*	    12,5186	 1	 53,30	 94,56	   3,1	   3,9	  -3,9	  -3,5	  -8,4	  -1,6
*	    12,0872	 1	 57,88	 93,97	   3,5	   4,3	  -3,4	  -3,1	  -8,0	  -1,1
*	    12,3658	 1	 53,15	 87,72	   3,1	   3,9	  -3,8	  -3,4	  -8,3	  -1,5
*	    11,9505	 1	 57,75	 87,67	   3,6	   4,3	  -3,4	  -3,0	  -7,9	  -1,1
*	    13,0836	 1	 53,00	 80,89	   2,8	   3,6	  -4,1	  -3,8	  -8,7	  -1,8
*	    12,7053	 1	 57,63	 81,38	   3,2	   4,0	  -3,7	  -3,4	  -8,3	  -1,4
*	    14,6394	 1	 52,85	 74,28	   2,1	   2,9	  -4,8	  -4,5	  -9,4	  -2,5
*	    14,3123	 1	 57,51	 75,25	   2,4	   3,2	  -4,5	  -4,1	  -9,0	  -2,2
*	    16,9684	 1	 52,70	 68,02	   1,1	   1,9	  -5,9	  -5,5	 -10,4	  -3,6
*	    16,6985	 1	 57,38	 69,41	   1,3	   2,1	  -5,6	  -5,2	 -10,1	  -3,3
*	    19,9857	 1	 52,54	 62,23	  -0,2	   0,6	  -7,1	  -6,8	 -11,7	  -4,9
*	    19,7719	 1	 57,25	 63,94	   0,0	   0,8	  -6,9	  -6,6	 -11,5	  -4,7
*	    23,5992	 1	 52,39	 56,95	  -1,6	  -0,8	  -8,6	  -8,2	 -13,1	  -6,4
*	    23,4356	 1	 57,13	 58,91	  -1,5	  -0,7	  -8,4	  -8,1	 -13,0	  -6,2
*	    29,0677	 1	 58,00	 53,49	  -3,6	  -2,8	 -10,5	 -10,2	 -15,1	  -8,4
*	    29,0691	 1	 53,43	 51,33	  -3,6	  -2,9	 -10,6	 -10,2	 -15,2	  -8,4
*	    24,7531	 1	 58,13	 57,89	  -1,9	  -1,2	  -8,9	  -8,5	 -13,5	  -6,7
*	    24,7955	 1	 53,58	 55,88	  -2,1	  -1,3	  -9,0	  -8,7	 -13,6	  -6,8
s	    11,8837	 1	 27,19	 90,69	  30,6	  31,3	  23,6	  24,0	  19,1	  25,9
*	    20,8426	 1	 35,37	 52,69	   0,1	   0,9	  -6,8	  -6,5	 -11,4	  -4,6
*	    20,8343	 1	 28,88	 48,74	   0,6	   1,4	  -6,3	  -6,0	 -10,9	  -4,1
*	    17,6024	 1	 35,66	 59,60	   1,6	   2,4	  -5,4	  -5,0	  -9,9	  -3,1
*	    17,4688	 1	 29,24	 56,04	   2,2	   3,0	  -4,7	  -4,3	  -9,3	  -2,4
*	    15,0472	 1	 35,95	 67,60	   2,8	   3,6	  -4,1	  -3,8	  -8,7	  -1,9
*	    14,7890	 1	 29,61	 64,75	   3,6	   4,4	  -3,3	  -2,9	  -7,8	  -1,0
*	    13,2873	 1	 36,24	 76,54	   3,7	   4,5	  -3,3	  -2,9	  -7,8	  -1,0
*	    12,9305	 1	 29,97	 74,84	   4,7	   5,5	  -2,3	  -1,9	  -6,8	   0,0
*	    12,4139	 1	 36,53	 86,13	   4,1	   4,9	  -2,8	  -2,5	  -7,4	  -0,5
*	    12,0128	 1	 30,33	 85,91	   5,2	   6,0	  -1,7	  -1,4	  -6,3	   0,6
*	    12,4753	 1	 36,82	 95,87	   4,1	   4,8	  -2,9	  -2,5	  -7,4	  -0,6
*	    12,1011	 1	 30,68	 97,19	   5,1	   5,9	  -1,8	  -1,5	  -6,4	   0,5
*	    29,5885	 1	 34,73	 41,20	  -3,4	  -2,6	 -10,4	 -10,0	 -14,9	  -8,2
*	    29,7934	 1	 28,08	 37,19	  -3,2	  -2,4	 -10,2	  -9,8	 -14,7	  -8,0
*	    25,2374	 1	 35,03	 46,05	  -1,7	  -1,0	  -8,7	  -8,3	 -13,2	  -6,5
*	    25,3544	 1	 28,45	 41,99	  -1,4	  -0,6	  -8,4	  -8,0	 -12,9	  -6,2
s	    12,3659	 2	 60,77	 96,44	  27,9	  29,7	  23,1	  23,7	  18,8	  25,7
s	    12,4403	 1	 45,54	 90,14	  30,5	  31,2	  23,5	  23,9	  19,0	  25,8
*	    20,7097	 1	 47,67	 59,12	  -0,2	   0,6	  -7,1	  -6,8	 -11,7	  -4,9
*	    20,7333	 1	 42,53	 56,51	  -0,0	   0,8	  -7,0	  -6,6	 -11,5	  -4,7
*	    17,5898	 1	 47,85	 65,17	   1,1	   1,9	  -5,8	  -5,5	 -10,4	  -3,6
*	    17,5819	 1	 42,76	 62,95	   1,3	   2,1	  -5,6	  -5,3	 -10,2	  -3,4
*	    15,1452	 1	 48,04	 71,81	   2,2	   2,9	  -4,8	  -4,4	  -9,3	  -2,5
*	    15,1105	 1	 42,99	 70,16	   2,4	   3,2	  -4,5	  -4,2	  -9,1	  -2,2
*	    13,4625	 1	 48,22	 78,96	   2,9	   3,7	  -4,0	  -3,6	  -8,6	  -1,7
*	    13,4123	 1	 43,21	 78,02	   3,2	   4,0	  -3,7	  -3,4	  -8,3	  -1,4
*	    12,6100	 1	 48,41	 86,41	   3,3	   4,1	  -3,6	  -3,3	  -8,2	  -1,3
*	    12,5608	 1	 43,44	 86,30	   3,6	   4,4	  -3,3	  -3,0	  -7,9	  -1,0
*	    12,6244	 1	 48,59	 93,93	   3,3	   4,1	  -3,6	  -3,3	  -8,2	  -1,3
*	    12,5951	 1	 43,66	 94,69	   3,6	   4,3	  -3,4	  -3,0	  -7,9	  -1,1
*	    24,5418	 1	 40,91	 50,19	  -1,5	  -0,7	  -8,4	  -8,1	 -13,0	  -6,2
*	    24,3864	 1	 46,37	 53,07	  -1,6	  -0,8	  -8,5	  -8,2	 -13,1	  -6,4
*	    28,7716	 1	 40,67	 45,28	  -3,1	  -2,3	 -10,0	  -9,7	 -14,6	  -7,9
*	    28,5872	 1	 46,17	 48,24	  -3,2	  -2,4	 -10,1	  -9,8	 -14,7	  -8,0
*	    33,4067	 1	 40,43	 41,04	  -4,7	  -4,0	 -11,7	 -11,3	 -16,3	  -9,6
*	    33,1994	 1	 45,97	 44,03	  -4,8	  -4,0	 -11,7	 -11,4	 -16,3	  -9,6
*	    13,4957	 1	197,25	 85,94	   5,7	  11,6	  17,5	  19,8	  15,5	   8,5
*	    14,4320	 1	190,24	 86,30	   4,0	   9,9	  15,8	  18,1	  13,8	   6,8
s	    14,9281	 2	243,89	 93,44	  29,4	  29,9	  21,6	  21,3	  16,0	  22,4
s	    15,4387	 2	258,25	 93,59	  29,3	  29,8	  21,5	  21,2	  15,9	  22,4
s	    15,5980	 2	345,80	 92,06	  29,2	  24,8	   3,1	   3,4	  -1,5	  18,6
s	    15,8426	 2	 10,95	 91,14	  29,2	  24,7	   3,0	   3,4	  -1,5	  18,5
s	    16,1442	 2	 37,26	 90,26	  29,1	  24,7	   3,0	   3,3	  -1,6	  18,5
*	    16,9436	 1	 98,23	 93,40	   8,4	   9,2	   1,5	   1,8	  -3,1	   3,7
*	    20,7991	 1	102,01	 93,32	   4,9	   5,6	  -2,1	  -1,7	  -6,6	   0,1
*	    16,1956	 1	 98,25	 89,44	   9,2	  10,0	   2,2	   2,6	  -2,3	   4,5
*	    20,1795	 1	102,04	 89,43	   5,3	   6,1	  -1,6	  -1,2	  -6,2	   0,6
*	    16,9412	 1	 98,27	 85,47	   8,2	   9,0	   1,3	   1,7	  -3,3	   3,6
*	    20,7595	 1	102,07	 85,54	   4,8	   5,5	  -2,2	  -1,8	  -6,7	   0,1
*	    18,9577	 1	 98,29	 81,52	   6,1	   6,9	  -0,8	  -0,5	  -5,4	   1,4
*	    22,4296	 1	102,10	 81,65	   3,4	   4,1	  -3,6	  -3,2	  -8,1	  -1,4
*	    21,8720	 1	 98,32	 77,63	   3,6	   4,4	  -3,3	  -3,0	  -7,9	  -1,1
*	    24,9710	 1	102,13	 77,84	   1,5	   2,3	  -5,4	  -5,1	 -10,0	  -3,2
*	    25,4026	 1	 98,34	 73,84	   1,1	   1,9	  -5,8	  -5,5	 -10,4	  -3,7
*	    28,1732	 1	102,16	 74,10	  -0,5	   0,3	  -7,4	  -7,0	 -12,0	  -5,2
*	    29,3810	 1	 98,36	 70,16	  -1,2	  -0,5	  -8,2	  -7,8	 -12,8	  -6,0
*	    31,8803	 1	102,19	 70,49	  -2,4	  -1,7	  -9,4	  -9,0	 -14,0	  -7,3
*	    35,7357	 1	103,10	 67,83	  -4,3	  -3,5	 -11,2	 -10,9	 -15,8	  -9,1
*	    33,2643	 1	 99,29	 67,44	  -3,2	  -2,4	 -10,1	  -9,8	 -14,7	  -8,0
s	    16,2047	 2	 33,17	 90,38	  29,1	  24,7	   3,0	   3,3	  -1,6	  18,5
s	    16,3672	 2	 15,02	 90,98	  29,1	  24,6	   3,0	   3,3	  -1,6	  18,4
s	    16,4829	 2	349,82	 91,89	  29,1	  24,6	   2,9	   3,3	  -1,6	  18,4
s	    16,7568	 2	 22,40	 90,72	  29,0	  24,6	   2,9	   3,3	  -1,7	  18,4
s	    17,5236	 2	357,09	 91,60	  28,9	  24,5	   2,8	   3,1	  -1,8	  18,3
s	    18,5265	 3	287,60	 93,46	  28,1	  23,4	   1,1	   0,8	  -4,5	  15,1
s	    18,8940	 3	305,08	 93,17	  28,0	  23,3	   1,0	   0,7	  -4,6	  15,0
s	    18,9513	 3	270,13	 93,55	  28,0	  23,3	   1,0	   0,7	  -4,6	  15,0
s	    18,9881	 3	266,22	 93,54	  28,0	  23,3	   1,0	   0,7	  -4,6	  15,0
s	    19,1465	 3	294,67	 93,35	  28,0	  23,3	   1,0	   0,7	  -4,6	  15,0
s	    19,1839	 3	280,49	 93,51	  28,0	  23,3	   1,0	   0,7	  -4,6	  15,0
*	    28,5134	 1	230,77	 35,33	   2,4	   3,2	  -4,5	  -4,2	  -9,1	  -2,4
*	    24,7564	 1	230,32	 42,68	   4,8	   5,6	  -2,1	  -1,7	  -6,7	   0,1
*	    21,5739	 1	229,86	 53,07	   7,3	   8,1	   0,4	   0,7	  -4,2	   2,6
*	    19,2171	 1	229,40	 67,60	   9,4	  10,2	   2,5	   2,9	  -2,0	   4,7
*	    32,9879	 1	237,63	 29,66	   0,1	   0,9	  -6,9	  -6,5	 -11,4	  -4,7
*	    37,4973	 1	238,01	 25,74	  -2,1	  -1,3	  -9,0	  -8,7	 -13,6	  -6,9
*	    42,2711	 1	238,37	 22,76	  -4,0	  -3,3	 -11,0	 -10,7	 -15,6	  -9,0
*	    21,5707	 1	210,81	 80,45	   7,6	   8,4	   0,7	   1,0	  -3,9	   2,9
*	    23,0243	 1	211,28	 66,72	   6,5	   7,3	  -0,4	  -0,0	  -5,0	   1,8
*	    25,4097	 1	211,74	 55,41	   4,9	   5,7	  -2,1	  -1,7	  -6,6	   0,1
*	    28,2127	 1	200,36	 52,29	   2,7	   3,4	  -4,3	  -3,9	  -8,9	  -2,1
*	    25,4503	 1	199,91	 61,33	   4,2	   5,0	  -2,7	  -2,4	  -7,3	  -0,5
*	    23,4521	 1	199,46	 72,32	   5,5	   6,3	  -1,5	  -1,1	  -6,0	   0,7
*	    22,3765	 1	199,01	 84,87	   6,2	   7,0	  -0,8	  -0,4	  -5,3	   1,5
*	    27,7414	 1	221,59	 46,92	   3,8	   4,6	  -3,1	  -2,8	  -7,7	  -1,0
*	    24,7207	 1	221,15	 56,52	   5,8	   6,6	  -1,1	  -0,8	  -5,7	   1,1
*	    22,4789	 1	220,71	 69,02	   7,5	   8,3	   0,6	   0,9	  -4,0	   2,8
*	    29,2886	 1	192,96	 55,50	   1,7	   2,5	  -5,3	  -4,9	  -9,8	  -3,1
*	    26,6862	 1	192,55	 64,08	   3,0	   3,8	  -3,9	  -3,5	  -8,5	  -1,7
*	    24,8264	 1	192,13	 74,12	   4,1	   4,9	  -2,9	  -2,5	  -7,4	  -0,7
s	    25,3307	 1	 90,00	 37,25	  28,4	  31,7	  21,7	  22,1	  25,6	  23,0
*	    34,0872	 1	184,04	 10,66	   8,3	  11,7	   1,7	   2,0	   5,5	   2,9
*	    28,0206	 1	 93,04	 17,21	   9,7	  13,1	   3,1	   3,5	   7,0	   4,4
*	    26,0380	 1	 76,42	 32,71	   9,8	  13,2	   3,2	   3,6	   7,1	   4,5
*	    27,7556	 1	 71,37	 44,53	   9,1	  12,5	   2,5	   2,9	   6,4	   3,8
*	    35,2130	 1	162,95	 28,12	   7,4	  10,7	   0,7	   1,1	   4,6	   1,9
*	    28,6796	 1	125,33	 30,23	   9,1	  12,4	   2,5	   2,8	   6,3	   3,7
*	    25,9152	 1	101,98	 38,81	   9,8	  13,1	   3,2	   3,5	   7,0	   4,4
*	    26,8091	 1	 90,04	 47,48	   9,7	  13,0	   3,1	   3,4	   6,9	   4,3
*	    31,5028	 1	 83,37	 54,41	   8,6	  11,9	   2,0	   2,3	   5,8	   3,2
*	    40,5424	 1	158,64	 41,72	   5,2	   8,5	  -1,5	  -1,1	   2,4	  -0,3
*	    33,8093	 1	135,64	 42,44	   7,1	  10,4	   0,4	   0,8	   4,3	   1,6
*	    30,4717	 1	116,94	 46,73	   8,2	  11,5	   1,5	   1,9	   5,4	   2,8
*	    30,6728	 1	104,05	 52,13	   8,5	  11,9	   1,9	   2,3	   5,8	   3,1
*	    34,7406	 1	 95,47	 57,14	   7,8	  11,2	   1,2	   1,5	   5,1	   2,4
*	    49,1645	 1	156,82	 51,26	   2,4	   5,7	  -4,2	  -3,9	  -0,4	  -3,2
*	    42,5697	 1	140,33	 51,46	   4,2	   7,5	  -2,4	  -2,1	   1,4	  -1,3
*	    39,0731	 1	125,60	 53,66	   5,4	   8,8	  -1,2	  -0,9	   2,6	  -0,1
*	    38,9506	 1	113,85	 56,88	   5,9	   9,2	  -0,7	  -0,4	   3,1	   0,4
*	    54,1120	 1	142,98	 57,95	   1,0	   4,3	  -5,7	  -5,4	  -1,9	  -4,7
*	    50,7817	 1	131,03	 59,12	   2,0	   5,4	  -4,6	  -4,3	  -0,8	  -3,6
*	    37,4442	 1	111,51	 72,40	  -2,7	  -2,0	  -9,7	  -9,3	 -14,3	  -7,6
*	    34,5595	 1	107,74	 72,20	  -1,4	  -0,6	  -8,3	  -8,0	 -12,9	  -6,2
*	    34,5336	 1	111,46	 75,96	  -1,4	  -0,7	  -8,4	  -8,0	 -13,0	  -6,3
*	    31,4188	 1	107,70	 75,78	   0,2	   0,9	  -6,8	  -6,4	 -11,4	  -4,7
*	    32,2023	 1	111,41	 79,62	  -0,3	   0,4	  -7,3	  -6,9	 -11,9	  -5,2
*	    28,8613	 1	107,65	 79,47	   1,5	   2,3	  -5,4	  -5,1	 -10,0	  -3,3
*	    30,5464	 1	111,36	 83,34	   0,5	   1,3	  -6,4	  -6,1	 -11,0	  -4,3
*	    27,0117	 1	107,61	 83,24	   2,6	   3,4	  -4,3	  -4,0	  -8,9	  -2,2
*	    29,6549	 1	111,31	 87,10	   1,0	   1,8	  -5,9	  -5,6	 -10,5	  -3,8
*	    25,9965	 1	107,57	 87,05	   3,3	   4,1	  -3,7	  -3,3	  -8,2	  -1,5
*	    29,5872	 1	111,26	 90,87	   1,1	   1,9	  -5,9	  -5,5	 -10,4	  -3,7
*	    25,9071	 1	107,53	 90,86	   3,4	   4,2	  -3,6	  -3,2	  -8,1	  -1,4
*	    42,8633	 1	107,83	 64,87	  -4,8	  -4,0	 -11,8	 -11,4	 -16,4	  -9,7
*	    41,4265	 1	111,57	 68,44	  -4,3	  -3,5	 -11,3	 -10,9	 -15,9	  -9,2
*	    38,7926	 1	107,79	 68,18	  -3,2	  -2,4	 -10,2	  -9,8	 -14,8	  -8,1
*	    30,8326	 1	187,25	 58,59	   0,6	   1,3	  -6,4	  -6,0	 -11,0	  -4,2
*	    28,3862	 1	186,88	 66,62	   1,7	   2,5	  -5,2	  -4,9	  -9,8	  -3,1
*	    26,6546	 1	186,51	 75,75	   2,6	   3,4	  -4,3	  -4,0	  -8,9	  -2,2
*	    32,7863	 1	182,84	 61,39	  -0,6	   0,1	  -7,6	  -7,2	 -12,2	  -5,5
*	    30,4847	 1	182,51	 68,85	   0,4	   1,1	  -6,6	  -6,2	 -11,2	  -4,4
*	    28,8670	 1	182,18	 77,16	   1,1	   1,9	  -5,8	  -5,5	 -10,4	  -3,7
*	    29,0480	 1	216,85	 44,45	   1,2	   2,0	  -5,7	  -5,4	 -10,3	  -3,6
*	    29,0484	 1	216,88	 44,45	   1,2	   2,0	  -5,7	  -5,4	 -10,3	  -3,6
s	    29,4467	 2	 84,88	 41,03	  27,0	  25,2	   1,2	   1,6	   5,1	  15,7
*	    30,1963	 1	179,21	 84,10	   0,2	   0,9	  -6,8	  -6,4	 -11,4	  -4,6
*	    31,2101	 1	179,52	 76,03	  -0,3	   0,5	  -7,2	  -6,9	 -11,8	  -5,1
*	    32,9282	 1	179,82	 68,48	  -1,0	  -0,2	  -7,9	  -7,6	 -12,5	  -5,8
s	    30,4640	 2	 90,00	 34,08	  25,7	  30,0	  21,2	  21,8	  25,3	  22,7
*	    31,0802	 1	190,66	 53,69	  -0,9	  -0,2	  -7,9	  -7,5	 -12,5	  -5,8
s	    32,0727	 2	338,87	 45,90	  26,7	  24,9	   0,9	   1,3	   4,8	  15,4
s	    32,5733	 2	  3,47	 45,39	  26,7	  24,8	   0,9	   1,2	   4,7	  15,3
*	    32,7268	 1	185,50	 56,82	  -2,0	  -1,2	  -9,0	  -8,6	 -13,5	  -6,8
s	    33,4160	 2	 25,33	 45,24	  26,6	  24,7	   0,8	   1,1	   4,6	  15,2
*	    43,3897	 1	119,87	 72,66	  -3,3	  -2,5	 -10,2	  -9,9	 -14,9	  -8,2
*	    40,7339	 1	116,10	 72,55	  -2,2	  -1,4	  -9,1	  -8,8	 -13,7	  -7,1
*	    40,8575	 1	119,81	 76,19	  -2,4	  -1,6	  -9,3	  -9,0	 -13,9	  -7,3
*	    38,0450	 1	116,04	 76,08	  -1,1	  -0,4	  -8,1	  -7,7	 -12,7	  -6,0
*	    38,8735	 1	119,74	 79,80	  -1,6	  -0,8	  -8,6	  -8,2	 -13,2	  -6,5
*	    35,9199	 1	115,98	 79,71	  -0,2	   0,5	  -7,2	  -6,8	 -11,8	  -5,1
*	    37,4951	 1	119,67	 83,49	  -1,1	  -0,3	  -8,0	  -7,7	 -12,6	  -5,9
*	    34,4302	 1	115,92	 83,40	   0,4	   1,2	  -6,5	  -6,2	 -11,1	  -4,4
*	    36,7692	 1	119,60	 87,21	  -0,7	   0,0	  -7,7	  -7,4	 -12,3	  -5,6
*	    33,6376	 1	115,86	 87,13	   0,8	   1,6	  -6,1	  -5,8	 -10,7	  -4,0
*	    36,7245	 1	119,54	 90,93	  -0,7	   0,1	  -7,7	  -7,3	 -12,3	  -5,6
*	    33,5808	 1	115,80	 90,88	   0,9	   1,6	  -6,1	  -5,7	 -10,7	  -4,0
*	    47,0230	 1	115,38	 65,87	  -4,4	  -3,6	 -11,4	 -11,0	 -16,0	  -9,4
*	    37,7447	 1	176,70	 66,01	  -3,2	  -2,4	 -10,1	  -9,8	 -14,7	  -8,1
*	    35,6924	 1	176,43	 72,44	  -2,4	  -1,6	  -9,4	  -9,0	 -14,0	  -7,3
*	    34,2625	 1	176,17	 79,36	  -1,9	  -1,1	  -8,8	  -8,5	 -13,4	  -6,7
s	    34,3105	 3	 84,85	 37,78	  24,4	  23,6	   0,7	   1,3	   4,9	  15,4
*	    34,7670	 1	181,50	 59,64	  -3,1	  -2,4	 -10,1	  -9,8	 -14,7	  -8,0
s	    36,1376	 3	343,94	 48,55	  25,5	  18,4	 -19,5	 -19,2	 -15,7	   8,1
s	    36,3196	 3	  9,05	 47,76	  25,5	  18,4	 -19,5	 -19,2	 -15,7	   8,1
s	    36,5897	 3	 31,53	 47,18	  25,4	  18,4	 -19,6	 -19,2	 -15,7	   8,0
s	    36,7111	 3	 13,15	 47,86	  25,4	  18,3	 -19,6	 -19,2	 -15,7	   8,0
s	    36,7784	 3	338,64	 42,64	  24,1	  23,3	   0,5	   1,0	   4,6	  15,1
s	    36,7977	 3	347,95	 48,83	  25,4	  18,3	 -19,6	 -19,3	 -15,7	   8,0
*	    56,1361	 1	174,40	 60,47	 -20,3	 -15,6	  -2,5	  -1,2	  -4,3	  -9,2
*	    48,7321	 1	178,83	 55,39	 -18,0	 -13,3	  -0,2	   1,1	  -2,0	  -6,8
*	    45,5647	 1	181,87	 52,30	 -16,9	 -12,2	   0,9	   2,2	  -0,8	  -5,7
*	    42,8105	 1	185,76	 48,81	 -15,8	 -11,1	   2,0	   3,3	   0,2	  -4,6
*	    40,5210	 1	190,83	 44,92	 -14,8	 -10,1	   3,0	   4,3	   1,2	  -3,6
*	    38,7555	 1	197,58	 40,75	 -14,0	  -9,2	   3,9	   5,2	   2,1	  -2,7
*	    37,5797	 1	206,74	 36,57	 -13,3	  -8,5	   4,6	   5,9	   2,8	  -2,0
*	    37,0604	 1	219,03	 32,91	 -12,8	  -8,1	   5,0	   6,3	   3,3	  -1,5
*	    37,1589	 1	178,37	 62,14	  -4,4	  -3,6	 -11,3	 -11,0	 -15,9	  -9,2
s	    37,2500	 3	  3,22	 42,12	  24,1	  23,3	   0,4	   1,0	   4,5	  15,1
*	    38,7356	 1	174,31	 73,87	  -3,8	  -3,1	 -10,8	 -10,4	 -15,4	  -8,7
*	    37,3835	 1	174,07	 80,22	  -3,4	  -2,6	 -10,3	 -10,0	 -14,9	  -8,2
s	    37,5795	 3	355,22	 49,05	  25,3	  18,2	 -19,7	 -19,3	 -15,8	   7,9
s	    37,9906	 3	 59,48	 41,04	  24,0	  23,2	   0,3	   0,9	   4,5	  15,0
s	    38,0446	 3	 25,10	 41,97	  24,0	  23,2	   0,3	   0,9	   4,4	  15,0
s	    38,8330	 2	 43,88	 41,44	  27,1	  28,1	  20,4	  21,0	  15,9	  22,3
*	    43,9787	 1	211,67	 28,51	  -4,1	  -3,3	 -11,0	 -10,7	 -15,6	  -9,0
*	    39,3465	 1	211,22	 32,05	  -2,3	  -1,5	  -9,2	  -8,9	 -13,8	  -7,2
*	    39,5548	 1	123,22	 91,66	  -0,5	   0,3	  -7,4	  -7,1	 -12,0	  -5,4
*	    41,9871	 1	126,95	 91,75	  -1,5	  -0,8	  -8,5	  -8,1	 -13,1	  -6,5
*	    39,4788	 1	123,29	 87,92	  -0,4	   0,3	  -7,4	  -7,1	 -12,0	  -5,4
*	    41,9091	 1	127,03	 88,00	  -1,5	  -0,8	  -8,5	  -8,1	 -13,1	  -6,4
*	    40,0443	 1	123,37	 84,19	  -0,7	   0,1	  -7,6	  -7,3	 -12,2	  -5,6
*	    42,4397	 1	127,11	 84,25	  -1,7	  -0,9	  -8,7	  -8,3	 -13,3	  -6,6
*	    41,2324	 1	123,44	 80,50	  -1,1	  -0,3	  -8,1	  -7,7	 -12,7	  -6,0
*	    43,5637	 1	127,20	 80,54	  -2,1	  -1,3	  -9,1	  -8,7	 -13,7	  -7,0
*	    43,0077	 1	123,52	 76,87	  -1,7	  -1,0	  -8,7	  -8,4	 -13,3	  -6,7
*	    45,2525	 1	127,28	 76,89	  -2,7	  -1,9	  -9,6	  -9,3	 -14,2	  -7,6
*	    45,3247	 1	123,60	 73,33	  -2,5	  -1,8	  -9,5	  -9,2	 -14,1	  -7,5
*	    47,4675	 1	127,36	 73,34	  -3,4	  -2,6	 -10,3	 -10,0	 -15,0	  -8,4
*	    48,1321	 1	123,67	 69,90	  -3,4	  -2,7	 -10,4	 -10,1	 -15,0	  -8,4
*	    50,1647	 1	127,45	 69,89	  -4,2	  -3,4	 -11,2	 -10,8	 -15,8	  -9,2
*	    51,6773	 1	128,40	 68,82	  -4,7	  -3,9	 -11,6	 -11,3	 -16,3	  -9,7
*	    49,5812	 1	124,61	 68,81	  -3,9	  -3,2	 -10,9	 -10,6	 -15,5	  -8,9
*	    39,4805	 1	172,54	 85,33	  -4,4	  -3,6	 -11,3	 -11,0	 -15,9	  -9,3
*	    40,3358	 1	172,76	 79,21	  -4,7	  -3,9	 -11,6	 -11,3	 -16,2	  -9,6
*	    44,1049	 1	202,12	 31,09	  -4,3	  -3,5	 -11,2	 -10,9	 -15,9	  -9,2
*	    39,5466	 1	201,68	 34,83	  -2,6	  -1,8	  -9,5	  -9,2	 -14,1	  -7,5
*	    44,3098	 1	223,27	 26,73	  -4,0	  -3,2	 -11,0	 -10,6	 -15,6	  -9,0
*	    39,6371	 1	222,86	 30,08	  -2,2	  -1,4	  -9,1	  -8,8	 -13,7	  -7,1
*	    39,9482	 1	158,73	 88,69	 -14,0	  -8,1	  -2,2	   0,1	  -4,2	 -11,4
*	    42,6014	 1	158,42	 88,72	 -14,8	  -8,9	  -3,0	  -0,7	  -5,1	 -12,3
*	    45,3218	 1	158,14	 88,73	 -15,7	  -9,8	  -3,9	  -1,6	  -6,0	 -13,1
*	    48,1059	 1	157,88	 88,74	 -16,5	 -10,6	  -4,7	  -2,4	  -6,8	 -14,0
*	    44,6715	 1	194,58	 34,09	  -4,7	  -3,9	 -11,6	 -11,3	 -16,3	  -9,6
*	    40,2130	 1	194,17	 38,02	  -3,1	  -2,3	 -10,0	  -9,7	 -14,6	  -8,0
s	    40,2782	 2	218,41	 51,77	  25,9	  24,0	   0,0	   0,4	   3,9	  14,4
*	    41,3157	 1	188,34	 41,32	  -3,7	  -2,9	 -10,7	 -10,3	 -15,3	  -8,6
s	    41,3989	 3	 35,49	 43,49	  25,1	  20,9	  -0,5	   0,0	  -4,9	  14,9
s	    41,8313	 3	 20,39	 44,26	  25,0	  20,9	  -0,6	  -0,0	  -5,0	  14,9
*	    42,8231	 1	183,82	 44,55	  -4,5	  -3,7	 -11,4	 -11,1	 -16,0	  -9,4
s	    43,0258	 3	226,93	 53,48	  24,8	  17,7	 -20,3	 -19,9	 -16,4	   7,3
s	    43,6979	 3	 43,70	 38,55	  23,6	  25,7	  19,3	  20,1	  15,2	  21,8
s	    44,5486	 3	218,57	 48,53	  23,3	  22,5	  -0,3	   0,2	   3,8	  14,3
*	    44,7050	 1	131,59	 90,95	  -1,5	  -0,8	  -8,5	  -8,2	 -13,1	  -6,5
*	    46,4826	 1	135,34	 91,06	  -2,2	  -1,5	  -9,2	  -8,9	 -13,8	  -7,2
*	    44,7686	 1	131,69	 87,16	  -1,6	  -0,8	  -8,5	  -8,2	 -13,1	  -6,5
*	    46,5392	 1	135,44	 87,24	  -2,3	  -1,5	  -9,2	  -8,9	 -13,8	  -7,2
*	    45,4066	 1	131,78	 83,39	  -1,8	  -1,0	  -8,7	  -8,4	 -13,4	  -6,7
*	    47,1515	 1	135,54	 83,41	  -2,5	  -1,7	  -9,4	  -9,1	 -14,0	  -7,4
*	    46,6041	 1	131,87	 79,65	  -2,2	  -1,4	  -9,1	  -8,8	 -13,7	  -7,1
*	    48,3066	 1	135,64	 79,63	  -2,8	  -2,0	  -9,8	  -9,4	 -14,4	  -7,8
*	    48,3356	 1	131,96	 76,00	  -2,7	  -1,9	  -9,6	  -9,3	 -14,3	  -7,7
*	    49,9823	 1	135,74	 75,93	  -3,3	  -2,5	 -10,3	  -9,9	 -14,9	  -8,3
*	    50,5674	 1	132,06	 72,44	  -3,4	  -2,6	 -10,3	 -10,0	 -15,0	  -8,4
*	    52,1487	 1	135,84	 72,34	  -3,9	  -3,2	 -10,9	 -10,5	 -15,5	  -9,0
s	    45,6557	 3	220,69	 54,62	  24,5	  17,4	 -20,5	 -20,2	 -16,7	   7,0
s	    46,0203	 3	219,22	 54,75	  24,5	  17,4	 -20,5	 -20,2	 -16,7	   7,0
*	    48,3611	 1	139,97	 89,78	  -2,2	  -1,5	  -9,2	  -8,8	 -13,8	  -7,2
*	    49,4351	 1	143,72	 89,91	  -2,6	  -1,8	  -9,6	  -9,2	 -14,2	  -7,6
*	    48,6118	 1	140,07	 85,87	  -2,3	  -1,5	  -9,3	  -8,9	 -13,9	  -7,3
*	    49,6769	 1	143,84	 85,92	  -2,7	  -1,9	  -9,6	  -9,3	 -14,3	  -7,7
*	    49,3973	 1	140,18	 82,00	  -2,5	  -1,8	  -9,5	  -9,1	 -14,1	  -7,5
*	    50,4443	 1	143,96	 81,96	  -2,9	  -2,1	  -9,9	  -9,5	 -14,5	  -7,9
*	    50,7033	 1	140,29	 78,18	  -2,9	  -2,1	  -9,9	  -9,5	 -14,5	  -7,9
*	    51,7239	 1	144,07	 78,07	  -3,3	  -2,5	 -10,2	  -9,9	 -14,9	  -8,3
*	    52,5072	 1	140,40	 74,45	  -3,4	  -2,6	 -10,4	 -10,0	 -15,0	  -8,4
*	    53,4949	 1	144,19	 74,26	  -3,7	  -3,0	 -10,7	 -10,4	 -15,3	  -8,8
*	    54,7805	 1	140,51	 70,84	  -4,0	  -3,3	 -11,0	 -10,7	 -15,6	  -9,1
*	    55,7306	 1	144,31	 70,60	  -4,3	  -3,6	 -11,3	 -11,0	 -16,0	  -9,4
*	    56,8122	 1	141,47	 68,33	  -4,6	  -3,8	 -11,6	 -11,2	 -16,2	  -9,7
s	    49,8743	 3	109,54	 92,98	  22,6	  24,1	  16,9	  15,4	   9,2	  15,6
*	    50,9593	 1	156,95	 87,70	  -2,8	  -2,0	  -9,8	  -9,4	 -14,4	  -7,8
*	    50,2652	 1	160,72	 87,76	  -2,6	  -1,8	  -9,5	  -9,2	 -14,1	  -7,6
*	    51,5045	 1	157,10	 83,31	  -2,9	  -2,2	  -9,9	  -9,6	 -14,5	  -8,0
*	    50,8125	 1	160,87	 83,18	  -2,7	  -1,9	  -9,7	  -9,3	 -14,3	  -7,7
*	    50,5290	 1	164,97	 83,06	  -2,5	  -1,8	  -9,5	  -9,2	 -14,1	  -7,6
*	    52,5593	 1	157,25	 78,98	  -3,2	  -2,5	 -10,2	  -9,9	 -14,8	  -8,3
*	    51,8751	 1	161,03	 78,66	  -3,0	  -2,2	 -10,0	  -9,6	 -14,6	  -8,0
*	    51,5974	 1	165,13	 78,36	  -2,8	  -2,1	  -9,8	  -9,5	 -14,4	  -7,9
*	    54,1073	 1	157,40	 74,77	  -3,6	  -2,9	 -10,6	 -10,3	 -15,3	  -8,7
*	    53,4361	 1	161,19	 74,28	  -3,4	  -2,7	 -10,4	 -10,0	 -15,0	  -8,5
*	    53,1684	 1	165,30	 73,82	  -3,3	  -2,5	 -10,2	  -9,9	 -14,9	  -8,3
*	    56,1256	 1	157,55	 70,71	  -4,2	  -3,4	 -11,1	 -10,8	 -15,8	  -9,2
*	    55,4717	 1	161,35	 70,07	  -4,0	  -3,2	 -10,9	 -10,6	 -15,6	  -9,0
*	    55,2174	 1	165,48	 69,47	  -3,8	  -3,1	 -10,8	 -10,5	 -15,4	  -8,9
*	    57,9420	 1	164,68	 65,20	  -4,6	  -3,8	 -11,5	 -11,2	 -16,2	  -9,6
*	    58,2698	 1	160,62	 65,94	  -4,7	  -3,9	 -11,7	 -11,3	 -16,3	  -9,8
s	    50,4745	 1	147,06	 89,84	  26,0	  26,8	  19,0	  19,4	  14,4	  21,0
*	    50,5295	 1	148,44	 88,55	  -2,6	  -1,9	  -9,6	  -9,2	 -14,2	  -7,6
*	    50,8843	 1	152,24	 88,67	  -2,7	  -2,0	  -9,7	  -9,4	 -14,3	  -7,7
*	    50,9566	 1	148,57	 84,46	  -2,7	  -2,0	  -9,7	  -9,4	 -14,3	  -7,8
*	    51,3052	 1	152,38	 84,45	  -2,8	  -2,1	  -9,8	  -9,5	 -14,4	  -7,9
*	    51,8975	 1	148,70	 80,41	  -3,0	  -2,2	 -10,0	  -9,6	 -14,6	  -8,0
*	    52,2377	 1	152,52	 80,26	  -3,1	  -2,3	 -10,1	  -9,7	 -14,7	  -8,1
*	    53,3371	 1	148,82	 76,43	  -3,4	  -2,6	 -10,3	 -10,0	 -15,0	  -8,4
*	    53,6671	 1	152,65	 76,19	  -3,5	  -2,7	 -10,4	 -10,1	 -15,1	  -8,5
*	    55,2535	 1	148,95	 72,58	  -3,9	  -3,1	 -10,9	 -10,5	 -15,5	  -9,0
*	    55,5721	 1	152,79	 72,22	  -4,0	  -3,2	 -11,0	 -10,6	 -15,6	  -9,1
*	    57,6197	 1	149,08	 68,87	  -4,5	  -3,7	 -11,5	 -11,1	 -16,1	  -9,6
*	    57,9259	 1	152,93	 68,43	  -4,6	  -3,8	 -11,6	 -11,2	 -16,2	  -9,7
*	    58,1040	 1	149,11	 68,21	  -4,6	  -3,9	 -11,6	 -11,3	 -16,3	  -9,7
*	    58,4078	 1	152,96	 67,75	  -4,7	  -4,0	 -11,7	 -11,4	 -16,3	  -9,8
s	    67,9493	 3	148,22	 56,41	  21,3	  20,5	  -2,4	  -1,8	   1,6	  12,0
s	    69,7663	 3	164,49	 61,31	  22,4	  15,3	 -22,6	 -22,3	 -18,8	   4,7
s	    70,1259	 3	184,02	 62,11	  22,4	  15,3	 -22,6	 -22,3	 -18,9	   4,7
s	    71,4163	 3	166,96	 53,93	  21,2	  23,3	  16,9	  17,7	  12,7	  19,2
s	    73,2403	 3	260,49	 64,85	  22,2	  15,1	 -22,9	 -22,5	 -19,1	   4,4
s	    76,6651	 3	 90,00	 19,26	  21,7	  22,1	  -4,7	  -5,0	   6,5	   7,0
s	    79,7173	 2	 98,99	 88,68	  22,8	  23,3	  14,9	  13,2	   6,9	  13,0
s	    82,2387	 3	206,48	 91,66	  21,9	  22,1	  13,2	  10,8	   4,1	   9,8
s	    86,8532	 3	 99,83	 88,64	  21,6	  16,9	  -5,4	  -5,7	 -11,2	   8,0
s	    87,1462	 3	 99,00	 88,64	  21,6	  16,9	  -5,4	  -5,8	 -11,2	   8,0
s	    95,6565	 3	 52,69	 89,00	  21,0	  16,2	  -6,2	  -7,9	 -14,2	   5,0
s	    99,0920	 3	 95,31	 88,56	  20,9	  16,1	  -6,2	  -6,5	 -12,0	   7,1
s	    99,4812	 3	 82,30	 88,57	  20,8	  16,1	  -6,2	  -6,6	 -12,0	   7,1
s	   101,4682	 3	 61,78	 88,79	  20,6	  15,8	  -6,5	  -8,2	 -14,6	   4,6
s	   126,6520	 3	130,18	 70,09	  18,9	  11,8	 -26,2	 -25,9	 -22,6	   0,6
s	   126,7365	 3	138,18	 89,14	  19,2	  14,4	  -8,0	  -9,7	 -16,1	   3,0
#END
