#HEADER
CATT-Acoustic v8.0b    Copyright © CATT 1988-2003

 Project                : Auditorio

 GEOMETRICAL INFORMATION
 Src id and loc     [m] :   A1          -9,000        0,000        0,000
 Rec id and loc     [m] :   52          -3,750        3,000       -0,800

 52       17,7656

 VARIABLE SOURCE DATA
 Directivity
   Type (library)       :  OMNI.SD0
   Dir. Index (DI) [dB] :       0,0      0,0      0,0      0,0      0,0      0,0
 Level
   On axis 1m      [dB] :      58,0     64,0     70,3     70,7     65,9     59,9
   Total power     [dB] :      68,9     74,9     81,2     81,6     76,8     70,8
   Auxiliary delay [ms] :       0,0

 VARIABLE AIR DATA
 Temperature       [°C] :      20
 Relative humidity  [%] :      50
 Density        [kg/m³] :       1,2
 Sound speed      [m/s] :     343
 Impedance      [Ns/m³] :     412
 Diss. coeff. [0.001/m] :      0,10     0,30     0,63     1,07     2,28     6,83      (estimated)

#DATAFIELDS
 TYPE DELAY ORDER AZIMUTH ELEVATION SPL125 SPL250 SPL500 SPL1K SPL2K SPL4K
#DATA
d	     0,0000	 0	 90,00	 90,00	  42,3	  48,3	  54,6	  55,0	  50,1	  44,0
*	    29,5226	 1	130,26	 97,62	 -15,0	  -8,0	  -0,6	  -0,0	  -4,9	 -11,2
*	    21,7741	 1	126,86	 98,18	 -10,1	  -3,1	   4,3	   4,9	   0,1	  -6,2
*	    22,7833	 1	118,47	 98,61	 -10,3	  -3,2	   4,1	   4,7	  -0,1	  -6,3
*	    14,3627	 1	122,18	 98,92	  -4,3	   2,7	  10,1	  10,7	   5,9	  -0,3
*	    15,3540	 1	112,88	 99,22	  -4,1	   2,9	  10,3	  10,9	   6,1	  -0,1
*	     7,6617	 1	115,49	 99,86	   2,3	   9,4	  16,7	  17,4	  12,6	   6,4
*	     8,4527	 1	105,43	 99,91	   3,9	  10,9	  18,3	  18,9	  14,1	   7,9
*	    12,1390	 1	 97,94	 99,73	   0,9	   7,9	  15,3	  15,9	  11,1	   4,9
*	     2,6278	 1	105,45	101,02	   8,3	  15,3	  22,7	  23,3	  18,5	  12,4
*	     3,0728	 1	 95,37	100,55	  12,9	  20,0	  27,4	  28,0	  23,2	  17,1
*	     7,5051	 1	 88,62	100,06	   7,7	  14,7	  22,1	  22,7	  17,9	  11,8
*	     0,6786	 1	 90,13	102,12	   9,7	  16,8	  24,2	  24,8	  20,0	  13,9
*	     2,0506	 1	 82,10	100,92	  11,5	  18,5	  25,9	  26,5	  21,7	  15,6
*	     6,7013	 1	 77,35	100,10	   6,6	  13,6	  21,0	  21,6	  16,8	  10,7
*	     1,8732	 1	 68,44	102,25	   7,3	  14,4	  21,8	  22,4	  17,6	  11,5
*	     4,4318	 1	 65,93	100,60	   5,2	  12,2	  19,6	  20,2	  15,4	   9,3
*	     5,5617	 1	 44,31	100,40	   3,0	  10,1	  17,5	  18,1	  13,3	   7,1
*	     8,5134	 1	 48,87	 99,36	  -0,1	   6,9	  14,3	  14,9	  10,1	   3,9
*	    11,1296	 1	 24,73	 97,54	  -2,4	   4,7	  12,1	  12,7	   7,9	   1,7
*	    13,8896	 1	 33,62	 97,56	  -5,1	   1,9	   9,3	   9,9	   5,1	  -1,1
*	    17,8465	 1	 11,49	 95,07	  -7,8	  -0,8	   6,6	   7,2	   2,4	  -3,8
*	     9,0060	 1	312,31	 85,52	  13,8	  19,7	  25,6	  27,9	  23,7	  16,9
*	     6,0891	 1	301,68	 85,29	  20,1	  26,1	  31,9	  34,3	  30,0	  23,3
*	     3,6340	 1	271,01	 85,52	  28,4	  34,3	  40,2	  42,5	  38,3	  31,6
*	     2,7933	 1	207,86	 89,49	  28,7	  34,6	  40,5	  42,9	  38,6	  31,9
*	     3,5416	 1	178,60	 91,87	  21,7	  27,6	  33,5	  35,8	  31,6	  24,9
*	     4,7940	 1	168,34	 92,63	  16,4	  22,4	  28,3	  30,6	  26,4	  19,6
*	     6,3261	 1	163,47	 92,97	  12,6	  18,6	  24,5	  26,8	  22,6	  15,8
*	     8,1001	 1	160,65	 93,14	   9,6	  15,5	  21,4	  23,8	  19,5	  12,8
*	    10,1051	 1	158,84	 93,25	   7,0	  12,9	  18,8	  21,1	  16,9	  10,1
*	    12,3308	 1	157,57	 93,33	   4,6	  10,5	  16,4	  18,8	  14,5	   7,7
*	    14,7631	 1	156,64	 93,38	   2,4	   8,3	  14,2	  16,5	  12,3	   5,5
*	    17,3834	 1	155,91	 93,43	   0,3	   6,2	  12,1	  14,4	  10,2	   3,3
*	    20,1708	 1	155,34	 93,46	  -1,7	   4,2	  10,1	  12,4	   8,1	   1,3
*	    23,1039	 1	154,88	 93,48	  -3,7	   2,2	   8,1	  10,4	   6,2	  -0,7
*	    26,1620	 1	154,50	 93,50	  -5,6	   0,3	   6,2	   8,6	   4,3	  -2,6
*	     5,8921	 1	336,73	 91,82	   3,4	   9,3	  15,2	  17,5	  13,3	   6,6
s	     6,2879	 1	 79,17	 91,84	  37,9	  38,7	  31,0	  31,4	  26,5	  33,6
*	    26,7195	 1	 81,36	 54,14	   3,5	   4,3	  -3,4	  -3,0	  -7,9	  -1,0
*	    26,3671	 1	 72,88	 51,82	   3,5	   4,3	  -3,4	  -3,0	  -7,9	  -1,0
*	    21,0546	 1	 81,18	 59,95	   7,5	   8,3	   0,6	   1,0	  -3,9	   3,1
*	    20,7592	 1	 72,50	 57,68	   7,4	   8,1	   0,5	   0,8	  -4,0	   2,9
*	    15,7799	 1	 80,99	 66,83	  12,2	  13,0	   5,3	   5,7	   0,8	   7,8
*	    15,6199	 1	 72,10	 64,72	  11,7	  12,4	   4,8	   5,1	   0,3	   7,3
*	    11,0931	 1	 80,79	 74,84	  17,8	  18,6	  10,9	  11,3	   6,4	  13,5
*	    11,2192	 1	 71,68	 73,05	  16,3	  17,1	   9,4	   9,8	   4,9	  11,9
*	     7,4917	 1	 80,58	 83,89	  24,1	  24,9	  17,2	  17,6	  12,7	  19,8
*	     8,0966	 1	 71,25	 82,63	  20,4	  21,2	  13,5	  13,9	   9,1	  16,1
*	     6,3762	 1	 80,37	 93,68	  26,2	  27,0	  19,3	  19,7	  14,8	  21,9
*	     7,1294	 1	 70,80	 93,10	  21,6	  22,4	  14,7	  15,1	  10,3	  17,3
*	    32,3476	 1	 71,12	 46,49	  -0,0	   0,7	  -7,0	  -6,6	 -11,5	  -4,6
*	    32,4881	 1	 79,67	 48,67	   0,0	   0,8	  -6,9	  -6,5	 -11,4	  -4,5
*	    38,4850	 1	 71,52	 42,48	  -3,1	  -2,4	 -10,1	  -9,7	 -14,6	  -7,8
*	    38,6497	 1	 79,88	 44,59	  -3,1	  -2,4	 -10,1	  -9,7	 -14,6	  -7,8
s	     7,5780	 1	219,21	 79,92	  37,4	  43,1	  48,7	  47,1	  41,0	  34,6
*	    12,3995	 1	289,29	 79,82	  14,4	  20,3	  26,2	  28,6	  24,3	  17,5
*	    10,0766	 1	274,59	 78,65	  17,9	  23,9	  29,8	  32,1	  27,8	  21,1
*	     8,3824	 1	252,43	 78,28	  20,6	  26,6	  32,5	  34,8	  30,5	  23,8
*	     7,6158	 1	226,22	 80,01	  21,1	  27,0	  32,9	  35,2	  31,0	  24,2
*	     7,7856	 1	204,73	 83,00	  19,3	  25,2	  31,1	  33,4	  29,2	  22,4
*	     8,6196	 1	190,61	 85,54	  16,6	  22,5	  28,4	  30,8	  26,5	  19,8
*	     9,8904	 1	181,66	 87,32	  14,0	  19,9	  25,8	  28,1	  23,9	  17,1
*	    11,4818	 1	175,75	 88,53	  11,5	  17,5	  23,3	  25,7	  21,4	  14,7
*	    13,3370	 1	171,62	 89,38	   9,3	  15,2	  21,1	  23,4	  19,2	  12,4
*	    15,4235	 1	168,62	 90,00	   7,2	  13,1	  19,0	  21,3	  17,1	  10,3
*	    17,7176	 1	166,35	 90,48	   5,2	  11,1	  17,0	  19,3	  15,1	   8,3
*	    20,1983	 1	164,56	 90,85	   3,3	   9,2	  15,1	  17,4	  13,2	   6,3
*	    22,8454	 1	163,14	 91,15	   1,5	   7,4	  13,3	  15,6	  11,3	   4,5
*	    25,6397	 1	161,97	 91,39	  -0,3	   5,6	  11,5	  13,8	   9,5	   2,7
*	    28,5628	 1	160,99	 91,59	  -2,0	   3,9	   9,8	  12,1	   7,8	   0,9
*	    30,1021	 1	 98,24	 58,61	   2,2	   3,0	  -4,7	  -4,3	  -9,2	  -2,3
*	    28,0961	 1	 91,03	 56,66	   3,3	   4,1	  -3,6	  -3,2	  -8,1	  -1,2
*	    24,8367	 1	 98,39	 64,21	   5,7	   6,5	  -1,2	  -0,8	  -5,7	   1,2
*	    22,5582	 1	 91,05	 62,38	   7,2	   8,0	   0,3	   0,7	  -4,2	   2,8
*	    20,0608	 1	 98,54	 70,63	   9,6	  10,4	   2,7	   3,0	  -1,8	   5,1
*	    17,4200	 1	 91,07	 69,01	  11,8	  12,5	   4,8	   5,2	   0,4	   7,3
*	    16,0257	 1	 98,70	 77,86	  13,7	  14,5	   6,8	   7,1	   2,3	   9,3
*	    12,8775	 1	 91,09	 76,61	  17,1	  17,9	  10,2	  10,6	   5,7	  12,7
*	    13,2213	 1	 98,87	 85,81	  17,2	  18,0	  10,3	  10,7	   5,8	  12,8
*	     9,4256	 1	 91,12	 85,07	  23,0	  23,8	  16,1	  16,5	  11,6	  18,6
*	    12,3946	 1	 99,04	 94,25	  18,2	  19,0	  11,3	  11,6	   6,8	  13,8
*	     8,3797	 1	 91,14	 94,10	  24,9	  25,6	  17,9	  18,3	  13,5	  20,5
*	    42,5289	 1	 97,93	 48,99	  -4,3	  -3,5	 -11,2	 -10,9	 -15,8	  -9,0
*	    40,9379	 1	 90,99	 47,04	  -3,6	  -2,8	 -10,5	 -10,2	 -15,1	  -8,3
*	    36,6218	 1	 98,07	 53,07	  -1,4	  -0,7	  -8,4	  -8,0	 -12,9	  -6,0
*	    34,8607	 1	 91,01	 51,09	  -0,6	   0,2	  -7,5	  -7,2	 -12,0	  -5,2
*	    12,4895	 1	 42,77	 98,35	  14,2	  15,0	   7,3	   7,7	   2,9	   9,9
*	    10,2046	 1	 54,68	 99,23	  16,9	  17,6	   9,9	  10,3	   5,5	  12,5
*	    12,2866	 1	 43,95	 86,18	  14,5	  15,2	   7,6	   7,9	   3,1	  10,1
*	     9,8849	 1	 55,56	 87,55	  17,3	  18,1	  10,4	  10,8	   5,9	  13,0
*	    13,6993	 1	 45,07	 74,78	  13,3	  14,1	   6,4	   6,8	   1,9	   8,9
*	    11,4084	 1	 56,41	 76,54	  15,9	  16,7	   9,0	   9,4	   4,5	  11,5
*	    16,5358	 1	 46,16	 64,84	  11,0	  11,8	   4,1	   4,5	  -0,4	   6,6
*	    14,5053	 1	 57,22	 66,85	  13,1	  13,9	   6,2	   6,5	   1,7	   8,7
*	    20,4786	 1	 47,20	 56,59	   8,2	   8,9	   1,2	   1,6	  -3,2	   3,7
*	    18,7384	 1	 58,00	 58,72	   9,7	  10,5	   2,8	   3,1	  -1,7	   5,3
*	    25,2199	 1	 48,21	 49,90	   5,1	   5,9	  -1,8	  -1,5	  -6,3	   0,6
*	    23,7371	 1	 58,74	 52,04	   6,2	   7,0	  -0,7	  -0,3	  -5,2	   1,7
*	    30,5218	 1	 49,17	 44,51	   2,0	   2,8	  -4,9	  -4,5	  -9,4	  -2,5
*	    29,2491	 1	 59,45	 46,61	   2,9	   3,6	  -4,1	  -3,7	  -8,6	  -1,7
*	    39,8069	 1	 62,75	 39,78	  -2,5	  -1,7	  -9,4	  -9,1	 -14,0	  -7,1
*	    40,6265	 1	 53,15	 37,65	  -2,9	  -2,2	  -9,9	  -9,5	 -14,4	  -7,6
*	    33,7199	 1	 62,14	 43,60	   0,5	   1,2	  -6,5	  -6,1	 -11,0	  -4,1
*	    34,6634	 1	 52,30	 41,38	  -0,1	   0,7	  -7,0	  -6,7	 -11,6	  -4,7
*	    12,9270	 1	337,43	 89,38	  -7,9	  -2,0	   3,9	   6,2	   2,0	  -4,8
s	    14,3077	 2	225,62	 80,41	  34,7	  35,2	  26,9	  26,6	  21,4	  28,0
*	    14,5381	 1	321,99	 92,61	  -2,8	   3,1	   9,0	  11,3	   7,1	   0,3
*	    14,8595	 1	319,23	 90,90	   5,6	  11,5	  17,4	  19,7	  15,5	   8,7
*	    18,1429	 1	321,30	 90,04	   2,2	   8,2	  14,0	  16,4	  12,1	   5,3
*	    14,8682	 1	321,32	 98,96	   3,9	   9,8	  15,7	  18,1	  13,8	   7,0
*	    14,9555	 1	321,18	100,25	   9,7	  15,6	  21,5	  23,8	  19,6	  12,8
*	    18,7282	 1	 14,86	 95,26	  11,5	  12,2	   4,5	   4,9	   0,0	   7,0
*	    15,6371	 1	 27,53	 96,82	  13,6	  14,4	   6,7	   7,0	   2,2	   9,2
*	    18,6569	 1	 16,46	 82,78	  11,5	  12,2	   4,5	   4,9	   0,1	   7,0
*	    15,5216	 1	 29,00	 84,29	  13,7	  14,4	   6,7	   7,1	   2,3	   9,2
*	    19,9247	 1	 18,03	 71,13	  10,5	  11,3	   3,6	   4,0	  -0,9	   6,1
*	    16,8527	 1	 30,42	 72,58	  12,6	  13,4	   5,7	   6,1	   1,2	   8,2
*	    22,3931	 1	 19,57	 61,07	   8,8	   9,6	   1,9	   2,3	  -2,6	   4,3
*	    19,4740	 1	 31,81	 62,48	  10,7	  11,5	   3,8	   4,2	  -0,7	   6,3
*	    25,8523	 1	 21,09	 52,79	   6,6	   7,4	  -0,3	   0,1	  -4,8	   2,1
*	    23,1395	 1	 33,16	 54,17	   8,3	   9,0	   1,3	   1,7	  -3,2	   3,8
*	    30,0869	 1	 22,57	 46,12	   4,2	   5,0	  -2,7	  -2,4	  -7,3	  -0,4
*	    27,5987	 1	 34,46	 47,48	   5,6	   6,3	  -1,4	  -1,0	  -5,9	   1,0
*	    34,9117	 1	 24,03	 40,79	   1,7	   2,5	  -5,3	  -4,9	  -9,8	  -2,9
*	    32,6430	 1	 35,73	 42,13	   2,8	   3,6	  -4,1	  -3,7	  -8,6	  -1,8
*	    48,3264	 1	 41,50	 32,48	  -4,2	  -3,5	 -11,2	 -10,8	 -15,7	  -9,0
*	    49,9347	 1	 30,57	 30,95	  -4,9	  -4,1	 -11,8	 -11,5	 -16,4	  -9,6
*	    42,3188	 1	 40,40	 35,47	  -1,7	  -1,0	  -8,7	  -8,3	 -13,2	  -6,4
*	    44,0801	 1	 29,25	 33,92	  -2,5	  -1,7	  -9,5	  -9,1	 -14,0	  -7,2
*	    36,5547	 1	 39,26	 39,13	   0,9	   1,7	  -6,1	  -5,7	 -10,6	  -3,7
*	    38,4907	 1	 27,89	 37,55	  -0,0	   0,7	  -7,0	  -6,6	 -11,5	  -4,7
*	    33,5756	 1	153,26	 98,46	  -9,7	  -2,4	   3,7	   6,2	   1,3	  -4,1
*	    28,9809	 1	153,58	 99,00	  -7,2	  -0,0	   6,2	   8,6	   3,7	  -1,6
*	    15,6946	 1	322,19	100,35	   4,5	  11,7	  17,9	  20,4	  15,5	  10,2
s	    16,0129	 3	 75,10	110,80	  31,4	  38,3	  45,2	  43,9	  38,0	  31,6
*	    17,3487	 1	106,53	 99,32	  14,3	  15,1	   7,4	   7,8	   2,9	   9,9
*	    21,8761	 1	113,53	 98,88	  10,2	  11,0	   3,3	   3,6	  -1,2	   5,7
*	    16,9321	 1	106,24	 91,31	  15,0	  15,8	   8,1	   8,4	   3,6	  10,6
*	    21,5769	 1	113,13	 91,36	  10,6	  11,3	   3,6	   4,0	  -0,9	   6,1
*	    18,2480	 1	105,95	 83,54	  13,7	  14,5	   6,8	   7,2	   2,3	   9,3
*	    22,6927	 1	112,75	 84,04	   9,7	  10,5	   2,8	   3,2	  -1,7	   5,3
*	    21,0420	 1	105,67	 76,23	  11,2	  11,9	   4,2	   4,6	  -0,3	   6,7
*	    25,0871	 1	112,38	 77,10	   7,9	   8,7	   1,0	   1,4	  -3,5	   3,4
*	    24,8946	 1	105,40	 69,59	   8,1	   8,9	   1,2	   1,5	  -3,3	   3,6
*	    28,5023	 1	112,03	 70,74	   5,6	   6,4	  -1,3	  -1,0	  -5,8	   1,1
*	    29,4737	 1	105,14	 63,66	   5,0	   5,8	  -2,0	  -1,6	  -6,5	   0,4
*	    32,6843	 1	111,68	 65,00	   3,1	   3,8	  -3,9	  -3,5	  -8,4	  -1,5
*	    34,5635	 1	104,89	 58,44	   2,0	   2,8	  -4,9	  -4,6	  -9,5	  -2,6
*	    37,4349	 1	111,34	 59,89	   0,5	   1,3	  -6,4	  -6,1	 -11,0	  -4,1
*	    47,6006	 1	112,16	 52,62	  -4,2	  -3,4	 -11,1	 -10,8	 -15,7	  -8,9
*	    45,0438	 1	106,01	 51,05	  -3,1	  -2,3	 -10,0	  -9,7	 -14,6	  -7,8
*	    42,2265	 1	112,49	 56,66	  -1,8	  -1,0	  -8,8	  -8,4	 -13,3	  -6,5
*	    39,4097	 1	106,27	 55,13	  -0,5	   0,3	  -7,4	  -7,1	 -12,0	  -5,1
*	    26,3960	 1	348,72	 86,06	   8,9	   9,7	   2,0	   2,4	  -2,5	   4,4
*	    22,6411	 1	  0,35	 87,46	  11,1	  11,9	   4,2	   4,5	  -0,3	   6,6
*	    26,9170	 1	350,24	 74,69	   8,6	   9,3	   1,6	   2,0	  -2,9	   4,0
*	    23,1889	 1	  1,97	 75,57	  10,7	  11,4	   3,7	   4,1	  -0,8	   6,2
*	    28,5421	 1	351,77	 64,37	   7,5	   8,3	   0,6	   1,0	  -3,9	   3,0
*	    24,9211	 1	  3,58	 64,84	   9,5	  10,3	   2,6	   2,9	  -2,0	   5,0
*	    31,1391	 1	353,31	 55,49	   6,0	   6,7	  -1,0	  -0,6	  -5,5	   1,4
*	    27,6831	 1	  5,18	 55,75	   7,7	   8,5	   0,8	   1,2	  -3,7	   3,2
*	    34,5472	 1	354,87	 48,15	   4,1	   4,9	  -2,8	  -2,5	  -7,4	  -0,5
*	    31,2896	 1	  6,78	 48,31	   5,7	   6,5	  -1,3	  -0,9	  -5,8	   1,1
*	    38,6117	 1	356,43	 42,16	   2,1	   2,8	  -4,9	  -4,5	  -9,4	  -2,6
*	    35,5652	 1	  8,37	 42,32	   3,4	   4,2	  -3,5	  -3,1	  -8,0	  -1,2
*	    43,1996	 1	358,00	 37,29	  -0,0	   0,8	  -7,0	  -6,6	 -11,5	  -4,7
*	    40,3630	 1	  9,94	 37,50	   1,2	   1,9	  -5,8	  -5,4	 -10,3	  -3,5
*	    52,4145	 1	 16,43	 29,75	  -3,8	  -3,0	 -10,7	 -10,4	 -15,3	  -8,6
*	    54,6658	 1	  4,56	 29,13	  -4,6	  -3,8	 -11,5	 -11,2	 -16,1	  -9,4
*	    46,7704	 1	 14,92	 32,74	  -1,6	  -0,8	  -8,5	  -8,2	 -13,1	  -6,3
*	    49,1941	 1	  2,99	 32,17	  -2,5	  -1,7	  -9,5	  -9,1	 -14,0	  -7,3
*	    41,4144	 1	 13,39	 36,39	   0,7	   1,5	  -6,3	  -5,9	 -10,8	  -4,0
*	    44,0252	 1	  1,41	 35,87	  -0,4	   0,4	  -7,3	  -7,0	 -11,9	  -5,1
*	    44,3327	 1	126,02	 64,46	  -0,1	   0,7	  -7,0	  -6,7	 -11,6	  -4,8
*	    40,6293	 1	120,31	 63,46	   1,6	   2,4	  -5,3	  -5,0	  -9,9	  -3,0
*	    40,5584	 1	126,50	 69,44	   1,6	   2,4	  -5,3	  -5,0	  -9,9	  -3,0
*	    36,5614	 1	120,74	 68,58	   3,6	   4,4	  -3,3	  -2,9	  -7,8	  -1,0
*	    37,4345	 1	127,00	 74,89	   3,1	   3,9	  -3,8	  -3,5	  -8,4	  -1,5
*	    33,1519	 1	121,19	 74,25	   5,5	   6,2	  -1,5	  -1,1	  -6,0	   0,9
*	    35,0881	 1	127,50	 80,78	   4,3	   5,1	  -2,6	  -2,3	  -7,1	  -0,3
*	    30,5607	 1	121,65	 80,40	   6,9	   7,7	   0,0	   0,4	  -4,5	   2,4
*	    33,6372	 1	128,02	 87,02	   5,1	   5,8	  -1,9	  -1,5	  -6,4	   0,5
*	    28,9486	 1	122,12	 86,96	   7,9	   8,7	   1,0	   1,3	  -3,5	   3,4
*	    33,1650	 1	128,55	 93,47	   5,3	   6,1	  -1,6	  -1,3	  -6,2	   0,7
*	    28,4345	 1	122,60	 93,79	   8,2	   8,9	   1,2	   1,6	  -3,3	   3,6
*	    56,4116	 1	119,00	 50,62	  -4,9	  -4,1	 -11,8	 -11,5	 -16,4	  -9,7
*	    54,1664	 1	125,02	 55,33	  -4,1	  -3,3	 -11,0	 -10,7	 -15,6	  -8,9
*	    51,0436	 1	119,41	 54,18	  -2,9	  -2,1	  -9,8	  -9,4	 -14,4	  -7,6
*	    49,3672	 1	125,47	 59,29	  -2,2	  -1,4	  -9,2	  -8,8	 -13,7	  -7,0
*	    45,9882	 1	119,82	 58,19	  -0,8	  -0,0	  -7,7	  -7,4	 -12,3	  -5,5
*	    42,5266	 1	345,27	 41,45	   2,3	   3,1	  -4,6	  -4,3	  -9,2	  -2,4
*	    45,7631	 1	334,30	 42,03	   1,0	   1,8	  -5,9	  -5,6	 -10,5	  -3,7
*	    38,5582	 1	343,81	 47,22	   4,2	   4,9	  -2,8	  -2,4	  -7,3	  -0,5
*	    41,9843	 1	333,00	 47,78	   2,7	   3,5	  -4,2	  -3,9	  -8,8	  -2,0
*	    35,2099	 1	342,37	 54,21	   5,9	   6,6	  -1,1	  -0,7	  -5,6	   1,3
*	    38,8145	 1	331,73	 54,65	   4,2	   5,0	  -2,7	  -2,3	  -7,2	  -0,4
*	    32,6165	 1	340,96	 62,56	   7,3	   8,1	   0,4	   0,8	  -4,1	   2,7
*	    36,3734	 1	330,50	 62,72	   5,5	   6,3	  -1,4	  -1,0	  -5,9	   0,9
*	    30,9184	 1	339,56	 72,23	   8,3	   9,1	   1,4	   1,8	  -3,1	   3,8
*	    34,7824	 1	329,29	 71,94	   6,4	   7,2	  -0,5	  -0,1	  -5,0	   1,8
*	    30,2353	 1	338,20	 82,86	   8,8	   9,6	   1,9	   2,2	  -2,7	   4,2
*	    34,1427	 1	328,11	 81,95	   6,8	   7,6	  -0,1	   0,3	  -4,6	   2,2
*	    50,8368	 1	333,19	 37,50	  -1,1	  -0,3	  -8,0	  -7,7	 -12,6	  -5,8
*	    47,6541	 1	344,09	 36,74	   0,1	   0,9	  -6,8	  -6,5	 -11,4	  -4,6
*	    55,4839	 1	334,49	 33,49	  -2,8	  -2,1	  -9,8	  -9,4	 -14,4	  -7,6
*	    52,4918	 1	345,56	 32,81	  -1,8	  -1,0	  -8,7	  -8,4	 -13,3	  -6,6
*	    60,4716	 1	335,83	 30,13	  -4,6	  -3,8	 -11,6	 -11,2	 -16,1	  -9,5
*	    57,6603	 1	347,05	 29,55	  -3,7	  -2,9	 -10,6	 -10,3	 -15,2	  -8,5
*	    31,8425	 1	153,29	 96,23	 -10,3	  -4,4	   1,5	   3,9	  -0,4	  -7,4
*	    31,9915	 1	153,95	 93,53	  -8,8	  -2,9	   3,0	   5,3	   1,0	  -5,9
*	    35,3092	 1	153,71	 93,55	 -10,5	  -4,6	   1,3	   3,6	  -0,7	  -7,6
*	    38,6929	 1	153,49	 93,56	 -12,1	  -6,2	  -0,3	   2,0	  -2,3	  -9,2
*	    42,1324	 1	153,31	 93,57	 -13,6	  -7,7	  -1,8	   0,5	  -3,8	 -10,8
*	    45,6193	 1	153,15	 93,58	 -15,1	  -9,2	  -3,3	  -1,0	  -5,3	 -12,3
*	    49,1466	 1	153,00	 93,59	 -16,5	 -10,6	  -4,7	  -2,4	  -6,7	 -13,8
*	    32,1295	 1	154,20	 95,66	 -17,5	 -11,6	  -5,7	  -3,4	  -7,7	 -14,6
*	    34,1619	 1	159,58	 91,88	  -5,0	   0,9	   6,8	   9,1	   4,8	  -2,1
*	    37,3632	 1	158,97	 92,01	  -6,6	  -0,7	   5,2	   7,5	   3,2	  -3,7
*	    40,6384	 1	158,41	 92,13	  -8,1	  -2,2	   3,7	   6,0	   1,7	  -5,3
*	    43,9771	 1	157,94	 92,22	  -9,5	  -3,6	   2,3	   4,6	   0,3	  -6,7
*	    47,3707	 1	157,51	 92,31	 -10,9	  -5,0	   0,9	   3,2	  -1,1	  -8,2
*	    50,8117	 1	157,13	 92,39	 -12,3	  -6,3	  -0,5	   1,8	  -2,5	  -9,5
*	    54,2938	 1	156,79	 92,45	 -13,5	  -7,6	  -1,8	   0,5	  -3,8	 -10,9
*	    52,6412	 1	138,02	 65,91	  -1,1	  -0,3	  -8,1	  -7,7	 -12,6	  -5,9
*	    48,8469	 1	132,73	 65,30	   0,4	   1,2	  -6,5	  -6,2	 -11,1	  -4,3
*	    49,3695	 1	138,57	 70,60	   0,1	   0,9	  -6,8	  -6,4	 -11,4	  -4,6
*	    45,3632	 1	133,26	 70,12	   1,8	   2,6	  -5,1	  -4,7	  -9,7	  -2,9
*	    46,7057	 1	139,14	 75,65	   1,2	   2,0	  -5,7	  -5,4	 -10,3	  -3,5
*	    42,5085	 1	133,79	 75,34	   3,1	   3,9	  -3,9	  -3,5	  -8,4	  -1,6
*	    44,7303	 1	139,71	 81,04	   2,0	   2,8	  -4,9	  -4,5	  -9,5	  -2,7
*	    40,3807	 1	134,35	 80,95	   4,0	   4,8	  -2,9	  -2,5	  -7,4	  -0,6
*	    43,5117	 1	140,30	 86,69	   2,6	   3,3	  -4,4	  -4,0	  -8,9	  -2,1
*	    39,0659	 1	134,91	 86,85	   4,7	   5,4	  -2,3	  -1,9	  -6,8	   0,0
*	    43,0956	 1	140,90	 92,51	   2,7	   3,5	  -4,2	  -3,9	  -8,8	  -2,0
*	    38,6230	 1	135,48	 92,93	   4,8	   5,6	  -2,1	  -1,7	  -6,6	   0,2
*	    56,5934	 1	130,49	 56,85	  -2,5	  -1,8	  -9,5	  -9,1	 -14,1	  -7,3
*	    59,8482	 1	135,82	 57,58	  -3,7	  -2,9	 -10,6	 -10,3	 -15,2	  -8,5
*	    61,4616	 1	130,00	 53,27	  -4,2	  -3,4	 -11,2	 -10,8	 -15,8	  -9,1
*	    49,9721	 1	321,97	 43,30	   1,2	   1,9	  -5,8	  -5,4	 -10,4	  -3,6
*	    53,3373	 1	312,62	 44,43	  -0,1	   0,7	  -7,0	  -6,7	 -11,6	  -4,9
*	    46,4211	 1	320,91	 48,99	   2,7	   3,4	  -4,3	  -3,9	  -8,8	  -2,1
*	    49,9524	 1	311,77	 50,03	   1,3	   2,1	  -5,6	  -5,3	 -10,2	  -3,5
*	    43,4642	 1	319,89	 55,65	   4,0	   4,8	  -2,9	  -2,6	  -7,5	  -0,7
*	    47,1489	 1	310,94	 56,51	   2,5	   3,3	  -4,4	  -4,1	  -9,0	  -2,2
*	    41,2037	 1	318,90	 63,33	   5,1	   5,9	  -1,8	  -1,5	  -6,4	   0,5
*	    45,0171	 1	310,15	 63,87	   3,5	   4,3	  -3,4	  -3,1	  -8,0	  -1,2
*	    39,7400	 1	317,94	 71,91	   5,9	   6,6	  -1,1	  -0,7	  -5,6	   1,2
*	    43,6430	 1	309,38	 71,99	   4,2	   4,9	  -2,8	  -2,4	  -7,3	  -0,5
*	    39,1535	 1	317,01	 81,14	   6,2	   7,0	  -0,7	  -0,4	  -5,3	   1,6
*	    43,0944	 1	308,63	 80,65	   4,5	   5,2	  -2,5	  -2,1	  -7,0	  -0,2
*	    64,0146	 1	325,47	 30,50	  -4,0	  -3,2	 -10,9	 -10,6	 -15,5	  -8,9
*	    66,8577	 1	315,47	 31,52	  -4,8	  -4,1	 -11,8	 -11,4	 -16,4	  -9,7
*	    59,1531	 1	324,32	 33,89	  -2,3	  -1,6	  -9,3	  -8,9	 -13,9	  -7,2
*	    62,1571	 1	314,53	 34,96	  -3,3	  -2,5	 -10,2	  -9,9	 -14,8	  -8,2
*	    54,6312	 1	323,20	 37,87	  -0,7	   0,1	  -7,6	  -7,3	 -12,2	  -5,5
*	    57,8024	 1	313,62	 38,99	  -1,8	  -1,0	  -8,7	  -8,4	 -13,3	  -6,6
s	    42,3756	 1	 90,00	 24,57	  29,6	  32,9	  23,0	  23,3	  26,9	  24,3
*	    73,6359	 1	253,19	 34,03	   3,6	   6,9	  -3,0	  -2,7	   0,8	  -2,0
*	    61,1909	 1	262,61	 22,47	   7,4	  10,7	   0,8	   1,1	   4,6	   1,9
*	    51,9270	 1	302,27	 10,52	  10,6	  13,9	   4,0	   4,3	   7,8	   5,2
*	    47,0850	 1	 23,56	 15,99	  12,3	  15,7	   5,7	   6,1	   9,6	   7,0
*	    71,0077	 1	228,39	 34,47	   4,3	   7,7	  -2,3	  -2,0	   1,5	  -1,2
*	    58,1242	 1	219,92	 22,65	   8,4	  11,7	   1,7	   2,1	   5,6	   3,0
*	    48,3801	 1	181,44	  9,89	  11,9	  15,2	   5,3	   5,6	   9,1	   6,6
*	    43,1203	 1	 93,59	 15,60	  14,0	  17,3	   7,4	   7,7	  11,3	   8,7
*	    43,3197	 1	 75,46	 31,10	  13,9	  17,3	   7,3	   7,7	  11,2	   8,7
*	    72,4844	 1	207,30	 39,28	   3,8	   7,2	  -2,8	  -2,5	   1,0	  -1,8
*	    59,8147	 1	191,31	 31,37	   7,7	  11,1	   1,1	   1,4	   5,0	   2,3
*	    50,2109	 1	161,37	 25,86	  11,1	  14,5	   4,5	   4,8	   8,4	   5,8
*	    44,9198	 1	124,55	 28,66	  13,2	  16,6	   6,6	   7,0	  10,5	   7,9
*	    44,9221	 1	100,95	 38,08	  13,4	  16,7	   6,8	   7,1	  10,6	   8,1
*	    77,8272	 1	192,92	 45,98	   2,3	   5,6	  -4,4	  -4,0	  -0,6	  -3,4
*	    65,9141	 1	177,76	 41,60	   5,7	   9,0	  -0,9	  -0,6	   2,9	   0,2
*	    56,9837	 1	157,01	 39,41	   8,6	  12,0	   2,0	   2,3	   5,9	   3,2
*	    52,0677	 1	134,36	 41,36	  10,4	  13,8	   3,8	   4,2	   7,7	   5,1
*	    75,5514	 1	170,66	 50,31	   2,8	   6,2	  -3,8	  -3,5	   0,0	  -2,8
*	    67,5518	 1	155,14	 49,62	   5,2	   8,5	  -1,5	  -1,1	   2,4	  -0,3
s	    44,5234	 2	 81,67	 30,04	  28,5	  26,6	   2,7	   3,0	   6,6	  17,2
s	    45,1369	 2	326,33	 83,67	  28,7	  29,2	  20,8	  19,2	  12,9	  19,5
s	    46,1208	 3	324,40	 83,49	  27,9	  23,2	   0,9	   0,6	  -4,7	  14,9
*	    47,3038	 1	146,24	 93,02	   3,0	   3,7	  -4,0	  -3,6	  -8,5	  -1,7
*	    51,2795	 1	151,41	 92,47	   1,4	   2,1	  -5,6	  -5,2	 -10,1	  -3,4
*	    47,5671	 1	145,63	 87,41	   2,9	   3,6	  -4,1	  -3,7	  -8,6	  -1,8
*	    51,5328	 1	150,78	 87,06	   1,3	   2,1	  -5,7	  -5,3	 -10,2	  -3,5
*	    48,5822	 1	145,02	 81,93	   2,5	   3,2	  -4,5	  -4,1	  -9,0	  -2,3
*	    52,4927	 1	150,16	 81,77	   0,9	   1,7	  -6,0	  -5,7	 -10,6	  -3,8
*	    50,3161	 1	144,43	 76,68	   1,8	   2,6	  -5,1	  -4,8	  -9,7	  -3,0
*	    54,1314	 1	149,55	 76,68	   0,3	   1,1	  -6,6	  -6,3	 -11,2	  -4,5
*	    52,7151	 1	143,84	 71,72	   0,9	   1,7	  -6,1	  -5,7	 -10,6	  -3,9
*	    56,4039	 1	148,95	 71,86	  -0,5	   0,3	  -7,4	  -7,1	 -12,0	  -5,3
*	    55,7133	 1	143,26	 67,10	  -0,2	   0,6	  -7,2	  -6,8	 -11,7	  -5,0
*	    59,2538	 1	148,35	 67,34	  -1,5	  -0,7	  -8,4	  -8,1	 -13,0	  -6,3
*	    59,2395	 1	142,69	 62,83	  -1,4	  -0,7	  -8,4	  -8,0	 -13,0	  -6,3
*	    62,6193	 1	147,76	 63,16	  -2,6	  -1,8	  -9,5	  -9,2	 -14,1	  -7,5
*	    69,7755	 1	142,65	 54,39	  -4,8	  -4,1	 -11,8	 -11,4	 -16,4	  -9,8
*	    68,5936	 1	148,19	 58,28	  -4,5	  -3,7	 -11,4	 -11,1	 -16,0	  -9,4
*	    65,3236	 1	143,21	 57,83	  -3,4	  -2,7	 -10,4	 -10,1	 -15,0	  -8,3
*	    64,6832	 1	148,77	 62,00	  -3,3	  -2,5	 -10,2	  -9,9	 -14,8	  -8,2
*	    61,2462	 1	143,77	 61,60	  -2,1	  -1,4	  -9,1	  -8,7	 -13,7	  -7,0
s	    47,6425	 2	 10,57	 89,33	  28,4	  28,8	  20,5	  18,8	  12,6	  19,1
*	    57,5712	 1	302,23	 46,06	   0,0	   0,8	  -6,9	  -6,6	 -11,5	  -4,8
*	    60,8444	 1	294,32	 47,35	  -1,1	  -0,3	  -8,0	  -7,7	 -12,6	  -5,9
*	    54,3794	 1	301,61	 51,54	   1,3	   2,0	  -5,7	  -5,3	 -10,3	  -3,5
*	    57,7897	 1	293,87	 52,70	   0,0	   0,8	  -6,9	  -6,6	 -11,5	  -4,8
*	    51,7524	 1	301,01	 57,75	   2,3	   3,1	  -4,6	  -4,3	  -9,2	  -2,4
*	    55,2863	 1	293,44	 58,70	   1,0	   1,8	  -5,9	  -5,6	 -10,5	  -3,8
*	    49,7669	 1	300,44	 64,70	   3,2	   3,9	  -3,8	  -3,4	  -8,3	  -1,6
*	    53,4022	 1	293,02	 65,35	   1,8	   2,6	  -5,2	  -4,8	  -9,7	  -3,0
*	    48,4943	 1	299,88	 72,27	   3,7	   4,5	  -3,2	  -2,8	  -7,8	  -1,0
*	    52,1991	 1	292,61	 72,53	   2,3	   3,1	  -4,6	  -4,3	  -9,2	  -2,5
*	    70,4726	 1	304,31	 33,10	  -4,3	  -3,5	 -11,3	 -10,9	 -15,9	  -9,3
*	    65,9645	 1	303,62	 36,61	  -2,9	  -2,1	  -9,8	  -9,5	 -14,4	  -7,8
*	    68,9297	 1	295,33	 37,95	  -3,8	  -3,0	 -10,7	 -10,4	 -15,3	  -8,7
*	    61,8083	 1	302,96	 40,67	  -1,5	  -0,7	  -8,4	  -8,1	 -13,0	  -6,4
*	    64,9177	 1	294,85	 42,01	  -2,5	  -1,7	  -9,4	  -9,1	 -14,0	  -7,4
s	    48,6082	 2	 90,00	 22,92	  26,6	  31,0	  22,2	  22,8	  26,3	  23,8
*	    48,6912	 1	166,75	 89,59	  -6,9	  -1,0	   4,9	   7,2	   2,9	  -4,2
s	    50,5603	 3	 81,89	 27,95	  25,6	  24,8	   1,9	   2,5	   6,1	  16,7
*	    51,5546	 1	 70,64	 33,52	   2,7	   7,4	  20,6	  21,9	  18,8	  14,1
*	    53,2604	 1	 97,09	 39,81	   2,2	   6,9	  20,0	  21,3	  18,3	  13,6
s	    51,9645	 3	344,01	 85,98	  27,1	  22,4	   0,1	  -0,2	  -5,5	  14,1
*	    56,0908	 1	157,39	 90,49	   1,3	   2,0	  -5,7	  -5,3	 -10,3	  -3,5
*	    59,5963	 1	162,31	 89,95	   0,0	   0,8	  -6,9	  -6,6	 -11,5	  -4,8
*	    56,4986	 1	156,76	 85,32	   1,1	   1,9	  -5,8	  -5,5	 -10,4	  -3,7
*	    59,9894	 1	161,67	 84,91	  -0,1	   0,7	  -7,0	  -6,7	 -11,6	  -4,9
*	    57,5616	 1	156,13	 80,27	   0,8	   1,5	  -6,2	  -5,8	 -10,8	  -4,1
*	    61,0081	 1	161,04	 80,00	  -0,4	   0,3	  -7,4	  -7,0	 -12,0	  -5,3
*	    59,2531	 1	155,51	 75,43	   0,2	   0,9	  -6,8	  -6,4	 -11,4	  -4,7
*	    62,6290	 1	160,42	 75,26	  -1,0	  -0,2	  -7,9	  -7,6	 -12,5	  -5,8
*	    61,5331	 1	154,90	 70,83	  -0,6	   0,2	  -7,5	  -7,2	 -12,1	  -5,5
*	    64,8168	 1	159,80	 70,76	  -1,7	  -0,9	  -8,6	  -8,3	 -13,2	  -6,6
*	    64,3525	 1	154,29	 66,51	  -1,5	  -0,7	  -8,5	  -8,1	 -13,1	  -6,4
*	    67,5278	 1	159,18	 66,53	  -2,5	  -1,7	  -9,5	  -9,1	 -14,1	  -7,4
*	    71,0953	 1	153,14	 59,07	  -3,6	  -2,8	 -10,5	 -10,2	 -15,1	  -8,5
*	    74,0364	 1	158,01	 59,20	  -4,4	  -3,7	 -11,4	 -11,0	 -16,0	  -9,4
*	    75,1851	 1	152,55	 55,66	  -4,7	  -4,0	 -11,7	 -11,4	 -16,3	  -9,7
*	    64,8637	 1	285,46	 49,00	  -1,0	  -0,2	  -7,9	  -7,6	 -12,5	  -5,9
*	    67,8705	 1	278,60	 50,24	  -1,9	  -1,2	  -8,9	  -8,5	 -13,5	  -6,9
*	    61,9653	 1	285,19	 54,18	   0,0	   0,8	  -6,9	  -6,6	 -11,5	  -4,8
*	    65,0804	 1	278,46	 55,30	  -1,0	  -0,2	  -7,9	  -7,6	 -12,6	  -5,9
*	    59,6013	 1	284,93	 59,94	   0,9	   1,7	  -6,1	  -5,7	 -10,7	  -4,0
*	    62,8122	 1	278,32	 60,86	  -0,2	   0,6	  -7,2	  -6,8	 -11,8	  -5,1
*	    57,8305	 1	284,68	 66,22	   1,6	   2,3	  -5,4	  -5,0	 -10,0	  -3,3
*	    61,1184	 1	278,19	 66,88	   0,4	   1,2	  -6,5	  -6,2	 -11,1	  -4,4
*	    56,7044	 1	284,44	 72,94	   2,0	   2,8	  -4,9	  -4,6	  -9,5	  -2,8
*	    60,0444	 1	278,06	 73,28	   0,8	   1,6	  -6,1	  -5,8	 -10,7	  -4,0
*	    76,7942	 1	286,37	 36,17	  -4,7	  -3,9	 -11,7	 -11,3	 -16,3	  -9,7
*	    72,5927	 1	286,07	 39,72	  -3,5	  -2,7	 -10,4	 -10,1	 -15,0	  -8,4
*	    75,3485	 1	278,92	 41,08	  -4,2	  -3,5	 -11,2	 -10,9	 -15,8	  -9,2
*	    68,7484	 1	285,78	 43,77	  -2,3	  -1,5	  -9,2	  -8,9	 -13,8	  -7,2
*	    71,6228	 1	278,77	 45,09	  -3,1	  -2,4	 -10,1	  -9,7	 -14,7	  -8,1
s	    62,6013	 2	153,21	 91,74	  26,6	  27,0	  18,7	  17,0	  10,7	  17,2
*	    63,7877	 1	167,90	 87,44	  -0,0	   0,8	  -7,0	  -6,6	 -11,6	  -4,9
*	    66,7307	 1	172,64	 86,90	  -0,9	  -0,2	  -7,9	  -7,5	 -12,5	  -5,8
*	    64,3888	 1	167,26	 82,60	  -0,2	   0,6	  -7,2	  -6,8	 -11,8	  -5,1
*	    67,3143	 1	172,01	 82,15	  -1,1	  -0,3	  -8,1	  -7,7	 -12,7	  -6,0
*	    65,5782	 1	166,63	 77,89	  -0,6	   0,2	  -7,5	  -7,2	 -12,1	  -5,5
*	    68,4665	 1	171,38	 77,52	  -1,5	  -0,7	  -8,4	  -8,1	 -13,0	  -6,4
*	    67,3314	 1	166,01	 73,35	  -1,1	  -0,4	  -8,1	  -7,7	 -12,7	  -6,0
*	    70,1651	 1	170,75	 73,06	  -2,0	  -1,2	  -8,9	  -8,6	 -13,5	  -6,9
*	    69,6143	 1	165,39	 69,05	  -1,8	  -1,0	  -8,8	  -8,4	 -13,4	  -6,7
*	    72,3792	 1	170,13	 68,82	  -2,6	  -1,9	  -9,6	  -9,2	 -14,2	  -7,6
*	    72,3870	 1	164,77	 65,00	  -2,6	  -1,9	  -9,6	  -9,2	 -14,2	  -7,6
*	    75,0717	 1	169,51	 64,83	  -3,4	  -2,6	 -10,3	 -10,0	 -15,0	  -8,4
*	    78,6540	 1	164,84	 58,71	  -4,4	  -3,6	 -11,3	 -11,0	 -16,0	  -9,4
*	    77,8959	 1	170,16	 62,19	  -4,2	  -3,4	 -11,1	 -10,8	 -15,8	  -9,2
*	    75,1703	 1	165,46	 62,29	  -3,4	  -2,6	 -10,4	 -10,0	 -15,0	  -8,4
*	    71,3500	 1	270,74	 51,72	  -1,7	  -0,9	  -8,6	  -8,3	 -13,3	  -6,6
*	    73,6887	 1	264,48	 52,76	  -2,4	  -1,6	  -9,3	  -9,0	 -14,0	  -7,4
*	    76,5061	 1	258,78	 54,03	  -3,2	  -2,4	 -10,2	  -9,8	 -14,8	  -8,2
*	    68,6776	 1	270,73	 56,62	  -0,8	  -0,1	  -7,8	  -7,4	 -12,4	  -5,8
*	    71,0912	 1	264,56	 57,55	  -1,6	  -0,8	  -8,5	  -8,2	 -13,1	  -6,5
*	    73,9944	 1	258,93	 58,68	  -2,4	  -1,7	  -9,4	  -9,1	 -14,0	  -7,4
*	    66,5126	 1	270,72	 61,95	  -0,1	   0,7	  -7,1	  -6,7	 -11,7	  -5,0
*	    68,9914	 1	264,64	 62,74	  -0,9	  -0,1	  -7,8	  -7,5	 -12,5	  -5,8
*	    71,9689	 1	259,09	 63,68	  -1,8	  -1,0	  -8,8	  -8,4	 -13,4	  -6,8
*	    64,9010	 1	270,71	 67,69	   0,5	   1,2	  -6,5	  -6,2	 -11,1	  -4,4
*	    67,4317	 1	264,72	 68,28	  -0,4	   0,4	  -7,3	  -7,0	 -11,9	  -5,3
*	    70,4678	 1	259,24	 69,02	  -1,3	  -0,6	  -8,3	  -7,9	 -12,9	  -6,3
*	    63,8824	 1	270,70	 73,74	   0,8	   1,6	  -6,1	  -5,8	 -10,7	  -4,1
*	    66,4478	 1	264,79	 74,12	  -0,0	   0,7	  -7,0	  -6,6	 -11,6	  -4,9
*	    78,6299	 1	260,23	 49,34	  -3,8	  -3,1	 -10,8	 -10,4	 -15,4	  -8,8
*	    76,0367	 1	266,16	 48,04	  -3,1	  -2,3	 -10,0	  -9,7	 -14,7	  -8,1
*	    73,9208	 1	272,70	 47,02	  -2,5	  -1,7	  -9,4	  -9,1	 -14,1	  -7,5
*	    82,0177	 1	260,08	 45,42	  -4,8	  -4,0	 -11,7	 -11,4	 -16,4	  -9,8
*	    79,5188	 1	266,10	 44,07	  -4,1	  -3,3	 -11,1	 -10,7	 -15,7	  -9,1
*	    77,4826	 1	272,74	 42,99	  -3,5	  -2,8	 -10,5	 -10,2	 -15,1	  -8,6
*	    81,4084	 1	272,79	 39,38	  -4,6	  -3,9	 -11,6	 -11,3	 -16,2	  -9,7
s	    66,7850	 2	118,95	 95,02	  26,1	  26,6	  18,2	  16,6	  10,3	  16,7
s	    68,4534	 3	183,21	 88,01	  25,3	  25,4	  16,5	  14,2	   7,5	  13,5
*	    70,1123	 1	230,58	 64,31	  -0,5	   0,3	  -7,4	  -7,1	 -12,1	  -5,4
*	    68,4942	 1	231,08	 69,57	   0,0	   0,8	  -6,9	  -6,6	 -11,5	  -4,9
*	    68,5040	 1	222,96	 74,65	  -0,0	   0,7	  -7,0	  -6,7	 -11,6	  -5,0
*	    69,6920	 1	222,41	 69,33	  -0,4	   0,3	  -7,4	  -7,0	 -12,0	  -5,4
*	    71,4263	 1	221,84	 64,30	  -1,0	  -0,2	  -7,9	  -7,6	 -12,5	  -5,9
*	    70,3174	 1	235,59	 63,83	  -0,5	   0,2	  -7,5	  -7,1	 -12,1	  -5,5
*	    68,6984	 1	236,03	 69,11	  -0,0	   0,8	  -7,0	  -6,6	 -11,6	  -4,9
*	    72,5079	 1	225,17	 60,10	  -1,3	  -0,5	  -8,2	  -7,9	 -12,8	  -6,2
*	    70,3754	 1	225,72	 64,97	  -0,6	   0,2	  -7,6	  -7,2	 -12,2	  -5,6
*	    68,7679	 1	226,25	 70,17	  -0,1	   0,7	  -7,0	  -6,7	 -11,7	  -5,0
*	    73,1233	 1	240,24	 58,59	  -1,4	  -0,6	  -8,3	  -8,0	 -13,0	  -6,4
*	    70,9900	 1	240,64	 63,54	  -0,7	   0,0	  -7,7	  -7,3	 -12,3	  -5,7
*	    69,3801	 1	241,02	 68,83	  -0,2	   0,6	  -7,2	  -6,8	 -11,8	  -5,1
*	    70,0030	 1	247,18	 72,69	  -0,4	   0,4	  -7,3	  -7,0	 -12,0	  -5,3
*	    71,1882	 1	246,87	 67,27	  -0,8	   0,0	  -7,7	  -7,4	 -12,3	  -5,7
*	    72,9150	 1	246,56	 62,14	  -1,3	  -0,5	  -8,3	  -7,9	 -12,9	  -6,3
*	    76,0989	 1	254,65	 54,04	  -2,5	  -1,7	  -9,4	  -9,1	 -14,0	  -7,5
*	    73,5772	 1	254,86	 58,71	  -1,7	  -0,9	  -8,7	  -8,3	 -13,3	  -6,7
*	    71,5431	 1	255,07	 63,73	  -1,1	  -0,3	  -8,0	  -7,7	 -12,6	  -6,0
*	    70,0355	 1	255,28	 69,08	  -0,6	   0,2	  -7,5	  -7,2	 -12,1	  -5,5
*	    79,7435	 1	256,49	 49,96	  -3,5	  -2,7	 -10,5	 -10,1	 -15,1	  -8,5
*	    83,0916	 1	256,29	 46,07	  -4,4	  -3,7	 -11,4	 -11,1	 -16,0	  -9,5
*	    70,3083	 1	178,12	 84,49	  -1,0	  -0,2	  -7,9	  -7,6	 -12,5	  -5,9
*	    72,6332	 1	182,75	 83,95	  -1,6	  -0,9	  -8,6	  -8,3	 -13,2	  -6,6
*	    71,0793	 1	177,50	 79,88	  -1,2	  -0,4	  -8,2	  -7,8	 -12,8	  -6,2
*	    73,3877	 1	182,13	 79,38	  -1,9	  -1,1	  -8,8	  -8,5	 -13,4	  -6,8
*	    72,3916	 1	176,87	 75,40	  -1,6	  -0,8	  -8,5	  -8,2	 -13,2	  -6,6
*	    74,6708	 1	181,52	 74,95	  -2,2	  -1,5	  -9,2	  -8,8	 -13,8	  -7,2
*	    74,2218	 1	176,25	 71,09	  -2,1	  -1,3	  -9,1	  -8,7	 -13,7	  -7,1
*	    76,4604	 1	180,90	 70,70	  -2,7	  -2,0	  -9,7	  -9,4	 -14,3	  -7,7
*	    76,5395	 1	175,63	 67,01	  -2,8	  -2,0	  -9,7	  -9,4	 -14,4	  -7,8
*	    78,7282	 1	180,29	 66,66	  -3,4	  -2,6	 -10,3	 -10,0	 -15,0	  -8,4
*	    79,3098	 1	175,01	 63,18	  -3,5	  -2,8	 -10,5	 -10,1	 -15,1	  -8,6
*	    81,4411	 1	179,67	 62,85	  -4,1	  -3,3	 -11,0	 -10,7	 -15,7	  -9,1
*	    79,8685	 1	174,90	 62,49	  -3,7	  -2,9	 -10,6	 -10,3	 -15,3	  -8,7
*	    81,9885	 1	179,55	 62,17	  -4,2	  -3,5	 -11,2	 -10,9	 -15,8	  -9,3
*	    83,1264	 1	174,28	 58,95	  -4,5	  -3,8	 -11,5	 -11,2	 -16,1	  -9,6
*	    74,3454	 1	216,11	 61,99	  -1,9	  -1,1	  -8,9	  -8,5	 -13,5	  -6,9
*	    72,2705	 1	216,70	 66,69	  -1,3	  -0,5	  -8,2	  -7,9	 -12,9	  -6,2
*	    70,7101	 1	217,29	 71,67	  -0,8	  -0,0	  -7,7	  -7,4	 -12,4	  -5,7
*	    75,7709	 1	250,24	 58,71	  -2,2	  -1,4	  -9,1	  -8,8	 -13,8	  -7,2
*	    73,6960	 1	250,51	 63,56	  -1,5	  -0,8	  -8,5	  -8,2	 -13,1	  -6,5
*	    72,1321	 1	250,76	 68,71	  -1,1	  -0,3	  -8,0	  -7,7	 -12,6	  -6,0
*	    73,8683	 1	212,66	 67,68	  -1,8	  -1,0	  -8,8	  -8,4	 -13,4	  -6,8
*	    72,3419	 1	213,25	 72,52	  -1,3	  -0,6	  -8,3	  -8,0	 -12,9	  -6,3
*	    73,1693	 1	210,68	 76,82	  -1,6	  -0,9	  -8,6	  -8,3	 -13,2	  -6,6
*	    74,2811	 1	210,10	 71,96	  -2,0	  -1,2	  -8,9	  -8,6	 -13,6	  -7,0
*	    75,9116	 1	209,50	 67,29	  -2,4	  -1,7	  -9,4	  -9,1	 -14,0	  -7,5
*	    73,3264	 1	227,89	 57,71	  -3,1	  -2,4	 -10,1	  -9,7	 -14,7	  -8,1
*	    73,3530	 1	232,91	 57,10	  -3,1	  -2,3	 -10,1	  -9,7	 -14,7	  -8,1
*	    73,7487	 1	223,05	 58,51	  -3,3	  -2,5	 -10,2	  -9,9	 -14,9	  -8,3
*	    74,6113	 1	218,47	 59,48	  -3,6	  -2,8	 -10,5	 -10,2	 -15,1	  -8,6
*	    75,2355	 1	188,22	 82,14	  -1,5	  -0,8	  -8,5	  -8,2	 -13,1	  -6,5
*	    76,5537	 1	192,83	 81,55	  -1,9	  -1,1	  -8,9	  -8,5	 -13,5	  -6,9
*	    76,1039	 1	187,61	 77,66	  -1,8	  -1,0	  -8,8	  -8,4	 -13,4	  -6,8
*	    77,4135	 1	192,24	 77,07	  -2,1	  -1,4	  -9,1	  -8,8	 -13,7	  -7,2
*	    79,2056	 1	196,84	 76,57	  -2,6	  -1,8	  -9,6	  -9,2	 -14,2	  -7,6
*	    77,4837	 1	187,01	 73,31	  -2,2	  -1,4	  -9,1	  -8,8	 -13,8	  -7,2
*	    78,7786	 1	191,64	 72,72	  -2,5	  -1,8	  -9,5	  -9,1	 -14,1	  -7,5
*	    80,5496	 1	196,26	 72,25	  -3,0	  -2,2	  -9,9	  -9,6	 -14,6	  -8,0
*	    79,3527	 1	186,40	 69,14	  -2,7	  -1,9	  -9,7	  -9,3	 -14,3	  -7,7
*	    80,6273	 1	191,04	 68,56	  -3,0	  -2,3	 -10,0	  -9,6	 -14,6	  -8,1
*	    82,3698	 1	195,67	 68,11	  -3,5	  -2,7	 -10,4	 -10,1	 -15,1	  -8,5
*	    81,6827	 1	185,79	 65,18	  -3,3	  -2,6	 -10,3	  -9,9	 -14,9	  -8,4
*	    82,9325	 1	190,43	 64,60	  -3,6	  -2,9	 -10,6	 -10,3	 -15,2	  -8,7
*	    84,6402	 1	195,08	 64,17	  -4,0	  -3,3	 -11,0	 -10,7	 -15,7	  -9,1
*	    87,1352	 1	193,38	 60,28	  -4,7	  -3,9	 -11,7	 -11,3	 -16,3	  -9,8
*	    85,5707	 1	188,72	 60,72	  -4,3	  -3,6	 -11,3	 -11,0	 -15,9	  -9,4
*	    84,4558	 1	184,08	 61,33	  -4,0	  -3,3	 -11,0	 -10,7	 -15,7	  -9,1
*	    76,1069	 1	248,18	 56,69	  -3,9	  -3,1	 -10,8	 -10,5	 -15,5	  -8,9
*	    77,8787	 1	253,03	 57,01	  -4,4	  -3,6	 -11,4	 -11,0	 -16,0	  -9,4
*	    76,1104	 1	248,19	 56,69	  -3,9	  -3,2	 -10,9	 -10,5	 -15,5	  -8,9
*	    80,1755	 1	204,95	 65,45	  -3,7	  -3,0	 -10,7	 -10,3	 -15,3	  -8,8
*	    78,2456	 1	205,54	 69,77	  -3,2	  -2,4	 -10,1	  -9,8	 -14,8	  -8,2
*	    76,8011	 1	206,13	 74,28	  -2,8	  -2,0	  -9,7	  -9,4	 -14,4	  -7,8
*	    77,4430	 1	200,20	 78,78	  -3,1	  -2,3	 -10,0	  -9,7	 -14,7	  -8,1
*	    78,4933	 1	199,62	 74,28	  -3,3	  -2,6	 -10,3	 -10,0	 -15,0	  -8,4
*	    80,0396	 1	199,03	 69,94	  -3,8	  -3,0	 -10,7	 -10,4	 -15,4	  -8,8
*	    82,0578	 1	198,43	 65,80	  -4,3	  -3,6	 -11,3	 -11,0	 -15,9	  -9,4
*	    77,5947	 1	210,28	 61,76	  -4,5	  -3,7	 -11,5	 -11,1	 -16,1	  -9,5
*	    80,9130	 1	202,44	 70,79	  -3,9	  -3,1	 -10,9	 -10,5	 -15,5	  -8,9
*	    79,5127	 1	203,02	 75,15	  -3,5	  -2,7	 -10,5	 -10,1	 -15,1	  -8,6
*	    89,8410	 1	204,57	 57,00	 -21,7	 -17,0	  -3,9	  -2,6	  -5,7	 -10,7
*	    85,0308	 1	213,10	 53,78	 -20,5	 -15,7	  -2,6	  -1,3	  -4,5	  -9,4
*	    91,0800	 1	215,65	 55,54	 -22,0	 -17,2	  -4,1	  -2,8	  -6,0	 -10,9
*	    83,3001	 1	218,05	 52,30	 -20,0	 -15,3	  -2,2	  -0,9	  -4,0	  -8,9
*	    89,4483	 1	220,30	 54,27	 -21,5	 -16,8	  -3,7	  -2,4	  -5,6	 -10,5
*	    95,7217	 1	222,19	 56,06	 -23,0	 -18,3	  -5,2	  -3,9	  -7,1	 -12,1
*	    82,0546	 1	223,45	 50,97	 -19,7	 -14,9	  -1,8	  -0,5	  -3,6	  -8,5
*	    88,2772	 1	225,30	 53,15	 -21,2	 -16,5	  -3,4	  -2,1	  -5,2	 -10,2
*	    94,6182	 1	226,85	 55,10	 -22,8	 -18,0	  -4,9	  -3,7	  -6,8	 -11,8
*	    81,3151	 1	229,25	 49,86	 -19,4	 -14,7	  -1,6	  -0,3	  -3,4	  -8,3
*	    87,5839	 1	230,61	 52,22	 -21,0	 -16,3	  -3,2	  -1,9	  -5,0	 -10,0
*	    93,9668	 1	231,74	 54,30	 -22,6	 -17,9	  -4,8	  -3,5	  -6,6	 -11,6
*	    81,0955	 1	235,38	 49,03	 -19,4	 -14,6	  -1,5	  -0,2	  -3,3	  -8,2
*	    87,3799	 1	236,17	 51,52	 -21,0	 -16,3	  -3,1	  -1,9	  -5,0	  -9,9
*	    93,7770	 1	236,82	 53,70	 -22,5	 -17,8	  -4,7	  -3,4	  -6,6	 -11,5
*	    81,4016	 1	241,70	 48,53	 -19,4	 -14,7	  -1,6	  -0,3	  -3,4	  -8,3
*	    82,2308	 1	248,08	 48,38	 -19,6	 -14,9	  -1,8	  -0,5	  -3,6	  -8,5
*	    85,1432	 1	227,94	 43,46	  -4,8	  -4,0	 -11,8	 -11,4	 -16,4	  -9,9
*	    81,3214	 1	228,49	 46,93	  -3,8	  -3,0	 -10,7	 -10,4	 -15,4	  -8,8
*	    85,3429	 1	233,20	 42,90	  -4,8	  -4,1	 -11,8	 -11,5	 -16,5	  -9,9
*	    81,5236	 1	233,71	 46,38	  -3,8	  -3,1	 -10,8	 -10,4	 -15,4	  -8,9
*	    81,5312	 1	223,47	 47,74	  -3,8	  -3,1	 -10,8	 -10,5	 -15,5	  -8,9
*	    82,1365	 1	239,00	 46,11	  -4,0	  -3,2	 -10,9	 -10,6	 -15,6	  -9,0
*	    82,1489	 1	218,72	 48,76	  -4,0	  -3,3	 -11,0	 -10,7	 -15,7	  -9,1
*	    83,1539	 1	244,28	 46,10	  -4,3	  -3,5	 -11,2	 -10,9	 -15,9	  -9,3
*	    83,1656	 1	214,29	 49,95	  -4,3	  -3,6	 -11,3	 -11,0	 -16,0	  -9,4
*	    84,5643	 1	249,42	 46,36	  -4,6	  -3,9	 -11,6	 -11,3	 -16,3	  -9,7
*	    84,5681	 1	210,22	 51,26	  -4,8	  -4,0	 -11,7	 -11,4	 -16,4	  -9,9
s	    88,3699	 3	228,97	 47,06	  21,8	  20,9	  -1,9	  -1,4	   2,1	  12,5
s	    98,4004	 3	255,06	 53,03	  22,2	  15,2	 -22,8	 -22,5	 -19,0	   4,5
s	   102,6978	 3	 90,00	 15,94	  19,8	  21,6	  -3,6	  -3,0	   8,9	   9,8
s	   122,9454	 3	121,25	 72,27	  20,6	  13,5	 -24,5	 -24,2	 -20,8	   2,6
s	   124,1680	 3	328,68	 66,78	  20,7	  16,5	  -5,0	  -4,5	  -9,5	  10,0
s	   124,6631	 3	259,20	 58,78	  20,5	  13,4	 -24,6	 -24,3	 -20,9	   2,4
s	   124,8276	 3	299,28	 59,58	  20,5	  13,4	 -24,6	 -24,3	 -20,9	   2,4
s	   126,4297	 3	 12,77	 72,67	  20,5	  16,3	  -5,2	  -4,6	  -9,7	   9,8
s	   139,4518	 3	154,43	 71,65	  19,6	  12,5	 -25,5	 -25,2	 -21,8	   1,4
#END
