#HEADER
CATT-Acoustic v8.0b    Copyright © CATT 1988-2003

 Project                : Auditorio

 GEOMETRICAL INFORMATION
 Src id and loc     [m] :   A1          -9,000        0,000        0,000
 Rec id and loc     [m] :   82           7,000        0,000        1,000

 82       46,6941

 VARIABLE SOURCE DATA
 Directivity
   Type (library)       :  OMNI.SD0
   Dir. Index (DI) [dB] :       0,0      0,0      0,0      0,0      0,0      0,0
 Level
   On axis 1m      [dB] :      58,0     64,0     70,3     70,7     65,9     59,9
   Total power     [dB] :      68,9     74,9     81,2     81,6     76,8     70,8
   Auxiliary delay [ms] :       0,0

 VARIABLE AIR DATA
 Temperature       [°C] :      20
 Relative humidity  [%] :      50
 Density        [kg/m³] :       1,2
 Sound speed      [m/s] :     343
 Impedance      [Ns/m³] :     412
 Diss. coeff. [0.001/m] :      0,10     0,30     0,63     1,07     2,28     6,83      (estimated)

#DATAFIELDS
 TYPE DELAY ORDER AZIMUTH ELEVATION SPL125 SPL250 SPL500 SPL1K SPL2K SPL4K
#DATA
d	     0,0000	 0	 90,00	 90,00	  33,9	  39,9	  46,2	  46,5	  41,6	  35,3
*	    17,5325	 1	113,26	 94,52	 -12,9	  -5,8	   1,5	   2,1	  -2,7	  -9,2
*	    12,1795	 1	108,21	 94,67	  -9,4	  -2,4	   5,0	   5,6	   0,7	  -5,7
*	    15,1750	 1	106,65	 93,98	  -9,7	  -2,7	   4,7	   5,3	   0,4	  -6,0
*	     7,4035	 1	102,86	 94,80	  -5,5	   1,6	   8,9	   9,5	   4,7	  -1,7
*	    10,1534	 1	101,72	 94,06	  -5,1	   2,0	   9,3	   9,9	   5,1	  -1,3
*	     3,5279	 1	 97,27	 94,89	  -1,0	   6,0	  13,4	  14,0	   9,1	   2,8
*	     5,7286	 1	 96,62	 94,13	   1,2	   8,2	  15,6	  16,2	  11,3	   5,0
*	    10,3895	 1	 96,06	 93,48	  -1,0	   6,0	  13,4	  14,0	   9,1	   2,8
*	     1,3776	 1	 91,54	 94,92	   2,3	   9,4	  16,7	  17,3	  12,5	   6,2
*	     2,7505	 1	 91,40	 94,15	   8,5	  15,5	  22,9	  23,5	  18,6	  12,3
*	     7,7691	 1	 91,28	 93,51	   4,5	  11,6	  18,9	  19,5	  14,7	   8,3
*	     2,0809	 1	 85,77	 94,90	   1,1	   8,2	  15,5	  16,1	  11,3	   5,0
*	     3,8220	 1	 86,15	 94,13	   5,3	  12,4	  19,7	  20,3	  15,5	   9,2
*	     8,6749	 1	 86,48	 93,50	   2,3	   9,4	  16,7	  17,3	  12,5	   6,1
*	     5,1849	 1	 80,09	 94,84	  -3,1	   3,9	  11,3	  11,9	   7,0	   0,7
*	     7,6915	 1	 80,98	 94,10	  -2,0	   5,0	  12,4	  13,0	   8,2	   1,8
*	     9,5415	 1	 74,60	 94,75	  -7,4	  -0,4	   7,0	   7,6	   2,7	  -3,6
*	    12,4326	 1	 75,95	 94,03	  -7,4	  -0,4	   7,0	   7,6	   2,7	  -3,6
*	    14,6109	 1	 69,39	 94,61	 -11,1	  -4,1	   3,3	   3,9	  -1,0	  -7,4
*	    17,6608	 1	 71,13	 93,93	 -11,5	  -4,5	   2,9	   3,5	  -1,4	  -7,8
*	    20,1783	 1	 64,50	 94,44	 -14,3	  -7,3	   0,1	   0,7	  -4,2	 -10,6
*	    16,1377	 1	287,11	 20,50	   4,4	   5,1	  -2,6	  -2,2	  -7,1	  -0,3
*	    12,0331	 1	288,10	 27,92	   9,1	   9,8	   2,1	   2,5	  -2,4	   4,4
*	     8,4731	 1	289,21	 44,86	  15,3	  16,1	   8,4	   8,7	   3,8	  10,7
*	     6,4494	 1	290,45	 89,25	  20,7	  21,5	  13,8	  14,1	   9,3	  16,1
*	     6,7091	 1	249,89	 73,95	  20,0	  20,7	  13,0	  13,4	   8,5	  15,4
*	     9,3357	 1	251,09	 38,70	  13,5	  14,3	   6,6	   6,9	   2,0	   8,9
*	    13,0827	 1	252,16	 25,41	   7,7	   8,5	   0,8	   1,1	  -3,8	   3,0
s	     7,3129	 1	 90,99	 89,52	  30,9	  31,6	  23,9	  24,3	  19,4	  26,2
*	    22,8513	 1	 96,95	 71,19	  -0,9	  -0,1	  -7,8	  -7,5	 -12,4	  -5,6
*	    22,2403	 1	 92,85	 71,21	  -0,3	   0,4	  -7,3	  -6,9	 -11,9	  -5,1
*	    18,8423	 1	 96,92	 75,00	   1,9	   2,7	  -5,0	  -4,7	  -9,6	  -2,8
*	    18,0580	 1	 92,84	 75,01	   2,7	   3,5	  -4,2	  -3,8	  -8,8	  -2,0
*	    15,2468	 1	 96,89	 78,92	   5,1	   5,8	  -1,9	  -1,5	  -6,4	   0,4
*	    14,1971	 1	 92,83	 78,92	   6,5	   7,2	  -0,5	  -0,1	  -5,0	   1,8
*	    12,2582	 1	 96,86	 82,91	   8,6	   9,3	   1,6	   2,0	  -2,9	   3,9
*	    10,7877	 1	 92,81	 82,90	  11,1	  11,9	   4,2	   4,5	  -0,4	   6,5
*	    10,3063	 1	 96,83	 86,93	  11,6	  12,4	   4,7	   5,0	   0,1	   7,0
*	     8,2533	 1	 92,80	 86,91	  16,4	  17,2	   9,5	   9,9	   5,0	  11,8
*	    10,0865	 1	 96,80	 90,95	  12,3	  13,0	   5,3	   5,7	   0,8	   7,6
*	     7,8468	 1	 92,79	 90,92	  18,0	  18,8	  11,0	  11,4	   6,5	  13,4
*	    27,8850	 1	 96,99	 66,95	  -3,7	  -2,9	 -10,7	 -10,3	 -15,2	  -8,5
*	    27,4087	 1	 92,87	 66,98	  -3,4	  -2,6	 -10,3	 -10,0	 -14,9	  -8,2
s	     7,3592	 1	 88,94	 89,51	  30,8	  31,6	  23,9	  24,3	  19,4	  26,2
*	    22,2476	 1	 87,83	 71,23	  -0,3	   0,5	  -7,2	  -6,9	 -11,8	  -5,0
*	    22,6695	 1	 83,74	 71,18	  -0,7	   0,1	  -7,7	  -7,3	 -12,2	  -5,5
*	    18,0523	 1	 87,84	 75,02	   2,8	   3,6	  -4,1	  -3,8	  -8,7	  -1,9
*	    18,6208	 1	 83,77	 75,00	   2,1	   2,9	  -4,8	  -4,4	  -9,4	  -2,6
*	    14,1697	 1	 87,85	 78,93	   6,6	   7,4	  -0,3	   0,0	  -4,9	   1,9
*	    14,9671	 1	 83,80	 78,92	   5,4	   6,2	  -1,5	  -1,2	  -6,1	   0,7
*	    10,7211	 1	 87,86	 82,90	  11,4	  12,1	   4,4	   4,8	  -0,1	   6,7
*	    11,8935	 1	 83,82	 82,90	   9,1	   9,9	   2,2	   2,5	  -2,4	   4,5
*	     8,1183	 1	 87,87	 86,91	  17,0	  17,8	  10,1	  10,4	   5,5	  12,4
*	     9,8408	 1	 83,85	 86,93	  12,5	  13,3	   5,6	   6,0	   1,0	   7,9
*	     7,6842	 1	 87,88	 90,91	  18,7	  19,5	  11,8	  12,1	   7,2	  14,1
*	     9,5933	 1	 83,88	 90,95	  13,3	  14,1	   6,4	   6,7	   1,8	   8,7
*	    27,2214	 1	 82,74	 67,51	  -3,3	  -2,6	 -10,3	  -9,9	 -14,9	  -8,2
*	    26,7070	 1	 86,86	 67,54	  -3,0	  -2,2	  -9,9	  -9,6	 -14,5	  -7,8
*	    16,9870	 1	316,97	 27,86	   3,5	   4,3	  -3,4	  -3,1	  -8,0	  -1,2
*	    13,1355	 1	318,66	 37,62	   7,5	   8,3	   0,6	   1,0	  -3,9	   2,9
*	    10,0222	 1	320,44	 56,17	  12,0	  12,8	   5,1	   5,5	   0,6	   7,4
*	     8,4651	 1	322,31	 89,54	  14,9	  15,7	   8,0	   8,3	   3,4	  10,3
*	    17,2703	 1	219,27	 29,77	   3,2	   4,0	  -3,7	  -3,3	  -8,2	  -1,5
*	    13,4926	 1	217,62	 39,92	   7,1	   7,9	   0,2	   0,5	  -4,4	   2,4
*	    10,4903	 1	215,90	 58,43	  11,2	  12,0	   4,3	   4,7	  -0,2	   6,6
*	     9,0209	 1	214,10	 89,59	  13,7	  14,5	   6,8	   7,1	   2,2	   9,1
*	    18,6702	 1	330,97	 37,16	   1,9	   2,7	  -5,0	  -4,7	  -9,6	  -2,8
*	    15,2051	 1	332,36	 48,25	   5,1	   5,8	  -1,9	  -1,5	  -6,4	   0,4
*	    12,6087	 1	333,79	 65,57	   8,0	   8,7	   1,0	   1,4	  -3,5	   3,3
*	    11,4084	 1	335,25	 89,72	   9,4	  10,2	   2,5	   2,9	  -2,0	   4,8
*	    12,0120	 1	 60,45	 95,42	 -16,3	 -10,4	  -4,5	  -2,2	  -6,5	 -13,5
*	    19,1045	 1	207,23	 38,97	   1,6	   2,4	  -5,4	  -5,0	  -9,9	  -3,1
*	    15,7208	 1	205,90	 50,14	   4,5	   5,3	  -2,4	  -2,0	  -7,0	  -0,2
*	    13,2170	 1	204,55	 67,00	   7,2	   8,0	   0,3	   0,6	  -4,3	   2,5
*	    12,0697	 1	203,17	 89,76	   8,5	   9,3	   1,6	   1,9	  -3,0	   3,8
*	    13,3072	 1	100,74	 93,57	   8,6	   9,4	   1,7	   2,0	  -2,9	   3,9
*	    15,6534	 1	104,74	 93,70	   5,4	   6,2	  -1,5	  -1,2	  -6,1	   0,7
*	    12,4629	 1	100,79	 89,54	   9,4	  10,2	   2,5	   2,8	  -2,1	   4,7
*	    14,9300	 1	104,81	 89,64	   5,9	   6,7	  -1,0	  -0,6	  -5,6	   1,2
*	    13,1163	 1	100,84	 85,49	   8,5	   9,2	   1,5	   1,9	  -3,0	   3,8
*	    15,4176	 1	104,87	 85,53	   5,4	   6,2	  -1,6	  -1,2	  -6,1	   0,7
*	    15,0463	 1	100,89	 81,45	   6,4	   7,1	  -0,6	  -0,2	  -5,1	   1,7
*	    17,0083	 1	104,94	 81,44	   4,0	   4,8	  -2,9	  -2,6	  -7,5	  -0,7
*	    17,8808	 1	100,94	 77,45	   3,9	   4,6	  -3,1	  -2,7	  -7,6	  -0,8
*	    19,4838	 1	105,01	 77,40	   2,2	   3,0	  -4,8	  -4,4	  -9,3	  -2,5
*	    21,3389	 1	100,98	 73,54	   1,4	   2,2	  -5,6	  -5,2	 -10,1	  -3,4
*	    22,6342	 1	105,07	 73,45	   0,2	   1,0	  -6,7	  -6,4	 -11,3	  -4,6
*	    25,2528	 1	101,03	 69,75	  -0,9	  -0,2	  -7,9	  -7,5	 -12,5	  -5,7
*	    26,3028	 1	105,14	 69,62	  -1,8	  -1,0	  -8,7	  -8,4	 -13,3	  -6,6
*	    33,2257	 1	102,09	 63,28	  -4,8	  -4,1	 -11,8	 -11,4	 -16,4	  -9,7
*	    29,8031	 1	106,18	 66,68	  -3,5	  -2,8	 -10,5	 -10,1	 -15,1	  -8,4
*	    28,7521	 1	102,04	 66,81	  -2,8	  -2,0	  -9,8	  -9,4	 -14,3	  -7,6
*	    12,6391	 1	 62,48	 95,49	 -15,1	  -9,2	  -3,3	  -1,0	  -5,3	 -12,3
*	    16,4271	 1	 74,05	 93,74	   4,6	   5,4	  -2,3	  -1,9	  -6,9	  -0,1
*	    13,9547	 1	 78,07	 93,61	   7,7	   8,4	   0,7	   1,1	  -3,8	   3,0
*	    15,7303	 1	 73,98	 89,66	   5,1	   5,9	  -1,9	  -1,5	  -6,4	   0,4
*	    13,1519	 1	 78,02	 89,56	   8,4	   9,1	   1,4	   1,8	  -3,1	   3,7
*	    16,1811	 1	 73,91	 85,54	   4,6	   5,4	  -2,3	  -2,0	  -6,9	  -0,1
*	    13,7488	 1	 77,97	 85,49	   7,6	   8,3	   0,6	   1,0	  -3,9	   2,9
*	    17,6904	 1	 73,84	 81,44	   3,4	   4,2	  -3,5	  -3,2	  -8,1	  -1,3
*	    15,5680	 1	 77,91	 81,44	   5,7	   6,5	  -1,2	  -0,9	  -5,8	   1,0
*	    20,0711	 1	 73,77	 77,40	   1,7	   2,5	  -5,2	  -4,9	  -9,8	  -3,0
*	    18,2916	 1	 77,86	 77,43	   3,4	   4,2	  -3,5	  -3,1	  -8,1	  -1,3
*	    23,1331	 1	 73,69	 73,43	  -0,1	   0,6	  -7,1	  -6,7	 -11,7	  -4,9
*	    21,6592	 1	 77,81	 73,51	   1,1	   1,9	  -5,8	  -5,5	 -10,4	  -3,6
*	    26,7265	 1	 73,62	 69,59	  -2,0	  -1,3	  -9,0	  -8,6	 -13,6	  -6,8
*	    25,5036	 1	 77,75	 69,70	  -1,1	  -0,4	  -8,1	  -7,7	 -12,6	  -5,9
*	    33,1574	 1	 78,60	 63,33	  -4,7	  -3,9	 -11,7	 -11,3	 -16,2	  -9,6
*	    28,6605	 1	 78,65	 66,85	  -2,7	  -1,9	  -9,6	  -9,3	 -14,2	  -7,5
*	    29,5721	 1	 74,51	 66,69	  -3,3	  -2,6	 -10,3	  -9,9	 -14,9	  -8,2
*	    21,0190	 1	338,03	 45,38	  -0,0	   0,7	  -7,0	  -6,6	 -11,6	  -4,8
*	    17,9381	 1	339,13	 56,43	   2,3	   3,1	  -4,6	  -4,3	  -9,2	  -2,4
*	    15,7453	 1	340,24	 71,44	   4,2	   5,0	  -2,7	  -2,4	  -7,3	  -0,5
*	    14,7603	 1	341,37	 89,84	   5,1	   5,9	  -1,8	  -1,5	  -6,4	   0,4
*	    14,8951	 1	198,94	 84,77	   5,0	   5,8	  -1,9	  -1,6	  -6,5	   0,3
*	    16,2281	 1	200,07	 67,07	   3,8	   4,6	  -3,1	  -2,8	  -7,7	  -0,9
*	    18,6868	 1	201,18	 53,14	   1,7	   2,5	  -5,2	  -4,9	  -9,8	  -3,0
*	    17,8648	 1	270,08	 17,79	   1,2	   1,9	  -5,8	  -5,4	 -10,3	  -3,5
*	    18,3023	 1	233,09	 21,97	   0,8	   1,6	  -6,1	  -5,8	 -10,7	  -3,9
*	    19,5660	 1	326,00	 30,37	  -0,3	   0,5	  -7,2	  -6,9	 -11,8	  -5,0
*	    18,3040	 1	307,02	 22,00	   0,7	   1,5	  -6,2	  -5,8	 -10,8	  -4,0
*	    28,3524	 1	115,34	 70,63	  -1,7	  -0,9	  -8,6	  -8,3	 -13,2	  -6,5
*	    26,8869	 1	111,16	 70,81	  -0,7	   0,1	  -7,6	  -7,3	 -12,2	  -5,5
*	    25,4267	 1	115,23	 74,65	  -0,4	   0,4	  -7,3	  -7,0	 -11,9	  -5,2
*	    23,7548	 1	111,06	 74,76	   0,8	   1,6	  -6,1	  -5,7	 -10,7	  -3,9
*	    23,1086	 1	115,11	 78,78	   0,8	   1,5	  -6,2	  -5,8	 -10,8	  -4,0
*	    21,2283	 1	110,97	 78,83	   2,2	   3,0	  -4,7	  -4,4	  -9,3	  -2,5
*	    21,4964	 1	115,00	 83,01	   1,6	   2,4	  -5,3	  -5,0	  -9,9	  -3,1
*	    19,4333	 1	110,87	 82,98	   3,3	   4,1	  -3,6	  -3,3	  -8,2	  -1,4
*	    20,6796	 1	114,88	 87,28	   2,1	   2,9	  -4,9	  -4,5	  -9,4	  -2,7
*	    18,4965	 1	110,78	 87,17	   4,0	   4,7	  -3,0	  -2,6	  -7,5	  -0,7
*	    20,7170	 1	114,77	 91,54	   2,1	   2,9	  -4,8	  -4,5	  -9,4	  -2,6
*	    18,5086	 1	110,69	 91,35	   4,0	   4,8	  -2,9	  -2,5	  -7,5	  -0,7
*	    36,3253	 1	115,59	 62,53	  -4,8	  -4,0	 -11,8	 -11,4	 -16,4	  -9,7
*	    35,2385	 1	111,37	 62,82	  -4,2	  -3,4	 -11,1	 -10,8	 -15,7	  -9,1
*	    32,3840	 1	115,48	 66,17	  -3,3	  -2,6	 -10,3	  -9,9	 -14,9	  -8,2
*	    31,1354	 1	111,27	 66,41	  -2,6	  -1,8	  -9,5	  -9,2	 -14,1	  -7,4
*	    21,3036	 1	 65,06	 94,22	   1,9	   2,6	  -5,1	  -4,7	  -9,6	  -2,9
*	    19,1424	 1	 69,13	 93,98	   3,7	   4,5	  -3,2	  -2,9	  -7,8	  -1,0
*	    20,7210	 1	 64,95	 89,98	   2,1	   2,9	  -4,8	  -4,5	  -9,4	  -2,6
*	    18,5209	 1	 69,04	 89,82	   4,0	   4,8	  -2,9	  -2,6	  -7,5	  -0,7
*	    20,9997	 1	 64,83	 85,71	   1,9	   2,7	  -5,0	  -4,7	  -9,6	  -2,8
*	    18,8612	 1	 68,95	 85,63	   3,7	   4,5	  -3,2	  -2,9	  -7,8	  -1,0
*	    22,1122	 1	 64,72	 81,45	   1,3	   2,1	  -5,6	  -5,3	 -10,2	  -3,5
*	    20,1187	 1	 68,85	 81,44	   2,9	   3,7	  -4,0	  -3,7	  -8,6	  -1,8
*	    23,9868	 1	 64,60	 77,24	   0,3	   1,1	  -6,6	  -6,3	 -11,2	  -4,4
*	    22,1866	 1	 68,76	 77,31	   1,7	   2,5	  -5,2	  -4,9	  -9,8	  -3,0
*	    26,5300	 1	 64,49	 73,14	  -0,9	  -0,1	  -7,8	  -7,4	 -12,4	  -5,7
*	    24,9376	 1	 68,66	 73,28	   0,3	   1,0	  -6,7	  -6,3	 -11,3	  -4,5
*	    29,6461	 1	 64,37	 69,18	  -2,2	  -1,4	  -9,1	  -8,8	 -13,7	  -7,0
*	    28,2530	 1	 68,56	 69,37	  -1,3	  -0,5	  -8,2	  -7,9	 -12,8	  -6,1
*	    35,1221	 1	 69,34	 62,88	  -4,1	  -3,3	 -11,0	 -10,7	 -15,6	  -8,9
*	    36,0906	 1	 65,15	 62,57	  -4,6	  -3,9	 -11,6	 -11,2	 -16,2	  -9,5
*	    30,9922	 1	 69,44	 66,48	  -2,4	  -1,6	  -9,4	  -9,0	 -13,9	  -7,3
*	    32,1199	 1	 65,26	 66,21	  -3,1	  -2,4	 -10,1	  -9,7	 -14,7	  -8,0
*	    24,5237	 1	197,35	 53,15	  -2,6	  -1,8	  -9,5	  -9,2	 -14,1	  -7,4
*	    21,8336	 1	196,49	 63,33	  -0,9	  -0,1	  -7,8	  -7,5	 -12,4	  -5,7
*	    19,9857	 1	195,63	 75,81	   0,4	   1,1	  -6,6	  -6,2	 -11,2	  -4,4
*	    19,1604	 1	194,76	 89,93	   0,9	   1,7	  -6,0	  -5,7	 -10,6	  -3,8
*	    19,2637	 1	345,02	 86,09	   0,8	   1,6	  -6,1	  -5,7	 -10,7	  -3,9
*	    20,3741	 1	344,15	 72,30	   0,1	   0,9	  -6,9	  -6,5	 -11,4	  -4,7
*	    22,4646	 1	343,29	 60,41	  -1,3	  -0,5	  -8,3	  -7,9	 -12,8	  -6,1
*	    19,5695	 1	326,03	 30,39	  -0,4	   0,4	  -7,3	  -7,0	 -11,9	  -5,1
*	    21,5361	 1	204,78	 38,75	  -1,8	  -1,1	  -8,8	  -8,4	 -13,3	  -6,6
*	    27,1453	 1	344,56	 57,19	  -4,4	  -3,7	 -11,4	 -11,0	 -16,0	  -9,3
*	    24,6672	 1	345,30	 66,66	  -3,1	  -2,3	 -10,0	  -9,7	 -14,6	  -7,8
*	    22,9879	 1	346,05	 77,78	  -2,1	  -1,3	  -9,0	  -8,7	 -13,6	  -6,8
*	    22,2356	 1	346,81	 89,97	  -1,6	  -0,9	  -8,6	  -8,2	 -13,2	  -6,4
*	    31,2672	 1	124,71	 70,00	  -1,9	  -1,2	  -8,9	  -8,5	 -13,5	  -6,8
*	    29,9626	 1	120,43	 70,28	  -1,2	  -0,4	  -8,1	  -7,8	 -12,7	  -6,0
*	    28,6644	 1	124,55	 74,21	  -0,9	  -0,2	  -7,9	  -7,5	 -12,5	  -5,8
*	    27,2285	 1	120,29	 74,40	  -0,1	   0,7	  -7,0	  -6,7	 -11,6	  -4,9
*	    26,6525	 1	124,39	 78,57	  -0,2	   0,6	  -7,1	  -6,7	 -11,7	  -5,0
*	    25,0943	 1	120,15	 78,65	   0,8	   1,6	  -6,1	  -5,8	 -10,7	  -4,0
*	    25,2924	 1	124,23	 83,03	   0,4	   1,2	  -6,5	  -6,2	 -11,1	  -4,4
*	    23,6344	 1	120,01	 82,99	   1,5	   2,3	  -5,4	  -5,1	 -10,0	  -3,3
*	    24,6331	 1	124,07	 87,54	   0,7	   1,5	  -6,2	  -5,9	 -10,8	  -4,1
*	    22,9118	 1	119,87	 87,39	   1,9	   2,6	  -5,1	  -4,7	  -9,6	  -2,9
*	    24,7031	 1	123,91	 92,05	   0,7	   1,5	  -6,2	  -5,9	 -10,8	  -4,1
*	    22,9650	 1	119,74	 91,78	   1,9	   2,7	  -5,1	  -4,7	  -9,6	  -2,9
*	    36,7188	 1	119,79	 62,73	  -3,6	  -2,8	 -10,6	 -10,2	 -15,2	  -8,5
*	    37,6725	 1	124,06	 62,26	  -4,1	  -3,3	 -11,1	 -10,7	 -15,7	  -9,0
*	    24,9017	 1	 55,79	 92,84	   0,7	   1,4	  -6,3	  -5,9	 -10,9	  -4,1
*	    23,1834	 1	 59,96	 92,56	   1,8	   2,6	  -5,1	  -4,8	  -9,7	  -3,0
*	    24,7043	 1	 55,63	 88,34	   0,7	   1,5	  -6,2	  -5,9	 -10,8	  -4,1
*	    22,9942	 1	 59,82	 88,16	   1,8	   2,6	  -5,1	  -4,7	  -9,7	  -2,9
*	    25,2354	 1	 55,47	 83,81	   0,5	   1,2	  -6,5	  -6,1	 -11,1	  -4,3
*	    23,5800	 1	 59,68	 83,76	   1,5	   2,3	  -5,4	  -5,0	 -10,0	  -3,2
*	    26,4715	 1	 55,31	 79,33	  -0,1	   0,7	  -7,0	  -6,7	 -11,6	  -4,9
*	    24,9086	 1	 59,54	 79,40	   0,9	   1,7	  -6,0	  -5,7	 -10,6	  -3,9
*	    28,3674	 1	 55,14	 74,93	  -0,8	  -0,0	  -7,8	  -7,4	 -12,3	  -5,6
*	    26,9216	 1	 59,40	 75,11	   0,1	   0,8	  -6,9	  -6,5	 -11,5	  -4,7
*	    30,8643	 1	 54,98	 70,68	  -1,8	  -1,0	  -8,7	  -8,4	 -13,3	  -6,6
*	    29,5468	 1	 59,26	 70,95	  -1,0	  -0,2	  -8,0	  -7,6	 -12,5	  -5,8
*	    33,8976	 1	 54,81	 66,61	  -2,8	  -2,1	  -9,8	  -9,4	 -14,4	  -7,7
*	    32,7089	 1	 59,11	 66,97	  -2,2	  -1,4	  -9,2	  -8,8	 -13,8	  -7,1
*	    37,4063	 1	 59,95	 62,13	  -3,8	  -3,0	 -10,8	 -10,4	 -15,4	  -8,7
*	    38,3256	 1	 55,68	 61,65	  -4,3	  -3,5	 -11,3	 -10,9	 -15,9	  -9,2
*	    33,6138	 1	 60,09	 65,84	  -2,5	  -1,7	  -9,4	  -9,1	 -14,0	  -7,3
*	    34,6519	 1	 55,84	 65,43	  -3,1	  -2,3	 -10,0	  -9,7	 -14,6	  -7,9
*	    27,8239	 1	194,95	 58,10	  -4,3	  -3,5	 -11,3	 -10,9	 -15,8	  -9,1
*	    25,3941	 1	194,23	 67,39	  -3,0	  -2,2	  -9,9	  -9,6	 -14,5	  -7,8
*	    23,7518	 1	193,51	 78,19	  -2,0	  -1,3	  -9,0	  -8,6	 -13,6	  -6,8
*	    23,0153	 1	192,78	 89,98	  -1,7	  -0,9	  -8,6	  -8,2	 -13,2	  -6,4
s	    23,3284	 1	 90,00	 38,15	  28,3	  31,6	  21,6	  22,0	  25,5	  22,9
*	    34,7790	 1	 15,69	 33,26	   6,5	   9,8	  -0,1	   0,2	   3,7	   1,0
*	    30,8998	 1	 41,56	 39,49	   7,1	  10,4	   0,5	   0,8	   4,3	   1,6
*	    30,2569	 1	 56,17	 47,27	   7,0	  10,4	   0,4	   0,7	   4,3	   1,6
*	    32,6640	 1	 64,52	 53,86	   6,5	   9,8	  -0,1	   0,2	   3,7	   1,0
*	    28,9353	 1	 35,54	 16,96	   8,8	  12,1	   2,2	   2,5	   6,0	   3,4
*	    25,1183	 1	 66,10	 30,87	   9,2	  12,6	   2,6	   2,9	   6,5	   3,8
*	    24,5725	 1	 75,25	 42,92	   9,0	  12,4	   2,4	   2,8	   6,3	   3,7
*	    27,0231	 1	 79,39	 51,51	   8,5	  11,9	   1,9	   2,2	   5,8	   3,1
*	    32,7672	 1	 81,74	 57,58	   7,3	  10,6	   0,7	   1,0	   4,5	   1,8
*	    28,1387	 1	127,32	 12,56	   9,1	  12,5	   2,5	   2,8	   6,4	   3,7
*	    24,3386	 1	103,58	 29,34	   9,5	  12,9	   2,9	   3,2	   6,8	   4,1
*	    23,8104	 1	 98,16	 42,25	   9,3	  12,7	   2,7	   3,0	   6,6	   3,9
*	    26,2652	 1	 95,83	 51,17	   8,8	  12,1	   2,2	   2,5	   6,1	   3,4
*	    32,0229	 1	 94,53	 57,39	   7,6	  10,9	   1,0	   1,3	   4,8	   2,1
*	    32,5976	 1	161,13	 28,70	   7,3	  10,7	   0,7	   1,0	   4,5	   1,9
*	    28,7321	 1	132,81	 36,69	   7,9	  11,2	   1,2	   1,6	   5,1	   2,4
*	    28,1212	 1	118,82	 45,74	   7,8	  11,1	   1,1	   1,5	   5,0	   2,3
*	    30,5486	 1	111,37	 53,00	   7,2	  10,6	   0,6	   1,0	   4,5	   1,8
*	    37,4264	 1	148,17	 46,02	   4,9	   8,2	  -1,7	  -1,4	   2,1	  -0,6
*	    36,7220	 1	133,75	 51,21	   4,9	   8,3	  -1,7	  -1,4	   2,1	  -0,6
*	    23,4982	 1	186,48	 86,72	  -4,0	  -3,3	 -11,0	 -10,6	 -15,5	  -8,8
*	    24,4455	 1	187,17	 75,97	  -4,5	  -3,7	 -11,5	 -11,1	 -16,0	  -9,3
*	    23,9430	 1	353,05	 80,61	  -4,2	  -3,5	 -11,2	 -10,8	 -15,7	  -9,0
*	    31,6356	 1	345,23	 53,43	  -2,7	  -1,9	  -9,7	  -9,3	 -14,3	  -7,6
*	    28,7545	 1	345,91	 61,20	  -1,3	  -0,6	  -8,3	  -7,9	 -12,9	  -6,1
*	    26,5384	 1	346,58	 70,39	  -0,2	   0,6	  -7,1	  -6,8	 -11,7	  -5,0
*	    25,1078	 1	347,26	 80,81	   0,6	   1,4	  -6,3	  -6,0	 -10,9	  -4,2
*	    24,5566	 1	347,95	 91,93	   0,9	   1,6	  -6,1	  -5,7	 -10,7	  -3,9
*	    35,5880	 1	344,47	 46,18	  -4,5	  -3,7	 -11,4	 -11,1	 -16,0	  -9,4
*	    24,6626	 1	192,28	 87,01	   0,8	   1,6	  -6,1	  -5,8	 -10,7	  -4,0
*	    25,6080	 1	192,97	 76,11	   0,3	   1,1	  -6,6	  -6,3	 -11,2	  -4,5
*	    27,3974	 1	193,65	 66,18	  -0,6	   0,1	  -7,6	  -7,2	 -12,2	  -5,4
*	    29,9208	 1	194,32	 57,61	  -1,9	  -1,1	  -8,9	  -8,5	 -13,4	  -6,7
*	    33,0564	 1	194,99	 50,44	  -3,4	  -2,6	 -10,3	 -10,0	 -14,9	  -8,2
*	    33,8455	 1	190,07	 45,38	  -4,0	  -3,2	 -11,0	 -10,6	 -15,6	  -8,9
*	    27,9850	 1	170,68	 89,74	   1,3	   2,1	  -5,6	  -5,3	 -10,2	  -3,5
*	    26,6878	 1	176,41	 90,13	   2,4	   3,2	  -4,6	  -4,2	  -9,1	  -2,4
*	    25,8800	 1	183,49	 90,62	   3,4	   4,2	  -3,6	  -3,2	  -8,1	  -1,4
*	    28,5280	 1	171,17	 81,85	   1,1	   1,9	  -5,8	  -5,5	 -10,4	  -3,7
*	    27,2476	 1	176,96	 81,37	   2,2	   2,9	  -4,8	  -4,4	  -9,4	  -2,6
*	    26,4583	 1	184,10	 80,89	   3,1	   3,9	  -3,8	  -3,5	  -8,4	  -1,7
*	    29,7866	 1	171,66	 74,24	   0,6	   1,4	  -6,3	  -6,0	 -10,9	  -4,2
*	    28,5667	 1	177,51	 72,98	   1,6	   2,4	  -5,3	  -5,0	  -9,9	  -3,2
*	    27,8425	 1	184,71	 71,68	   2,5	   3,3	  -4,5	  -4,1	  -9,0	  -2,3
*	    31,7168	 1	172,16	 67,14	  -0,1	   0,6	  -7,1	  -6,7	 -11,7	  -5,0
*	    30,5895	 1	178,06	 65,28	   0,7	   1,5	  -6,2	  -5,9	 -10,8	  -4,1
*	    29,9620	 1	185,32	 63,36	   1,5	   2,3	  -5,4	  -5,1	 -10,0	  -3,3
*	    34,2566	 1	172,65	 60,71	  -1,1	  -0,3	  -8,0	  -7,7	 -12,6	  -6,0
*	    33,2398	 1	178,62	 58,41	  -0,3	   0,4	  -7,3	  -6,9	 -11,9	  -5,2
*	    32,7235	 1	185,93	 56,11	   0,3	   1,1	  -6,7	  -6,3	 -11,3	  -4,6
*	    44,2807	 1	185,96	 40,55	  -4,1	  -3,4	 -11,1	 -10,7	 -15,7	  -9,1
*	    44,5946	 1	178,80	 43,15	  -4,4	  -3,7	 -11,4	 -11,1	 -16,0	  -9,4
*	    40,1225	 1	185,36	 44,90	  -2,7	  -1,9	  -9,6	  -9,3	 -14,2	  -7,6
*	    40,5304	 1	178,26	 47,52	  -3,1	  -2,3	 -10,1	  -9,7	 -14,7	  -8,0
*	    41,4166	 1	172,46	 50,17	  -3,6	  -2,9	 -10,6	 -10,3	 -15,2	  -8,6
*	    36,3474	 1	184,77	 50,05	  -1,3	  -0,5	  -8,2	  -7,9	 -12,8	  -6,2
*	    36,8608	 1	177,72	 52,59	  -1,8	  -1,0	  -8,8	  -8,4	 -13,4	  -6,7
*	    37,8598	 1	171,97	 55,13	  -2,4	  -1,7	  -9,4	  -9,1	 -14,0	  -7,4
*	    26,2096	 1	128,03	 93,16	   0,9	   1,6	  -6,1	  -5,7	 -10,7	  -3,9
*	    27,3321	 1	132,24	 93,56	   0,2	   1,0	  -6,7	  -6,4	 -11,3	  -4,6
*	    26,0039	 1	128,21	 88,52	   0,9	   1,7	  -6,0	  -5,7	 -10,6	  -3,9
*	    27,1164	 1	132,44	 88,74	   0,3	   1,0	  -6,7	  -6,3	 -11,3	  -4,5
*	    26,4963	 1	128,39	 83,86	   0,7	   1,5	  -6,2	  -5,9	 -10,8	  -4,1
*	    27,5755	 1	132,65	 83,90	   0,1	   0,9	  -6,8	  -6,5	 -11,4	  -4,7
*	    27,6681	 1	128,57	 79,24	   0,3	   1,0	  -6,7	  -6,3	 -11,3	  -4,6
*	    28,6946	 1	132,85	 79,12	  -0,3	   0,5	  -7,3	  -6,9	 -11,8	  -5,1
*	    29,4822	 1	128,75	 74,73	  -0,4	   0,3	  -7,4	  -7,0	 -12,0	  -5,2
*	    30,4422	 1	133,06	 74,44	  -0,9	  -0,2	  -7,9	  -7,5	 -12,5	  -5,8
*	    31,8882	 1	128,94	 70,37	  -1,3	  -0,5	  -8,2	  -7,9	 -12,8	  -6,1
*	    32,7741	 1	133,27	 69,94	  -1,7	  -1,0	  -8,7	  -8,3	 -13,3	  -6,6
*	    34,8288	 1	129,13	 66,19	  -2,3	  -1,5	  -9,2	  -8,9	 -13,8	  -7,2
*	    35,6385	 1	133,48	 65,64	  -2,7	  -1,9	  -9,6	  -9,3	 -14,2	  -7,6
*	    40,3850	 1	134,89	 60,19	  -4,2	  -3,4	 -11,1	 -10,8	 -15,8	  -9,1
*	    39,5706	 1	130,42	 60,85	  -3,8	  -3,1	 -10,8	 -10,5	 -15,4	  -8,8
*	    36,9190	 1	134,67	 64,18	  -3,1	  -2,3	 -10,1	  -9,7	 -14,7	  -8,0
*	    36,0316	 1	130,23	 64,74	  -2,7	  -2,0	  -9,7	  -9,3	 -14,3	  -7,6
*	    32,4558	 1	 50,68	 69,57	  -1,5	  -0,7	  -8,4	  -8,1	 -13,0	  -6,3
*	    33,3217	 1	 46,33	 69,11	  -1,9	  -1,1	  -8,9	  -8,5	 -13,5	  -6,8
*	    29,9559	 1	 50,86	 73,91	  -0,6	   0,2	  -7,5	  -7,2	 -12,1	  -5,4
*	    30,8952	 1	 46,54	 73,59	  -1,1	  -0,3	  -8,0	  -7,7	 -12,6	  -5,9
*	    28,0375	 1	 51,05	 78,41	   0,1	   0,9	  -6,8	  -6,5	 -11,4	  -4,7
*	    29,0436	 1	 46,75	 78,25	  -0,4	   0,3	  -7,4	  -7,0	 -12,0	  -5,3
*	    26,7518	 1	 51,23	 83,02	   0,6	   1,4	  -6,3	  -6,0	 -10,9	  -4,2
*	    27,8124	 1	 46,96	 83,04	   0,0	   0,8	  -6,9	  -6,6	 -11,5	  -4,8
*	    26,1384	 1	 51,42	 87,70	   0,9	   1,6	  -6,1	  -5,7	 -10,7	  -3,9
*	    27,2355	 1	 47,17	 87,88	   0,2	   1,0	  -6,7	  -6,4	 -11,3	  -4,6
*	    26,2191	 1	 51,60	 92,36	   0,9	   1,6	  -6,1	  -5,7	 -10,7	  -3,9
*	    27,3305	 1	 47,37	 92,72	   0,2	   1,0	  -6,7	  -6,4	 -11,3	  -4,6
*	    36,5146	 1	 45,05	 64,72	  -3,0	  -2,2	  -9,9	  -9,6	 -14,5	  -7,9
*	    35,6265	 1	 49,50	 65,28	  -2,6	  -1,8	  -9,5	  -9,2	 -14,1	  -7,5
*	    39,9149	 1	 44,83	 60,69	  -4,0	  -3,3	 -11,0	 -10,6	 -15,6	  -9,0
*	    39,0989	 1	 49,30	 61,34	  -3,7	  -2,9	 -10,6	 -10,3	 -15,3	  -8,6
*	    34,0466	 1	  6,96	 60,98	  -1,0	  -0,2	  -7,9	  -7,6	 -12,5	  -5,9
*	    33,0393	 1	  0,93	 58,71	  -0,2	   0,5	  -7,2	  -6,8	 -11,8	  -5,1
*	    32,5357	 1	353,54	 56,42	   0,4	   1,2	  -6,5	  -6,2	 -11,1	  -4,5
*	    31,5391	 1	  7,45	 67,49	  -0,0	   0,7	  -7,0	  -6,6	 -11,6	  -4,9
*	    30,4215	 1	  1,48	 65,66	   0,8	   1,6	  -6,1	  -5,8	 -10,7	  -4,0
*	    29,8070	 1	354,15	 63,77	   1,6	   2,4	  -5,3	  -5,0	  -9,9	  -3,2
*	    29,6465	 1	  7,95	 74,66	   0,7	   1,5	  -6,2	  -5,9	 -10,8	  -4,1
*	    28,4373	 1	  2,04	 73,44	   1,7	   2,5	  -5,3	  -4,9	  -9,8	  -3,1
*	    27,7272	 1	354,76	 72,19	   2,6	   3,4	  -4,4	  -4,0	  -8,9	  -2,2
*	    28,4307	 1	  8,45	 82,34	   1,2	   2,0	  -5,7	  -5,4	 -10,3	  -3,6
*	    27,1630	 1	  2,59	 81,92	   2,2	   3,0	  -4,7	  -4,3	  -9,3	  -2,6
*	    26,3901	 1	355,38	 81,49	   3,2	   4,0	  -3,7	  -3,4	  -8,3	  -1,6
*	    27,9347	 1	  8,94	 90,28	   1,4	   2,2	  -5,6	  -5,2	 -10,1	  -3,4
*	    26,6530	 1	  3,15	 90,75	   2,4	   3,2	  -4,5	  -4,1	  -9,1	  -2,4
*	    35,8749	 1	355,24	 50,87	  -1,1	  -0,3	  -8,0	  -7,7	 -12,6	  -6,0
*	    36,4158	 1	  2,26	 53,39	  -1,6	  -0,9	  -8,6	  -8,2	 -13,2	  -6,5
*	    37,4427	 1	  7,99	 55,90	  -2,3	  -1,5	  -9,2	  -8,9	 -13,9	  -7,2
*	    39,5896	 1	354,64	 45,59	  -2,5	  -1,7	  -9,4	  -9,1	 -14,0	  -7,4
*	    40,0230	 1	  1,72	 48,21	  -2,9	  -2,2	  -9,9	  -9,5	 -14,5	  -7,9
*	    40,9360	 1	  7,51	 50,86	  -3,5	  -2,7	 -10,4	 -10,1	 -15,0	  -8,4
*	    43,6966	 1	354,05	 41,14	  -3,9	  -3,2	 -10,9	 -10,5	 -15,5	  -8,9
*	    44,0339	 1	  1,18	 43,74	  -4,3	  -3,5	 -11,2	 -10,9	 -15,8	  -9,2
*	    44,8405	 1	  7,03	 46,43	  -4,7	  -4,0	 -11,7	 -11,3	 -16,3	  -9,7
s	    28,2967	 2	 90,00	 34,85	  25,6	  30,0	  21,1	  21,7	  25,2	  22,6
*	    28,4471	 1	137,67	 92,86	   0,3	   1,0	  -6,7	  -6,3	 -11,3	  -4,5
*	    29,0362	 1	142,06	 93,33	   0,0	   0,8	  -6,9	  -6,6	 -11,5	  -4,8
*	    28,3813	 1	137,90	 87,78	   0,3	   1,1	  -6,7	  -6,3	 -11,2	  -4,5
*	    28,9556	 1	142,32	 88,01	   0,1	   0,8	  -6,9	  -6,5	 -11,5	  -4,8
*	    28,9699	 1	138,14	 82,70	   0,1	   0,9	  -6,9	  -6,5	 -11,4	  -4,7
*	    29,5231	 1	142,59	 82,67	  -0,1	   0,6	  -7,1	  -6,7	 -11,7	  -5,0
*	    30,1970	 1	138,38	 77,70	  -0,3	   0,4	  -7,3	  -6,9	 -11,9	  -5,2
*	    30,7246	 1	142,85	 77,43	  -0,5	   0,2	  -7,5	  -7,1	 -12,1	  -5,4
*	    32,0322	 1	138,62	 72,85	  -1,0	  -0,2	  -7,9	  -7,6	 -12,5	  -5,8
*	    32,5314	 1	143,12	 72,36	  -1,1	  -0,4	  -8,1	  -7,7	 -12,7	  -6,0
*	    34,4337	 1	138,86	 68,20	  -1,7	  -1,0	  -8,7	  -8,4	 -13,3	  -6,6
*	    34,9035	 1	143,39	 67,52	  -1,9	  -1,1	  -8,9	  -8,5	 -13,5	  -6,8
*	    40,4635	 1	139,33	 59,99	  -3,6	  -2,9	 -10,6	 -10,2	 -15,2	  -8,6
*	    40,8786	 1	143,92	 59,06	  -3,7	  -3,0	 -10,7	 -10,4	 -15,3	  -8,7
*	    44,2323	 1	139,58	 56,14	  -4,7	  -4,0	 -11,7	 -11,4	 -16,3	  -9,7
*	    44,6213	 1	144,20	 55,11	  -4,8	  -4,1	 -11,8	 -11,5	 -16,4	  -9,8
s	    28,4029	 2	 91,06	 42,32	  26,8	  25,0	   1,0	   1,4	   4,9	  15,5
*	    34,2916	 1	 40,84	 68,48	  -1,7	  -0,9	  -8,6	  -8,3	 -13,2	  -6,6
*	    34,7485	 1	 36,31	 67,80	  -1,8	  -1,1	  -8,8	  -8,5	 -13,4	  -6,7
*	    31,9303	 1	 41,09	 73,15	  -0,9	  -0,1	  -7,9	  -7,5	 -12,5	  -5,8
*	    32,4153	 1	 36,58	 72,68	  -1,1	  -0,3	  -8,0	  -7,7	 -12,6	  -5,9
*	    30,1382	 1	 41,33	 78,02	  -0,3	   0,5	  -7,3	  -6,9	 -11,8	  -5,1
*	    30,6504	 1	 36,85	 77,77	  -0,5	   0,3	  -7,4	  -7,1	 -12,0	  -5,3
*	    28,9564	 1	 41,57	 83,05	   0,1	   0,9	  -6,9	  -6,5	 -11,4	  -4,7
*	    29,4932	 1	 37,12	 83,04	  -0,1	   0,7	  -7,1	  -6,7	 -11,6	  -4,9
*	    28,4143	 1	 41,81	 88,15	   0,3	   1,1	  -6,7	  -6,3	 -11,2	  -4,5
*	    28,9713	 1	 37,39	 88,39	   0,1	   0,8	  -6,9	  -6,5	 -11,5	  -4,8
*	    28,5262	 1	 42,04	 93,24	   0,3	   1,0	  -6,7	  -6,3	 -11,3	  -4,6
*	    29,0976	 1	 37,65	 93,73	   0,0	   0,8	  -6,9	  -6,6	 -11,5	  -4,8
*	    41,0345	 1	 40,31	 59,35	  -3,8	  -3,0	 -10,7	 -10,4	 -15,4	  -8,7
*	    41,4337	 1	 35,72	 58,37	  -3,9	  -3,1	 -10,9	 -10,5	 -15,5	  -8,8
*	    37,6206	 1	 40,56	 63,44	  -2,7	  -2,0	  -9,7	  -9,4	 -14,3	  -7,7
*	    38,0460	 1	 35,99	 62,59	  -2,9	  -2,1	  -9,8	  -9,5	 -14,4	  -7,8
s	    28,4363	 2	 88,87	 42,35	  26,8	  25,0	   1,0	   1,4	   4,9	  15,5
s	    28,7254	 1	 12,10	 91,47	  27,9	  28,7	  21,0	  21,3	  16,4	  23,1
*	    35,1344	 1	 19,36	 64,51	  -1,4	  -0,6	  -8,4	  -8,0	 -13,0	  -6,3
*	    34,7318	 1	 14,00	 63,08	  -1,0	  -0,2	  -8,0	  -7,6	 -12,6	  -5,9
*	    32,7701	 1	 19,75	 70,24	  -0,6	   0,2	  -7,6	  -7,2	 -12,2	  -5,5
*	    32,3150	 1	 14,44	 69,14	  -0,2	   0,6	  -7,1	  -6,8	 -11,7	  -5,0
*	    30,9910	 1	 20,14	 76,38	   0,0	   0,8	  -6,9	  -6,6	 -11,5	  -4,8
*	    30,4952	 1	 14,87	 75,71	   0,5	   1,3	  -6,4	  -6,1	 -11,0	  -4,3
*	    29,8420	 1	 20,53	 82,82	   0,4	   1,2	  -6,5	  -6,2	 -11,1	  -4,4
*	    29,3235	 1	 15,31	 82,65	   0,9	   1,7	  -6,0	  -5,7	 -10,6	  -3,9
*	    29,3538	 1	 20,92	 89,42	   0,6	   1,3	  -6,4	  -6,0	 -11,0	  -4,3
*	    28,8345	 1	 15,74	 89,79	   1,1	   1,9	  -5,8	  -5,5	 -10,4	  -3,7
*	    45,7556	 1	 18,11	 49,66	  -4,7	  -4,0	 -11,7	 -11,4	 -16,3	  -9,7
*	    45,5345	 1	 12,62	 47,75	  -4,5	  -3,8	 -11,5	 -11,1	 -16,1	  -9,5
*	    41,9121	 1	 18,51	 53,87	  -3,6	  -2,8	 -10,6	 -10,2	 -15,2	  -8,5
*	    41,6352	 1	 13,06	 52,03	  -3,3	  -2,5	 -10,3	  -9,9	 -14,9	  -8,3
*	    38,4793	 1	 18,90	 58,55	  -2,5	  -1,7	  -9,5	  -9,1	 -14,1	  -7,4
*	    38,1434	 1	 13,50	 56,86	  -2,2	  -1,4	  -9,1	  -8,8	 -13,7	  -7,1
s	    28,7706	 1	167,35	 91,43	  27,9	  28,7	  21,0	  21,3	  16,4	  23,1
*	    29,3580	 1	158,66	 90,60	   0,6	   1,3	  -6,4	  -6,0	 -11,0	  -4,3
*	    28,8565	 1	163,82	 91,07	   1,1	   1,8	  -5,9	  -5,5	 -10,5	  -3,7
*	    29,7231	 1	159,04	 84,04	   0,4	   1,2	  -6,5	  -6,2	 -11,1	  -4,4
*	    29,2179	 1	164,25	 83,97	   1,0	   1,7	  -6,0	  -5,6	 -10,6	  -3,9
*	    30,7515	 1	159,43	 77,58	   0,1	   0,9	  -6,9	  -6,5	 -11,5	  -4,8
*	    30,2645	 1	164,68	 77,00	   0,6	   1,3	  -6,4	  -6,0	 -11,0	  -4,3
*	    32,4158	 1	159,82	 71,41	  -0,5	   0,3	  -7,4	  -7,1	 -12,0	  -5,4
*	    31,9656	 1	165,11	 70,39	  -0,0	   0,7	  -7,0	  -6,6	 -11,6	  -4,9
*	    34,6738	 1	160,21	 65,61	  -1,3	  -0,5	  -8,2	  -7,9	 -12,8	  -6,1
*	    34,2730	 1	165,54	 64,26	  -0,9	  -0,1	  -7,8	  -7,5	 -12,4	  -5,7
*	    37,4731	 1	160,60	 60,28	  -2,2	  -1,4	  -9,1	  -8,8	 -13,8	  -7,1
*	    37,1286	 1	165,98	 58,67	  -1,8	  -1,1	  -8,8	  -8,5	 -13,4	  -6,8
*	    38,0453	 1	160,67	 59,35	  -2,4	  -1,6	  -9,3	  -9,0	 -13,9	  -7,3
*	    37,7117	 1	166,06	 57,71	  -2,0	  -1,3	  -9,0	  -8,7	 -13,6	  -7,0
*	    41,4129	 1	161,07	 54,61	  -3,4	  -2,7	 -10,4	 -10,1	 -15,0	  -8,4
*	    41,1371	 1	166,49	 52,80	  -3,2	  -2,4	 -10,1	  -9,8	 -14,7	  -8,1
*	    45,1991	 1	161,46	 50,34	  -4,6	  -3,8	 -11,5	 -11,2	 -16,2	  -9,6
*	    44,9785	 1	166,93	 48,44	  -4,4	  -3,6	 -11,3	 -11,0	 -15,9	  -9,3
s	    28,8473	 3	 90,94	130,87	  26,1	  24,0	  -0,6	  -0,9	   2,3	  12,4
s	    28,8804	 3	 89,00	130,85	  26,1	  24,0	  -0,6	  -0,9	   2,2	  12,4
*	    29,0629	 1	306,94	 19,92	 -10,4	  -5,7	   7,4	   8,7	   5,6	   0,9
*	    30,2351	 1	325,62	 26,24	 -11,1	  -6,4	   6,7	   8,0	   5,0	   0,2
*	    32,1686	 1	335,85	 33,14	 -12,1	  -7,4	   5,7	   7,0	   4,0	  -0,8
*	    34,7600	 1	341,94	 39,52	 -13,3	  -8,6	   4,5	   5,8	   2,7	  -2,1
s	    29,4093	 1	149,79	 90,40	  27,9	  28,6	  20,9	  21,3	  16,3	  23,0
*	    29,4724	 1	147,75	 91,87	   0,2	   1,0	  -6,8	  -6,4	 -11,3	  -4,6
*	    29,5068	 1	152,43	 92,36	   0,3	   1,1	  -6,6	  -6,3	 -11,2	  -4,5
*	    29,6158	 1	148,06	 86,18	   0,1	   0,9	  -6,8	  -6,5	 -11,4	  -4,7
*	    29,6367	 1	152,76	 86,31	   0,3	   1,1	  -6,7	  -6,3	 -11,2	  -4,5
*	    30,4037	 1	148,36	 80,53	  -0,1	   0,6	  -7,1	  -6,7	 -11,7	  -5,0
*	    30,4187	 1	153,10	 80,30	   0,0	   0,8	  -6,9	  -6,6	 -11,5	  -4,8
*	    31,8174	 1	148,67	 75,01	  -0,6	   0,2	  -7,5	  -7,2	 -12,1	  -5,4
*	    31,8339	 1	153,44	 74,47	  -0,4	   0,3	  -7,4	  -7,1	 -12,0	  -5,3
*	    33,8240	 1	148,97	 69,74	  -1,2	  -0,5	  -8,2	  -7,9	 -12,8	  -6,1
*	    33,8483	 1	153,78	 68,91	  -1,1	  -0,4	  -8,1	  -7,7	 -12,7	  -6,0
*	    36,3803	 1	149,28	 64,77	  -2,1	  -1,3	  -9,0	  -8,7	 -13,6	  -7,0
*	    36,4168	 1	154,13	 63,71	  -2,0	  -1,2	  -8,9	  -8,6	 -13,5	  -6,9
*	    45,7858	 1	156,31	 51,40	  -4,8	  -4,0	 -11,7	 -11,4	 -16,4	  -9,8
*	    45,6136	 1	151,24	 52,80	  -4,8	  -4,1	 -11,8	 -11,4	 -16,4	  -9,8
*	    41,9792	 1	155,96	 55,51	  -3,6	  -2,9	 -10,6	 -10,3	 -15,2	  -8,6
*	    41,8208	 1	150,91	 56,81	  -3,7	  -2,9	 -10,7	 -10,3	 -15,3	  -8,7
*	    38,5851	 1	155,60	 60,04	  -2,6	  -1,8	  -9,6	  -9,2	 -14,2	  -7,5
*	    38,4411	 1	150,59	 61,21	  -2,7	  -1,9	  -9,6	  -9,3	 -14,3	  -7,6
s	    29,4167	 1	 29,71	 90,42	  27,9	  28,6	  20,9	  21,3	  16,3	  23,0
*	    35,1968	 1	 30,50	 66,87	  -1,7	  -0,9	  -8,6	  -8,3	 -13,2	  -6,6
*	    35,2158	 1	 25,66	 65,89	  -1,6	  -0,8	  -8,5	  -8,2	 -13,1	  -6,4
*	    32,8778	 1	 30,81	 72,00	  -0,9	  -0,2	  -7,9	  -7,5	 -12,5	  -5,8
*	    32,8853	 1	 26,01	 71,27	  -0,8	  -0,0	  -7,7	  -7,4	 -12,3	  -5,7
*	    31,1290	 1	 31,12	 77,40	  -0,4	   0,4	  -7,3	  -7,0	 -11,9	  -5,2
*	    31,1302	 1	 26,35	 76,99	  -0,2	   0,6	  -7,1	  -6,8	 -11,7	  -5,0
*	    29,9894	 1	 31,43	 83,02	   0,0	   0,8	  -6,9	  -6,6	 -11,5	  -4,8
*	    29,9916	 1	 26,69	 82,94	   0,2	   1,0	  -6,8	  -6,4	 -11,4	  -4,6
*	    29,4861	 1	 31,74	 88,71	   0,2	   1,0	  -6,8	  -6,4	 -11,3	  -4,6
*	    29,4973	 1	 27,03	 89,02	   0,4	   1,1	  -6,6	  -6,3	 -11,2	  -4,5
*	    45,6449	 1	 29,51	 53,04	  -4,8	  -4,1	 -11,8	 -11,5	 -16,4	  -9,8
*	    45,7142	 1	 24,56	 51,61	  -4,8	  -4,0	 -11,7	 -11,4	 -16,4	  -9,8
*	    41,8559	 1	 29,83	 57,05	  -3,7	  -3,0	 -10,7	 -10,4	 -15,3	  -8,7
*	    41,9088	 1	 24,91	 55,71	  -3,6	  -2,9	 -10,6	 -10,3	 -15,2	  -8,6
*	    38,4797	 1	 30,15	 61,43	  -2,7	  -2,0	  -9,7	  -9,3	 -14,3	  -7,6
*	    38,5161	 1	 25,27	 60,23	  -2,6	  -1,8	  -9,6	  -9,2	 -14,2	  -7,5
s	    32,9669	 3	269,89	 52,58	  25,5	  18,4	 -19,5	 -19,1	 -15,6	   8,1
s	    33,0018	 3	270,22	 52,60	  25,5	  18,4	 -19,5	 -19,1	 -15,6	   8,1
s	    33,0557	 3	 91,07	 38,97	  24,2	  23,4	   0,6	   1,1	   4,7	  15,3
s	    33,0871	 3	 88,86	 39,00	  24,2	  23,4	   0,6	   1,1	   4,7	  15,3
s	    34,1438	 2	 33,89	 90,07	  26,5	  22,1	   0,4	   0,7	  -4,2	  15,7
s	    34,5401	 2	 15,47	 91,10	  26,5	  22,0	   0,3	   0,7	  -4,3	  15,6
s	    34,5505	 2	164,01	 91,07	  26,5	  22,0	   0,3	   0,7	  -4,3	  15,6
s	    35,4846	 2	161,14	 90,88	  26,4	  21,9	   0,2	   0,6	  -4,4	  15,5
s	    35,5283	 2	 18,39	 90,90	  26,4	  21,9	   0,2	   0,6	  -4,4	  15,5
*	    36,7233	 1	198,25	 44,46	  -3,4	  -2,7	 -10,4	 -10,0	 -15,0	  -8,3
s	    38,0156	 2	172,86	 91,53	  26,1	  21,7	  -0,0	   0,3	  -4,6	  15,2
s	    38,0710	 2	  7,17	 91,53	  26,1	  21,7	  -0,0	   0,3	  -4,6	  15,2
s	    45,0169	 2	  9,52	 54,59	  25,1	  23,2	  -0,7	  -0,4	   3,1	  13,6
s	    45,0541	 2	169,92	 54,57	  25,1	  23,2	  -0,7	  -0,4	   3,1	  13,6
s	    48,3455	 3	231,22	 59,40	  24,0	  16,9	 -21,0	 -20,7	 -17,2	   6,4
s	    48,3723	 3	309,26	 59,39	  24,0	  16,9	 -21,0	 -20,7	 -17,2	   6,4
s	    49,8554	 3	 13,10	 56,35	  23,9	  16,8	 -21,2	 -20,8	 -17,4	   6,3
s	    49,8641	 3	166,37	 56,32	  23,9	  16,8	 -21,2	 -20,8	 -17,4	   6,3
s	    50,6514	 3	163,44	 56,44	  23,8	  16,7	 -21,2	 -20,9	 -17,4	   6,2
s	    50,6883	 3	 16,08	 56,49	  23,8	  16,7	 -21,2	 -20,9	 -17,4	   6,2
s	    52,7973	 3	175,18	 57,94	  23,6	  16,5	 -21,4	 -21,1	 -17,6	   6,0
s	    52,8445	 3	  4,86	 57,96	  23,6	  16,5	 -21,4	 -21,1	 -17,6	   6,0
s	    53,5258	 3	 31,54	 51,78	  23,7	  19,5	  -2,0	  -1,4	  -6,4	  13,4
s	    53,8690	 3	152,66	 47,41	  22,4	  24,5	  18,1	  18,9	  13,9	  20,5
s	    53,8746	 3	 26,83	 47,44	  22,4	  24,5	  18,1	  18,9	  13,9	  20,5
s	    76,8108	 2	 98,66	 87,82	  22,8	  23,3	  14,9	  13,2	   6,9	  13,0
s	    89,4474	 3	 98,79	 87,69	  21,3	  16,6	  -5,7	  -6,1	 -11,5	   7,6
s	   107,5082	 3	 99,09	 87,55	  20,2	  15,5	  -6,8	  -7,2	 -12,7	   6,3
s	   107,5896	 3	 80,16	 87,56	  20,2	  15,5	  -6,8	  -7,2	 -12,7	   6,3
s	   113,4965	 3	128,87	 88,26	  19,8	  15,0	  -7,4	  -9,1	 -15,5	   3,6
s	   113,5276	 3	 50,91	 88,27	  19,8	  15,0	  -7,4	  -9,1	 -15,5	   3,6
#END
