#HEADER
CATT-Acoustic v8.0b    Copyright © CATT 1988-2003

 Project                : Auditorio

 GEOMETRICAL INFORMATION
 Src id and loc     [m] :   A1          -9,000        0,000        0,000
 Rec id and loc     [m] :   81           4,350        0,000        0,550

 81       38,9175

 VARIABLE SOURCE DATA
 Directivity
   Type (library)       :  OMNI.SD0
   Dir. Index (DI) [dB] :       0,0      0,0      0,0      0,0      0,0      0,0
 Level
   On axis 1m      [dB] :      58,0     64,0     70,3     70,7     65,9     59,9
   Total power     [dB] :      68,9     74,9     81,2     81,6     76,8     70,8
   Auxiliary delay [ms] :       0,0

 VARIABLE AIR DATA
 Temperature       [°C] :      20
 Relative humidity  [%] :      50
 Density        [kg/m³] :       1,2
 Sound speed      [m/s] :     343
 Impedance      [Ns/m³] :     412
 Diss. coeff. [0.001/m] :      0,10     0,30     0,63     1,07     2,28     6,83      (estimated)

#DATAFIELDS
 TYPE DELAY ORDER AZIMUTH ELEVATION SPL125 SPL250 SPL500 SPL1K SPL2K SPL4K
#DATA
d	     0,0000	 0	 90,00	 90,00	  35,5	  41,5	  47,7	  48,1	  43,3	  37,0
*	    18,2384	 1	117,93	 95,19	 -11,7	  -4,7	   2,7	   3,3	  -1,5	  -7,9
*	    12,6003	 1	112,09	 95,45	  -8,1	  -1,0	   6,3	   6,9	   2,1	  -4,3
*	    15,5163	 1	109,85	 94,68	  -8,5	  -1,5	   5,9	   6,5	   1,6	  -4,7
*	     7,5910	 1	105,73	 95,66	  -4,0	   3,1	  10,4	  11,0	   6,2	  -0,1
*	    10,3007	 1	104,06	 94,82	  -3,8	   3,2	  10,6	  11,2	   6,4	   0,1
*	     3,5541	 1	 98,94	 95,81	   0,6	   7,6	  15,0	  15,6	  10,8	   4,5
*	     5,7436	 1	 97,96	 94,92	   2,5	   9,6	  17,0	  17,6	  12,7	   6,4
*	    10,3978	 1	 97,18	 94,21	   0,2	   7,2	  14,6	  15,2	  10,3	   4,0
*	     1,3304	 1	 91,89	 95,87	   4,0	  11,0	  18,4	  19,0	  14,2	   8,0
*	     2,7060	 1	 91,69	 94,96	   9,9	  16,9	  24,3	  24,9	  20,0	  13,8
*	     7,7281	 1	 91,52	 94,24	   5,7	  12,7	  20,1	  20,7	  15,9	   9,6
*	     2,0562	 1	 84,79	 95,86	   2,8	   9,8	  17,2	  17,8	  13,0	   6,7
*	     3,7958	 1	 85,37	 94,96	   6,7	  13,7	  21,1	  21,7	  16,9	  10,6
*	     8,6490	 1	 85,82	 94,24	   3,5	  10,5	  17,9	  18,5	  13,7	   7,4
*	     5,2761	 1	 77,85	 95,75	  -1,5	   5,5	  12,9	  13,5	   8,6	   2,4
*	     7,7596	 1	 79,15	 94,88	  -0,7	   6,4	  13,7	  14,3	   9,5	   3,2
*	     9,8298	 1	 71,24	 95,57	  -5,9	   1,1	   8,5	   9,1	   4,2	  -2,1
*	    12,6633	 1	 73,18	 94,76	  -6,2	   0,9	   8,2	   8,8	   4,0	  -2,3
*	    15,1592	 1	 65,11	 95,33	  -9,8	  -2,8	   4,6	   5,2	   0,3	  -6,0
*	    18,1094	 1	 67,57	 94,59	 -10,4	  -3,4	   4,0	   4,6	  -0,3	  -6,6
*	    21,0291	 1	 59,53	 95,07	 -13,2	  -6,2	   1,2	   1,8	  -3,1	  -9,5
s	     3,1237	 1	270,00	 94,54	  33,0	  38,7	  44,3	  42,7	  36,5	  30,0
*	    17,3660	 1	353,42	 90,61	  -4,2	   1,7	   7,6	   9,9	   5,6	  -1,3
*	    14,8847	 1	352,33	 90,72	  -2,0	   3,9	   9,7	  12,1	   7,8	   0,8
*	    12,4906	 1	350,84	 90,86	   0,4	   6,3	  12,2	  14,5	  10,2	   3,3
*	    10,1908	 1	348,61	 91,06	   3,3	   9,3	  15,1	  17,5	  13,2	   6,3
*	     7,9973	 1	345,00	 91,40	   7,0	  12,9	  18,8	  21,1	  16,8	   9,9
*	     5,9385	 1	338,16	 92,01	  11,8	  17,7	  23,6	  25,9	  21,6	  14,7
*	     4,1182	 1	321,57	 93,37	  18,5	  24,4	  30,3	  32,6	  28,3	  21,5
*	     3,1244	 1	271,43	 95,41	  24,7	  30,6	  36,5	  38,8	  34,5	  27,7
*	     4,0542	 1	219,54	 93,45	  18,8	  24,7	  30,6	  32,9	  28,7	  21,8
*	     5,8593	 1	202,23	 92,05	  12,0	  17,9	  23,8	  26,1	  21,8	  15,0
*	     7,9114	 1	195,19	 91,42	   7,1	  13,1	  18,9	  21,3	  17,0	  10,1
*	    10,1002	 1	191,48	 91,08	   3,5	   9,4	  15,3	  17,6	  13,3	   6,4
*	    12,3960	 1	189,22	 90,86	   0,5	   6,4	  12,3	  14,7	  10,4	   3,4
*	    14,7864	 1	187,70	 90,72	  -2,0	   4,0	   9,8	  12,2	   7,9	   0,9
*	    17,2643	 1	186,60	 90,62	  -4,1	   1,8	   7,7	  10,0	   5,7	  -1,3
s	     7,3213	 1	 91,16	 89,63	  32,2	  33,0	  25,3	  25,6	  20,8	  27,7
*	    23,7082	 1	 98,18	 68,21	   0,3	   1,0	  -6,7	  -6,3	 -11,2	  -4,4
*	    23,0434	 1	 93,36	 68,23	   0,8	   1,6	  -6,1	  -5,8	 -10,7	  -3,9
*	    19,4667	 1	 98,15	 72,55	   3,2	   3,9	  -3,8	  -3,4	  -8,3	  -1,5
*	    18,6284	 1	 93,35	 72,56	   4,0	   4,8	  -2,9	  -2,6	  -7,5	  -0,6
*	    15,6684	 1	 98,13	 77,06	   6,4	   7,2	  -0,5	  -0,2	  -5,1	   1,8
*	    14,5647	 1	 93,34	 77,07	   7,8	   8,6	   0,9	   1,2	  -3,7	   3,2
*	    12,5134	 1	 98,10	 81,72	  10,0	  10,7	   3,0	   3,4	  -1,5	   5,4
*	    10,9890	 1	 93,33	 81,72	  12,5	  13,3	   5,6	   6,0	   1,1	   8,0
*	    10,4363	 1	 98,07	 86,46	  13,1	  13,8	   6,1	   6,5	   1,6	   8,5
*	     8,3296	 1	 93,32	 86,44	  17,9	  18,7	  11,0	  11,3	   6,4	  13,3
*	    10,1356	 1	 98,04	 91,22	  13,7	  14,5	   6,8	   7,2	   2,3	   9,2
*	     7,8425	 1	 93,31	 91,19	  19,4	  20,2	  12,5	  12,9	   8,0	  14,9
*	    33,4997	 1	 93,39	 59,67	  -4,7	  -4,0	 -11,7	 -11,3	 -16,3	  -9,5
*	    29,0390	 1	 98,21	 63,47	  -2,7	  -1,9	  -9,6	  -9,3	 -14,2	  -7,4
*	    28,5090	 1	 93,38	 63,50	  -2,3	  -1,6	  -9,3	  -8,9	 -13,8	  -7,1
s	     7,3679	 1	 88,77	 89,62	  32,2	  33,0	  25,3	  25,6	  20,8	  27,7
*	    23,0448	 1	 87,45	 68,25	   0,9	   1,6	  -6,1	  -5,7	 -10,6	  -3,8
*	    23,5149	 1	 82,63	 68,20	   0,4	   1,2	  -6,5	  -6,1	 -11,0	  -4,3
*	    18,6172	 1	 87,46	 72,57	   4,1	   4,8	  -2,9	  -2,5	  -7,4	  -0,6
*	    19,2333	 1	 82,66	 72,53	   3,4	   4,2	  -3,5	  -3,2	  -8,1	  -1,3
*	    14,5322	 1	 87,47	 77,09	   7,9	   8,7	   1,0	   1,4	  -3,5	   3,3
*	    15,3767	 1	 82,68	 77,06	   6,8	   7,5	  -0,2	   0,2	  -4,7	   2,2
*	    10,9176	 1	 87,48	 81,72	  12,8	  13,6	   5,8	   6,2	   1,3	   8,2
*	    12,1364	 1	 82,71	 81,71	  10,5	  11,3	   3,6	   4,0	  -0,9	   5,9
*	     8,1899	 1	 87,49	 86,44	  18,4	  19,2	  11,5	  11,9	   7,0	  13,9
*	     9,9584	 1	 82,73	 86,46	  14,0	  14,7	   7,0	   7,4	   2,5	   9,4
*	     7,6753	 1	 87,50	 91,17	  20,2	  20,9	  13,2	  13,6	   8,7	  15,6
*	     9,6301	 1	 82,76	 91,21	  14,8	  15,5	   7,8	   8,2	   3,3	  10,2
*	    28,3390	 1	 81,45	 64,10	  -2,3	  -1,5	  -9,3	  -8,9	 -13,8	  -7,1
*	    27,7679	 1	 86,30	 64,12	  -1,9	  -1,1	  -8,9	  -8,5	 -13,4	  -6,7
*	    33,1994	 1	 81,42	 60,22	  -4,6	  -3,9	 -11,6	 -11,2	 -16,2	  -9,4
*	    32,7187	 1	 86,29	 60,26	  -4,4	  -3,6	 -11,3	 -11,0	 -15,9	  -9,1
*	    20,4056	 1	342,80	 89,26	  -0,9	   5,0	  10,9	  13,2	   8,9	   1,9
*	    18,0407	 1	340,16	 89,15	   1,0	   7,0	  12,8	  15,2	  10,8	   3,9
*	    15,7887	 1	336,60	 89,01	   3,2	   9,1	  15,0	  17,3	  13,0	   6,1
*	    13,6737	 1	331,61	 88,82	   5,7	  11,6	  17,5	  19,8	  15,5	   8,6
*	    11,7394	 1	324,28	 88,55	   8,5	  14,4	  20,2	  22,6	  18,3	  11,4
*	    10,0728	 1	312,92	 88,17	  11,5	  17,4	  23,3	  25,6	  21,3	  14,4
*	     8,8518	 1	295,15	 87,75	  14,3	  20,2	  26,1	  28,4	  24,1	  17,2
*	     8,3692	 1	270,53	 87,51	  15,6	  21,5	  27,4	  29,7	  25,4	  18,5
*	     8,8159	 1	245,71	 87,73	  14,4	  20,3	  26,2	  28,5	  24,2	  17,3
*	    10,0133	 1	227,64	 88,16	  11,6	  17,5	  23,4	  25,7	  21,4	  14,5
*	    11,6662	 1	216,08	 88,54	   8,6	  14,5	  20,4	  22,7	  18,4	  11,5
*	    13,5918	 1	208,62	 88,80	   5,8	  11,7	  17,6	  19,9	  15,6	   8,7
*	    15,7005	 1	203,56	 89,01	   3,3	   9,2	  15,1	  17,4	  13,1	   6,2
*	    17,9476	 1	199,95	 89,14	   1,1	   7,0	  12,9	  15,2	  10,9	   4,0
*	    20,3083	 1	197,28	 89,26	  -0,8	   5,1	  11,0	  13,3	   9,0	   2,0
s	    10,4451	 2	268,91	 94,22	  30,9	  31,4	  23,2	  22,9	  17,6	  24,1
s	    10,4916	 2	271,16	 94,22	  30,9	  31,4	  23,1	  22,8	  17,6	  24,0
*	    13,4247	 1	102,73	 94,28	  10,1	  10,8	   3,1	   3,5	  -1,4	   5,5
*	    15,9118	 1	107,49	 94,40	   6,9	   7,7	  -0,0	   0,3	  -4,6	   2,3
*	    12,6333	 1	102,77	 89,52	  10,9	  11,6	   3,9	   4,3	  -0,6	   6,3
*	    15,2422	 1	107,55	 89,58	   7,4	   8,2	   0,5	   0,8	  -4,1	   2,8
*	    13,3848	 1	102,82	 84,73	   9,9	  10,7	   3,0	   3,3	  -1,5	   5,3
*	    15,8290	 1	107,61	 84,76	   6,8	   7,6	  -0,1	   0,3	  -4,6	   2,2
*	    15,4563	 1	102,86	 79,99	   7,8	   8,5	   0,8	   1,2	  -3,7	   3,1
*	    17,5624	 1	107,67	 79,96	   5,4	   6,2	  -1,5	  -1,2	  -6,1	   0,8
*	    18,4718	 1	102,90	 75,35	   5,2	   6,0	  -1,7	  -1,4	  -6,3	   0,5
*	    20,2201	 1	107,73	 75,28	   3,5	   4,3	  -3,4	  -3,1	  -8,0	  -1,2
*	    22,1449	 1	102,95	 70,87	   2,6	   3,4	  -4,3	  -4,0	  -8,9	  -2,1
*	    23,5865	 1	107,79	 70,76	   1,4	   2,2	  -5,5	  -5,2	 -10,1	  -3,3
*	    26,3008	 1	102,99	 66,59	   0,2	   0,9	  -6,8	  -6,4	 -11,3	  -4,5
*	    27,4979	 1	107,85	 66,45	  -0,7	   0,1	  -7,6	  -7,3	 -12,2	  -5,4
*	    35,8239	 1	109,14	 59,32	  -4,5	  -3,7	 -11,4	 -11,1	 -16,0	  -9,3
*	    34,7838	 1	104,22	 59,46	  -3,9	  -3,1	 -10,9	 -10,5	 -15,4	  -8,7
*	    31,2441	 1	109,07	 63,19	  -2,5	  -1,8	  -9,5	  -9,1	 -14,0	  -7,3
*	    30,0374	 1	104,17	 63,31	  -1,8	  -1,0	  -8,7	  -8,4	 -13,3	  -6,5
*	    13,0376	 1	 48,93	 95,71	 -16,3	 -10,4	  -4,5	  -2,2	  -6,5	 -13,4
*	    13,2322	 1	 52,49	 95,96	 -14,9	  -9,0	  -3,1	  -0,8	  -5,1	 -12,0
*	    16,7358	 1	 71,09	 94,43	   6,1	   6,9	  -0,8	  -0,5	  -5,4	   1,5
*	    14,1089	 1	 75,87	 94,31	   9,1	   9,9	   2,2	   2,6	  -2,3	   4,5
*	    16,0932	 1	 71,02	 89,61	   6,5	   7,3	  -0,4	  -0,0	  -4,9	   1,9
*	    13,3592	 1	 75,82	 89,53	   9,8	  10,6	   2,9	   3,3	  -1,6	   5,2
*	    16,6434	 1	 70,96	 84,77	   6,0	   6,8	  -0,9	  -0,5	  -5,4	   1,4
*	    14,0546	 1	 75,77	 84,73	   9,0	   9,8	   2,1	   2,4	  -2,4	   4,4
*	    18,2955	 1	 70,89	 79,97	   4,8	   5,5	  -2,2	  -1,8	  -6,7	   0,1
*	    16,0157	 1	 75,72	 79,98	   7,1	   7,9	   0,2	   0,5	  -4,4	   2,5
*	    20,8585	 1	 70,83	 75,28	   3,0	   3,8	  -3,9	  -3,6	  -8,5	  -1,7
*	    18,9208	 1	 75,67	 75,33	   4,8	   5,5	  -2,2	  -1,8	  -6,7	   0,1
*	    24,1363	 1	 70,76	 70,74	   1,1	   1,8	  -5,9	  -5,5	 -10,4	  -3,6
*	    22,5039	 1	 75,62	 70,83	   2,3	   3,1	  -4,6	  -4,2	  -9,1	  -2,3
*	    27,9722	 1	 70,69	 66,42	  -0,9	  -0,2	  -7,9	  -7,5	 -12,5	  -5,7
*	    26,5907	 1	 75,57	 66,54	  -0,0	   0,8	  -6,9	  -6,6	 -11,5	  -4,7
*	    34,6918	 1	 76,59	 59,51	  -3,8	  -3,0	 -10,7	 -10,4	 -15,3	  -8,6
*	    35,5953	 1	 71,70	 59,33	  -4,3	  -3,5	 -11,3	 -10,9	 -15,8	  -9,1
*	    29,9224	 1	 76,63	 63,36	  -1,6	  -0,9	  -8,6	  -8,2	 -13,1	  -6,4
*	    30,9843	 1	 71,76	 63,20	  -2,3	  -1,6	  -9,3	  -8,9	 -13,8	  -7,1
*	    13,6790	 1	 55,55	 96,16	 -13,6	  -7,7	  -1,8	   0,5	  -3,8	 -10,7
*	    30,0089	 1	119,95	 67,58	  -0,6	   0,2	  -7,5	  -7,2	 -12,1	  -5,3
*	    28,2852	 1	114,99	 67,77	   0,5	   1,2	  -6,5	  -6,1	 -11,0	  -4,3
*	    26,8481	 1	119,85	 72,10	   0,8	   1,6	  -6,1	  -5,7	 -10,7	  -3,9
*	    24,9185	 1	114,90	 72,24	   2,1	   2,9	  -4,8	  -4,5	  -9,4	  -2,6
*	    24,3233	 1	119,75	 76,82	   2,1	   2,8	  -4,9	  -4,5	  -9,4	  -2,6
*	    22,1861	 1	114,81	 76,90	   3,6	   4,4	  -3,3	  -3,0	  -7,9	  -1,1
*	    22,5395	 1	119,64	 81,71	   3,0	   3,8	  -3,9	  -3,6	  -8,5	  -1,7
*	    20,2209	 1	114,73	 81,71	   4,8	   5,5	  -2,2	  -1,8	  -6,7	   0,1
*	    21,5919	 1	119,54	 86,69	   3,5	   4,3	  -3,4	  -3,1	  -8,0	  -1,2
*	    19,1551	 1	114,64	 86,62	   5,4	   6,2	  -1,5	  -1,1	  -6,0	   0,8
*	    21,5430	 1	119,44	 91,69	   3,6	   4,3	  -3,4	  -3,0	  -7,9	  -1,1
*	    19,0827	 1	114,56	 91,54	   5,5	   6,3	  -1,4	  -1,0	  -5,9	   0,9
*	    38,5492	 1	120,18	 58,71	  -3,9	  -3,2	 -10,9	 -10,5	 -15,5	  -8,8
*	    37,2065	 1	115,18	 58,98	  -3,3	  -2,5	 -10,2	  -9,9	 -14,8	  -8,1
*	    34,3380	 1	120,08	 62,66	  -2,3	  -1,6	  -9,3	  -8,9	 -13,9	  -7,1
*	    32,8319	 1	115,09	 62,90	  -1,5	  -0,8	  -8,5	  -8,1	 -13,1	  -6,3
*	    22,1134	 1	 60,35	 94,83	   3,3	   4,1	  -3,6	  -3,3	  -8,2	  -1,4
*	    19,6990	 1	 65,22	 94,63	   5,2	   6,0	  -1,7	  -1,4	  -6,3	   0,5
*	    21,5886	 1	 60,25	 89,85	   3,6	   4,3	  -3,4	  -3,0	  -7,9	  -1,1
*	    19,1334	 1	 65,14	 89,73	   5,5	   6,3	  -1,4	  -1,1	  -6,0	   0,9
*	    21,9705	 1	 60,14	 84,85	   3,3	   4,1	  -3,6	  -3,2	  -8,2	  -1,3
*	    19,5751	 1	 65,05	 84,80	   5,2	   6,0	  -1,7	  -1,4	  -6,3	   0,5
*	    23,2293	 1	 60,04	 79,90	   2,7	   3,4	  -4,3	  -3,9	  -8,8	  -2,0
*	    20,9773	 1	 64,96	 79,92	   4,3	   5,1	  -2,6	  -2,3	  -7,2	  -0,4
*	    25,2893	 1	 59,94	 75,05	   1,6	   2,4	  -5,3	  -5,0	  -9,9	  -3,1
*	    23,2294	 1	 64,88	 75,15	   3,0	   3,8	  -3,9	  -3,5	  -8,5	  -1,7
*	    28,0506	 1	 59,83	 70,40	   0,3	   1,1	  -6,6	  -6,3	 -11,2	  -4,4
*	    26,1978	 1	 64,79	 70,56	   1,5	   2,3	  -5,4	  -5,1	 -10,0	  -3,2
*	    31,4101	 1	 59,73	 65,97	  -1,1	  -0,4	  -8,1	  -7,7	 -12,6	  -5,9
*	    29,7565	 1	 64,70	 66,18	  -0,2	   0,6	  -7,1	  -6,8	 -11,7	  -4,9
*	    37,0478	 1	 65,68	 59,07	  -3,1	  -2,4	 -10,1	  -9,7	 -14,7	  -8,0
*	    38,2665	 1	 60,71	 58,74	  -3,8	  -3,0	 -10,7	 -10,4	 -15,3	  -8,6
*	    32,6467	 1	 65,77	 62,98	  -1,4	  -0,6	  -8,3	  -8,0	 -12,9	  -6,2
*	    34,0253	 1	 60,81	 62,69	  -2,1	  -1,4	  -9,1	  -8,7	 -13,7	  -6,9
*	    21,5669	 1	183,62	 94,35	  -8,8	  -2,9	   3,0	   5,3	   1,0	  -6,0
*	    21,9023	 1	184,75	 94,39	  -3,9	   2,0	   7,9	  10,2	   5,9	  -1,1
*	    21,9833	 1	185,24	 90,49	  -7,5	  -1,6	   4,3	   6,6	   2,3	  -4,7
*	    24,6809	 1	184,72	 90,45	  -9,1	  -3,2	   2,7	   5,0	   0,7	  -6,3
*	    27,4479	 1	184,27	 90,41	 -10,6	  -4,7	   1,2	   3,5	  -0,8	  -7,8
*	    30,2805	 1	183,92	 90,37	 -12,0	  -6,1	  -0,2	   2,1	  -2,2	  -9,3
*	    33,1746	 1	183,61	 90,33	 -13,3	  -7,4	  -1,6	   0,8	  -3,6	 -10,6
*	    22,0763	 1	354,86	 93,03	  -7,5	  -1,6	   4,2	   6,6	   2,3	  -4,7
*	    22,1354	 1	263,92	 79,51	  10,3	  11,1	   3,4	   3,8	  -1,1	   5,7
*	    23,8036	 1	264,00	 63,53	   8,8	   9,6	   1,9	   2,3	  -2,7	   4,1
*	    26,4736	 1	264,08	 51,24	   6,7	   7,5	  -0,2	   0,1	  -4,8	   2,0
*	    28,9082	 1	275,86	 44,37	   5,0	   5,8	  -1,9	  -1,6	  -6,5	   0,3
*	    25,6844	 1	275,93	 54,14	   7,3	   8,1	   0,4	   0,7	  -4,2	   2,6
*	    23,2501	 1	276,01	 67,42	   9,3	  10,1	   2,4	   2,7	  -2,2	   4,6
*	    29,5754	 1	289,75	 46,06	   4,6	   5,3	  -2,4	  -2,0	  -7,0	  -0,2
*	    26,4359	 1	289,99	 55,76	   6,7	   7,5	  -0,2	   0,1	  -4,8	   2,0
*	    24,0868	 1	290,23	 68,65	   8,6	   9,3	   1,6	   2,0	  -2,9	   3,9
*	    33,6600	 1	131,13	 66,90	  -0,8	  -0,1	  -7,8	  -7,4	 -12,4	  -5,6
*	    31,9960	 1	126,02	 67,20	  -0,0	   0,7	  -7,0	  -6,6	 -11,5	  -4,8
*	    30,8211	 1	130,98	 71,59	   0,2	   1,0	  -6,7	  -6,3	 -11,3	  -4,5
*	    29,0257	 1	125,89	 71,80	   1,2	   2,0	  -5,8	  -5,4	 -10,3	  -3,6
*	    28,5989	 1	130,84	 76,51	   1,1	   1,9	  -5,8	  -5,4	 -10,4	  -3,6
*	    26,6823	 1	125,77	 76,63	   2,2	   3,0	  -4,7	  -4,4	  -9,3	  -2,5
*	    27,0624	 1	130,70	 81,62	   1,8	   2,6	  -5,2	  -4,8	  -9,7	  -2,9
*	    25,0479	 1	125,64	 81,64	   2,9	   3,7	  -4,0	  -3,6	  -8,6	  -1,8
*	    26,2666	 1	130,56	 86,83	   2,1	   2,9	  -4,8	  -4,4	  -9,4	  -2,6
*	    24,1913	 1	125,52	 86,74	   3,4	   4,1	  -3,6	  -3,2	  -8,1	  -1,3
*	    26,2440	 1	130,42	 92,08	   2,2	   2,9	  -4,8	  -4,4	  -9,3	  -2,6
*	    24,1548	 1	125,40	 91,86	   3,4	   4,2	  -3,5	  -3,2	  -8,1	  -1,3
*	    39,1983	 1	125,16	 58,96	  -2,7	  -1,9	  -9,6	  -9,3	 -14,2	  -7,5
*	    40,4983	 1	130,26	 58,51	  -3,2	  -2,5	 -10,2	  -9,9	 -14,8	  -8,1
*	    43,5920	 1	125,28	 55,21	  -4,2	  -3,4	 -11,1	 -10,8	 -15,7	  -9,1
*	    44,7789	 1	130,40	 54,72	  -4,7	  -3,9	 -11,6	 -11,3	 -16,2	  -9,6
*	    26,4603	 1	 49,20	 92,99	   2,1	   2,9	  -4,8	  -4,5	  -9,4	  -2,6
*	    24,3877	 1	 54,22	 92,76	   3,3	   4,1	  -3,6	  -3,3	  -8,2	  -1,4
*	    26,3478	 1	 49,05	 87,75	   2,1	   2,9	  -4,8	  -4,5	  -9,4	  -2,6
*	    24,2806	 1	 54,10	 87,63	   3,3	   4,1	  -3,6	  -3,2	  -8,2	  -1,4
*	    27,0083	 1	 48,91	 82,51	   1,8	   2,6	  -5,1	  -4,7	  -9,7	  -2,9
*	    24,9932	 1	 53,97	 82,51	   3,0	   3,8	  -3,9	  -3,6	  -8,5	  -1,7
*	    28,4146	 1	 48,77	 77,37	   1,3	   2,0	  -5,7	  -5,3	 -10,3	  -3,5
*	    26,4899	 1	 53,85	 77,48	   2,3	   3,1	  -4,6	  -4,3	  -9,2	  -2,4
*	    30,5155	 1	 48,63	 72,40	   0,4	   1,2	  -6,5	  -6,2	 -11,1	  -4,4
*	    28,7067	 1	 53,72	 72,60	   1,3	   2,1	  -5,6	  -5,2	 -10,2	  -3,4
*	    33,2447	 1	 48,48	 67,66	  -0,6	   0,1	  -7,6	  -7,2	 -12,2	  -5,4
*	    31,5641	 1	 53,60	 67,95	   0,2	   0,9	  -6,8	  -6,4	 -11,3	  -4,6
*	    36,5296	 1	 48,33	 63,20	  -1,9	  -1,1	  -8,8	  -8,5	 -13,4	  -6,7
*	    34,9789	 1	 53,47	 63,55	  -1,1	  -0,4	  -8,1	  -7,7	 -12,7	  -6,0
*	    44,3903	 1	 54,41	 54,62	  -4,4	  -3,6	 -11,3	 -11,0	 -16,0	  -9,3
*	    45,5482	 1	 49,29	 54,11	  -4,9	  -4,1	 -11,8	 -11,5	 -16,4	  -9,8
*	    39,9465	 1	 54,53	 58,32	  -2,9	  -2,1	  -9,9	  -9,5	 -14,4	  -7,8
*	    41,2142	 1	 49,43	 57,85	  -3,4	  -2,7	 -10,4	 -10,1	 -15,0	  -8,3
*	    35,8859	 1	 54,66	 62,32	  -1,4	  -0,7	  -8,4	  -8,0	 -13,0	  -6,3
*	    37,2744	 1	 49,57	 61,90	  -2,1	  -1,3	  -9,0	  -8,7	 -13,6	  -6,9
*	    29,8030	 1	247,65	 46,59	   4,4	   5,2	  -2,5	  -2,2	  -7,1	  -0,3
*	    26,6905	 1	247,39	 56,26	   6,5	   7,3	  -0,4	  -0,1	  -5,0	   1,8
*	    24,3682	 1	247,12	 69,02	   8,3	   9,1	   1,4	   1,7	  -3,2	   3,6
*	    24,8522	 1	193,86	 89,40	  -4,0	   1,9	   7,8	  10,1	   5,8	  -1,2
*	    27,4661	 1	192,49	 89,46	  -5,5	   0,4	   6,3	   8,6	   4,3	  -2,8
*	    30,1553	 1	191,36	 89,50	  -6,9	  -1,0	   4,8	   7,2	   2,8	  -4,2
*	    32,9141	 1	190,42	 89,54	  -8,3	  -2,4	   3,5	   5,8	   1,5	  -5,6
*	    30,9410	 1	301,47	 49,05	   3,7	   4,4	  -3,3	  -2,9	  -7,8	  -1,1
*	    27,9552	 1	301,79	 58,56	   5,6	   6,4	  -1,4	  -1,0	  -5,9	   0,8
*	    25,7547	 1	302,12	 70,69	   7,2	   7,9	   0,2	   0,6	  -4,3	   2,5
*	    28,3547	 1	236,13	 59,21	   5,3	   6,1	  -1,6	  -1,3	  -6,2	   0,6
*	    26,1888	 1	235,78	 71,16	   6,8	   7,6	  -0,1	   0,3	  -4,7	   2,1
*	    27,2026	 1	228,37	 82,27	   6,0	   6,8	  -0,9	  -0,6	  -5,5	   1,3
*	    28,5587	 1	228,73	 69,79	   5,1	   5,9	  -1,8	  -1,5	  -6,4	   0,4
*	    30,8079	 1	229,09	 59,15	   3,7	   4,5	  -3,2	  -2,9	  -7,8	  -1,1
s	    27,2793	 1	 90,00	 33,61	  28,8	  32,1	  22,1	  22,5	  26,0	  23,4
*	    43,1119	 1	349,93	 31,76	   6,5	   9,8	  -0,2	   0,2	   3,7	   1,0
*	    36,9056	 1	 23,22	 33,16	   8,0	  11,4	   1,4	   1,8	   5,3	   2,6
*	    34,4726	 1	 46,01	 40,41	   8,5	  11,9	   1,9	   2,2	   5,8	   3,1
*	    35,6767	 1	 58,66	 48,26	   8,2	  11,5	   1,5	   1,9	   5,4	   2,8
*	    37,3471	 1	335,68	 14,73	   8,7	  12,0	   2,1	   2,4	   5,9	   3,3
*	    30,9128	 1	 47,50	 19,25	  10,3	  13,7	   3,7	   4,1	   7,6	   5,0
*	    28,4740	 1	 69,23	 33,23	  10,7	  14,1	   4,1	   4,5	   8,0	   5,4
*	    29,7388	 1	 76,55	 44,54	  10,4	  13,7	   3,8	   4,1	   7,6	   5,0
*	    34,7548	 1	 80,09	 52,67	   9,1	  12,4	   2,5	   2,8	   6,3	   3,7
*	    36,5639	 1	219,72	  9,62	   9,0	  12,4	   2,4	   2,7	   6,3	   3,6
*	    30,1006	 1	116,52	 16,05	  10,7	  14,0	   4,0	   4,4	   7,9	   5,3
*	    27,6656	 1	101,69	 32,02	  11,1	  14,4	   4,4	   4,8	   8,3	   5,7
*	    28,9388	 1	 97,44	 43,98	  10,7	  14,0	   4,1	   4,4	   8,0	   5,3
*	    33,9767	 1	 95,45	 52,38	   9,4	  12,7	   2,8	   3,1	   6,7	   4,0
*	    40,9590	 1	192,23	 27,11	   7,3	  10,6	   0,6	   1,0	   4,5	   1,8
*	    34,6662	 1	152,43	 29,08	   8,9	  12,2	   2,2	   2,6	   6,1	   3,5
*	    32,2264	 1	128,43	 38,01	   9,3	  12,7	   2,7	   3,1	   6,6	   4,0
*	    33,4541	 1	116,58	 46,94	   9,0	  12,3	   2,3	   2,7	   6,2	   3,6
*	    43,6202	 1	163,29	 41,83	   5,7	   9,0	  -0,9	  -0,6	   2,9	   0,2
*	    41,2379	 1	144,07	 46,21	   6,2	   9,5	  -0,4	  -0,1	   3,4	   0,7
*	    28,1291	 1	135,43	 93,24	   2,4	   3,2	  -4,5	  -4,2	  -9,1	  -2,3
*	    29,6871	 1	140,58	 93,56	   1,7	   2,4	  -5,3	  -4,9	  -9,8	  -3,1
*	    28,0116	 1	135,59	 87,87	   2,4	   3,2	  -4,5	  -4,1	  -9,1	  -2,3
*	    29,5639	 1	140,76	 88,01	   1,7	   2,5	  -5,2	  -4,9	  -9,8	  -3,0
*	    28,6362	 1	135,75	 82,51	   2,2	   3,0	  -4,8	  -4,4	  -9,3	  -2,6
*	    30,1590	 1	140,94	 82,48	   1,5	   2,2	  -5,5	  -5,1	 -10,0	  -3,3
*	    29,9805	 1	135,91	 77,24	   1,7	   2,4	  -5,3	  -4,9	  -9,9	  -3,1
*	    31,4535	 1	141,11	 77,05	   1,0	   1,8	  -6,0	  -5,6	 -10,5	  -3,8
*	    32,0010	 1	136,07	 72,16	   0,9	   1,6	  -6,1	  -5,7	 -10,6	  -3,9
*	    33,4092	 1	141,29	 71,83	   0,3	   1,0	  -6,7	  -6,3	 -11,3	  -4,5
*	    34,6395	 1	136,23	 67,33	  -0,1	   0,7	  -7,0	  -6,7	 -11,6	  -4,9
*	    35,9737	 1	141,47	 66,88	  -0,6	   0,1	  -7,6	  -7,2	 -12,2	  -5,5
*	    37,8303	 1	136,39	 62,80	  -1,2	  -0,5	  -8,2	  -7,8	 -12,8	  -6,1
*	    39,0864	 1	141,66	 62,25	  -1,7	  -0,9	  -8,7	  -8,3	 -13,3	  -6,6
*	    48,4136	 1	143,43	 52,68	  -4,7	  -3,9	 -11,6	 -11,3	 -16,2	  -9,6
*	    47,2232	 1	138,05	 53,32	  -4,3	  -3,5	 -11,2	 -10,9	 -15,8	  -9,2
*	    44,2867	 1	143,24	 56,53	  -3,4	  -2,6	 -10,4	 -10,0	 -15,0	  -8,3
*	    43,0203	 1	137,88	 57,12	  -3,0	  -2,2	  -9,9	  -9,6	 -14,5	  -7,9
*	    40,5656	 1	143,06	 60,72	  -2,2	  -1,4	  -9,2	  -8,8	 -13,8	  -7,1
*	    39,2204	 1	137,71	 61,24	  -1,7	  -0,9	  -8,7	  -8,3	 -13,3	  -6,6
*	    32,9238	 1	310,64	 52,63	   2,5	   3,2	  -4,5	  -4,1	  -9,0	  -2,3
*	    30,1263	 1	311,00	 61,76	   4,1	   4,9	  -2,8	  -2,5	  -7,4	  -0,6
*	    28,0971	 1	311,36	 72,94	   5,4	   6,2	  -1,5	  -1,2	  -6,1	   0,7
*	    35,2845	 1	 43,32	 66,46	  -0,3	   0,5	  -7,3	  -6,9	 -11,8	  -5,1
*	    36,6023	 1	 38,05	 65,99	  -0,8	  -0,1	  -7,8	  -7,4	 -12,4	  -5,7
*	    32,5484	 1	 43,49	 71,25	   0,7	   1,5	  -6,3	  -5,9	 -10,8	  -4,1
*	    33,9398	 1	 38,23	 70,89	   0,1	   0,9	  -6,8	  -6,5	 -11,4	  -4,7
*	    30,4181	 1	 43,65	 76,30	   1,5	   2,3	  -5,4	  -5,1	 -10,0	  -3,3
*	    31,8750	 1	 38,42	 76,08	   0,9	   1,6	  -6,1	  -5,7	 -10,7	  -3,9
*	    28,9531	 1	 43,81	 81,55	   2,1	   2,8	  -4,9	  -4,5	  -9,4	  -2,7
*	    30,4618	 1	 38,60	 81,49	   1,4	   2,2	  -5,6	  -5,2	 -10,1	  -3,4
*	    28,1996	 1	 43,97	 86,91	   2,4	   3,2	  -4,6	  -4,2	  -9,1	  -2,4
*	    29,7410	 1	 38,77	 87,02	   1,7	   2,4	  -5,3	  -4,9	  -9,8	  -3,1
*	    28,1838	 1	 44,13	 92,30	   2,4	   3,2	  -4,5	  -4,2	  -9,1	  -2,3
*	    29,7353	 1	 38,95	 92,59	   1,7	   2,4	  -5,3	  -4,9	  -9,8	  -3,1
*	    40,1572	 1	 36,60	 61,30	  -2,0	  -1,3	  -9,0	  -8,6	 -13,6	  -6,9
*	    38,8078	 1	 41,96	 61,82	  -1,5	  -0,8	  -8,5	  -8,2	 -13,1	  -6,4
*	    43,8119	 1	 36,41	 57,06	  -3,2	  -2,5	 -10,2	  -9,8	 -14,8	  -8,1
*	    42,5402	 1	 41,79	 57,64	  -2,8	  -2,0	  -9,7	  -9,4	 -14,3	  -7,7
*	    47,8806	 1	 36,22	 53,16	  -4,5	  -3,7	 -11,4	 -11,1	 -16,0	  -9,4
*	    46,6842	 1	 41,61	 53,78	  -4,1	  -3,3	 -11,0	 -10,7	 -15,7	  -9,0
*	    30,3572	 1	270,02	 40,99	   2,5	   3,2	  -4,5	  -4,1	  -9,1	  -2,3
*	    30,7136	 1	255,66	 41,94	   2,2	   3,0	  -4,7	  -4,3	  -9,3	  -2,5
*	    31,7590	 1	297,00	 44,49	   1,6	   2,4	  -5,3	  -5,0	  -9,9	  -3,2
*	    30,7142	 1	284,39	 41,94	   2,2	   3,0	  -4,7	  -4,4	  -9,3	  -2,5
*	    30,7985	 1	319,80	 83,45	   3,6	   4,4	  -3,4	  -3,0	  -7,9	  -1,2
*	    32,0119	 1	319,44	 72,63	   2,9	   3,7	  -4,0	  -3,7	  -8,6	  -1,9
*	    34,0486	 1	319,09	 63,03	   1,8	   2,6	  -5,2	  -4,8	  -9,7	  -3,0
*	    31,4304	 1	147,23	 92,55	   1,8	   2,6	  -5,1	  -4,8	  -9,7	  -3,0
*	    32,5585	 1	152,68	 92,90	   1,5	   2,2	  -5,5	  -5,1	 -10,1	  -3,3
*	    31,4740	 1	147,43	 86,78	   1,8	   2,6	  -5,1	  -4,8	  -9,7	  -3,0
*	    32,5934	 1	152,90	 86,90	   1,4	   2,2	  -5,5	  -5,2	 -10,1	  -3,3
*	    32,2134	 1	147,63	 81,04	   1,5	   2,3	  -5,4	  -5,1	 -10,0	  -3,3
*	    33,3161	 1	153,12	 80,93	   1,2	   1,9	  -5,8	  -5,4	 -10,3	  -3,6
*	    33,6272	 1	147,84	 75,45	   1,0	   1,8	  -5,9	  -5,6	 -10,5	  -3,8
*	    34,7067	 1	153,35	 75,15	   0,7	   1,5	  -6,3	  -5,9	 -10,8	  -4,1
*	    35,6774	 1	148,04	 70,11	   0,3	   1,1	  -6,7	  -6,3	 -11,2	  -4,5
*	    36,7282	 1	153,57	 69,63	  -0,0	   0,7	  -7,0	  -6,6	 -11,6	  -4,9
*	    38,3133	 1	148,24	 65,08	  -0,6	   0,2	  -7,6	  -7,2	 -12,2	  -5,5
*	    39,3315	 1	153,79	 64,45	  -0,9	  -0,1	  -7,9	  -7,5	 -12,5	  -5,8
*	    44,8172	 1	148,64	 56,45	  -2,7	  -2,0	  -9,7	  -9,3	 -14,3	  -7,6
*	    45,7659	 1	154,22	 55,62	  -3,0	  -2,2	  -9,9	  -9,6	 -14,5	  -7,9
*	    48,8311	 1	148,84	 52,50	  -3,9	  -3,2	 -10,9	 -10,6	 -15,5	  -8,9
*	    49,7422	 1	154,45	 51,63	  -4,2	  -3,4	 -11,1	 -10,8	 -15,8	  -9,1
*	    38,1897	 1	 31,40	 65,38	  -0,5	   0,2	  -7,5	  -7,2	 -12,1	  -5,4
*	    39,1982	 1	 25,84	 64,75	  -0,8	  -0,1	  -7,8	  -7,4	 -12,4	  -5,7
*	    35,5952	 1	 31,61	 70,44	   0,3	   1,1	  -6,6	  -6,3	 -11,2	  -4,5
*	    36,6349	 1	 26,07	 69,96	   0,0	   0,8	  -6,9	  -6,6	 -11,5	  -4,8
*	    33,5898	 1	 31,81	 75,81	   1,1	   1,8	  -5,9	  -5,5	 -10,5	  -3,7
*	    34,6568	 1	 26,29	 75,52	   0,7	   1,5	  -6,2	  -5,9	 -10,8	  -4,1
*	    32,2233	 1	 32,01	 81,42	   1,5	   2,3	  -5,4	  -5,0	 -10,0	  -3,2
*	    33,3124	 1	 26,51	 81,33	   1,2	   2,0	  -5,7	  -5,4	 -10,3	  -3,6
*	    31,5328	 1	 32,22	 87,18	   1,8	   2,6	  -5,1	  -4,8	  -9,7	  -3,0
*	    32,6376	 1	 26,74	 87,32	   1,5	   2,2	  -5,5	  -5,1	 -10,1	  -3,3
*	    31,5380	 1	 32,42	 92,98	   1,8	   2,6	  -5,1	  -4,8	  -9,7	  -3,0
*	    32,6510	 1	 26,96	 93,33	   1,4	   2,2	  -5,5	  -5,2	 -10,1	  -3,3
*	    49,5269	 1	 30,75	 51,89	  -4,1	  -3,4	 -11,1	 -10,7	 -15,7	  -9,1
*	    50,4242	 1	 25,13	 51,00	  -4,4	  -3,6	 -11,3	 -11,0	 -15,9	  -9,3
*	    45,4591	 1	 30,96	 55,78	  -2,9	  -2,1	  -9,9	  -9,5	 -14,5	  -7,8
*	    46,3928	 1	 25,36	 54,95	  -3,1	  -2,4	 -10,1	  -9,8	 -14,7	  -8,1
*	    41,7979	 1	 31,16	 60,05	  -1,7	  -1,0	  -8,7	  -8,3	 -13,3	  -6,6
*	    42,7674	 1	 25,58	 59,29	  -2,0	  -1,2	  -9,0	  -8,6	 -13,6	  -6,9
*	    36,0091	 1	221,18	 56,92	   0,8	   1,5	  -6,2	  -5,8	 -10,8	  -4,0
*	    33,4458	 1	220,83	 65,44	   2,1	   2,9	  -4,8	  -4,5	  -9,4	  -2,7
*	    31,6163	 1	220,48	 75,40	   3,1	   3,9	  -3,8	  -3,5	  -8,4	  -1,7
*	    31,7620	 1	297,02	 44,49	   1,6	   2,3	  -5,4	  -5,0	 -10,0	  -3,2
s	    31,8319	 2	 91,22	 38,42	  27,4	  25,5	   1,6	   1,9	   5,4	  16,0
s	    31,8623	 2	 88,70	 38,45	  27,4	  25,5	   1,6	   1,9	   5,4	  16,0
s	    32,6332	 2	 90,00	 30,56	  26,0	  30,4	  21,5	  22,1	  25,7	  23,1
*	    33,4392	 1	232,87	 47,93	   0,6	   1,4	  -6,3	  -6,0	 -10,9	  -4,2
*	    33,7208	 1	208,49	 84,22	   1,2	   2,0	  -5,7	  -5,4	 -10,3	  -3,6
*	    34,8205	 1	208,84	 74,83	   0,7	   1,5	  -6,3	  -5,9	 -10,8	  -4,1
*	    36,6794	 1	209,19	 66,27	  -0,2	   0,6	  -7,2	  -6,8	 -11,7	  -5,0
*	    39,2087	 1	209,54	 58,73	  -1,3	  -0,6	  -8,3	  -8,0	 -12,9	  -6,2
*	    42,3122	 1	209,89	 52,28	  -2,7	  -1,9	  -9,6	  -9,3	 -14,2	  -7,5
*	    44,2756	 1	210,08	 49,10	  -3,4	  -2,7	 -10,4	 -10,0	 -15,0	  -8,3
*	    33,7676	 1	159,72	 91,01	   1,7	   2,5	  -5,3	  -4,9	  -9,8	  -3,1
*	    34,4518	 1	165,59	 91,33	   1,6	   2,4	  -5,3	  -5,0	  -9,9	  -3,2
*	    34,0493	 1	159,96	 84,71	   1,6	   2,4	  -5,3	  -5,0	  -9,9	  -3,2
*	    34,7274	 1	165,85	 84,72	   1,5	   2,3	  -5,4	  -5,1	 -10,0	  -3,3
*	    35,0098	 1	160,21	 78,50	   1,3	   2,0	  -5,7	  -5,3	 -10,3	  -3,6
*	    35,6855	 1	166,12	 78,23	   1,2	   2,0	  -5,8	  -5,4	 -10,3	  -3,6
*	    36,6228	 1	160,46	 72,55	   0,7	   1,4	  -6,3	  -5,9	 -10,9	  -4,1
*	    37,2988	 1	166,38	 72,02	   0,6	   1,4	  -6,3	  -6,0	 -10,9	  -4,2
*	    38,8462	 1	160,70	 66,94	  -0,1	   0,7	  -7,0	  -6,7	 -11,6	  -4,9
*	    39,5237	 1	166,65	 66,21	  -0,2	   0,6	  -7,1	  -6,8	 -11,7	  -5,0
*	    41,6277	 1	160,95	 61,75	  -1,0	  -0,3	  -8,0	  -7,6	 -12,6	  -5,9
*	    42,3062	 1	166,92	 60,86	  -1,1	  -0,3	  -8,1	  -7,7	 -12,7	  -6,0
*	    52,3659	 1	169,14	 48,65	  -4,2	  -3,5	 -11,2	 -10,8	 -15,8	  -9,2
*	    51,5883	 1	162,98	 49,68	  -4,1	  -3,3	 -11,1	 -10,7	 -15,7	  -9,1
*	    48,3730	 1	168,86	 52,70	  -3,0	  -2,3	 -10,0	  -9,6	 -14,6	  -8,0
*	    47,5870	 1	162,73	 53,69	  -2,9	  -2,1	  -9,9	  -9,5	 -14,5	  -7,8
*	    44,7803	 1	168,59	 57,22	  -1,9	  -1,1	  -8,8	  -8,5	 -13,4	  -6,8
*	    43,9889	 1	162,48	 58,14	  -1,8	  -1,0	  -8,7	  -8,4	 -13,3	  -6,7
*	    40,3880	 1	 18,74	 63,94	  -0,6	   0,2	  -7,5	  -7,2	 -12,1	  -5,5
*	    41,0577	 1	 12,76	 63,11	  -0,7	   0,1	  -7,6	  -7,3	 -12,2	  -5,5
*	    37,8470	 1	 18,99	 69,33	   0,3	   1,0	  -6,7	  -6,3	 -11,3	  -4,6
*	    38,5144	 1	 13,03	 68,69	   0,2	   1,0	  -6,7	  -6,4	 -11,3	  -4,6
*	    35,8881	 1	 19,24	 75,12	   1,0	   1,7	  -6,0	  -5,6	 -10,6	  -3,9
*	    36,5536	 1	 13,30	 74,70	   0,9	   1,7	  -6,0	  -5,7	 -10,6	  -3,9
*	    34,5598	 1	 19,49	 81,22	   1,4	   2,2	  -5,5	  -5,2	 -10,1	  -3,4
*	    35,2255	 1	 13,56	 81,06	   1,4	   2,2	  -5,6	  -5,2	 -10,1	  -3,4
*	    33,8980	 1	 19,73	 87,49	   1,7	   2,4	  -5,3	  -4,9	  -9,9	  -3,1
*	    34,5674	 1	 13,83	 87,65	   1,6	   2,4	  -5,3	  -5,0	  -9,9	  -3,2
*	    51,5251	 1	 17,96	 49,89	  -4,1	  -3,3	 -11,0	 -10,7	 -15,7	  -9,1
*	    52,1900	 1	 11,92	 48,79	  -4,2	  -3,4	 -11,1	 -10,8	 -15,8	  -9,2
*	    47,5247	 1	 18,21	 53,88	  -2,9	  -2,1	  -9,8	  -9,5	 -14,5	  -7,8
*	    48,1940	 1	 12,19	 52,83	  -3,0	  -2,2	  -9,9	  -9,6	 -14,6	  -7,9
*	    43,9279	 1	 18,46	 58,32	  -1,8	  -1,0	  -8,7	  -8,4	 -13,3	  -6,7
*	    44,5988	 1	 12,45	 57,35	  -1,8	  -1,1	  -8,8	  -8,5	 -13,4	  -6,7
*	    38,3820	 1	322,92	 59,52	  -0,5	   0,3	  -7,4	  -7,1	 -12,0	  -5,3
*	    35,9650	 1	323,25	 67,59	   0,7	   1,5	  -6,3	  -5,9	 -10,8	  -4,1
*	    34,2542	 1	323,59	 76,79	   1,6	   2,3	  -5,4	  -5,0	 -10,0	  -3,2
*	    40,9132	 1	330,21	 54,99	  -2,1	  -1,3	  -9,0	  -8,7	 -13,6	  -6,9
*	    38,0508	 1	330,56	 61,92	  -0,8	  -0,1	  -7,8	  -7,4	 -12,4	  -5,7
*	    35,8045	 1	330,90	 69,91	   0,2	   1,0	  -6,7	  -6,4	 -11,3	  -4,6
*	    34,2694	 1	331,26	 78,88	   1,0	   1,7	  -6,0	  -5,6	 -10,6	  -3,8
*	    45,4777	 1	331,40	 50,46	  -3,9	  -3,1	 -10,9	 -10,5	 -15,5	  -8,8
*	    38,9943	 1	216,10	 60,13	  -0,6	   0,2	  -7,5	  -7,2	 -12,1	  -5,4
*	    36,6120	 1	215,76	 68,08	   0,5	   1,3	  -6,4	  -6,1	 -11,0	  -4,3
*	    34,9287	 1	215,43	 77,10	   1,4	   2,1	  -5,6	  -5,2	 -10,2	  -3,4
s	    34,9483	 2	206,99	 92,31	  27,4	  27,9	  19,6	  19,3	  14,0	  20,3
s	    34,9913	 2	333,52	 92,30	  27,4	  27,9	  19,6	  19,3	  14,0	  20,3
s	    35,2163	 1	173,25	 90,96	  28,1	  28,9	  21,1	  21,5	  16,6	  23,3
*	    35,2399	 1	173,33	 89,13	   1,9	   2,7	  -5,0	  -4,7	  -9,6	  -2,9
*	    35,5136	 1	179,83	 89,36	   2,1	   2,9	  -4,8	  -4,5	  -9,4	  -2,7
*	    35,7704	 1	173,61	 82,16	   1,7	   2,5	  -5,2	  -4,9	  -9,8	  -3,1
*	    36,0474	 1	180,14	 82,00	   1,9	   2,7	  -5,0	  -4,7	  -9,6	  -2,9
*	    36,9834	 1	173,90	 75,39	   1,3	   2,1	  -5,7	  -5,3	 -10,2	  -3,5
*	    37,2763	 1	180,44	 74,89	   1,5	   2,2	  -5,5	  -5,1	 -10,1	  -3,4
*	    38,8424	 1	174,19	 69,01	   0,6	   1,4	  -6,3	  -6,0	 -10,9	  -4,2
*	    39,1600	 1	180,75	 68,23	   0,8	   1,5	  -6,2	  -5,8	 -10,8	  -4,1
*	    41,2960	 1	174,48	 63,13	  -0,3	   0,5	  -7,2	  -6,9	 -11,8	  -5,1
*	    41,6428	 1	181,05	 62,13	  -0,1	   0,6	  -7,1	  -6,8	 -11,7	  -5,0
*	    44,2846	 1	174,77	 57,80	  -1,3	  -0,5	  -8,2	  -7,9	 -12,8	  -6,2
*	    44,6611	 1	181,36	 56,64	  -1,2	  -0,4	  -8,2	  -7,8	 -12,8	  -6,1
*	    44,8907	 1	174,82	 56,88	  -1,5	  -0,7	  -8,4	  -8,1	 -13,0	  -6,4
*	    45,2725	 1	181,42	 55,69	  -1,4	  -0,7	  -8,4	  -8,0	 -13,0	  -6,3
*	    48,4339	 1	175,11	 52,20	  -2,6	  -1,9	  -9,6	  -9,2	 -14,2	  -7,6
*	    48,8423	 1	181,72	 50,93	  -2,6	  -1,8	  -9,6	  -9,2	 -14,2	  -7,5
*	    52,3814	 1	175,40	 48,05	  -3,8	  -3,1	 -10,8	 -10,5	 -15,4	  -8,8
*	    52,8117	 1	182,03	 46,75	  -3,8	  -3,1	 -10,8	 -10,5	 -15,4	  -8,8
s	    35,2454	 1	  6,19	 90,98	  28,1	  28,9	  21,1	  21,5	  16,6	  23,3
*	    41,8404	 1	  5,03	 62,05	  -0,4	   0,3	  -7,4	  -7,0	 -12,0	  -5,3
*	    42,1836	 1	358,43	 61,00	  -0,3	   0,4	  -7,3	  -6,9	 -11,9	  -5,2
*	    39,2824	 1	  5,32	 67,84	   0,5	   1,2	  -6,5	  -6,1	 -11,1	  -4,4
*	    39,5952	 1	358,73	 67,00	   0,6	   1,4	  -6,3	  -6,0	 -10,9	  -4,2
*	    37,3085	 1	  5,61	 74,15	   1,2	   2,0	  -5,8	  -5,4	 -10,3	  -3,6
*	    37,5948	 1	359,04	 73,58	   1,4	   2,1	  -5,6	  -5,2	 -10,2	  -3,5
*	    35,9725	 1	  5,90	 80,88	   1,7	   2,5	  -5,3	  -4,9	  -9,8	  -3,1
*	    36,2405	 1	359,35	 80,65	   1,9	   2,7	  -5,0	  -4,7	  -9,6	  -2,9
*	    35,3144	 1	  6,19	 87,85	   1,9	   2,7	  -5,0	  -4,7	  -9,6	  -2,9
*	    35,5762	 1	359,65	 88,01	   2,2	   2,9	  -4,8	  -4,4	  -9,4	  -2,7
*	    53,0019	 1	  4,12	 47,41	  -4,0	  -3,3	 -11,0	 -10,6	 -15,6	  -9,0
*	    53,4280	 1	357,47	 46,11	  -4,0	  -3,2	 -11,0	 -10,6	 -15,6	  -9,0
*	    49,0012	 1	  4,41	 51,51	  -2,8	  -2,0	  -9,8	  -9,4	 -14,4	  -7,7
*	    49,4053	 1	357,77	 50,23	  -2,8	  -2,0	  -9,7	  -9,4	 -14,3	  -7,7
*	    45,3966	 1	  4,70	 56,11	  -1,6	  -0,9	  -8,6	  -8,2	 -13,2	  -6,5
*	    45,7741	 1	358,08	 54,91	  -1,6	  -0,8	  -8,5	  -8,2	 -13,1	  -6,5
*	    35,7171	 1	188,36	 87,68	   2,5	   3,3	  -4,4	  -4,1	  -9,0	  -2,3
*	    35,3072	 1	195,62	 87,79	   3,1	   3,8	  -3,9	  -3,5	  -8,5	  -1,7
*	    36,4403	 1	188,69	 79,84	   2,2	   3,0	  -4,7	  -4,4	  -9,3	  -2,6
*	    36,0506	 1	195,95	 79,41	   2,8	   3,5	  -4,2	  -3,8	  -8,8	  -2,1
*	    36,2916	 1	204,15	 79,11	   3,1	   3,8	  -3,9	  -3,5	  -8,5	  -1,8
*	    37,8694	 1	189,01	 72,38	   1,6	   2,4	  -5,3	  -5,0	  -9,9	  -3,2
*	    37,5230	 1	196,29	 71,48	   2,1	   2,9	  -4,8	  -4,5	  -9,4	  -2,7
*	    37,7962	 1	204,49	 70,81	   2,4	   3,2	  -4,6	  -4,2	  -9,1	  -2,4
*	    39,9530	 1	189,34	 65,48	   0,8	   1,6	  -6,1	  -5,8	 -10,7	  -4,0
*	    39,6652	 1	196,63	 64,24	   1,2	   2,0	  -5,7	  -5,4	 -10,3	  -3,6
*	    39,9809	 1	204,83	 63,30	   1,4	   2,2	  -5,5	  -5,2	 -10,1	  -3,4
*	    42,6256	 1	189,66	 59,29	  -0,2	   0,6	  -7,1	  -6,8	 -11,7	  -5,1
*	    42,4033	 1	196,96	 57,81	   0,2	   0,9	  -6,8	  -6,5	 -11,4	  -4,7
*	    42,7643	 1	205,16	 56,69	   0,3	   1,1	  -6,6	  -6,3	 -11,2	  -4,6
*	    54,0936	 1	204,24	 41,85	  -3,8	  -3,0	 -10,7	 -10,4	 -15,3	  -8,8
*	    53,7388	 1	196,23	 43,19	  -3,8	  -3,0	 -10,8	 -10,4	 -15,4	  -8,8
*	    53,8917	 1	189,10	 44,95	  -4,0	  -3,2	 -11,0	 -10,6	 -15,6	  -9,0
*	    49,9566	 1	203,91	 45,98	  -2,4	  -1,6	  -9,4	  -9,0	 -14,0	  -7,3
*	    49,6370	 1	195,90	 47,33	  -2,5	  -1,7	  -9,4	  -9,1	 -14,1	  -7,4
*	    49,8477	 1	188,79	 49,08	  -2,7	  -2,0	  -9,7	  -9,4	 -14,3	  -7,7
*	    46,1917	 1	203,58	 50,81	  -1,1	  -0,3	  -8,0	  -7,7	 -12,6	  -6,0
*	    45,9145	 1	195,57	 52,14	  -1,2	  -0,4	  -8,2	  -7,8	 -12,8	  -6,1
*	    46,1900	 1	188,47	 53,82	  -1,5	  -0,7	  -8,5	  -8,1	 -13,1	  -6,4
*	    42,4629	 1	349,87	 59,60	  -0,1	   0,7	  -7,1	  -6,7	 -11,7	  -5,0
*	    42,2574	 1	342,51	 58,15	   0,2	   1,0	  -6,7	  -6,4	 -11,3	  -4,6
*	    42,6385	 1	334,27	 57,06	   0,4	   1,2	  -6,6	  -6,2	 -11,2	  -4,5
*	    39,8239	 1	350,19	 65,86	   0,9	   1,7	  -6,1	  -5,7	 -10,6	  -4,0
*	    39,5538	 1	342,85	 64,64	   1,3	   2,1	  -5,6	  -5,3	 -10,2	  -3,5
*	    39,8905	 1	334,60	 63,73	   1,5	   2,3	  -5,4	  -5,1	 -10,0	  -3,3
*	    37,7787	 1	350,52	 72,81	   1,7	   2,5	  -5,2	  -4,9	  -9,8	  -3,1
*	    37,4510	 1	343,18	 71,94	   2,2	   3,0	  -4,8	  -4,4	  -9,3	  -2,6
*	    37,7466	 1	334,94	 71,31	   2,5	   3,2	  -4,5	  -4,2	  -9,1	  -2,4
*	    36,3926	 1	350,84	 80,33	   2,3	   3,0	  -4,7	  -4,3	  -9,3	  -2,6
*	    36,0231	 1	343,52	 79,92	   2,8	   3,6	  -4,1	  -3,8	  -8,7	  -2,0
*	    36,2880	 1	335,27	 79,67	   3,1	   3,9	  -3,8	  -3,5	  -8,4	  -1,7
*	    35,7158	 1	351,17	 88,22	   2,5	   3,3	  -4,4	  -4,1	  -9,0	  -2,3
*	    35,3280	 1	343,86	 88,36	   3,1	   3,9	  -3,8	  -3,5	  -8,4	  -1,7
*	    45,7258	 1	336,40	 51,58	  -0,9	  -0,1	  -7,8	  -7,5	 -12,4	  -5,8
*	    45,4684	 1	344,40	 52,90	  -1,0	  -0,3	  -8,0	  -7,6	 -12,6	  -5,9
*	    45,7664	 1	351,49	 54,56	  -1,4	  -0,6	  -8,3	  -8,0	 -12,9	  -6,3
*	    49,4318	 1	336,07	 46,64	  -2,2	  -1,4	  -9,2	  -8,8	 -13,8	  -7,2
*	    49,1304	 1	344,07	 48,00	  -2,3	  -1,5	  -9,3	  -8,9	 -13,9	  -7,3
*	    49,3624	 1	351,17	 49,75	  -2,6	  -1,8	  -9,5	  -9,2	 -14,1	  -7,5
*	    53,5184	 1	335,74	 42,42	  -3,6	  -2,8	 -10,5	 -10,2	 -15,2	  -8,6
*	    53,1803	 1	343,74	 43,77	  -3,6	  -2,9	 -10,6	 -10,2	 -15,2	  -8,6
*	    53,3529	 1	350,85	 45,52	  -3,8	  -3,1	 -10,8	 -10,5	 -15,4	  -8,8
*	    35,5735	 1	213,46	 84,52	  -1,3	  -0,5	  -8,2	  -7,9	 -12,8	  -6,1
*	    36,6496	 1	213,78	 75,31	  -1,8	  -1,0	  -8,7	  -8,4	 -13,3	  -6,6
*	    38,4711	 1	214,11	 66,87	  -2,6	  -1,9	  -9,6	  -9,2	 -14,2	  -7,5
*	    40,9536	 1	214,43	 59,41	  -3,8	  -3,0	 -10,7	 -10,4	 -15,3	  -8,6
*	    42,6303	 1	325,33	 55,70	  -4,5	  -3,7	 -11,4	 -11,1	 -16,0	  -9,3
*	    39,8184	 1	325,65	 62,56	  -3,3	  -2,5	 -10,2	  -9,9	 -14,8	  -8,1
*	    37,6153	 1	325,98	 70,46	  -2,2	  -1,5	  -9,2	  -8,8	 -13,8	  -7,1
*	    36,1121	 1	326,30	 79,28	  -1,5	  -0,8	  -8,5	  -8,1	 -13,1	  -6,3
s	    36,8648	 3	 91,22	 35,22	  24,7	  23,9	   1,0	   1,6	   5,2	  15,7
s	    36,8932	 3	 88,70	 35,24	  24,7	  23,9	   1,0	   1,6	   5,2	  15,7
*	    38,3686	 1	320,85	 55,20	  -2,0	  -1,2	  -8,9	  -8,6	 -13,5	  -6,8
*	    41,4704	 1	325,35	 58,44	  -3,5	  -2,7	 -10,4	 -10,1	 -15,0	  -8,3
*	    38,3750	 1	320,87	 55,20	  -2,1	  -1,3	  -9,0	  -8,7	 -13,6	  -6,9
*	    47,1651	 1	225,21	 44,43	 -15,0	 -10,3	   2,8	   4,1	   1,0	  -3,8
*	    42,5424	 1	243,81	 36,90	 -13,2	  -8,5	   4,7	   6,0	   2,9	  -1,9
*	    41,2299	 1	257,06	 34,23	 -12,6	  -7,9	   5,2	   6,5	   3,4	  -1,3
*	    40,6613	 1	272,35	 33,14	 -12,4	  -7,7	   5,4	   6,7	   3,7	  -1,1
*	    40,8590	 1	287,78	 33,97	 -12,5	  -7,8	   5,3	   6,6	   3,5	  -1,2
*	    41,8079	 1	301,36	 36,45	 -13,0	  -8,3	   4,9	   6,2	   3,1	  -1,7
*	    43,4603	 1	312,25	 39,95	 -13,7	  -9,0	   4,1	   5,4	   2,4	  -2,4
*	    45,7478	 1	320,60	 43,82	 -14,7	  -9,9	   3,2	   4,5	   1,4	  -3,4
*	    46,1383	 1	275,58	 25,06	  -3,4	  -2,7	 -10,4	 -10,1	 -15,0	  -8,4
*	    41,3200	 1	275,64	 28,16	  -1,5	  -0,7	  -8,4	  -8,1	 -13,0	  -6,4
*	    46,1903	 1	261,60	 25,20	  -3,5	  -2,7	 -10,4	 -10,1	 -15,0	  -8,4
*	    41,3767	 1	261,50	 28,32	  -1,5	  -0,7	  -8,5	  -8,1	 -13,1	  -6,4
*	    41,3984	 1	214,54	 58,39	  -3,3	  -2,5	 -10,2	  -9,9	 -14,8	  -8,2
*	    46,5859	 1	288,87	 26,25	  -3,6	  -2,9	 -10,6	 -10,2	 -15,2	  -8,6
*	    41,8082	 1	289,09	 29,49	  -1,7	  -1,0	  -8,7	  -8,3	 -13,3	  -6,6
*	    46,7404	 1	248,62	 26,65	  -3,7	  -2,9	 -10,6	 -10,3	 -15,3	  -8,6
*	    41,9765	 1	248,39	 29,92	  -1,8	  -1,0	  -8,7	  -8,4	 -13,3	  -6,7
*	    47,5222	 1	300,23	 28,53	  -4,0	  -3,3	 -11,0	 -10,6	 -15,6	  -8,9
*	    42,8264	 1	300,53	 31,99	  -2,2	  -1,4	  -9,1	  -8,8	 -13,7	  -7,1
*	    47,7756	 1	237,74	 29,10	  -4,1	  -3,3	 -11,1	 -10,7	 -15,7	  -9,0
*	    43,1012	 1	237,43	 32,61	  -2,3	  -1,5	  -9,2	  -8,9	 -13,8	  -7,2
*	    48,9256	 1	309,28	 31,49	  -4,6	  -3,8	 -11,5	 -11,2	 -16,2	  -9,5
*	    44,3457	 1	309,61	 35,19	  -2,9	  -2,1	  -9,8	  -9,5	 -14,4	  -7,8
*	    49,2724	 1	229,15	 32,16	  -4,7	  -3,9	 -11,7	 -11,3	 -16,3	  -9,7
*	    44,7198	 1	228,81	 35,90	  -3,0	  -2,2	 -10,0	  -9,6	 -14,6	  -7,9
s	    46,0465	 3	 82,31	 93,13	  23,5	  25,0	  17,7	  16,3	  10,1	  16,5
s	    46,0718	 3	 97,25	 93,12	  23,5	  25,0	  17,7	  16,3	  10,1	  16,5
*	    46,3278	 1	316,60	 38,70	  -3,7	  -2,9	 -10,7	 -10,3	 -15,3	  -8,6
*	    46,7923	 1	222,20	 39,44	  -3,9	  -3,1	 -10,8	 -10,5	 -15,4	  -8,8
s	    47,5248	 3	269,90	 54,06	  24,8	  17,7	 -20,2	 -19,9	 -16,4	   7,4
s	    47,5611	 3	270,20	 54,08	  24,8	  17,7	 -20,2	 -19,9	 -16,4	   7,3
*	    49,3650	 1	224,56	 48,28	  -4,3	  -3,5	 -11,3	 -10,9	 -15,9	  -9,3
*	    47,7877	 1	217,40	 47,87	  -3,9	  -3,2	 -10,9	 -10,6	 -15,5	  -8,9
*	    48,7295	 1	321,94	 42,23	  -4,7	  -3,9	 -11,7	 -11,3	 -16,3	  -9,6
*	    48,8814	 1	317,60	 48,15	  -4,2	  -3,4	 -11,1	 -10,8	 -15,8	  -9,1
*	    49,2346	 1	217,07	 42,90	  -4,7	  -4,0	 -11,7	 -11,3	 -16,3	  -9,7
s	    52,5297	 2	198,37	 54,85	  25,1	  23,3	  -0,7	  -0,4	   3,1	  13,6
s	    52,5334	 2	175,00	 53,90	  25,1	  23,3	  -0,7	  -0,4	   3,1	  13,6
s	    52,5570	 2	  4,44	 53,93	  25,1	  23,3	  -0,7	  -0,4	   3,1	  13,6
s	    52,5673	 2	341,39	 54,88	  25,1	  23,3	  -0,7	  -0,4	   3,1	  13,6
s	    56,4768	 3	198,56	 51,69	  22,7	  21,9	  -1,0	  -0,4	   3,1	  13,5
s	    56,5129	 3	341,20	 51,72	  22,7	  21,9	  -1,0	  -0,4	   3,1	  13,5
s	    57,6758	 3	195,37	 56,91	  23,8	  16,8	 -21,2	 -20,8	 -17,4	   6,3
s	    57,7331	 3	344,43	 56,94	  23,8	  16,8	 -21,2	 -20,8	 -17,4	   6,3
s	    62,0368	 3	303,80	 59,90	  23,5	  16,4	 -21,6	 -21,2	 -17,8	   5,9
s	    62,0394	 3	236,64	 59,91	  23,5	  16,4	 -21,6	 -21,2	 -17,8	   5,9
s	    76,8907	 2	 80,20	 88,47	  23,4	  23,8	  15,5	  13,8	   7,5	  13,7
s	    76,9393	 2	 99,23	 88,46	  23,4	  23,8	  15,5	  13,8	   7,5	  13,7
s	    79,9466	 3	 90,00	 16,74	  21,8	  22,3	  -4,5	  -4,9	   6,6	   7,1
s	    79,9722	 3	279,55	 93,10	  22,5	  22,6	  13,7	  11,3	   4,6	  10,4
s	    80,0257	 3	261,00	 93,10	  22,5	  22,6	  13,7	  11,3	   4,6	  10,4
s	    84,1316	 3	 79,40	 88,43	  22,2	  17,4	  -4,8	  -5,2	 -10,6	   8,6
s	    84,1490	 3	 99,98	 88,42	  22,2	  17,4	  -4,9	  -5,2	 -10,6	   8,6
s	    84,2635	 3	 80,30	 88,42	  22,2	  17,4	  -4,9	  -5,2	 -10,6	   8,6
s	    84,3619	 3	 99,09	 88,42	  22,2	  17,4	  -4,9	  -5,2	 -10,6	   8,6
s	   104,0017	 3	132,96	 88,92	  20,9	  16,1	  -6,2	  -6,5	 -12,0	   7,1
s	   112,0443	 3	 15,66	 89,97	  20,3	  15,5	  -6,9	  -8,6	 -15,0	   4,2
s	   112,0673	 3	163,94	 89,96	  20,3	  15,5	  -6,9	  -8,6	 -15,0	   4,2
#END
