DFT Spectrum Magnitude Level
Numpoints = 2048
SamplingRate = 48000 Hz
DFTresolution = 11.718750 Hz
Frequency(Hz)   Magnitude(dB)
   11.719	-69.587059
   23.438	-72.863083
   35.156	-83.733315
   46.875	-87.689713
   58.594	-90.214386
   70.313	-91.008003
   82.031	-94.663200
   93.750	-93.117355
  105.469	-88.863968
  117.188	-82.035522
  128.906	-82.565079
  140.625	-79.749947
  152.344	-83.245659
  164.063	-89.633385
  175.781	-94.549103
  187.500	-95.019096
  199.219	-86.118103
  210.938	-85.135353
  222.656	-93.419800
  234.375	-99.983604
  246.094	-96.451775
  257.813	-91.733727
  269.531	-88.596245
  281.250	-84.593559
  292.969	-86.570213
  304.688	-88.250435
  316.406	-89.599442
  328.125	-93.123459
  339.844	-95.981522
  351.563	-97.146889
  363.281	-96.455574
  375.000	-95.963730
  386.719	-87.655602
  398.438	-84.012276
  410.156	-80.476669
  421.875	-74.292664
  433.594	-72.878304
  445.313	-79.459442
  457.031	-90.099037
  468.750	-93.650291
  480.469	-91.155632
  492.188	-91.480675
  503.906	-86.552567
  515.625	-81.289368
  527.344	-82.785156
  539.063	-86.685356
  550.781	-92.945068
  562.500	-84.004593
  574.219	-76.799606
  585.938	-77.346687
  597.656	-86.242805
  609.375	-91.448746
  621.094	-96.388359
  632.813	-100.568169
  644.531	-98.392601
  656.250	-101.753143
  667.969	-103.795479
  679.688	-102.312340
  691.406	-99.379562
  703.125	-97.962204
  714.844	-92.717224
  726.563	-93.185295
  738.281	-97.953163
  750.000	-102.708939
  761.719	-100.806450
  773.438	-101.112526
  785.156	-106.241707
  796.875	-103.409142
  808.594	-99.174194
  820.313	-99.595322
  832.031	-103.540421
  843.750	-102.433105
  855.469	-93.104019
  867.188	-87.594353
  878.906	-89.782471
  890.625	-98.604286
  902.344	-103.546005
  914.063	-102.902016
  925.781	-103.063942
  937.500	-106.216225
  949.219	-102.580467
  960.938	-99.958344
  972.656	-98.207184
  984.375	-100.613174
  996.094	-97.501648
 1007.813	-86.480347
 1019.531	-81.196365
 1031.250	-84.007011
 1042.969	-91.540039
 1054.688	-93.122528
 1066.406	-98.691559
 1078.125	-103.485687
 1089.844	-101.323822
 1101.563	-101.728691
 1113.281	-101.835876
 1125.000	-104.086212
 1136.719	-102.873245
 1148.438	-94.716469
 1160.156	-87.781837
 1171.875	-88.203629
 1183.594	-93.661995
 1195.313	-94.759651
 1207.031	-95.287361
 1218.750	-95.967751
 1230.469	-98.479729
 1242.188	-98.054581
 1253.906	-100.266304
 1265.625	-98.842903
 1277.344	-100.143471
 1289.063	-97.582649
 1300.781	-96.729599
 1312.500	-93.939880
 1324.219	-90.076447
 1335.938	-90.735977
 1347.656	-96.076096
 1359.375	-104.574127
 1371.094	-106.866760
 1382.813	-104.283485
 1394.531	-101.085327
 1406.250	-96.151222
 1417.969	-96.816696
 1429.688	-95.234344
 1441.406	-95.485878
 1453.125	-96.437340
 1464.844	-96.771179
 1476.563	-96.167206
 1488.281	-100.982674
 1500.000	-101.714836
 1511.719	-98.977943
 1523.438	-96.871162
 1535.156	-99.823746
 1546.875	-98.591156
 1558.594	-97.495293
 1570.313	-94.192398
 1582.031	-95.847641
 1593.750	-95.464340
 1605.469	-100.123962
 1617.188	-105.003792
 1628.906	-104.075661
 1640.625	-103.316086
 1652.344	-104.651680
 1664.063	-104.036278
 1675.781	-100.311325
 1687.500	-106.586853
 1699.219	-100.107407
 1710.938	-99.279877
 1722.656	-98.714226
 1734.375	-104.507202
 1746.094	-103.575912
 1757.813	-103.565941
 1769.531	-102.581573
 1781.250	-103.216301
 1792.969	-97.260597
 1804.688	-95.426338
 1816.406	-96.834129
 1828.125	-99.566368
 1839.844	-99.102463
 1851.563	-96.580070
 1863.281	-99.346054
 1875.000	-99.296654
 1886.719	-99.592178
 1898.438	-103.029289
 1910.156	-103.322052
 1921.875	-103.934982
 1933.594	-102.633385
 1945.313	-106.934494
 1957.031	-98.188179
 1968.750	-100.441628
 1980.469	-100.428581
 1992.188	-99.881592
 2003.906	-104.914948
 2015.625	-100.504379
 2027.344	-99.823441
 2039.063	-100.496887
 2050.781	-105.187706
 2062.500	-99.079750
 2074.219	-104.210777
 2085.938	-101.374146
 2097.656	-103.244423
 2109.375	-102.552383
 2121.094	-95.313271
 2132.813	-94.104630
 2144.531	-95.448509
 2156.250	-101.834892
 2167.969	-97.869095
 2179.688	-96.661926
 2191.406	-99.716568
 2203.125	-100.011566
 2214.844	-94.808060
 2226.563	-96.257324
 2238.281	-99.335609
 2250.000	-102.156113
 2261.719	-101.311089
 2273.438	-97.226776
 2285.156	-98.431946
 2296.875	-98.529442
 2308.594	-96.609818
 2320.313	-94.946556
 2332.031	-96.051048
 2343.750	-99.233154
 2355.469	-103.043884
 2367.188	-102.736908
 2378.906	-105.090683
 2390.625	-103.246437
 2402.344	-101.324135
 2414.063	-95.349792
 2425.781	-97.220589
 2437.500	-97.829628
 2449.219	-95.685089
 2460.938	-93.292145
 2472.656	-95.355461
 2484.375	-99.511681
 2496.094	-100.898453
 2507.813	-100.847305
 2519.531	-99.880737
 2531.250	-100.833290
 2542.969	-101.660278
 2554.688	-107.270180
 2566.406	-108.812469
 2578.125	-109.476242
 2589.844	-102.364410
 2601.563	-101.172089
 2613.281	-103.360954
 2625.000	-105.886192
 2636.719	-106.219002
 2648.438	-110.061119
 2660.156	-106.438339
 2671.875	-101.611908
 2683.594	-100.149361
 2695.313	-99.752396
 2707.031	-98.248680
 2718.750	-102.479515
 2730.469	-101.762100
 2742.188	-112.948952
 2753.906	-100.336990
 2765.625	-101.581741
 2777.344	-108.642860
 2789.063	-106.264572
 2800.781	-106.028465
 2812.500	-103.321518
 2824.219	-103.110939
 2835.938	-107.528137
 2847.656	-100.547729
 2859.375	-105.299324
 2871.094	-113.325867
 2882.813	-106.035294
 2894.531	-98.883904
 2906.250	-96.951714
 2917.969	-96.347488
 2929.688	-99.961334
 2941.406	-100.873878
 2953.125	-95.912247
 2964.844	-95.572968
 2976.563	-93.572441
 2988.281	-95.083008
 3000.000	-93.790154
 3011.719	-94.006256
 3023.438	-109.086082
 3035.156	-93.872620
 3046.875	-93.238869
 3058.594	-85.169052
 3070.313	-83.579033
 3082.031	-71.259956
 3093.750	-59.224548
 3105.469	-55.796543
 3117.188	-60.999065
 3128.906	-71.746071
 3140.625	-82.779388
 3152.344	-82.837616
 3164.063	-87.467361
 3175.781	-83.805206
 3187.500	-95.433624
 3199.219	-90.936180
 3210.938	-92.389870
 3222.656	-93.062675
 3234.375	-96.424866
 3246.094	-95.074165
 3257.813	-96.543816
 3269.531	-94.219421
 3281.250	-92.945480
 3292.969	-94.506233
 3304.688	-103.452034
 3316.406	-93.865608
 3328.125	-96.726547
 3339.844	-110.129547
 3351.563	-101.436279
 3363.281	-99.702690
 3375.000	-100.240540
 3386.719	-108.949699
 3398.438	-99.160118
 3410.156	-99.900566
 3421.875	-104.366348
 3433.594	-99.406532
 3445.313	-102.289513
 3457.031	-106.456337
 3468.750	-102.433105
 3480.469	-108.564095
 3492.188	-104.126717
 3503.906	-100.887154
 3515.625	-103.455429
 3527.344	-102.722000
 3539.063	-105.562706
 3550.781	-112.789200
 3562.500	-112.572479
 3574.219	-107.758881
 3585.938	-105.395836
 3597.656	-113.948982
 3609.375	-103.575249
 3621.094	-108.107315
 3632.813	-107.131363
 3644.531	-109.653297
 3656.250	-106.783264
 3667.969	-103.847427
 3679.688	-103.377533
 3691.406	-106.899315
 3703.125	-108.414459
 3714.844	-110.214859
 3726.563	-109.307350
 3738.281	-113.945808
 3750.000	-104.265648
 3761.719	-103.887756
 3773.438	-105.880623
 3785.156	-104.037682
 3796.875	-101.534180
 3808.594	-102.383041
 3820.313	-107.721123
 3832.031	-109.200760
 3843.750	-106.847824
 3855.469	-106.005379
 3867.188	-110.320595
 3878.906	-110.974068
 3890.625	-108.140358
 3902.344	-104.846367
 3914.063	-109.980896
 3925.781	-106.530701
 3937.500	-106.693214
 3949.219	-107.365883
 3960.938	-106.925865
 3972.656	-111.403481
 3984.375	-111.111008
 3996.094	-114.179810
 4007.813	-110.445763
 4019.531	-105.631737
 4031.250	-104.949760
 4042.969	-108.480972
 4054.688	-113.409599
 4066.406	-107.754189
 4078.125	-109.638145
 4089.844	-109.702324
 4101.563	-103.956757
 4113.281	-106.293434
 4125.000	-96.390762
 4136.719	-82.643967
 4148.438	-79.267769
 4160.156	-85.902672
 4171.875	-95.666321
 4183.594	-100.063072
 4195.313	-107.786980
 4207.031	-104.623154
 4218.750	-109.124352
 4230.469	-105.524872
 4242.188	-103.986572
 4253.906	-106.686783
 4265.625	-107.933006
 4277.344	-107.358978
 4289.063	-112.399719
 4300.781	-115.766151
 4312.500	-110.377983
 4324.219	-107.125893
 4335.938	-112.994400
 4347.656	-110.226639
 4359.375	-114.067841
 4371.094	-117.834969
 4382.813	-114.418304
 4394.531	-114.282997
 4406.250	-110.402458
 4417.969	-108.171982
 4429.688	-109.696281
 4441.406	-114.077621
 4453.125	-115.692696
 4464.844	-113.931358
 4476.563	-109.011993
 4488.281	-111.423958
 4500.000	-121.147125
 4511.719	-120.562820
 4523.438	-107.983536
 4535.156	-109.716148
 4546.875	-108.297371
 4558.594	-98.560036
 4570.313	-87.694984
 4582.031	-86.098991
 4593.750	-92.234512
 4605.469	-101.394104
 4617.188	-110.897995
 4628.906	-110.206276
 4640.625	-115.009727
 4652.344	-118.862740
 4664.063	-109.475922
 4675.781	-111.103760
 4687.500	-106.424011
 4699.219	-107.804489
 4710.938	-109.752586
 4722.656	-107.909592
 4734.375	-110.911140
 4746.094	-116.233650
 4757.813	-115.919556
 4769.531	-111.957680
 4781.250	-112.520340
 4792.969	-115.305954
 4804.688	-111.453941
 4816.406	-113.319977
 4828.125	-122.179504
 4839.844	-114.601730
 4851.563	-112.436890
 4863.281	-114.524628
 4875.000	-116.081818
 4886.719	-122.523430
 4898.438	-115.186119
 4910.156	-114.382286
 4921.875	-112.291649
 4933.594	-114.722916
 4945.313	-122.982277
 4957.031	-119.507454
 4968.750	-115.121117
 4980.469	-120.894722
 4992.188	-113.775345
 5003.906	-116.596588
 5015.625	-117.679901
 5027.344	-116.959175
 5039.063	-118.363861
 5050.781	-114.717087
 5062.500	-111.321159
 5074.219	-111.430054
 5085.938	-117.112411
 5097.656	-111.872871
 5109.375	-112.715729
 5121.094	-117.693733
 5132.813	-117.244820
 5144.531	-115.452332
 5156.250	-120.310020
 5167.969	-113.856972
 5179.688	-113.369621
 5191.406	-115.248856
 5203.125	-116.878128
 5214.844	-118.462685
 5226.563	-120.600555
 5238.281	-118.546188
 5250.000	-122.140259
 5261.719	-121.941422
 5273.438	-117.721695
 5285.156	-116.879578
 5296.875	-117.060936
 5308.594	-122.127808
 5320.313	-113.091209
 5332.031	-113.631828
 5343.750	-113.003777
 5355.469	-112.767563
 5367.188	-114.611061
 5378.906	-112.148003
 5390.625	-111.037315
 5402.344	-118.498474
 5414.063	-115.088516
 5425.781	-112.377258
 5437.500	-111.862068
 5449.219	-112.334343
 5460.938	-116.317032
 5472.656	-111.136681
 5484.375	-111.832336
 5496.094	-112.915291
 5507.813	-115.411400
 5519.531	-112.812523
 5531.250	-120.505653
 5542.969	-114.567879
 5554.688	-114.618576
 5566.406	-115.546860
 5578.125	-122.420677
 5589.844	-123.444572
 5601.563	-116.844185
 5613.281	-116.139961
 5625.000	-112.285736
 5636.719	-110.325592
 5648.438	-116.381355
 5660.156	-118.789848
 5671.875	-117.272987
 5683.594	-122.480904
 5695.313	-115.188454
 5707.031	-110.466408
 5718.750	-112.652626
 5730.469	-117.596405
 5742.188	-113.051239
 5753.906	-116.302170
 5765.625	-113.570030
 5777.344	-110.485306
 5789.063	-109.516853
 5800.781	-112.823143
 5812.500	-116.261002
 5824.219	-124.202255
 5835.938	-118.932281
 5847.656	-115.584343
 5859.375	-113.309120
 5871.094	-116.970039
 5882.813	-113.758873
 5894.531	-113.392433
 5906.250	-114.415977
 5917.969	-114.447250
 5929.688	-110.382248
 5941.406	-116.737610
 5953.125	-117.371002
 5964.844	-118.812256
 5976.563	-117.496872
 5988.281	-118.404907
 6000.000	-127.407707
 6011.719	-118.563354
 6023.438	-119.619873
 6035.156	-119.976089
 6046.875	-119.791763
 6058.594	-113.784424
 6070.313	-115.326584
 6082.031	-112.888084
 6093.750	-110.570679
 6105.469	-114.193123
 6117.188	-122.484642
 6128.906	-113.249054
 6140.625	-116.870392
 6152.344	-116.409813
 6164.063	-115.839630
 6175.781	-116.973663
 6187.500	-121.376236
 6199.219	-119.933746
 6210.938	-120.918961
 6222.656	-124.225548
 6234.375	-112.633186
 6246.094	-111.361046
 6257.813	-116.490257
 6269.531	-114.232002
 6281.250	-119.436211
 6292.969	-117.921127
 6304.688	-124.589424
 6316.406	-115.969086
 6328.125	-120.591301
 6339.844	-119.395805
 6351.563	-118.239044
 6363.281	-122.880859
 6375.000	-120.857506
 6386.719	-124.785316
 6398.438	-115.302788
 6410.156	-118.535042
 6421.875	-112.022530
 6433.594	-111.541634
 6445.313	-117.163452
 6457.031	-114.980896
 6468.750	-119.445160
 6480.469	-125.120377
 6492.188	-122.085739
 6503.906	-120.560974
 6515.625	-121.610718
 6527.344	-121.074272
 6539.063	-114.124756
 6550.781	-114.144424
 6562.500	-115.628220
 6574.219	-120.991257
 6585.938	-120.144440
 6597.656	-120.747734
 6609.375	-121.584801
 6621.094	-119.507980
 6632.813	-121.639305
 6644.531	-125.084175
 6656.250	-125.517166
 6667.969	-119.144188
 6679.688	-119.540459
 6691.406	-117.474380
 6703.125	-115.303215
 6714.844	-116.340828
 6726.563	-118.475243
 6738.281	-118.364388
 6750.000	-117.418503
 6761.719	-122.119568
 6773.438	-121.457451
 6785.156	-117.850800
 6796.875	-121.546021
 6808.594	-123.359001
 6820.313	-115.954819
 6832.031	-119.957100
 6843.750	-120.786285
 6855.469	-120.324829
 6867.188	-123.899895
 6878.906	-122.353783
 6890.625	-119.249115
 6902.344	-120.479301
 6914.063	-111.867683
 6925.781	-116.561974
 6937.500	-120.365082
 6949.219	-118.759537
 6960.938	-119.693756
 6972.656	-115.805450
 6984.375	-113.698776
 6996.094	-118.908897
 7007.813	-124.654251
 7019.531	-121.469734
 7031.250	-117.523750
 7042.969	-117.695602
 7054.688	-118.217896
 7066.406	-121.860855
 7078.125	-125.827454
 7089.844	-118.872917
 7101.563	-112.346886
 7113.281	-112.451797
 7125.000	-116.005386
 7136.719	-113.907524
 7148.438	-112.205208
 7160.156	-118.379868
 7171.875	-111.291832
 7183.594	-107.692337
 7195.313	-118.811043
 7207.031	-104.128395
 7218.750	-112.027779
 7230.469	-94.028076
 7242.188	-90.872116
 7253.906	-90.417000
 7265.625	-92.356949
 7277.344	-96.436157
 7289.063	-101.212547
 7300.781	-110.276398
 7312.500	-110.559471
 7324.219	-111.089348
 7335.938	-120.541306
 7347.656	-116.219124
 7359.375	-115.588226
 7371.094	-109.577431
 7382.813	-115.848816
 7394.531	-123.989014
 7406.250	-114.889854
 7417.969	-114.066887
 7429.688	-119.810089
 7441.406	-114.776993
 7453.125	-112.559700
 7464.844	-117.828835
 7476.563	-121.048813
 7488.281	-120.124420
 7500.000	-120.190369
 7511.719	-118.550308
 7523.438	-121.580521
 7535.156	-120.503090
 7546.875	-117.932854
 7558.594	-121.932961
 7570.313	-119.006012
 7582.031	-123.928604
 7593.750	-124.773750
 7605.469	-115.990662
 7617.188	-113.879562
 7628.906	-120.227364
 7640.625	-118.592400
 7652.344	-117.804848
 7664.063	-121.508118
 7675.781	-119.541489
 7687.500	-113.103226
 7699.219	-122.148903
 7710.938	-113.503426
 7722.656	-118.827866
 7734.375	-113.981255
 7746.094	-112.549706
 7757.813	-121.217278
 7769.531	-116.321342
 7781.250	-118.522079
 7792.969	-119.657730
 7804.688	-115.638718
 7816.406	-123.150368
 7828.125	-120.719688
 7839.844	-120.215454
 7851.563	-117.747787
 7863.281	-118.561363
 7875.000	-114.882973
 7886.719	-114.173927
 7898.438	-123.612846
 7910.156	-116.673126
 7921.875	-117.691437
 7933.594	-118.840675
 7945.313	-120.423225
 7957.031	-115.676979
 7968.750	-120.823868
 7980.469	-113.852501
 7992.188	-114.917816
 8003.906	-120.737289
 8015.625	-113.940056
 8027.344	-117.760277
 8039.063	-116.333260
 8050.781	-117.265114
 8062.500	-119.448601
 8074.219	-120.907005
 8085.938	-119.461617
 8097.656	-117.739075
 8109.375	-121.864914
 8121.094	-112.412086
 8132.813	-111.812042
 8144.531	-125.570602
 8156.250	-121.458946
 8167.969	-119.807220
 8179.688	-113.917259
 8191.406	-114.622864
 8203.125	-123.143005
 8214.844	-110.657562
 8226.563	-107.890701
 8238.281	-113.548607
 8250.000	-114.958771
 8261.719	-116.193939
 8273.438	-116.219162
 8285.156	-121.043785
 8296.875	-118.730103
 8308.594	-111.583824
 8320.313	-119.938797
 8332.031	-122.636108
 8343.750	-105.595024
 8355.469	-106.398552
 8367.188	-111.046577
 8378.906	-110.021675
 8390.625	-97.452858
 8402.344	-93.216858
 8414.063	-85.138550
 8425.781	-76.731033
 8437.500	-70.787872
 8449.219	-71.152328
 8460.938	-77.605743
 8472.656	-84.867111
 8484.375	-91.640480
 8496.094	-96.190536
 8507.813	-105.476433
 8519.531	-106.525864
 8531.250	-110.058121
 8542.969	-113.444252
 8554.688	-113.375626
 8566.406	-116.401581
 8578.125	-116.318420
 8589.844	-117.262817
 8601.563	-116.046272
 8613.281	-121.473129
 8625.000	-111.383629
 8636.719	-110.815933
 8648.438	-116.973175
 8660.156	-123.397392
 8671.875	-121.108337
 8683.594	-120.709389
 8695.313	-114.728111
 8707.031	-121.417480
 8718.750	-117.842155
 8730.469	-123.837570
 8742.188	-117.307129
 8753.906	-115.139290
 8765.625	-117.758163
 8777.344	-122.403419
 8789.063	-117.178665
 8800.781	-122.499939
 8812.500	-124.311157
 8824.219	-120.625359
 8835.938	-111.784172
 8847.656	-109.336853
 8859.375	-109.551132
 8871.094	-111.944672
 8882.813	-117.004112
 8894.531	-122.562119
 8906.250	-121.586922
 8917.969	-120.649796
 8929.688	-115.893311
 8941.406	-117.785248
 8953.125	-119.246559
 8964.844	-113.677681
 8976.563	-118.473267
 8988.281	-124.018684
 9000.000	-117.802864
 9011.719	-116.429756
 9023.438	-120.571342
 9035.156	-126.424644
 9046.875	-112.914452
 9058.594	-113.041931
 9070.313	-121.964577
 9082.031	-118.531357
 9093.750	-124.569397
 9105.469	-112.595573
 9117.188	-116.205612
 9128.906	-116.222733
 9140.625	-114.965637
 9152.344	-122.790321
 9164.063	-116.264099
 9175.781	-117.968201
 9187.500	-119.063690
 9199.219	-118.731369
 9210.938	-121.604736
 9222.656	-120.372932
 9234.375	-117.968750
 9246.094	-113.946396
 9257.813	-120.884285
 9269.531	-122.167473
 9281.250	-122.581306
 9292.969	-118.353828
 9304.688	-116.291679
 9316.406	-121.097275
 9328.125	-123.590401
 9339.844	-123.005569
 9351.563	-118.660934
 9363.281	-115.526825
 9375.000	-116.740097
 9386.719	-120.939682
 9398.438	-119.364586
 9410.156	-121.257980
 9421.875	-123.920151
 9433.594	-123.604340
 9445.313	-118.405212
 9457.031	-116.665306
 9468.750	-122.372414
 9480.469	-114.747086
 9492.188	-116.239532
 9503.906	-120.011772
 9515.625	-115.719681
 9527.344	-127.046165
 9539.063	-116.082932
 9550.781	-122.923317
 9562.500	-117.713776
 9574.219	-119.017639
 9585.938	-122.798653
 9597.656	-116.233490
 9609.375	-119.407883
 9621.094	-123.263527
 9632.813	-118.034157
 9644.531	-114.208832
 9656.250	-118.632225
 9667.969	-119.902237
 9679.688	-117.654465
 9691.406	-126.142258
 9703.125	-118.385941
 9714.844	-119.631966
 9726.563	-123.779205
 9738.281	-122.965065
 9750.000	-121.354538
 9761.719	-118.544579
 9773.438	-115.298409
 9785.156	-118.909431
 9796.875	-120.198303
 9808.594	-122.663170
 9820.313	-122.154968
 9832.031	-121.660133
 9843.750	-116.147079
 9855.469	-117.394302
 9867.188	-123.722549
 9878.906	-115.770248
 9890.625	-117.453613
 9902.344	-119.280777
 9914.063	-118.209190
 9925.781	-124.460258
 9937.500	-116.839241
 9949.219	-120.729141
 9960.938	-116.554626
 9972.656	-114.548859
 9984.375	-120.533188
 9996.094	-121.466759
10007.813	-122.816666
10019.531	-117.609657
10031.250	-121.615982
10042.969	-119.629593
10054.688	-122.374039
10066.406	-119.873413
10078.125	-120.839294
10089.844	-116.848373
10101.563	-121.546799
10113.281	-122.156639
10125.000	-124.986893
10136.719	-118.371902
10148.438	-124.399780
10160.156	-117.131889
10171.875	-115.825386
10183.594	-115.730362
10195.313	-119.120232
10207.031	-116.585625
10218.750	-123.068794
10230.469	-125.507339
10242.188	-123.798866
10253.906	-120.154091
10265.625	-118.249611
10277.344	-121.524445
10289.063	-116.494049
10300.781	-123.714027
10312.500	-117.331139
10324.219	-115.906525
10335.938	-119.728249
10347.656	-119.595963
10359.375	-116.726860
10371.094	-125.624565
10382.813	-120.970482
10394.531	-127.044411
10406.250	-117.746330
10417.969	-122.349991
10429.688	-117.417274
10441.406	-115.606407
10453.125	-121.615799
10464.844	-117.918823
10476.563	-117.692154
10488.281	-117.633034
10500.000	-117.476578
10511.719	-124.995750
10523.438	-121.930550
10535.156	-119.526497
10546.875	-117.986504
10558.594	-119.414543
10570.313	-124.410179
10582.031	-121.356323
10593.750	-121.053978
10605.469	-114.526543
10617.188	-119.343857
10628.906	-118.591217
10640.625	-119.860085
10652.344	-122.481003
10664.063	-121.943817
10675.781	-118.762077
10687.500	-119.861427
10699.219	-124.751175
10710.938	-120.218582
10722.656	-119.627243
10734.375	-130.148651
10746.094	-125.266655
10757.813	-126.203232
10769.531	-125.104042
10781.250	-123.403564
10792.969	-127.303947
10804.688	-120.925659
10816.406	-121.393494
10828.125	-125.143326
10839.844	-123.519226
10851.563	-125.461143
10863.281	-126.339378
10875.000	-118.762688
10886.719	-118.175873
10898.438	-120.485550
10910.156	-123.384254
10921.875	-120.928192
10933.594	-123.985840
10945.313	-126.146469
10957.031	-126.522873
10968.750	-125.916100
10980.469	-122.100883
10992.188	-123.359726
11003.906	-125.168533
11015.625	-128.905487
11027.344	-124.857178
11039.063	-123.667564
11050.781	-124.540749
11062.500	-120.307922
11074.219	-117.317070
11085.938	-121.254753
11097.656	-126.620155
11109.375	-121.185493
11121.094	-125.722603
11132.813	-128.087280
11144.531	-124.021881
11156.250	-122.939743
11167.969	-118.789467
11179.688	-119.171013
11191.406	-125.484184
11203.125	-125.821556
11214.844	-125.499191
11226.563	-126.939758
11238.281	-125.049751
11250.000	-122.745224
11261.719	-128.603851
11273.438	-126.855553
11285.156	-126.530441
11296.875	-127.138985
11308.594	-125.941643
11320.313	-122.760635
11332.031	-123.724541
11343.750	-123.391472
11355.469	-126.497459
11367.188	-123.869247
11378.906	-124.632950
11390.625	-122.205200
11402.344	-124.135880
11414.063	-129.617767
11425.781	-118.428268
11437.500	-122.887039
11449.219	-120.409637
11460.938	-117.029053
11472.656	-122.876778
11484.375	-125.573654
11496.094	-123.140602
11507.813	-123.428970
11519.531	-122.780769
11531.250	-119.302803
11542.969	-121.031960
11554.688	-125.106056
11566.406	-125.922607
11578.125	-124.414841
11589.844	-121.184395
11601.563	-122.572113
11613.281	-124.986305
11625.000	-123.836807
11636.719	-124.670334
11648.438	-123.458122
11660.156	-122.507980
11671.875	-125.337349
11683.594	-123.348145
11695.313	-122.471710
11707.031	-125.092964
11718.750	-125.828072
11730.469	-128.060364
11742.188	-122.473694
11753.906	-124.337654
11765.625	-121.678009
11777.344	-120.599152
11789.063	-120.038956
11800.781	-120.233658
11812.500	-122.662094
11824.219	-126.759537
11835.938	-125.062576
11847.656	-126.642418
11859.375	-126.443260
11871.094	-125.979904
11882.813	-126.748596
11894.531	-127.255913
11906.250	-127.868553
11917.969	-129.769531
11929.688	-121.747215
11941.406	-124.281433
11953.125	-124.305099
11964.844	-118.571434
11976.563	-118.672813
11988.281	-121.701523
12000.000	-126.208710
12011.719	-127.261932
12023.438	-124.927902
12035.156	-120.761093
12046.875	-123.965340
12058.594	-117.236572
12070.313	-114.261650
12082.031	-122.587189
12093.750	-118.449043
12105.469	-115.383911
12117.188	-121.050735
12128.906	-127.361198
12140.625	-126.206947
12152.344	-124.575523
12164.063	-126.479935
12175.781	-127.300774
12187.500	-124.779953
12199.219	-128.558060
12210.938	-120.460747
12222.656	-124.075912
12234.375	-123.840546
12246.094	-123.551682
12257.813	-125.306976
12269.531	-123.529381
12281.250	-126.583366
12292.969	-122.050232
12304.688	-123.744431
12316.406	-123.000702
12328.125	-121.528305
12339.844	-122.559799
12351.563	-127.514343
12363.281	-122.335823
12375.000	-121.210632
12386.719	-124.552544
12398.438	-121.316429
12410.156	-122.614876
12421.875	-124.300400
12433.594	-125.814766
12445.313	-125.617241
12457.031	-123.035034
12468.750	-122.161659
12480.469	-124.187149
12492.188	-120.832031
12503.906	-118.636703
12515.625	-124.122932
12527.344	-123.813492
12539.063	-126.657608
12550.781	-122.970169
12562.500	-122.162933
12574.219	-128.854691
12585.938	-124.276947
12597.656	-121.571579
12609.375	-125.530632
12621.094	-120.203598
12632.813	-127.963539
12644.531	-122.992577
12656.250	-119.065109
12667.969	-120.097481
12679.688	-123.308044
12691.406	-129.611740
12703.125	-123.342560
12714.844	-120.905518
12726.563	-123.664551
12738.281	-124.277702
12750.000	-122.688370
12761.719	-126.017929
12773.438	-125.671204
12785.156	-122.042046
12796.875	-121.486397
12808.594	-123.473457
12820.313	-127.280273
12832.031	-124.498657
12843.750	-121.920830
12855.469	-124.575699
12867.188	-125.786179
12878.906	-126.423439
12890.625	-123.532089
12902.344	-127.953133
12914.063	-124.635590
12925.781	-127.513451
12937.500	-126.571373
12949.219	-124.894180
12960.938	-124.210266
12972.656	-124.202904
12984.375	-126.969589
12996.094	-125.484673
13007.813	-128.064117
13019.531	-127.375153
13031.250	-127.172966
13042.969	-125.189453
13054.688	-125.259644
13066.406	-122.500572
13078.125	-123.855576
13089.844	-126.315163
13101.563	-125.858330
13113.281	-125.983986
13125.000	-125.198036
13136.719	-123.730293
13148.438	-124.344490
13160.156	-122.268570
13171.875	-121.642693
13183.594	-121.428307
13195.313	-125.339676
13207.031	-127.182137
13218.750	-131.106369
13230.469	-127.913033
13242.188	-125.784760
13253.906	-125.331215
13265.625	-123.718307
13277.344	-118.358505
13289.063	-122.726074
13300.781	-119.884781
13312.500	-124.523407
13324.219	-125.651489
13335.938	-127.562347
13347.656	-130.632507
13359.375	-127.430611
13371.094	-126.129059
13382.813	-125.535851
13394.531	-127.224007
13406.250	-126.556152
13417.969	-119.542755
13429.688	-121.565369
13441.406	-121.947998
13453.125	-120.010620
13464.844	-128.039032
13476.563	-119.722343
13488.281	-125.012375
13500.000	-123.666267
13511.719	-120.564781
13523.438	-123.505859
13535.156	-122.937248
13546.875	-123.009308
13558.594	-125.518761
13570.313	-122.352089
13582.031	-122.672363
13593.750	-126.056221
13605.469	-120.343399
13617.188	-120.230331
13628.906	-127.467773
13640.625	-125.465851
13652.344	-127.498940
13664.063	-130.460388
13675.781	-126.492050
13687.500	-125.108040
13699.219	-123.681206
13710.938	-128.084244
13722.656	-124.912994
13734.375	-125.945374
13746.094	-122.654198
13757.813	-122.788605
13769.531	-130.460876
13781.250	-121.779198
13792.969	-121.963127
13804.688	-125.934990
13816.406	-127.188622
13828.125	-128.693695
13839.844	-121.990250
13851.563	-120.844658
13863.281	-122.187469
13875.000	-119.489799
13886.719	-124.129051
13898.438	-128.107635
13910.156	-126.282936
13921.875	-125.823044
13933.594	-122.087883
13945.313	-124.741631
13957.031	-124.215187
13968.750	-126.071014
13980.469	-123.903633
13992.188	-128.956848
14003.906	-132.787888
14015.625	-127.738174
14027.344	-124.326729
14039.063	-117.772240
14050.781	-121.589111
14062.500	-126.043777
14074.219	-123.750557
14085.938	-129.364014
14097.656	-126.478859
14109.375	-124.758034
14121.094	-125.818108
14132.813	-127.517563
14144.531	-127.807922
14156.250	-126.906677
14167.969	-123.486649
14179.688	-124.603058
14191.406	-128.290024
14203.125	-130.466904
14214.844	-132.033035
14226.563	-127.663849
14238.281	-124.925919
14250.000	-127.139946
14261.719	-129.481430
14273.438	-128.108917
14285.156	-127.845856
14296.875	-124.958763
14308.594	-130.135910
14320.313	-126.899841
14332.031	-125.635094
14343.750	-123.829208
14355.469	-123.070724
14367.188	-122.680367
14378.906	-124.946602
14390.625	-122.474236
14402.344	-121.275192
14414.063	-120.558968
14425.781	-124.411491
14437.500	-127.223511
14449.219	-129.122391
14460.938	-126.813515
14472.656	-126.409492
14484.375	-125.919273
14496.094	-127.512367
14507.813	-127.501457
14519.531	-125.429062
14531.250	-124.360146
14542.969	-125.499321
14554.688	-127.663589
14566.406	-122.557205
14578.125	-122.197739
14589.844	-124.195709
14601.563	-123.966530
14613.281	-124.892502
14625.000	-127.065094
14636.719	-125.643166
14648.438	-124.223480
14660.156	-125.550026
14671.875	-126.328178
14683.594	-126.805748
14695.313	-126.322189
14707.031	-128.341843
14718.750	-130.271881
14730.469	-123.923996
14742.188	-123.799805
14753.906	-127.134781
14765.625	-122.323395
14777.344	-123.455849
14789.063	-129.481155
14800.781	-127.840881
14812.500	-126.306931
14824.219	-127.327789
14835.938	-126.673378
14847.656	-130.065140
14859.375	-131.978363
14871.094	-126.753403
14882.813	-125.463348
14894.531	-124.759193
14906.250	-125.104958
14917.969	-123.376945
14929.688	-124.041420
14941.406	-126.537148
14953.125	-128.506348
14964.844	-128.222046
14976.563	-126.688255
14988.281	-125.643936
15000.000	-126.384453
15011.719	-127.798698
15023.438	-123.544731
15035.156	-123.557014
15046.875	-127.598366
15058.594	-122.032433
15070.313	-122.230690
15082.031	-128.013901
15093.750	-124.259087
15105.469	-123.898598
15117.188	-123.809143
15128.906	-128.895386
15140.625	-124.993744
15152.344	-124.712044
15164.063	-123.367409
15175.781	-126.440056
15187.500	-129.523849
15199.219	-126.272560
15210.938	-125.783928
15222.656	-128.200073
15234.375	-124.391762
15246.094	-127.034775
15257.813	-127.673264
15269.531	-124.944077
15281.250	-123.417076
15292.969	-124.617661
15304.688	-126.997414
15316.406	-123.808426
15328.125	-119.799744
15339.844	-121.669136
15351.563	-127.394424
15363.281	-125.691383
15375.000	-123.949486
15386.719	-119.918983
15398.438	-120.723732
15410.156	-123.764580
15421.875	-123.797165
15433.594	-125.204628
15445.313	-128.410568
15457.031	-125.947479
15468.750	-127.649162
15480.469	-125.216560
15492.188	-127.702217
15503.906	-123.350235
15515.625	-124.735420
15527.344	-127.193085
15539.063	-128.439896
15550.781	-124.801834
15562.500	-125.257393
15574.219	-127.418533
15585.938	-125.579948
15597.656	-123.889923
15609.375	-124.973816
15621.094	-126.637436
15632.813	-122.902206
15644.531	-125.575394
15656.250	-130.846542
15667.969	-128.471725
15679.688	-126.254898
15691.406	-124.197891
15703.125	-126.242241
15714.844	-125.966972
15726.563	-126.045998
15738.281	-127.445503
15750.000	-127.169914
15761.719	-127.356949
15773.438	-126.774811
15785.156	-126.465851
15796.875	-127.889465
15808.594	-133.386765
15820.313	-129.480164
15832.031	-128.386902
15843.750	-130.852295
15855.469	-127.466125
15867.188	-124.699936
15878.906	-125.353889
15890.625	-127.474297
15902.344	-127.869843
15914.063	-128.032623
15925.781	-128.428116
15937.500	-125.443657
15949.219	-124.211197
15960.938	-126.206932
15972.656	-127.334557
15984.375	-125.361885
15996.094	-129.926453
16007.813	-127.822090
16019.531	-128.377716
16031.250	-128.046799
16042.969	-127.814491
16054.688	-128.121033
16066.406	-128.093307
16078.125	-126.438690
16089.844	-129.347137
16101.563	-131.468018
16113.281	-128.403778
16125.000	-126.975258
16136.719	-127.405014
16148.438	-127.103889
16160.156	-126.619743
16171.875	-128.474838
16183.594	-128.133011
16195.313	-127.300591
16207.031	-128.459290
16218.750	-126.246147
16230.469	-127.339577
16242.188	-125.553459
16253.906	-124.912201
16265.625	-125.030899
16277.344	-127.593613
16289.063	-130.058487
16300.781	-129.066086
16312.500	-129.600784
16324.219	-129.478638
16335.938	-130.386505
16347.656	-130.999130
16359.375	-125.078026
16371.094	-127.082382
16382.813	-128.920578
16394.531	-129.310150
16406.250	-129.508789
16417.969	-131.180603
16429.688	-127.872932
16441.406	-128.135483
16453.125	-129.054016
16464.844	-128.279907
16476.563	-128.510452
16488.281	-125.496910
16500.000	-126.437920
16511.719	-129.182159
16523.438	-128.934662
16535.156	-128.249649
16546.875	-128.665649
16558.594	-127.000389
16570.313	-127.511345
16582.031	-126.857765
16593.750	-125.338249
16605.469	-127.609840
16617.188	-129.876251
16628.906	-125.407204
16640.625	-124.082375
16652.344	-121.846336
16664.063	-117.227936
16675.781	-114.512146
16687.500	-116.029449
16699.219	-115.078323
16710.938	-116.675079
16722.656	-121.826271
16734.375	-122.576546
16746.094	-127.802872
16757.813	-125.234169
16769.531	-125.802460
16781.250	-131.914307
16792.969	-126.985931
16804.688	-125.141029
16816.406	-129.965652
16828.125	-131.138977
16839.844	-129.029175
16851.563	-127.791008
16863.281	-131.270370
16875.000	-128.474274
16886.719	-129.556580
16898.438	-130.510590
16910.156	-126.475815
16921.875	-125.053764
16933.594	-129.252792
16945.313	-129.520630
16957.031	-130.688278
16968.750	-129.868820
16980.469	-129.577103
16992.188	-128.767090
17003.906	-128.735779
17015.625	-127.653641
17027.344	-126.948135
17039.063	-125.672958
17050.781	-124.622063
17062.500	-127.382851
17074.219	-130.829544
17085.938	-130.132294
17097.656	-128.522873
17109.375	-126.076439
17121.094	-130.377457
17132.813	-126.885910
17144.531	-126.928650
17156.250	-129.072266
17167.969	-129.624481
17179.688	-129.285645
17191.406	-130.325394
17203.125	-130.583954
17214.844	-129.798904
17226.563	-127.046585
17238.281	-128.466415
17250.000	-127.818390
17261.719	-127.709511
17273.438	-124.065056
17285.156	-122.838562
17296.875	-127.635345
17308.594	-127.029053
17320.313	-129.227280
17332.031	-127.996445
17343.750	-129.239151
17355.469	-131.658401
17367.188	-129.119247
17378.906	-128.744110
17390.625	-129.474487
17402.344	-124.839188
17414.063	-127.263336
17425.781	-128.009796
17437.500	-127.992531
17449.219	-128.912766
17460.938	-128.490326
17472.656	-128.935333
17484.375	-128.760620
17496.094	-129.390060
17507.813	-127.977028
17519.531	-130.500107
17531.250	-127.171616
17542.969	-127.238274
17554.688	-128.841583
17566.406	-128.433899
17578.125	-128.100311
17589.844	-128.541550
17601.563	-128.797882
17613.281	-130.300919
17625.000	-132.417709
17636.719	-128.436417
17648.438	-127.657097
17660.156	-131.000259
17671.875	-131.830048
17683.594	-128.690201
17695.313	-128.707443
17707.031	-131.430069
17718.750	-128.226837
17730.469	-128.280151
17742.188	-131.386780
17753.906	-129.465927
17765.625	-128.592087
17777.344	-131.873962
17789.063	-129.396622
17800.781	-128.141556
17812.500	-128.317276
17824.219	-128.334564
17835.938	-128.786041
17847.656	-128.937912
17859.375	-129.013824
17871.094	-128.912674
17882.813	-130.802536
17894.531	-128.462509
17906.250	-128.687576
17917.969	-128.666168
17929.688	-129.329834
17941.406	-128.958191
17953.125	-128.708954
17964.844	-128.898926
17976.563	-127.465515
17988.281	-128.350586
18000.000	-128.820160
18011.719	-127.963875
18023.438	-130.110367
18035.156	-130.574997
18046.875	-127.692497
18058.594	-126.170860
18070.313	-123.891777
18082.031	-128.468735
18093.750	-129.566711
18105.469	-130.406631
18117.188	-130.648407
18128.906	-127.768723
18140.625	-127.807938
18152.344	-129.505417
18164.063	-128.948486
18175.781	-129.246964
18187.500	-130.459717
18199.219	-128.278030
18210.938	-128.598740
18222.656	-130.484070
18234.375	-128.300125
18246.094	-127.081284
18257.813	-128.575195
18269.531	-127.291725
18281.250	-128.017899
18292.969	-130.214371
18304.688	-127.764893
18316.406	-125.926575
18328.125	-126.971626
18339.844	-129.615082
18351.563	-128.468491
18363.281	-131.151718
18375.000	-128.922318
18386.719	-127.165459
18398.438	-127.703629
18410.156	-129.341202
18421.875	-128.031769
18433.594	-126.258591
18445.313	-127.266556
18457.031	-124.839027
18468.750	-126.789909
18480.469	-130.532639
18492.188	-127.198204
18503.906	-128.321457
18515.625	-130.279877
18527.344	-128.080887
18539.063	-125.568665
18550.781	-127.232361
18562.500	-129.583572
18574.219	-127.825333
18585.938	-128.337479
18597.656	-125.957657
18609.375	-125.498962
18621.094	-129.074692
18632.813	-127.718704
18644.531	-126.412033
18656.250	-129.644913
18667.969	-131.498276
18679.688	-128.992416
18691.406	-127.896736
18703.125	-126.759926
18714.844	-125.166290
18726.563	-126.961952
18738.281	-124.504990
18750.000	-120.770317
18761.719	-125.332199
18773.438	-130.650482
18785.156	-129.143524
18796.875	-128.777237
18808.594	-131.206497
18820.313	-126.785583
18832.031	-124.633072
18843.750	-125.223488
18855.469	-124.569702
18867.188	-125.939766
18878.906	-128.264114
18890.625	-127.272987
18902.344	-126.452377
18914.063	-129.000885
18925.781	-131.176163
18937.500	-131.563812
18949.219	-128.658005
18960.938	-130.002670
18972.656	-131.094681
18984.375	-130.532745
18996.094	-127.332253
19007.813	-126.171326
19019.531	-129.201935
19031.250	-128.988373
19042.969	-126.451996
19054.688	-126.069420
19066.406	-126.445045
19078.125	-126.325882
19089.844	-127.187233
19101.563	-130.315155
19113.281	-129.971466
19125.000	-128.132767
19136.719	-127.587799
19148.438	-126.171432
19160.156	-125.653000
19171.875	-126.260170
19183.594	-125.681236
19195.313	-127.872673
19207.031	-128.013443
19218.750	-128.002014
19230.469	-130.224121
19242.188	-126.666122
19253.906	-125.569473
19265.625	-125.419510
19277.344	-130.046600
19289.063	-128.098862
19300.781	-128.936264
19312.500	-129.167953
19324.219	-129.364700
19335.938	-126.779694
19347.656	-127.621841
19359.375	-127.161293
19371.094	-127.273682
19382.813	-128.630737
19394.531	-128.370468
19406.250	-126.547165
19417.969	-129.971649
19429.688	-131.713806
19441.406	-127.283836
19453.125	-127.419098
19464.844	-128.387360
19476.563	-130.919922
19488.281	-129.683640
19500.000	-126.281784
19511.719	-127.315651
19523.438	-130.256500
19535.156	-127.938477
19546.875	-129.271988
19558.594	-127.753044
19570.313	-128.419754
19582.031	-127.871376
19593.750	-129.663651
19605.469	-131.436142
19617.188	-129.318573
19628.906	-126.900269
19640.625	-126.692123
19652.344	-129.342987
19664.063	-132.290298
19675.781	-128.569427
19687.500	-129.340698
19699.219	-130.156326
19710.938	-128.755249
19722.656	-130.230255
19734.375	-126.571968
19746.094	-127.554329
19757.813	-129.496262
19769.531	-129.676041
19781.250	-128.375473
19792.969	-130.345764
19804.688	-130.373672
19816.406	-129.780533
19828.125	-129.606277
19839.844	-127.590660
19851.563	-129.208969
19863.281	-130.552124
19875.000	-130.712646
19886.719	-129.070343
19898.438	-130.963196
19910.156	-129.280609
19921.875	-128.493073
19933.594	-127.327499
19945.313	-125.728989
19957.031	-128.002625
19968.750	-127.930191
19980.469	-127.095932
19992.188	-126.018684
20003.906	-127.194351
20015.625	-130.785919
20027.344	-129.372650
20039.063	-129.576569
20050.781	-130.436432
20062.500	-127.843834
20074.219	-127.813683
20085.938	-129.137024
20097.656	-128.638306
20109.375	-128.172440
20121.094	-127.679123
20132.813	-126.747765
20144.531	-127.544914
20156.250	-128.220917
20167.969	-125.613899
20179.688	-126.265686
20191.406	-129.016357
20203.125	-128.380951
20214.844	-129.037659
20226.563	-127.911491
20238.281	-128.624603
20250.000	-127.917557
20261.719	-126.305359
20273.438	-127.951294
20285.156	-128.163193
20296.875	-128.277863
20308.594	-130.374634
20320.313	-128.002304
20332.031	-129.500320
20343.750	-128.797943
20355.469	-126.472984
20367.188	-126.768379
20378.906	-127.835022
20390.625	-127.102592
20402.344	-125.514793
20414.063	-125.716682
20425.781	-125.747650
20437.500	-125.961876
20449.219	-127.625732
20460.938	-127.271133
20472.656	-127.808655
20484.375	-126.716278
20496.094	-124.668251
20507.813	-126.381996
20519.531	-128.625610
20531.250	-127.906273
20542.969	-125.514336
20554.688	-126.070602
20566.406	-126.557350
20578.125	-127.909065
20589.844	-131.151871
20601.563	-127.382240
20613.281	-125.259224
20625.000	-125.458611
20636.719	-126.335854
20648.438	-126.823372
20660.156	-124.322533
20671.875	-126.431137
20683.594	-128.231308
20695.313	-128.702408
20707.031	-126.235970
20718.750	-127.219566
20730.469	-126.305702
20742.188	-126.622063
20753.906	-131.012253
20765.625	-127.369926
20777.344	-125.891594
20789.063	-130.262299
20800.781	-130.056778
20812.500	-127.306419
20824.219	-126.130066
20835.938	-128.253281
20847.656	-127.244286
20859.375	-128.367340
20871.094	-128.191437
20882.813	-133.104782
20894.531	-129.004150
20906.250	-125.315987
20917.969	-125.586670
20929.688	-126.314339
20941.406	-126.148514
20953.125	-126.030426
20964.844	-127.656639
20976.563	-125.940819
20988.281	-123.436874
21000.000	-125.142654
21011.719	-126.865486
21023.438	-125.757759
21035.156	-127.170906
21046.875	-127.464577
21058.594	-127.835426
21070.313	-126.819878
21082.031	-126.601837
21093.750	-127.171120
21105.469	-126.368980
21117.188	-124.497383
21128.906	-126.364952
21140.625	-129.479645
21152.344	-127.577820
21164.063	-127.390450
21175.781	-126.961578
21187.500	-128.597977
21199.219	-126.506218
21210.938	-128.725449
21222.656	-125.531143
21234.375	-125.192459
21246.094	-126.209030
21257.813	-126.235847
21269.531	-126.570076
21281.250	-124.808182
21292.969	-123.669434
21304.688	-124.874039
21316.406	-124.812531
21328.125	-124.377480
21339.844	-126.855629
21351.563	-126.311951
21363.281	-126.193138
21375.000	-126.742119
21386.719	-127.312378
21398.438	-126.878342
21410.156	-127.654572
21421.875	-127.333122
21433.594	-123.651703
21445.313	-123.859596
21457.031	-126.388176
21468.750	-128.839706
21480.469	-126.926369
21492.188	-125.280609
21503.906	-124.132431
21515.625	-126.056938
21527.344	-126.702019
21539.063	-124.695152
21550.781	-125.080376
21562.500	-124.890984
21574.219	-123.871002
21585.938	-124.748657
21597.656	-125.015648
21609.375	-125.126244
21621.094	-125.705200
21632.813	-124.106926
21644.531	-124.322182
21656.250	-126.174057
21667.969	-126.860237
21679.688	-123.966606
21691.406	-123.429237
21703.125	-125.673141
21714.844	-127.946228
21726.563	-127.402405
21738.281	-126.975342
21750.000	-127.139450
21761.719	-129.991318
21773.438	-127.627968
21785.156	-126.241951
21796.875	-127.725471
21808.594	-129.581985
21820.313	-128.196030
21832.031	-125.318993
21843.750	-123.225517
21855.469	-125.241356
21867.188	-128.161850
21878.906	-125.271538
21890.625	-125.273232
21902.344	-124.869095
21914.063	-125.177856
21925.781	-126.639488
21937.500	-127.749458
21949.219	-127.012756
21960.938	-126.850929
21972.656	-126.191162
21984.375	-125.818153
21996.094	-124.251846
22007.813	-124.306740
22019.531	-126.601509
22031.250	-128.741440
22042.969	-127.757050
22054.688	-124.128891
22066.406	-125.726532
22078.125	-125.363663
22089.844	-123.951965
22101.563	-124.255196
22113.281	-124.764832
22125.000	-123.631020
22136.719	-125.184677
22148.438	-128.349274
22160.156	-131.175400
22171.875	-127.754616
22183.594	-125.274513
22195.313	-127.849564
22207.031	-127.744995
22218.750	-126.549088
22230.469	-125.580124
22242.188	-126.350784
22253.906	-125.755859
22265.625	-124.577950
22277.344	-124.532028
22289.063	-124.745468
22300.781	-126.146568
22312.500	-123.197899
22324.219	-124.461830
22335.938	-125.290665
22347.656	-127.146385
22359.375	-126.169899
22371.094	-126.384056
22382.813	-127.722260
22394.531	-128.241928
22406.250	-125.944221
22417.969	-125.454308
22429.688	-125.865936
22441.406	-126.251335
22453.125	-125.912827
22464.844	-126.423531
22476.563	-125.178078
22488.281	-124.922150
22500.000	-124.997047
22511.719	-124.475716
22523.438	-127.031067
22535.156	-127.778824
22546.875	-125.422211
22558.594	-127.319206
22570.313	-127.240318
22582.031	-125.928978
22593.750	-124.600929
22605.469	-123.766235
22617.188	-124.622124
22628.906	-126.081291
22640.625	-123.840767
22652.344	-123.622223
22664.063	-125.198921
22675.781	-123.019737
22687.500	-124.355415
22699.219	-125.128159
22710.938	-124.036537
22722.656	-126.077827
22734.375	-125.350777
22746.094	-123.351028
22757.813	-124.767380
22769.531	-125.959785
22781.250	-123.718918
22792.969	-123.096733
22804.688	-125.099075
22816.406	-126.046013
22828.125	-126.678947
22839.844	-125.069977
22851.563	-125.216957
22863.281	-124.784241
22875.000	-124.291100
22886.719	-123.877846
22898.438	-125.510185
22910.156	-125.613144
22921.875	-126.253281
22933.594	-127.045219
22945.313	-128.112549
22957.031	-128.519440
22968.750	-125.656342
22980.469	-125.736870
22992.188	-125.088234
23003.906	-124.638992
23015.625	-126.443031
23027.344	-129.242554
23039.063	-128.035156
23050.781	-124.616486
23062.500	-124.735664
23074.219	-127.683067
23085.938	-126.051918
23097.656	-124.232811
23109.375	-126.388382
23121.094	-126.027771
23132.813	-126.744904
23144.531	-126.301926
23156.250	-125.484184
23167.969	-126.189209
23179.688	-125.940689
23191.406	-126.433281
23203.125	-129.385910
23214.844	-125.396210
23226.563	-125.702492
23238.281	-125.794044
23250.000	-128.585663
23261.719	-126.004143
23273.438	-125.060753
23285.156	-125.102196
23296.875	-127.820564
23308.594	-126.329742
23320.313	-126.306648
23332.031	-128.675690
23343.750	-127.572235
23355.469	-125.523621
23367.188	-125.302704
23378.906	-126.068687
23390.625	-126.548889
23402.344	-124.232750
23414.063	-124.505486
23425.781	-124.922127
23437.500	-124.921112
23449.219	-126.464043
23460.938	-124.787804
23472.656	-126.515602
23484.375	-125.853981
23496.094	-124.182106
23507.813	-125.052536
23519.531	-126.337547
23531.250	-126.847496
23542.969	-125.647354
23554.688	-124.683289
23566.406	-125.136284
23578.125	-126.100044
23589.844	-127.818947
23601.563	-126.756691
23613.281	-125.967270
23625.000	-126.368484
23636.719	-125.969322
23648.438	-124.614197
23660.156	-124.743217
23671.875	-125.952034
23683.594	-125.164375
23695.313	-124.511497
23707.031	-125.633667
23718.750	-124.334068
23730.469	-129.813202
23742.188	-128.343033
23753.906	-126.304726
23765.625	-124.005875
23777.344	-123.612442
23789.063	-124.940109
23800.781	-127.039665
23812.500	-127.555794
23824.219	-128.041763
23835.938	-128.238983
23847.656	-127.407097
23859.375	-126.302094
23871.094	-124.667564
23882.813	-124.880531
23894.531	-127.341194
23906.250	-125.675552
23917.969	-125.853996
23929.688	-124.368111
23941.406	-126.357971
23953.125	-124.841515
23964.844	-124.366821
23976.563	-126.128014
23988.281	-126.326851
