#HEADER
CATT-Acoustic v8.0b    Copyright © CATT 1988-2003

 Project                : Auditorio

 GEOMETRICAL INFORMATION
 Src id and loc     [m] :   A1          -9,000        0,000        0,000
 Rec id and loc     [m] :   21           4,350        7,000        0,550

 21       43,9349

 VARIABLE SOURCE DATA
 Directivity
   Type (library)       :  OMNI.SD0
   Dir. Index (DI) [dB] :       0,0      0,0      0,0      0,0      0,0      0,0
 Level
   On axis 1m      [dB] :      58,0     64,0     70,3     70,7     65,9     59,9
   Total power     [dB] :      68,9     74,9     81,2     81,6     76,8     70,8
   Auxiliary delay [ms] :       0,0

 VARIABLE AIR DATA
 Temperature       [°C] :      20
 Relative humidity  [%] :      50
 Density        [kg/m³] :       1,2
 Sound speed      [m/s] :     343
 Impedance      [Ns/m³] :     412
 Diss. coeff. [0.001/m] :      0,10     0,30     0,63     1,07     2,28     6,83      (estimated)

#DATAFIELDS
 TYPE DELAY ORDER AZIMUTH ELEVATION SPL125 SPL250 SPL500 SPL1K SPL2K SPL4K
#DATA
d	     0,0000	 0	 90,00	 90,00	  34,4	  40,4	  46,7	  47,1	  42,2	  35,9
*	     0,1932	 1	 89,15	 97,26	 -15,1	  -9,2	  -3,3	  -1,0	  -5,2	 -12,1
*	     0,1937	 1	 94,38	 97,02	 -17,7	 -11,7	  -5,9	  -3,5	  -7,8	 -14,7
*	     0,3502	 1	 85,32	 97,44	 -13,5	  -7,6	  -1,7	   0,6	  -3,6	 -10,5
*	     0,4751	 1	 78,69	 97,73	 -17,2	 -11,3	  -5,4	  -3,1	  -7,4	 -14,3
*	     0,6444	 1	 82,43	 97,53	 -12,2	  -6,3	  -0,4	   1,9	  -2,4	  -9,3
*	     0,8649	 1	 75,79	 97,74	 -15,1	  -9,2	  -3,3	  -1,0	  -5,3	 -12,2
*	    26,0255	 1	111,06	 93,49	 -15,4	  -8,4	  -1,1	  -0,5	  -5,4	 -11,8
*	    19,0988	 1	107,76	 93,80	 -11,7	  -4,6	   2,7	   3,3	  -1,5	  -7,9
*	    21,1481	 1	104,40	 93,42	 -11,6	  -4,6	   2,8	   3,4	  -1,5	  -7,9
*	    12,5709	 1	104,02	 94,14	  -7,2	  -0,2	   7,2	   7,8	   2,9	  -3,4
*	    14,4588	 1	100,72	 93,70	  -6,5	   0,5	   7,9	   8,4	   3,6	  -2,8
*	     6,7732	 1	 99,79	 94,48	  -2,2	   4,8	  12,2	  12,8	   7,9	   1,6
*	     8,2322	 1	 96,61	 93,99	   0,2	   7,2	  14,6	  15,2	  10,4	   4,0
*	    12,2644	 1	 93,87	 93,55	  -1,8	   5,2	  12,6	  13,2	   8,3	   2,0
*	     2,5534	 1	 95,03	 94,86	   1,8	   8,8	  16,2	  16,8	  12,0	   5,7
*	     3,3409	 1	 92,05	 94,28	   8,0	  15,1	  22,5	  23,1	  18,2	  11,9
*	     7,8697	 1	 89,54	 93,79	   4,2	  11,2	  18,6	  19,2	  14,4	   8,0
*	     1,0802	 1	 89,70	 95,23	   1,3	   8,4	  15,7	  16,3	  11,5	   5,2
*	     2,4220	 1	 87,05	 94,58	   5,5	  12,6	  19,9	  20,5	  15,7	   9,4
*	     6,9453	 1	 84,84	 94,03	   2,5	   9,5	  16,9	  17,5	  12,7	   6,3
*	     1,9567	 1	 83,80	 95,59	  -2,2	   4,9	  12,2	  12,8	   8,0	   1,7
*	     4,2690	 1	 81,60	 94,85	  -1,2	   5,9	  13,2	  13,8	   9,0	   2,7
*	     4,1032	 1	 77,37	 95,91	  -5,7	   1,3	   8,7	   9,3	   4,5	  -1,8
*	     7,0086	 1	 75,77	 95,10	  -5,9	   1,1	   8,5	   9,1	   4,2	  -2,1
*	     7,0524	 1	 70,55	 96,18	  -8,7	  -1,7	   5,7	   6,3	   1,5	  -4,9
*	    10,3105	 1	 69,65	 95,32	  -9,5	  -2,5	   4,9	   5,5	   0,6	  -5,7
*	    10,6552	 1	 63,48	 96,36	 -11,3	  -4,3	   3,1	   3,7	  -1,2	  -7,5
*	     1,0849	 1	 80,13	 97,58	 -11,1	  -5,2	   0,7	   3,0	  -1,3	  -8,2
*	     1,3633	 1	 73,78	 97,77	 -13,8	  -7,9	  -2,0	   0,3	  -4,0	 -10,9
*	     1,9757	 1	 72,30	 97,77	 -12,9	  -7,0	  -1,1	   1,2	  -3,0	  -9,9
*	     2,7310	 1	 71,13	 97,76	 -12,0	  -6,1	  -0,2	   2,1	  -2,2	  -9,1
s	     2,7895	 1	216,37	 93,21	  32,1	  37,8	  43,4	  41,8	  35,6	  29,0
*	     3,7657	 1	176,70	102,68	  12,0	  17,9	  23,8	  26,1	  21,9	  15,0
*	     3,6505	 1	 70,23	 97,75	 -11,3	  -5,4	   0,5	   2,9	  -1,4	  -8,3
*	     5,7851	 1	165,13	 90,14	   4,4	  10,3	  16,2	  18,5	  14,2	   7,3
*	     7,1025	 1	162,40	 89,90	   1,5	   7,4	  13,3	  15,6	  11,3	   4,4
*	     8,5147	 1	160,61	 89,74	  -0,9	   5,0	  10,9	  13,2	   8,9	   2,0
*	    10,0185	 1	159,37	 89,63	  -2,9	   3,0	   8,9	  11,2	   6,9	  -0,0
*	    11,6135	 1	158,45	 89,55	  -4,6	   1,3	   7,2	   9,5	   5,2	  -1,7
*	    13,3003	 1	157,74	 89,50	  -6,1	  -0,2	   5,7	   8,0	   3,7	  -3,3
*	    15,0795	 1	157,18	 89,44	  -7,5	  -1,6	   4,3	   6,6	   2,3	  -4,7
*	    16,9514	 1	156,73	 89,40	  -8,8	  -2,9	   3,0	   5,3	   1,0	  -6,0
*	    18,9159	 1	156,35	 89,37	 -10,0	  -4,1	   1,8	   4,1	  -0,2	  -7,2
*	    20,9725	 1	156,03	 89,35	 -11,1	  -5,2	   0,7	   3,0	  -1,3	  -8,3
*	    23,1201	 1	155,75	 89,31	 -12,2	  -6,2	  -0,4	   1,9	  -2,4	  -9,4
*	    25,3571	 1	155,53	 89,29	 -13,2	  -7,3	  -1,4	   0,9	  -3,4	 -10,5
*	    27,6814	 1	155,32	 89,28	 -14,2	  -8,3	  -2,4	  -0,1	  -4,4	 -11,5
*	    30,0904	 1	155,14	 89,27	 -15,1	  -9,2	  -3,4	  -1,0	  -5,4	 -12,5
*	    32,5811	 1	154,98	 89,25	 -16,1	 -10,2	  -4,3	  -2,0	  -6,3	 -13,4
s	     6,2389	 1	 85,08	 89,75	  30,2	  37,2	  44,6	  45,2	  40,4	  34,1
*	    22,3892	 1	 86,15	 69,53	  -6,9	   0,1	   7,4	   8,0	   3,2	  -3,3
*	    21,4105	 1	 82,82	 68,97	  -6,9	   0,1	   7,5	   8,1	   3,2	  -3,2
*	    21,0663	 1	 79,26	 68,44	  -7,2	  -0,2	   7,2	   7,8	   2,9	  -3,5
*	    18,5904	 1	 86,16	 72,96	  -4,3	   2,7	  10,1	  10,7	   5,8	  -0,6
*	    17,6732	 1	 82,83	 72,49	  -4,4	   2,6	  10,0	  10,6	   5,7	  -0,7
*	    17,4687	 1	 79,29	 72,05	  -4,9	   2,1	   9,5	  10,1	   5,2	  -1,2
*	    15,0160	 1	 86,17	 76,50	  -1,2	   5,8	  13,2	  13,8	   8,9	   2,5
*	    14,2041	 1	 82,85	 76,14	  -1,5	   5,5	  12,8	  13,4	   8,6	   2,2
*	    14,2027	 1	 79,31	 75,80	  -2,5	   4,5	  11,9	  12,5	   7,6	   1,3
*	    11,7199	 1	 86,18	 80,12	   2,5	   9,5	  16,9	  17,5	  12,6	   6,3
*	    11,0853	 1	 82,87	 79,88	   1,7	   8,7	  16,1	  16,7	  11,8	   5,5
*	    11,3753	 1	 79,34	 79,65	   0,1	   7,1	  14,5	  15,1	  10,2	   3,8
*	     8,8335	 1	 86,19	 83,82	   7,1	  14,1	  21,4	  22,0	  17,2	  10,9
*	     8,4927	 1	 82,89	 83,70	   5,3	  12,3	  19,7	  20,3	  15,4	   9,1
*	     9,1718	 1	 79,37	 83,58	   2,5	   9,5	  16,9	  17,5	  12,7	   6,3
*	     6,7701	 1	 86,20	 87,55	  11,9	  19,0	  26,3	  26,9	  22,1	  15,8
*	     6,8240	 1	 82,90	 87,55	   8,3	  15,4	  22,7	  23,3	  18,5	  12,2
*	     7,8863	 1	 79,40	 87,56	   4,3	  11,3	  18,7	  19,3	  14,4	   8,1
*	     6,5715	 1	 86,21	 91,27	  12,8	  19,8	  27,2	  27,8	  22,9	  16,6
*	     6,7050	 1	 82,92	 91,40	   8,8	  15,8	  23,2	  23,8	  18,9	  12,6
*	     7,8296	 1	 79,42	 91,53	   4,5	  11,5	  18,9	  19,5	  14,6	   8,3
*	    24,9879	 1	 80,14	 65,14	  -7,0	  -1,0	   5,1	   5,4	   0,6	  -5,8
*	    25,3267	 1	 82,58	 65,55	  -6,9	  -0,9	   5,2	   5,5	   0,7	  -5,7
*	    25,9376	 1	 84,92	 66,00	  -6,9	  -0,9	   5,2	   5,4	   0,7	  -5,7
*	    26,8263	 1	 87,15	 66,45	  -7,1	  -1,1	   5,0	   5,2	   0,5	  -5,9
*	    27,8011	 1	 80,12	 62,86	  -8,3	  -2,4	   3,8	   4,0	  -0,7	  -7,2
*	    28,1708	 1	 82,56	 63,31	  -8,3	  -2,3	   3,8	   4,0	  -0,7	  -7,2
*	    28,7958	 1	 84,91	 63,79	  -8,4	  -2,4	   3,7	   4,0	  -0,8	  -7,2
*	    29,6796	 1	 87,15	 64,27	  -8,5	  -2,6	   3,5	   3,8	  -1,0	  -7,4
*	    30,7070	 1	 80,11	 60,67	  -9,6	  -3,7	   2,4	   2,7	  -2,1	  -8,5
*	    31,0998	 1	 82,55	 61,15	  -9,6	  -3,7	   2,5	   2,7	  -2,1	  -8,5
*	    31,7333	 1	 84,90	 61,65	  -9,7	  -3,7	   2,4	   2,6	  -2,1	  -8,6
*	    32,6095	 1	 87,14	 62,18	  -9,9	  -3,9	   2,2	   2,4	  -2,3	  -8,8
*	    33,6973	 1	 80,09	 58,55	 -10,9	  -4,9	   1,2	   1,4	  -3,3	  -9,8
*	    34,1072	 1	 82,54	 59,06	 -10,9	  -4,9	   1,2	   1,4	  -3,3	  -9,8
*	    34,7449	 1	 84,89	 59,59	 -11,0	  -5,0	   1,1	   1,3	  -3,4	  -9,9
*	    35,6114	 1	 87,14	 60,15	 -11,2	  -5,2	   0,9	   1,1	  -3,6	 -10,1
*	    36,7651	 1	 80,07	 56,52	 -12,1	  -6,1	  -0,0	   0,2	  -4,5	 -11,0
*	    37,1871	 1	 82,53	 57,05	 -12,1	  -6,1	  -0,0	   0,2	  -4,6	 -11,1
*	    37,8256	 1	 84,88	 57,61	 -12,2	  -6,3	  -0,2	   0,1	  -4,7	 -11,2
*	    38,6807	 1	 87,14	 58,19	 -12,4	  -6,4	  -0,3	  -0,1	  -4,9	 -11,4
*	    39,9042	 1	 80,05	 54,58	 -13,2	  -7,3	  -1,2	  -0,9	  -5,7	 -12,2
*	    40,3344	 1	 82,51	 55,12	 -13,3	  -7,3	  -1,2	  -1,0	  -5,7	 -12,3
*	    40,9709	 1	 84,88	 55,70	 -13,4	  -7,4	  -1,3	  -1,1	  -5,9	 -12,4
*	    41,8134	 1	 87,13	 56,30	 -13,6	  -7,6	  -1,5	  -1,3	  -6,0	 -12,6
*	    26,2756	 1	 94,81	 70,64	  -7,8	  -0,8	   6,5	   7,1	   2,2	  -4,2
*	    24,4108	 1	 91,52	 70,22	  -7,0	  -0,0	   7,3	   7,9	   3,1	  -3,4
*	    23,2062	 1	 88,08	 69,85	  -6,6	   0,4	   7,8	   8,4	   3,5	  -3,0
*	    22,6953	 1	 94,80	 73,87	  -5,5	   1,5	   8,9	   9,5	   4,6	  -1,8
*	    20,6785	 1	 91,52	 73,53	  -4,5	   2,5	   9,9	  10,5	   5,6	  -0,8
*	    19,4149	 1	 88,08	 73,23	  -4,0	   3,0	  10,4	  11,0	   6,1	  -0,3
*	    19,3998	 1	 94,78	 77,20	  -2,9	   4,1	  11,5	  12,1	   7,2	   0,8
*	    17,1805	 1	 91,52	 76,94	  -1,5	   5,5	  12,9	  13,5	   8,6	   2,2
*	    15,8415	 1	 88,09	 76,70	  -0,9	   6,1	  13,5	  14,1	   9,2	   2,8
*	    16,4840	 1	 94,77	 80,62	  -0,1	   7,0	  14,3	  14,9	  10,1	   3,7
*	    13,9820	 1	 91,51	 80,43	   2,0	   9,0	  16,4	  17,0	  12,1	   5,8
*	    12,5360	 1	 88,09	 80,27	   2,9	   9,9	  17,3	  17,9	  13,0	   6,6
*	    14,1332	 1	 94,76	 84,08	   2,9	   9,9	  17,3	  17,9	  13,0	   6,6
*	    11,2363	 1	 91,51	 83,98	   6,1	  13,1	  20,5	  21,1	  16,3	   9,9
*	     9,6228	 1	 88,10	 83,89	   7,5	  14,6	  21,9	  22,5	  17,7	  11,4
*	    12,6945	 1	 94,75	 87,57	   5,1	  12,2	  19,5	  20,1	  15,3	   8,9
*	     9,3609	 1	 91,51	 87,56	  10,1	  17,1	  24,5	  25,1	  20,2	  13,9
*	     7,5095	 1	 88,10	 87,55	  12,7	  19,7	  27,1	  27,7	  22,8	  16,5
*	    12,6021	 1	 94,74	 91,06	   5,4	  12,5	  19,8	  20,4	  15,6	   9,2
*	     9,1960	 1	 91,50	 91,13	  10,7	  17,8	  25,1	  25,7	  20,9	  14,5
*	     7,2964	 1	 88,10	 91,21	  13,6	  20,6	  28,0	  28,6	  23,8	  17,4
*	    42,7771	 1	 95,34	 59,04	 -13,1	  -7,2	  -1,1	  -0,8	  -5,6	 -12,2
*	    41,6569	 1	 93,09	 58,61	 -12,8	  -6,8	  -0,7	  -0,5	  -5,3	 -11,8
*	    40,7489	 1	 90,77	 58,21	 -12,5	  -6,6	  -0,5	  -0,2	  -5,0	 -11,5
*	    40,0592	 1	 88,36	 57,83	 -12,4	  -6,4	  -0,3	  -0,1	  -4,8	 -11,4
*	    39,7814	 1	 95,33	 60,92	 -12,0	  -6,0	   0,1	   0,3	  -4,5	 -11,0
*	    38,6210	 1	 93,09	 60,50	 -11,6	  -5,7	   0,4	   0,7	  -4,1	 -10,6
*	    37,6841	 1	 90,76	 60,11	 -11,4	  -5,4	   0,7	   0,9	  -3,8	 -10,3
*	    36,9774	 1	 88,37	 59,76	 -11,2	  -5,2	   0,9	   1,1	  -3,6	 -10,1
*	    36,8580	 1	 95,32	 62,86	 -10,8	  -4,8	   1,3	   1,5	  -3,3	  -9,8
*	    35,6539	 1	 93,09	 62,46	 -10,4	  -4,4	   1,7	   1,9	  -2,8	  -9,4
*	    34,6858	 1	 90,76	 62,09	 -10,1	  -4,1	   2,0	   2,2	  -2,5	  -9,0
*	    33,9615	 1	 88,37	 61,76	  -9,9	  -3,9	   2,2	   2,4	  -2,3	  -8,8
*	    34,0128	 1	 95,32	 64,86	  -9,6	  -3,6	   2,5	   2,7	  -2,0	  -8,5
*	    32,7604	 1	 93,08	 64,49	  -9,1	  -3,1	   3,0	   3,2	  -1,5	  -8,0
*	    31,7583	 1	 90,76	 64,14	  -8,8	  -2,8	   3,3	   3,5	  -1,2	  -7,7
*	    31,0158	 1	 88,37	 63,82	  -8,6	  -2,6	   3,5	   3,7	  -1,0	  -7,5
*	    31,2524	 1	 95,31	 66,93	  -8,2	  -2,3	   3,8	   4,1	  -0,7	  -7,1
*	    29,9461	 1	 93,08	 66,58	  -7,7	  -1,8	   4,3	   4,6	  -0,2	  -6,6
*	    28,9064	 1	 90,76	 66,25	  -7,4	  -1,4	   4,7	   4,9	   0,2	  -6,3
*	    28,1448	 1	 88,38	 65,97	  -7,1	  -1,2	   4,9	   5,2	   0,4	  -6,0
*	    10,1631	 1	 72,06	 94,97	  -0,6	   6,5	  13,8	  14,4	   9,6	   3,2
*	     9,2343	 1	 75,57	 94,65	   1,6	   8,6	  16,0	  16,6	  11,7	   5,4
*	     8,7061	 1	 78,81	 94,34	   4,0	  11,0	  18,4	  19,0	  14,1	   7,8
*	     9,5340	 1	 72,01	 90,65	  -0,1	   6,9	  14,3	  14,9	  10,0	   3,7
*	     8,5267	 1	 75,53	 90,50	   2,2	   9,2	  16,6	  17,2	  12,3	   6,0
*	     7,8817	 1	 78,78	 90,37	   4,9	  12,0	  19,3	  19,9	  15,1	   8,8
*	     9,7884	 1	 71,96	 86,29	  -0,4	   6,6	  14,0	  14,6	   9,8	   3,4
*	     8,8484	 1	 75,50	 86,33	   1,8	   8,8	  16,2	  16,8	  11,9	   5,6
*	     8,3000	 1	 78,76	 86,37	   4,3	  11,3	  18,7	  19,3	  14,4	   8,1
*	    10,8901	 1	 71,91	 81,96	  -1,3	   5,8	  13,1	  13,7	   8,9	   2,5
*	    10,1326	 1	 75,46	 82,17	   0,5	   7,6	  14,9	  15,5	  10,7	   4,3
*	     9,8300	 1	 78,73	 82,39	   2,4	   9,4	  16,8	  17,4	  12,6	   6,2
*	    12,7338	 1	 71,86	 77,70	  -2,6	   4,4	  11,8	  12,4	   7,6	   1,2
*	    12,2056	 1	 75,42	 78,08	  -1,2	   5,8	  13,2	  13,8	   8,9	   2,6
*	    12,1770	 1	 78,70	 78,46	   0,0	   7,1	  14,4	  15,0	  10,2	   3,8
*	    15,1919	 1	 71,81	 73,54	  -4,2	   2,9	  10,2	  10,8	   6,0	  -0,4
*	    14,8857	 1	 75,38	 74,08	  -3,2	   3,8	  11,2	  11,8	   6,9	   0,6
*	    15,0930	 1	 78,67	 74,62	  -2,4	   4,6	  12,0	  12,6	   7,7	   1,4
*	    18,1482	 1	 71,76	 69,54	  -5,9	   1,2	   8,5	   9,1	   4,3	  -2,1
*	    18,0319	 1	 75,34	 70,22	  -5,2	   1,8	   9,2	   9,8	   4,9	  -1,5
*	    18,4217	 1	 78,64	 70,90	  -4,7	   2,3	   9,7	  10,3	   5,4	  -1,0
*	    21,5092	 1	 71,71	 65,72	  -7,6	  -0,6	   6,8	   7,4	   2,5	  -3,9
*	    21,5453	 1	 75,30	 66,50	  -7,1	  -0,1	   7,2	   7,8	   3,0	  -3,5
*	    22,0692	 1	 78,61	 67,31	  -6,9	   0,2	   7,5	   8,1	   3,2	  -3,2
*	    40,4384	 1	 77,66	 53,34	 -12,6	  -6,6	  -0,5	  -0,3	  -5,0	 -11,6
*	    39,9401	 1	 75,33	 52,55	 -12,5	  -6,5	  -0,4	  -0,2	  -5,0	 -11,5
*	    39,6278	 1	 72,87	 51,79	 -12,5	  -6,5	  -0,4	  -0,2	  -5,0	 -11,5
*	    39,4985	 1	 70,26	 51,05	 -12,6	  -6,6	  -0,5	  -0,3	  -5,0	 -11,6
*	    37,2957	 1	 77,68	 55,26	 -11,4	  -5,5	   0,6	   0,9	  -3,9	 -10,4
*	    36,8076	 1	 75,36	 54,50	 -11,4	  -5,4	   0,7	   0,9	  -3,9	 -10,4
*	    36,5123	 1	 72,90	 53,76	 -11,4	  -5,5	   0,6	   0,9	  -3,9	 -10,4
*	    36,4057	 1	 70,29	 53,03	 -11,5	  -5,5	   0,6	   0,8	  -4,0	 -10,5
*	    34,2262	 1	 77,70	 57,28	 -10,3	  -4,3	   1,8	   2,0	  -2,7	  -9,2
*	    33,7529	 1	 75,38	 56,54	 -10,3	  -4,3	   1,8	   2,0	  -2,7	  -9,2
*	    33,4794	 1	 72,93	 55,82	 -10,3	  -4,3	   1,8	   2,0	  -2,8	  -9,2
*	    33,4006	 1	 70,33	 55,13	 -10,4	  -4,5	   1,6	   1,9	  -2,9	  -9,4
*	    31,2369	 1	 77,72	 59,39	  -9,1	  -3,1	   3,0	   3,2	  -1,5	  -8,0
*	    30,7839	 1	 75,41	 58,69	  -9,1	  -3,1	   3,0	   3,2	  -1,5	  -8,0
*	    30,5383	 1	 72,97	 58,00	  -9,2	  -3,2	   2,9	   3,1	  -1,6	  -8,1
*	    30,4930	 1	 70,37	 57,32	  -9,3	  -3,4	   2,8	   3,0	  -1,8	  -8,2
*	    28,3357	 1	 77,74	 61,59	  -7,8	  -1,9	   4,3	   4,5	  -0,2	  -6,7
*	    27,9099	 1	 75,44	 60,92	  -7,9	  -1,9	   4,2	   4,4	  -0,3	  -6,7
*	    27,6991	 1	 73,00	 60,26	  -8,0	  -2,0	   4,1	   4,3	  -0,4	  -6,9
*	    27,6943	 1	 70,41	 59,62	  -8,2	  -2,2	   3,9	   4,1	  -0,6	  -7,1
*	    25,5319	 1	 77,77	 63,87	  -6,5	  -0,5	   5,6	   5,8	   1,1	  -5,4
*	    25,1414	 1	 75,46	 63,25	  -6,6	  -0,6	   5,5	   5,7	   1,0	  -5,5
*	    24,9738	 1	 73,03	 62,63	  -6,8	  -0,8	   5,3	   5,5	   0,8	  -5,7
*	    25,0174	 1	 70,45	 62,03	  -7,1	  -1,1	   5,0	   5,3	   0,5	  -5,9
s	     9,1343	 2	220,82	 93,10	  29,0	  35,8	  42,6	  42,5	  37,3	  30,5
*	     9,2806	 1	183,68	 87,61	   6,4	  12,4	  18,2	  20,6	  16,3	   9,3
*	    10,4383	 1	177,78	 87,83	   4,1	  10,0	  15,9	  18,2	  13,9	   7,0
*	    11,7458	 1	173,66	 88,00	   2,1	   8,0	  13,9	  16,2	  11,9	   4,9
*	    13,1770	 1	170,63	 88,13	   0,3	   6,2	  12,1	  14,4	  10,1	   3,1
*	    14,7181	 1	168,35	 88,24	  -1,3	   4,6	  10,5	  12,8	   8,5	   1,5
*	    16,3619	 1	166,57	 88,32	  -2,8	   3,2	   9,0	  11,4	   7,0	   0,1
*	    18,1039	 1	165,13	 88,39	  -4,1	   1,8	   7,7	  10,0	   5,7	  -1,3
*	    19,9415	 1	163,95	 88,44	  -5,3	   0,6	   6,5	   8,8	   4,5	  -2,5
*	    21,8723	 1	162,97	 88,49	  -6,5	  -0,5	   5,3	   7,7	   3,3	  -3,7
*	    23,8945	 1	162,15	 88,53	  -7,5	  -1,6	   4,2	   6,6	   2,2	  -4,8
*	    26,0062	 1	161,43	 88,57	  -8,6	  -2,7	   3,2	   5,5	   1,2	  -5,9
*	    28,2051	 1	160,82	 88,59	  -9,6	  -3,7	   2,2	   4,5	   0,2	  -6,9
*	    30,4890	 1	160,28	 88,62	 -10,5	  -4,6	   1,3	   3,6	  -0,8	  -7,9
*	    32,8552	 1	159,80	 88,65	 -11,5	  -5,5	   0,3	   2,6	  -1,7	  -8,8
*	    35,3009	 1	159,39	 88,67	 -12,4	  -6,5	  -0,6	   1,7	  -2,6	  -9,7
s	    10,0068	 1	340,86	 92,39	  29,6	  36,6	  44,0	  44,6	  39,7	  33,4
*	    22,5902	 1	351,50	 29,54	  -5,4	   1,6	   9,0	   9,6	   4,7	  -1,7
*	    23,1486	 1	334,25	 24,98	  -5,2	   1,9	   9,2	   9,8	   4,9	  -1,5
*	    24,2972	 1	310,74	 23,03	  -5,3	   1,7	   9,1	   9,7	   4,8	  -1,6
*	    19,1982	 1	352,18	 34,78	  -3,2	   3,8	  11,2	  11,8	   6,9	   0,5
*	    19,6493	 1	335,00	 29,62	  -2,8	   4,2	  11,6	  12,2	   7,3	   0,9
*	    20,7645	 1	311,35	 27,32	  -2,8	   4,2	  11,6	  12,2	   7,3	   0,9
*	    16,1411	 1	352,85	 41,89	  -0,9	   6,1	  13,5	  14,1	   9,2	   2,8
*	    16,4413	 1	335,77	 36,22	  -0,2	   6,8	  14,2	  14,8	   9,9	   3,6
*	    17,4977	 1	311,97	 33,51	  -0,1	   7,0	  14,3	  14,9	  10,1	   3,7
*	    13,5353	 1	353,53	 51,74	   1,4	   8,4	  15,8	  16,4	  11,5	   5,1
*	    13,6344	 1	336,54	 45,95	   2,6	   9,6	  17,0	  17,6	  12,7	   6,4
*	    14,5978	 1	312,61	 42,97	   3,0	  10,0	  17,4	  18,0	  13,1	   6,7
*	    11,5647	 1	354,22	 65,24	   3,4	  10,4	  17,8	  18,4	  13,5	   7,2
*	    11,4322	 1	337,33	 60,56	   5,3	  12,3	  19,7	  20,3	  15,4	   9,1
*	    12,2705	 1	313,26	 57,96	   6,1	  13,1	  20,5	  21,1	  16,2	   9,9
*	    10,4769	 1	354,90	 82,42	   4,6	  11,7	  19,0	  19,6	  14,8	   8,4
*	    10,1739	 1	338,12	 81,09	   7,1	  14,1	  21,5	  22,1	  17,2	  10,9
*	    10,9062	 1	313,93	 80,51	   8,3	  15,3	  22,7	  23,3	  18,4	  12,1
*	    41,8825	 1	350,24	 17,28	 -11,4	  -5,5	   0,6	   0,9	  -3,9	 -10,4
*	    42,3396	 1	338,84	 15,16	 -11,5	  -5,5	   0,6	   0,8	  -3,9	 -10,5
*	    42,9989	 1	324,25	 13,75	 -11,6	  -5,6	   0,5	   0,7	  -4,0	 -10,6
*	    43,8607	 1	307,45	 13,34	 -11,8	  -5,8	   0,3	   0,5	  -4,2	 -10,8
*	    38,7530	 1	350,71	 18,48	 -10,3	  -4,3	   1,8	   2,0	  -2,7	  -9,3
*	    39,2013	 1	339,35	 16,20	 -10,3	  -4,3	   1,8	   2,0	  -2,8	  -9,3
*	    39,8617	 1	324,74	 14,66	 -10,4	  -4,4	   1,7	   1,9	  -2,9	  -9,4
*	    40,7351	 1	307,84	 14,20	 -10,6	  -4,6	   1,5	   1,7	  -3,1	  -9,6
*	    35,6952	 1	351,18	 19,86	  -9,1	  -3,1	   3,0	   3,2	  -1,6	  -8,1
*	    36,1307	 1	339,86	 17,40	  -9,1	  -3,1	   3,0	   3,2	  -1,6	  -8,1
*	    36,7895	 1	325,24	 15,71	  -9,2	  -3,2	   2,9	   3,1	  -1,6	  -8,2
*	    37,6732	 1	308,23	 15,19	  -9,4	  -3,4	   2,7	   2,9	  -1,8	  -8,3
*	    32,7161	 1	351,65	 21,45	  -7,9	  -1,9	   4,2	   4,4	  -0,3	  -6,8
*	    33,1340	 1	340,38	 18,80	  -7,9	  -1,9	   4,2	   4,5	  -0,3	  -6,8
*	    33,7877	 1	325,74	 16,96	  -7,9	  -1,9	   4,2	   4,4	  -0,4	  -6,8
*	    34,6800	 1	308,63	 16,35	  -8,1	  -2,1	   4,0	   4,2	  -0,5	  -7,0
*	    29,8241	 1	352,11	 23,31	  -6,6	  -0,6	   5,5	   5,7	   1,0	  -5,5
*	    30,2184	 1	340,90	 20,44	  -6,5	  -0,5	   5,6	   5,8	   1,1	  -5,4
*	    30,8625	 1	326,26	 18,41	  -6,6	  -0,6	   5,5	   5,7	   1,0	  -5,5
*	    31,7611	 1	309,03	 17,72	  -6,7	  -0,8	   5,3	   5,6	   0,8	  -5,7
*	    27,0290	 1	352,59	 25,52	  -5,2	   0,7	   6,9	   7,1	   2,4	  -4,1
*	    27,3923	 1	341,42	 22,39	  -5,1	   0,9	   7,0	   7,2	   2,5	  -4,0
*	    28,0215	 1	326,77	 20,16	  -5,1	   0,8	   6,9	   7,2	   2,4	  -4,0
*	    28,9236	 1	309,44	 19,36	  -5,3	   0,7	   6,8	   7,0	   2,3	  -4,2
*	    11,9128	 1	 62,88	 96,08	  -2,7	   4,4	  11,7	  12,3	   7,5	   1,1
*	    11,2001	 1	 66,59	 95,61	  -1,6	   5,4	  12,8	  13,4	   8,5	   2,2
*	    10,7678	 1	 69,90	 95,17	  -0,4	   6,6	  14,0	  14,6	   9,7	   3,4
*	    11,3706	 1	 62,80	 91,14	  -2,4	   4,6	  12,0	  12,6	   7,7	   1,4
*	    10,6357	 1	 66,52	 90,93	  -1,3	   5,7	  13,1	  13,7	   8,8	   2,5
*	    10,1708	 1	 69,85	 90,73	  -0,0	   7,0	  14,4	  15,0	  10,1	   3,8
*	    11,5318	 1	 62,72	 86,16	  -2,5	   4,5	  11,9	  12,5	   7,6	   1,3
*	    10,8262	 1	 66,45	 86,21	  -1,5	   5,6	  12,9	  13,5	   8,7	   2,3
*	    10,3980	 1	 69,79	 86,26	  -0,2	   6,8	  14,2	  14,8	   9,9	   3,6
*	    12,3854	 1	 62,63	 81,21	  -3,0	   4,0	  11,4	  12,0	   7,1	   0,8
*	    11,7547	 1	 66,38	 81,51	  -2,0	   5,0	  12,4	  13,0	   8,1	   1,8
*	    11,4227	 1	 69,73	 81,82	  -1,0	   6,1	  13,4	  14,0	   9,2	   2,8
*	    13,8906	 1	 62,55	 76,35	  -3,8	   3,3	  10,6	  11,2	   6,4	  -0,0
*	    13,3647	 1	 66,31	 76,90	  -3,0	   4,1	  11,4	  12,0	   7,2	   0,8
*	    13,1637	 1	 69,68	 77,44	  -2,1	   4,9	  12,3	  12,9	   8,0	   1,7
*	    15,9863	 1	 62,46	 71,67	  -4,8	   2,2	   9,6	  10,2	   5,3	  -1,1
*	    15,5776	 1	 66,24	 72,43	  -4,2	   2,9	  10,2	  10,8	   6,0	  -0,4
*	    15,5163	 1	 69,62	 73,19	  -3,5	   3,5	  10,9	  11,5	   6,6	   0,2
*	    18,6028	 1	 62,38	 67,19	  -6,0	   1,0	   8,4	   9,0	   4,1	  -2,3
*	    18,3090	 1	 66,17	 68,15	  -5,5	   1,5	   8,9	   9,5	   4,6	  -1,8
*	    18,3779	 1	 69,56	 69,10	  -5,1	   2,0	   9,3	   9,9	   5,1	  -1,3
*	    21,6702	 1	 62,29	 62,97	  -7,4	  -0,3	   7,0	   7,6	   2,7	  -3,7
*	    21,4803	 1	 66,10	 64,09	  -7,0	   0,0	   7,4	   8,0	   3,1	  -3,3
*	    21,6606	 1	 69,50	 65,19	  -6,7	   0,4	   7,7	   8,3	   3,4	  -3,0
*	    39,2920	 1	 68,42	 50,35	 -11,4	  -5,4	   0,7	   0,9	  -3,8	 -10,3
*	    39,0129	 1	 66,00	 49,32	 -11,4	  -5,4	   0,7	   0,9	  -3,8	 -10,3
*	    38,8993	 1	 63,40	 48,30	 -11,4	  -5,4	   0,7	   0,9	  -3,9	 -10,4
*	    38,9486	 1	 60,59	 47,31	 -11,5	  -5,5	   0,6	   0,8	  -3,9	 -10,5
*	    36,2126	 1	 68,46	 52,36	 -10,3	  -4,3	   1,8	   2,0	  -2,8	  -9,3
*	    35,9485	 1	 66,05	 51,35	 -10,3	  -4,4	   1,7	   2,0	  -2,8	  -9,3
*	    35,8531	 1	 63,46	 50,36	 -10,4	  -4,4	   1,7	   1,9	  -2,8	  -9,3
*	    35,9229	 1	 60,65	 49,37	 -10,5	  -4,5	   1,6	   1,8	  -2,9	  -9,4
*	    33,2244	 1	 68,50	 54,47	  -9,3	  -3,3	   2,8	   3,1	  -1,7	  -8,2
*	    32,9794	 1	 66,10	 53,49	  -9,3	  -3,3	   2,8	   3,0	  -1,7	  -8,2
*	    32,9058	 1	 63,52	 52,52	  -9,4	  -3,4	   2,7	   2,9	  -1,8	  -8,3
*	    32,9996	 1	 60,72	 51,56	  -9,5	  -3,5	   2,6	   2,8	  -1,9	  -8,4
*	    30,3376	 1	 68,54	 56,69	  -8,2	  -2,2	   3,9	   4,1	  -0,6	  -7,1
*	    30,1165	 1	 66,15	 55,75	  -8,3	  -2,3	   3,8	   4,1	  -0,7	  -7,1
*	    30,0692	 1	 63,57	 54,80	  -8,4	  -2,4	   3,7	   4,0	  -0,8	  -7,3
*	    30,1907	 1	 60,78	 53,87	  -8,5	  -2,5	   3,6	   3,8	  -0,9	  -7,4
*	    27,5642	 1	 68,59	 59,01	  -7,1	  -1,1	   5,0	   5,2	   0,5	  -5,9
*	    27,3723	 1	 66,20	 58,12	  -7,2	  -1,2	   4,9	   5,1	   0,4	  -6,1
*	    27,3561	 1	 63,63	 57,22	  -7,3	  -1,4	   4,7	   5,0	   0,2	  -6,2
*	    27,5094	 1	 60,85	 56,32	  -7,5	  -1,5	   4,6	   4,8	   0,1	  -6,4
*	    24,9178	 1	 68,63	 61,45	  -6,0	  -0,0	   6,1	   6,3	   1,6	  -4,8
*	    24,7613	 1	 66,24	 60,61	  -6,1	  -0,2	   6,0	   6,2	   1,5	  -5,0
*	    24,7814	 1	 63,68	 59,76	  -6,3	  -0,3	   5,8	   6,0	   1,3	  -5,2
*	    24,9707	 1	 60,91	 58,91	  -6,5	  -0,6	   5,5	   5,8	   1,1	  -5,4
s	    10,7100	 1	  5,57	 91,48	  29,5	  36,5	  43,9	  44,5	  39,6	  33,3
*	    21,6273	 1	 19,50	 42,40	  -5,9	   1,2	   8,5	   9,1	   4,2	  -2,2
*	    21,7238	 1	 11,37	 37,62	  -5,3	   1,7	   9,0	   9,6	   4,8	  -1,7
*	    22,2959	 1	359,77	 32,99	  -5,0	   2,0	   9,4	  10,0	   5,1	  -1,3
*	    18,5115	 1	 19,91	 48,44	  -4,2	   2,8	  10,2	  10,8	   5,9	  -0,5
*	    18,4655	 1	 11,88	 43,62	  -3,5	   3,5	  10,9	  11,5	   6,6	   0,2
*	    18,9103	 1	  0,38	 38,74	  -2,9	   4,1	  11,4	  12,0	   7,2	   0,8
*	    15,8410	 1	 20,31	 55,84	  -2,7	   4,4	  11,7	  12,3	   7,4	   1,1
*	    15,6295	 1	 12,38	 51,26	  -1,7	   5,4	  12,7	  13,3	   8,5	   2,1
*	    15,9133	 1	  1,00	 46,39	  -0,8	   6,2	  13,6	  14,2	   9,3	   2,9
*	    13,7162	 1	 20,71	 64,75	  -1,3	   5,7	  13,1	  13,7	   8,8	   2,4
*	    13,3325	 1	 12,88	 60,92	  -0,0	   7,0	  14,4	  15,0	  10,1	   3,8
*	    13,4330	 1	  1,61	 56,63	   1,2	   8,3	  15,6	  16,2	  11,4	   5,0
*	    12,2487	 1	 21,11	 75,10	  -0,4	   6,7	  14,0	  14,6	   9,8	   3,4
*	    11,7205	 1	 13,37	 72,74	   1,3	   8,3	  15,7	  16,3	  11,4	   5,0
*	    11,6523	 1	  2,22	 69,97	   2,9	   9,9	  17,3	  17,9	  13,0	   6,7
*	    11,5382	 1	 21,51	 86,48	   0,1	   7,1	  14,5	  15,1	  10,3	   3,9
*	    10,9393	 1	 13,87	 86,21	   1,9	   8,9	  16,3	  16,9	  12,0	   5,7
*	    10,7820	 1	  2,84	 85,94	   3,7	  10,8	  18,1	  18,7	  13,9	   7,5
*	    40,2761	 1	 18,61	 26,08	 -11,1	  -5,1	   1,0	   1,2	  -3,5	 -10,1
*	    40,5116	 1	 13,19	 23,54	 -11,0	  -5,1	   1,0	   1,3	  -3,5	 -10,0
*	    40,9297	 1	  6,29	 21,14	 -11,0	  -5,1	   1,0	   1,3	  -3,5	 -10,0
*	    41,5340	 1	357,53	 19,01	 -11,1	  -5,1	   1,0	   1,2	  -3,6	 -10,1
*	    37,1992	 1	 18,89	 27,79	 -10,0	  -4,0	   2,1	   2,3	  -2,5	  -9,0
*	    37,4138	 1	 13,52	 25,13	  -9,9	  -4,0	   2,1	   2,4	  -2,4	  -8,9
*	    37,8170	 1	  6,67	 22,60	  -9,9	  -3,9	   2,2	   2,4	  -2,4	  -8,9
*	    38,4135	 1	357,95	 20,33	 -10,0	  -4,0	   2,1	   2,3	  -2,4	  -8,9
*	    34,2112	 1	 19,17	 29,71	  -8,9	  -2,9	   3,2	   3,4	  -1,4	  -7,8
*	    34,3999	 1	 13,84	 26,93	  -8,8	  -2,8	   3,3	   3,5	  -1,3	  -7,7
*	    34,7835	 1	  7,05	 24,25	  -8,8	  -2,8	   3,3	   3,5	  -1,2	  -7,7
*	    35,3680	 1	358,38	 21,84	  -8,8	  -2,8	   3,3	   3,5	  -1,2	  -7,7
*	    31,3225	 1	 19,45	 31,90	  -7,8	  -1,8	   4,3	   4,5	  -0,2	  -6,7
*	    31,4798	 1	 14,17	 28,98	  -7,7	  -1,7	   4,4	   4,6	  -0,1	  -6,6
*	    31,8381	 1	  7,42	 26,15	  -7,6	  -1,6	   4,5	   4,7	  -0,0	  -6,5
*	    32,4052	 1	358,81	 23,58	  -7,6	  -1,6	   4,5	   4,7	  -0,0	  -6,5
*	    28,5454	 1	 19,73	 34,37	  -6,7	  -0,7	   5,4	   5,6	   0,9	  -5,6
*	    28,6646	 1	 14,49	 31,32	  -6,5	  -0,5	   5,6	   5,8	   1,1	  -5,4
*	    28,9909	 1	  7,80	 28,34	  -6,4	  -0,4	   5,7	   6,0	   1,2	  -5,2
*	    29,5345	 1	359,24	 25,61	  -6,3	  -0,3	   5,8	   6,0	   1,3	  -5,2
*	    25,8942	 1	 20,01	 37,19	  -5,5	   0,4	   6,6	   6,8	   2,1	  -4,4
*	    25,9678	 1	 14,82	 34,03	  -5,3	   0,7	   6,8	   7,0	   2,3	  -4,1
*	    26,2543	 1	  8,17	 30,89	  -5,1	   0,9	   7,0	   7,2	   2,5	  -4,0
*	    26,7668	 1	359,66	 27,98	  -5,0	   1,0	   7,1	   7,3	   2,6	  -3,9
s	    11,8044	 1	 60,65	 89,83	  29,3	  36,3	  43,7	  44,3	  39,4	  33,1
*	    12,6230	 1	 53,05	 95,34	  -2,8	   4,2	  11,6	  12,2	   7,3	   1,0
*	    12,2053	 1	 57,18	 94,77	  -2,4	   4,6	  12,0	  12,6	   7,7	   1,4
*	    12,0616	 1	 60,75	 94,25	  -2,0	   5,1	  12,4	  13,0	   8,2	   1,8
*	    12,3574	 1	 52,91	 89,25	  -2,7	   4,4	  11,7	  12,3	   7,5	   1,1
*	    11,9496	 1	 57,07	 89,09	  -2,3	   4,7	  12,1	  12,7	   7,8	   1,5
*	    11,8138	 1	 60,66	 88,97	  -1,8	   5,2	  12,6	  13,2	   8,3	   1,9
*	    12,7819	 1	 52,78	 83,13	  -2,9	   4,2	  11,5	  12,1	   7,3	   0,9
*	    12,3986	 1	 56,96	 83,41	  -2,5	   4,5	  11,9	  12,5	   7,6	   1,3
*	    12,2932	 1	 60,56	 83,68	  -2,1	   4,9	  12,3	  12,9	   8,0	   1,7
*	    13,8811	 1	 52,64	 77,13	  -3,4	   3,7	  11,0	  11,6	   6,8	   0,4
*	    13,5332	 1	 56,84	 77,81	  -3,1	   4,0	  11,3	  11,9	   7,1	   0,7
*	    13,4758	 1	 60,46	 78,46	  -2,7	   4,3	  11,7	  12,3	   7,4	   1,1
*	    15,6171	 1	 52,50	 71,36	  -4,1	   2,9	  10,2	  10,8	   6,0	  -0,4
*	    15,3111	 1	 56,73	 72,41	  -3,9	   3,1	  10,5	  11,1	   6,2	  -0,1
*	    15,3111	 1	 60,37	 73,40	  -3,6	   3,4	  10,8	  11,4	   6,5	   0,1
*	    17,9361	 1	 52,37	 65,93	  -5,1	   1,9	   9,2	   9,8	   5,0	  -1,4
*	    17,6737	 1	 56,61	 67,28	  -4,9	   2,1	   9,5	  10,1	   5,2	  -1,2
*	    17,7327	 1	 60,27	 68,56	  -4,7	   2,3	   9,7	  10,3	   5,4	  -1,0
*	    20,7754	 1	 52,23	 60,88	  -6,3	   0,7	   8,1	   8,7	   3,8	  -2,6
*	    20,5547	 1	 56,50	 62,48	  -6,1	   0,9	   8,2	   8,8	   4,0	  -2,4
*	    20,6681	 1	 60,17	 64,00	  -6,0	   1,0	   8,4	   9,0	   4,1	  -2,3
*	    24,0699	 1	 52,09	 56,27	  -7,6	  -0,6	   6,8	   7,4	   2,5	  -3,9
*	    23,8868	 1	 56,38	 58,05	  -7,5	  -0,4	   6,9	   7,5	   2,6	  -3,8
*	    24,0465	 1	 60,08	 59,75	  -7,4	  -0,4	   7,0	   7,6	   2,7	  -3,7
*	    38,8628	 1	 58,61	 46,38	 -10,7	  -4,7	   1,4	   1,6	  -3,1	  -9,7
*	    38,7260	 1	 56,05	 45,04	 -10,7	  -4,7	   1,4	   1,6	  -3,1	  -9,7
*	    38,7424	 1	 53,20	 43,70	 -10,7	  -4,7	   1,4	   1,6	  -3,2	  -9,7
*	    38,9111	 1	 50,07	 42,36	 -10,8	  -4,8	   1,3	   1,5	  -3,2	  -9,7
*	    35,8388	 1	 58,68	 48,47	  -9,7	  -3,7	   2,4	   2,6	  -2,1	  -8,7
*	    35,7089	 1	 56,13	 47,13	  -9,7	  -3,7	   2,4	   2,6	  -2,1	  -8,7
*	    35,7335	 1	 53,29	 45,80	  -9,7	  -3,8	   2,3	   2,6	  -2,2	  -8,7
*	    35,9116	 1	 50,17	 44,46	  -9,8	  -3,8	   2,3	   2,5	  -2,2	  -8,7
*	    32,9196	 1	 58,75	 50,67	  -8,7	  -2,7	   3,4	   3,6	  -1,2	  -7,6
*	    32,7986	 1	 56,21	 49,36	  -8,7	  -2,8	   3,3	   3,6	  -1,2	  -7,6
*	    32,8328	 1	 53,38	 48,04	  -8,8	  -2,8	   3,3	   3,5	  -1,2	  -7,7
*	    33,0211	 1	 50,27	 46,71	  -8,8	  -2,9	   3,2	   3,5	  -1,3	  -7,8
*	    30,1176	 1	 58,82	 53,01	  -7,7	  -1,8	   4,3	   4,6	  -0,2	  -6,6
*	    30,0076	 1	 56,29	 51,74	  -7,8	  -1,8	   4,3	   4,6	  -0,2	  -6,6
*	    30,0529	 1	 53,47	 50,45	  -7,8	  -1,8	   4,3	   4,5	  -0,2	  -6,7
*	    30,2524	 1	 50,37	 49,14	  -7,9	  -1,9	   4,2	   4,4	  -0,3	  -6,8
*	    27,4463	 1	 58,89	 55,51	  -6,8	  -0,8	   5,3	   5,6	   0,8	  -5,6
*	    27,3497	 1	 56,36	 54,28	  -6,8	  -0,8	   5,3	   5,5	   0,8	  -5,7
*	    27,4079	 1	 53,56	 53,02	  -6,9	  -0,9	   5,2	   5,5	   0,7	  -5,7
*	    27,6196	 1	 50,47	 51,75	  -6,9	  -1,0	   5,1	   5,4	   0,6	  -5,8
*	    24,9211	 1	 58,96	 58,15	  -5,8	   0,2	   6,3	   6,5	   1,8	  -4,6
*	    24,8404	 1	 56,44	 56,97	  -5,9	   0,1	   6,2	   6,5	   1,7	  -4,7
*	    24,9133	 1	 53,65	 55,76	  -5,9	   0,1	   6,2	   6,4	   1,7	  -4,8
*	    25,1382	 1	 50,57	 54,55	  -6,0	  -0,0	   6,1	   6,3	   1,6	  -4,9
s	    11,8837	 1	 27,19	 90,69	  29,3	  36,3	  43,7	  44,3	  39,4	  33,1
*	    21,3286	 1	 35,69	 52,10	  -6,1	   0,9	   8,3	   8,8	   4,0	  -2,4
*	    21,2796	 1	 30,26	 48,70	  -5,7	   1,3	   8,7	   9,3	   4,4	  -2,0
*	    21,6097	 1	 23,20	 45,08	  -5,4	   1,6	   9,0	   9,6	   4,7	  -1,7
*	    18,4133	 1	 35,94	 57,91	  -4,8	   2,2	   9,5	  10,1	   5,3	  -1,1
*	    18,2725	 1	 30,56	 54,75	  -4,3	   2,7	  10,1	  10,7	   5,8	  -0,6
*	    18,5034	 1	 23,58	 51,31	  -3,8	   3,2	  10,6	  11,2	   6,3	  -0,1
*	    15,9927	 1	 36,19	 64,52	  -3,7	   3,3	  10,7	  11,3	   6,4	   0,0
*	    15,7581	 1	 30,87	 61,81	  -3,0	   4,0	  11,4	  11,9	   7,1	   0,7
*	    15,8816	 1	 23,94	 58,79	  -2,4	   4,6	  12,0	  12,6	   7,7	   1,4
*	    14,1398	 1	 36,44	 71,88	  -2,8	   4,2	  11,6	  12,2	   7,3	   1,0
*	    13,8217	 1	 31,17	 69,89	  -2,0	   5,0	  12,4	  13,0	   8,1	   1,8
*	    13,8439	 1	 24,31	 67,61	  -1,2	   5,8	  13,2	  13,8	   8,9	   2,6
*	    12,9216	 1	 36,69	 79,87	  -2,2	   4,8	  12,2	  12,8	   7,9	   1,6
*	    12,5457	 1	 31,47	 78,83	  -1,3	   5,7	  13,1	  13,7	   8,8	   2,5
*	    12,4942	 1	 24,68	 77,64	  -0,3	   6,7	  14,0	  14,6	   9,8	   3,4
*	    12,3878	 1	 36,94	 88,21	  -1,9	   5,1	  12,5	  13,1	   8,2	   1,8
*	    11,9937	 1	 31,77	 88,29	  -1,0	   6,0	  13,4	  14,0	   9,1	   2,8
*	    11,9168	 1	 25,04	 88,43	  -0,0	   7,0	  14,4	  15,0	  10,1	   3,8
*	    12,5597	 1	 37,18	 96,58	  -2,0	   5,0	  12,3	  12,9	   8,1	   1,7
*	    39,3597	 1	 35,28	 34,40	 -10,7	  -4,7	   1,4	   1,6	  -3,1	  -9,7
*	    39,4385	 1	 31,72	 32,21	 -10,6	  -4,6	   1,5	   1,7	  -3,1	  -9,6
*	    39,6798	 1	 27,48	 30,03	 -10,6	  -4,6	   1,5	   1,7	  -3,0	  -9,6
*	    40,0869	 1	 22,41	 27,92	 -10,6	  -4,6	   1,5	   1,7	  -3,1	  -9,6
*	    36,3428	 1	 35,46	 36,40	  -9,7	  -3,7	   2,4	   2,6	  -2,1	  -8,6
*	    36,4036	 1	 31,91	 34,15	  -9,6	  -3,6	   2,5	   2,7	  -2,1	  -8,6
*	    36,6295	 1	 27,70	 31,90	  -9,6	  -3,6	   2,5	   2,7	  -2,0	  -8,5
*	    37,0247	 1	 22,67	 29,71	  -9,6	  -3,6	   2,5	   2,7	  -2,0	  -8,5
*	    33,4289	 1	 35,63	 38,60	  -8,7	  -2,7	   3,4	   3,6	  -1,1	  -7,6
*	    33,4684	 1	 32,11	 36,30	  -8,6	  -2,6	   3,5	   3,7	  -1,0	  -7,5
*	    33,6754	 1	 27,92	 34,00	  -8,5	  -2,5	   3,6	   3,8	  -0,9	  -7,4
*	    34,0549	 1	 22,92	 31,71	  -8,5	  -2,5	   3,6	   3,8	  -0,9	  -7,4
*	    30,6301	 1	 35,80	 41,01	  -7,7	  -1,7	   4,4	   4,6	  -0,1	  -6,6
*	    30,6450	 1	 32,30	 38,69	  -7,6	  -1,6	   4,5	   4,8	   0,0	  -6,5
*	    30,8291	 1	 28,15	 36,33	  -7,5	  -1,5	   4,6	   4,9	   0,1	  -6,4
*	    31,1884	 1	 23,17	 33,98	  -7,4	  -1,4	   4,7	   4,9	   0,2	  -6,3
*	    27,9604	 1	 35,97	 43,69	  -6,7	  -0,7	   5,4	   5,6	   0,9	  -5,6
*	    27,9470	 1	 32,50	 41,35	  -6,5	  -0,6	   5,6	   5,8	   1,1	  -5,4
*	    28,1037	 1	 28,37	 38,94	  -6,4	  -0,4	   5,7	   5,9	   1,2	  -5,3
*	    28,4381	 1	 23,42	 36,52	  -6,3	  -0,3	   5,8	   6,0	   1,3	  -5,2
*	    25,4353	 1	 36,14	 46,63	  -5,7	   0,3	   6,4	   6,6	   1,9	  -4,6
*	    25,3897	 1	 32,69	 44,29	  -5,5	   0,5	   6,6	   6,8	   2,1	  -4,3
*	    25,5145	 1	 28,58	 41,86	  -5,3	   0,6	   6,8	   7,0	   2,3	  -4,2
*	    25,8185	 1	 23,67	 39,40	  -5,2	   0,8	   6,9	   7,1	   2,4	  -4,0
*	    24,7406	 1	291,74	 22,81	  -4,2	   2,8	  10,2	  10,8	   5,9	  -0,5
*	    26,0232	 1	266,01	 25,09	  -4,6	   2,4	   9,8	  10,3	   5,5	  -1,0
*	    28,0081	 1	247,81	 30,45	  -5,5	   1,5	   8,9	   9,4	   4,6	  -1,9
*	    20,9830	 1	292,12	 27,42	  -1,5	   5,5	  12,9	  13,5	   8,6	   2,2
*	    22,3345	 1	265,95	 30,06	  -2,0	   5,0	  12,4	  12,9	   8,1	   1,6
*	    24,4892	 1	247,54	 36,12	  -3,2	   3,8	  11,2	  11,8	   6,9	   0,5
*	    17,5313	 1	292,51	 34,39	   1,6	   8,6	  16,0	  16,6	  11,7	   5,3
*	    18,9700	 1	265,88	 37,39	   0,9	   7,9	  15,3	  15,9	  11,0	   4,6
*	    21,3426	 1	247,25	 44,10	  -0,7	   6,3	  13,7	  14,3	   9,4	   3,0
*	    14,5222	 1	292,92	 45,60	   5,0	  12,0	  19,4	  20,0	  15,1	   8,8
*	    16,0743	 1	265,81	 48,84	   4,0	  11,1	  18,4	  19,0	  14,2	   7,8
*	    18,7213	 1	246,96	 55,59	   1,8	   8,8	  16,2	  16,8	  11,9	   5,5
*	    12,2588	 1	293,34	 64,32	   8,4	  15,4	  22,8	  23,4	  18,5	  12,1
*	    13,9431	 1	265,74	 66,93	   7,0	  14,0	  21,3	  21,9	  17,1	  10,7
*	    16,8806	 1	246,66	 71,77	   3,9	  10,9	  18,3	  18,9	  14,0	   7,6
*	    32,2848	 1	245,18	 27,48	  -5,0	   1,0	   7,1	   7,4	   2,6	  -3,9
*	    30,7591	 1	256,59	 23,58	  -4,3	   1,6	   7,7	   8,0	   3,2	  -3,2
*	    29,5661	 1	272,34	 20,69	  -3,9	   2,1	   8,2	   8,4	   3,7	  -2,8
*	    28,7240	 1	291,75	 19,56	  -3,6	   2,3	   8,4	   8,7	   3,9	  -2,5
*	    35,2376	 1	245,39	 24,96	  -6,4	  -0,4	   5,7	   5,9	   1,1	  -5,4
*	    33,7850	 1	256,73	 21,39	  -5,9	   0,1	   6,2	   6,4	   1,7	  -4,8
*	    32,6419	 1	272,31	 18,75	  -5,5	   0,5	   6,6	   6,8	   2,1	  -4,4
*	    31,8227	 1	291,48	 17,72	  -5,3	   0,7	   6,8	   7,1	   2,3	  -4,2
*	    38,3046	 1	245,60	 22,89	  -7,8	  -1,8	   4,3	   4,5	  -0,3	  -6,8
*	    36,9162	 1	256,86	 19,60	  -7,3	  -1,4	   4,7	   5,0	   0,2	  -6,3
*	    35,8175	 1	272,29	 17,18	  -7,0	  -1,0	   5,1	   5,3	   0,6	  -5,9
*	    35,0199	 1	291,21	 16,22	  -6,8	  -0,8	   5,3	   5,5	   0,8	  -5,7
*	    41,4734	 1	245,80	 21,14	  -9,1	  -3,1	   3,0	   3,2	  -1,6	  -8,1
*	    40,1424	 1	256,99	 18,10	  -8,7	  -2,7	   3,4	   3,6	  -1,2	  -7,7
*	    39,0837	 1	272,26	 15,86	  -8,4	  -2,4	   3,7	   3,9	  -0,8	  -7,4
*	    38,3067	 1	290,96	 14,98	  -8,2	  -2,2	   3,9	   4,1	  -0,6	  -7,2
*	    44,7342	 1	246,00	 19,65	 -10,4	  -4,4	   1,7	   1,9	  -2,8	  -9,4
*	    43,4549	 1	257,13	 16,82	 -10,0	  -4,0	   2,1	   2,3	  -2,5	  -9,0
*	    42,4328	 1	272,23	 14,76	  -9,7	  -3,7	   2,4	   2,6	  -2,2	  -8,7
*	    41,6758	 1	290,71	 13,93	  -9,5	  -3,5	   2,6	   2,8	  -2,0	  -8,5
s	    12,3659	 2	 60,77	 96,44	  26,6	  34,7	  43,2	  44,0	  39,2	  32,8
s	    12,4403	 1	 45,54	 90,14	  29,2	  36,2	  43,6	  44,2	  39,3	  33,0
*	    21,0990	 1	 47,90	 58,63	  -6,1	   0,9	   8,2	   8,8	   4,0	  -2,5
*	    21,0821	 1	 43,43	 56,30	  -6,0	   1,0	   8,4	   9,0	   4,1	  -2,3
*	    21,4040	 1	 37,98	 53,85	  -5,9	   1,1	   8,5	   9,1	   4,2	  -2,2
*	    18,2302	 1	 48,06	 63,90	  -5,0	   2,1	   9,4	  10,0	   5,1	  -1,3
*	    18,1897	 1	 43,63	 61,87	  -4,8	   2,2	   9,6	  10,2	   5,3	  -1,1
*	    18,4766	 1	 38,22	 59,68	  -4,6	   2,4	   9,8	  10,4	   5,5	  -0,9
*	    15,8808	 1	 48,22	 69,67	  -4,0	   3,1	  10,4	  11,0	   6,2	  -0,2
*	    15,8191	 1	 43,83	 68,03	  -3,8	   3,3	  10,6	  11,2	   6,4	  -0,0
*	    16,0716	 1	 38,45	 66,24	  -3,5	   3,5	  10,9	  11,5	   6,6	   0,2
*	    14,1139	 1	 48,39	 75,84	  -3,2	   3,8	  11,2	  11,8	   6,9	   0,6
*	    14,0375	 1	 44,02	 74,73	  -2,9	   4,1	  11,4	  12,0	   7,2	   0,8
*	    14,2620	 1	 38,69	 73,50	  -2,7	   4,4	  11,7	  12,3	   7,5	   1,1
*	    12,9840	 1	 48,55	 82,34	  -2,7	   4,4	  11,7	  12,3	   7,5	   1,1
*	    12,9027	 1	 44,21	 81,84	  -2,4	   4,6	  12,0	  12,6	   7,7	   1,3
*	    13,1122	 1	 38,92	 81,29	  -2,1	   4,9	  12,3	  12,9	   8,0	   1,7
*	    12,5290	 1	 48,71	 88,99	  -2,5	   4,6	  11,9	  12,5	   7,7	   1,3
*	    12,4550	 1	 44,41	 89,16	  -2,2	   4,8	  12,2	  12,8	   7,9	   1,6
*	    12,6677	 1	 39,15	 89,36	  -1,9	   5,1	  12,5	  13,1	   8,2	   1,9
*	    12,7647	 1	 48,87	 95,62	  -2,6	   4,5	  11,8	  12,4	   7,6	   1,2
*	    12,7102	 1	 44,60	 96,45	  -2,4	   4,7	  12,0	  12,6	   7,8	   1,4
*	    12,9452	 1	 39,38	 97,41	  -2,1	   5,0	  12,3	  12,9	   8,1	   1,7
*	    24,6274	 1	 39,65	 49,60	  -5,3	   0,6	   6,8	   7,0	   2,3	  -4,2
*	    24,4298	 1	 43,17	 51,32	  -5,4	   0,6	   6,7	   6,9	   2,2	  -4,2
*	    24,3853	 1	 46,28	 53,01	  -5,5	   0,5	   6,6	   6,9	   2,1	  -4,3
*	    24,4905	 1	 49,01	 54,63	  -5,5	   0,4	   6,5	   6,8	   2,1	  -4,4
*	    27,0831	 1	 39,50	 46,58	  -6,3	  -0,3	   5,8	   6,0	   1,3	  -5,1
*	    26,8741	 1	 43,04	 48,35	  -6,3	  -0,3	   5,8	   6,0	   1,3	  -5,2
*	    26,8194	 1	 46,16	 50,08	  -6,4	  -0,4	   5,7	   6,0	   1,2	  -5,2
*	    26,9162	 1	 48,90	 51,76	  -6,4	  -0,5	   5,6	   5,9	   1,1	  -5,3
*	    29,6913	 1	 39,35	 43,82	  -7,2	  -1,3	   4,8	   5,1	   0,3	  -6,1
*	    29,4726	 1	 42,91	 45,61	  -7,3	  -1,3	   4,8	   5,1	   0,3	  -6,1
*	    29,4087	 1	 46,05	 47,38	  -7,3	  -1,3	   4,8	   5,0	   0,3	  -6,2
*	    29,4972	 1	 48,80	 49,07	  -7,4	  -1,4	   4,7	   4,9	   0,2	  -6,3
*	    32,4358	 1	 39,19	 41,32	  -8,2	  -2,3	   3,9	   4,1	  -0,7	  -7,1
*	    32,2092	 1	 42,77	 43,10	  -8,2	  -2,3	   3,8	   4,1	  -0,7	  -7,1
*	    32,1372	 1	 45,93	 44,87	  -8,3	  -2,3	   3,8	   4,0	  -0,7	  -7,2
*	    32,2180	 1	 48,69	 46,59	  -8,3	  -2,4	   3,7	   4,0	  -0,8	  -7,2
*	    35,3022	 1	 39,04	 39,03	  -9,2	  -3,2	   2,9	   3,1	  -1,6	  -8,2
*	    35,0693	 1	 42,64	 40,80	  -9,2	  -3,2	   2,9	   3,1	  -1,6	  -8,1
*	    34,9905	 1	 45,81	 42,55	  -9,2	  -3,3	   2,8	   3,1	  -1,7	  -8,2
*	    35,0639	 1	 48,58	 44,29	  -9,3	  -3,3	   2,8	   3,0	  -1,7	  -8,2
*	    38,2776	 1	 38,89	 36,93	 -10,2	  -4,2	   1,9	   2,1	  -2,6	  -9,2
*	    38,0400	 1	 42,50	 38,67	 -10,2	  -4,2	   1,9	   2,1	  -2,6	  -9,1
*	    37,9553	 1	 45,69	 40,42	 -10,2	  -4,2	   1,9	   2,1	  -2,6	  -9,2
*	    38,0220	 1	 48,48	 42,16	 -10,2	  -4,3	   1,8	   2,1	  -2,7	  -9,2
*	    13,4957	 1	197,25	 85,94	   5,7	  11,6	  17,5	  19,8	  15,5	   8,5
*	    14,4320	 1	190,24	 86,30	   4,0	   9,9	  15,8	  18,1	  13,8	   6,8
s	    14,9281	 2	243,89	 93,44	  28,1	  34,9	  41,7	  41,6	  36,4	  29,6
s	    15,4387	 2	258,25	 93,59	  28,0	  34,8	  41,6	  41,5	  36,3	  29,5
s	    15,5980	 2	345,80	 92,06	  26,1	  34,2	  42,7	  43,5	  38,7	  32,3
s	    15,8426	 2	 10,95	 91,14	  26,1	  34,2	  42,6	  43,5	  38,6	  32,3
*	    16,6987	 1	 97,97	 93,41	   2,6	   9,6	  17,0	  17,6	  12,7	   6,3
*	    19,9526	 1	101,24	 93,34	  -0,5	   6,5	  13,9	  14,5	   9,6	   3,2
*	    23,5719	 1	104,40	 93,27	  -3,3	   3,7	  11,1	  11,7	   6,8	   0,3
*	    15,9538	 1	 97,99	 89,99	   3,4	  10,4	  17,8	  18,4	  13,5	   7,1
*	    19,3246	 1	101,26	 89,98	  -0,0	   7,0	  14,4	  15,0	  10,1	   3,7
*	    23,0264	 1	104,43	 89,97	  -3,0	   4,1	  11,4	  12,0	   7,1	   0,7
*	    16,3435	 1	 98,00	 86,57	   2,8	   9,9	  17,2	  17,8	  12,9	   6,6
*	    19,6286	 1	101,29	 86,61	  -0,4	   6,7	  14,0	  14,6	   9,8	   3,4
*	    23,2714	 1	104,46	 86,66	  -3,2	   3,8	  11,2	  11,8	   6,9	   0,5
*	    17,7621	 1	 98,02	 83,15	   1,2	   8,2	  15,6	  16,2	  11,3	   4,9
*	    20,8098	 1	101,31	 83,24	  -1,4	   5,6	  12,9	  13,5	   8,7	   2,3
*	    24,2762	 1	104,49	 83,36	  -3,9	   3,1	  10,4	  11,0	   6,2	  -0,3
*	    19,9613	 1	 98,04	 79,77	  -0,9	   6,1	  13,5	  14,1	   9,2	   2,8
*	    22,7228	 1	101,33	 79,91	  -3,0	   4,0	  11,4	  12,0	   7,1	   0,7
*	    25,9525	 1	104,52	 80,08	  -5,1	   1,9	   9,3	   9,9	   5,0	  -1,5
*	    22,7168	 1	 98,06	 76,44	  -3,1	   3,9	  11,2	  11,8	   7,0	   0,5
*	    25,2084	 1	101,36	 76,63	  -4,7	   2,3	   9,6	  10,2	   5,3	  -1,1
*	    28,1906	 1	104,56	 76,86	  -6,5	   0,5	   7,9	   8,5	   3,6	  -2,9
*	    25,8781	 1	 98,07	 73,19	  -5,3	   1,7	   9,1	   9,7	   4,8	  -1,7
*	    28,1376	 1	101,38	 73,43	  -6,6	   0,5	   7,8	   8,4	   3,5	  -2,9
*	    30,8881	 1	104,59	 73,71	  -8,0	  -0,9	   6,4	   7,0	   2,1	  -4,4
*	    29,3522	 1	 98,09	 70,03	  -7,3	  -0,3	   7,1	   7,6	   2,8	  -3,7
*	    31,4175	 1	101,41	 70,32	  -8,3	  -1,3	   6,1	   6,6	   1,7	  -4,7
*	    33,9615	 1	104,62	 70,64	  -9,5	  -2,5	   4,9	   5,5	   0,6	  -5,9
*	    47,0789	 1	103,94	 60,16	 -12,5	  -6,5	  -0,4	  -0,2	  -4,9	 -11,5
*	    45,7343	 1	101,71	 59,86	 -12,0	  -6,0	   0,0	   0,3	  -4,5	 -11,1
*	    44,5815	 1	 99,41	 59,57	 -11,6	  -5,7	   0,4	   0,7	  -4,1	 -10,7
*	    43,6302	 1	 97,07	 59,32	 -11,3	  -5,3	   0,8	   1,0	  -3,8	 -10,3
*	    44,2700	 1	103,92	 61,99	 -11,5	  -5,5	   0,6	   0,8	  -3,9	 -10,5
*	    42,8672	 1	101,69	 61,69	 -11,0	  -5,0	   1,1	   1,3	  -3,5	 -10,0
*	    41,6627	 1	 99,39	 61,42	 -10,6	  -4,6	   1,5	   1,7	  -3,0	  -9,6
*	    40,6679	 1	 97,06	 61,19	 -10,2	  -4,2	   1,9	   2,1	  -2,7	  -9,2
*	    41,5524	 1	103,90	 63,87	 -10,5	  -4,5	   1,6	   1,8	  -2,9	  -9,5
*	    40,0859	 1	101,67	 63,59	  -9,9	  -3,9	   2,2	   2,4	  -2,4	  -8,9
*	    38,8244	 1	 99,38	 63,34	  -9,4	  -3,5	   2,6	   2,9	  -1,9	  -8,4
*	    37,7813	 1	 97,05	 63,12	  -9,0	  -3,1	   3,0	   3,3	  -1,5	  -8,0
*	    38,9352	 1	103,88	 65,82	  -9,4	  -3,5	   2,6	   2,9	  -1,9	  -8,4
*	    37,3988	 1	101,66	 65,55	  -8,8	  -2,8	   3,3	   3,5	  -1,3	  -7,8
*	    36,0741	 1	 99,37	 65,31	  -8,3	  -2,3	   3,8	   4,0	  -0,7	  -7,2
*	    34,9770	 1	 97,04	 65,10	  -7,8	  -1,9	   4,2	   4,5	  -0,3	  -6,8
*	    36,4291	 1	103,86	 67,81	  -8,4	  -2,4	   3,7	   3,9	  -0,8	  -7,3
*	    34,8158	 1	101,64	 67,57	  -7,7	  -1,7	   4,4	   4,6	  -0,1	  -6,6
*	    33,4207	 1	 99,35	 67,35	  -7,1	  -1,1	   5,0	   5,2	   0,5	  -6,0
*	    32,2627	 1	 97,03	 67,15	  -6,6	  -0,6	   5,5	   5,7	   1,0	  -5,5
s	    16,1442	 2	 37,26	 90,26	  26,1	  34,1	  42,6	  43,4	  38,6	  32,2
s	    16,2047	 2	 33,17	 90,38	  26,0	  34,1	  42,6	  43,4	  38,6	  32,2
s	    16,3672	 2	 15,02	 90,98	  26,0	  34,1	  42,6	  43,4	  38,6	  32,2
s	    16,4829	 2	349,82	 91,89	  26,0	  34,1	  42,5	  43,4	  38,5	  32,2
s	    16,7568	 2	 22,40	 90,72	  26,0	  34,0	  42,5	  43,3	  38,5	  32,1
s	    17,5236	 2	357,09	 91,60	  25,9	  33,9	  42,4	  43,2	  38,4	  32,0
*	    30,9519	 1	236,18	 31,92	 -10,4	  -3,4	   4,0	   4,6	  -0,3	  -6,8
*	    29,0571	 1	235,99	 34,49	  -9,3	  -2,3	   5,1	   5,6	   0,8	  -5,7
*	    27,2475	 1	235,81	 37,46	  -8,2	  -1,2	   6,2	   6,8	   1,9	  -4,6
*	    25,5355	 1	235,62	 40,95	  -7,1	  -0,0	   7,3	   7,9	   3,0	  -3,4
*	    23,9362	 1	235,43	 45,04	  -5,9	   1,1	   8,5	   9,1	   4,2	  -2,3
*	    22,4695	 1	235,24	 49,86	  -4,8	   2,3	   9,6	  10,2	   5,3	  -1,1
*	    21,1600	 1	235,05	 55,53	  -3,7	   3,4	  10,7	  11,3	   6,5	   0,0
*	    20,0386	 1	234,86	 62,16	  -2,6	   4,4	  11,8	  12,4	   7,5	   1,1
*	    19,1408	 1	234,66	 69,78	  -1,7	   5,3	  12,7	  13,3	   8,4	   2,0
*	    18,5036	 1	234,47	 78,31	  -1,1	   6,0	  13,3	  13,9	   9,0	   2,6
*	    32,6896	 1	231,17	 30,02	  -9,0	  -3,0	   3,1	   3,3	  -1,4	  -7,9
*	    32,9722	 1	237,33	 29,66	  -9,0	  -3,0	   3,1	   3,3	  -1,5	  -7,9
*	    34,1123	 1	231,31	 28,61	  -9,7	  -3,7	   2,4	   2,6	  -2,1	  -8,6
*	    34,3965	 1	237,45	 28,28	  -9,7	  -3,8	   2,3	   2,6	  -2,2	  -8,7
*	    35,5667	 1	231,45	 27,34	 -10,4	  -4,4	   1,7	   1,9	  -2,8	  -9,3
*	    35,8520	 1	237,57	 27,02	 -10,4	  -4,5	   1,7	   1,9	  -2,9	  -9,4
*	    37,0508	 1	231,59	 26,16	 -11,1	  -5,1	   1,0	   1,2	  -3,5	 -10,0
*	    37,3369	 1	237,69	 25,86	 -11,1	  -5,1	   1,0	   1,2	  -3,5	 -10,1
*	    38,5628	 1	231,73	 25,09	 -11,7	  -5,7	   0,4	   0,6	  -4,2	 -10,7
*	    38,8493	 1	237,81	 24,80	 -11,8	  -5,8	   0,3	   0,5	  -4,2	 -10,7
*	    40,1013	 1	231,86	 24,10	 -12,4	  -6,4	  -0,3	  -0,1	  -4,8	 -11,4
*	    40,3879	 1	237,93	 23,83	 -12,4	  -6,4	  -0,3	  -0,1	  -4,9	 -11,4
*	    41,6648	 1	232,00	 23,19	 -13,0	  -7,0	  -0,9	  -0,7	  -5,5	 -12,0
*	    41,9512	 1	238,05	 22,92	 -13,0	  -7,1	  -1,0	  -0,7	  -5,5	 -12,0
*	    43,2520	 1	232,14	 22,34	 -13,6	  -7,6	  -1,5	  -1,3	  -6,1	 -12,6
*	    43,5379	 1	238,17	 22,10	 -13,7	  -7,7	  -1,6	  -1,4	  -6,1	 -12,7
*	    44,8617	 1	232,27	 21,56	 -14,2	  -8,2	  -2,1	  -1,9	  -6,7	 -13,2
*	    45,1470	 1	238,29	 21,32	 -14,3	  -8,3	  -2,2	  -2,0	  -6,7	 -13,3
*	    46,4930	 1	232,40	 20,83	 -14,8	  -8,8	  -2,7	  -2,5	  -7,3	 -13,9
*	    46,7774	 1	238,40	 20,61	 -14,8	  -8,9	  -2,8	  -2,6	  -7,3	 -13,9
s	    18,5265	 3	287,60	 93,46	  25,0	  32,8	  40,7	  40,9	  35,7	  28,9
s	    18,8940	 3	305,08	 93,17	  25,0	  32,8	  40,6	  40,8	  35,6	  28,8
s	    18,9513	 3	270,13	 93,55	  24,9	  32,8	  40,6	  40,8	  35,6	  28,8
s	    18,9881	 3	266,22	 93,54	  24,9	  32,8	  40,6	  40,8	  35,6	  28,8
s	    19,1465	 3	294,67	 93,35	  24,9	  32,7	  40,6	  40,8	  35,6	  28,8
s	    19,1839	 3	280,49	 93,51	  24,9	  32,7	  40,6	  40,8	  35,6	  28,8
*	    21,6779	 1	207,27	 81,83	  -4,2	   2,8	  10,2	  10,7	   5,9	  -0,5
*	    21,4165	 1	213,37	 81,49	  -3,6	   3,4	  10,8	  11,4	   6,5	   0,1
*	    22,1669	 1	207,49	 75,41	  -4,6	   2,4	   9,8	  10,4	   5,5	  -0,9
*	    21,9238	 1	213,58	 74,70	  -4,0	   3,0	  10,4	  11,0	   6,1	  -0,3
*	    22,8754	 1	207,71	 69,35	  -5,1	   1,9	   9,3	   9,9	   5,0	  -1,4
*	    22,6580	 1	213,80	 68,37	  -4,6	   2,5	   9,8	  10,4	   5,5	  -0,9
*	    23,7858	 1	207,92	 63,76	  -5,7	   1,3	   8,6	   9,2	   4,4	  -2,1
*	    23,5988	 1	214,01	 62,56	  -5,3	   1,8	   9,1	   9,7	   4,8	  -1,6
*	    24,8786	 1	208,14	 58,68	  -6,5	   0,6	   7,9	   8,5	   3,6	  -2,8
*	    24,7244	 1	214,23	 57,34	  -6,1	   1,0	   8,3	   8,9	   4,0	  -2,4
*	    26,1341	 1	208,35	 54,11	  -7,3	  -0,2	   7,1	   7,7	   2,8	  -3,6
*	    26,0130	 1	214,44	 52,68	  -6,9	   0,1	   7,5	   8,1	   3,2	  -3,3
*	    27,5341	 1	208,57	 50,03	  -8,1	  -1,1	   6,3	   6,9	   2,0	  -4,5
*	    27,4451	 1	214,65	 48,56	  -7,8	  -0,8	   6,6	   7,2	   2,3	  -4,2
*	    27,9034	 1	225,80	 46,42	  -7,7	  -0,6	   6,7	   7,3	   2,4	  -4,0
*	    27,6656	 1	218,72	 47,35	  -7,8	  -0,8	   6,6	   7,2	   2,3	  -4,2
*	    26,4207	 1	225,61	 50,52	  -6,7	   0,3	   7,7	   8,3	   3,4	  -3,1
*	    26,2019	 1	218,51	 51,43	  -6,9	   0,2	   7,5	   8,1	   3,2	  -3,2
*	    25,0770	 1	225,42	 55,20	  -5,8	   1,3	   8,6	   9,2	   4,3	  -2,1
*	    24,8786	 1	218,31	 56,07	  -6,0	   1,1	   8,4	   9,0	   4,1	  -2,3
*	    23,8933	 1	225,23	 60,51	  -4,9	   2,1	   9,5	  10,1	   5,2	  -1,2
*	    23,7158	 1	218,10	 61,29	  -5,1	   1,9	   9,3	   9,8	   5,0	  -1,5
*	    22,8933	 1	225,03	 66,48	  -4,1	   2,9	  10,3	  10,9	   6,0	  -0,4
*	    22,7360	 1	217,89	 67,13	  -4,4	   2,6	  10,0	  10,6	   5,7	  -0,7
*	    22,1022	 1	224,84	 73,10	  -3,5	   3,6	  10,9	  11,5	   6,6	   0,2
*	    21,9626	 1	217,68	 73,55	  -3,8	   3,2	  10,6	  11,2	   6,3	  -0,1
*	    21,5440	 1	224,64	 80,26	  -3,0	   4,0	  11,4	  12,0	   7,1	   0,7
*	    21,4175	 1	217,46	 80,48	  -3,3	   3,7	  11,0	  11,6	   6,8	   0,3
*	    27,9739	 1	203,21	 51,25	  -8,6	  -1,6	   5,8	   6,3	   1,5	  -5,0
*	    26,5950	 1	203,00	 55,22	  -7,8	  -0,8	   6,5	   7,1	   2,3	  -4,2
*	    27,0723	 1	198,29	 56,91	  -8,3	  -1,3	   6,0	   6,6	   1,7	  -4,7
*	    25,3592	 1	202,79	 59,62	  -7,1	  -0,1	   7,3	   7,9	   3,0	  -3,4
*	    25,8764	 1	198,09	 61,18	  -7,7	  -0,6	   6,7	   7,3	   2,4	  -4,0
*	    24,2832	 1	202,58	 64,48	  -6,4	   0,6	   8,0	   8,6	   3,7	  -2,8
*	    24,8388	 1	197,88	 65,85	  -7,0	  -0,0	   7,3	   7,9	   3,1	  -3,4
*	    23,3843	 1	202,37	 69,78	  -5,8	   1,2	   8,6	   9,2	   4,3	  -2,2
*	    23,9748	 1	197,68	 70,90	  -6,5	   0,5	   7,9	   8,5	   3,6	  -2,8
*	    22,6798	 1	202,16	 75,47	  -5,3	   1,7	   9,0	   9,6	   4,8	  -1,7
*	    23,2993	 1	197,47	 76,30	  -6,1	   0,9	   8,3	   8,9	   4,0	  -2,4
*	    22,1850	 1	201,94	 81,51	  -5,0	   2,0	   9,4	  10,0	   5,1	  -1,3
*	    22,8253	 1	197,27	 81,95	  -5,8	   1,2	   8,6	   9,2	   4,3	  -2,1
*	    28,8834	 1	195,16	 54,47	  -9,5	  -2,5	   4,8	   5,4	   0,5	  -5,9
*	    29,6002	 1	191,51	 56,23	 -10,1	  -3,1	   4,3	   4,9	  -0,0	  -6,5
*	    27,5777	 1	194,96	 58,28	  -8,8	  -1,8	   5,5	   6,1	   1,2	  -5,2
*	    28,3359	 1	191,32	 59,94	  -9,4	  -2,4	   4,9	   5,5	   0,6	  -5,8
*	    26,4148	 1	194,77	 62,44	  -8,2	  -1,2	   6,2	   6,8	   1,9	  -4,6
*	    27,2132	 1	191,14	 63,95	  -8,9	  -1,8	   5,5	   6,1	   1,2	  -5,2
*	    25,4083	 1	194,57	 66,95	  -7,6	  -0,6	   6,7	   7,3	   2,5	  -4,0
*	    26,2445	 1	190,95	 68,27	  -8,3	  -1,3	   6,0	   6,6	   1,7	  -4,7
*	    24,5722	 1	194,37	 71,79	  -7,1	  -0,1	   7,2	   7,8	   3,0	  -3,5
*	    25,4419	 1	190,76	 72,86	  -7,9	  -0,9	   6,5	   7,1	   2,2	  -4,3
*	    23,9197	 1	194,18	 76,94	  -6,8	   0,3	   7,6	   8,2	   3,3	  -3,1
*	    24,8165	 1	190,58	 77,70	  -7,6	  -0,5	   6,8	   7,4	   2,5	  -3,9
*	    23,4620	 1	193,98	 82,31	  -6,5	   0,5	   7,9	   8,5	   3,6	  -2,8
*	    24,3780	 1	190,39	 82,73	  -7,3	  -0,3	   7,1	   7,7	   2,8	  -3,7
*	    38,1062	 1	111,77	 71,93	  -9,1	  -2,1	   5,3	   5,9	   1,0	  -5,6
*	    35,5896	 1	108,53	 71,75	  -8,0	  -0,9	   6,4	   7,0	   2,1	  -4,4
*	    33,4628	 1	105,23	 71,60	  -6,9	   0,1	   7,5	   8,1	   3,2	  -3,3
*	    35,5187	 1	111,73	 74,98	  -8,0	  -1,0	   6,4	   7,0	   2,1	  -4,4
*	    32,8341	 1	108,49	 74,81	  -6,7	   0,4	   7,7	   8,3	   3,4	  -3,1
*	    30,5328	 1	105,20	 74,68	  -5,4	   1,6	   9,0	   9,5	   4,7	  -1,8
*	    33,3411	 1	111,68	 78,10	  -7,0	   0,0	   7,4	   8,0	   3,1	  -3,4
*	    30,4884	 1	108,46	 77,96	  -5,5	   1,5	   8,9	   9,5	   4,6	  -1,9
*	    28,0042	 1	105,17	 77,85	  -4,0	   3,0	  10,4	  11,0	   6,1	  -0,4
*	    31,6329	 1	111,64	 81,27	  -6,1	   0,9	   8,2	   8,8	   3,9	  -2,6
*	    28,6250	 1	108,42	 81,16	  -4,5	   2,6	   9,9	  10,5	   5,6	  -0,8
*	    25,9635	 1	105,14	 81,07	  -2,7	   4,3	  11,7	  12,2	   7,4	   0,9
*	    30,4539	 1	111,60	 84,49	  -5,5	   1,5	   8,9	   9,4	   4,6	  -1,9
*	    27,3220	 1	108,38	 84,42	  -3,7	   3,3	  10,7	  11,3	   6,4	  -0,1
*	    24,5118	 1	105,11	 84,35	  -1,7	   5,3	  12,7	  13,2	   8,4	   1,9
*	    29,8547	 1	111,55	 87,74	  -5,2	   1,8	   9,2	   9,8	   4,9	  -1,6
*	    26,6497	 1	108,34	 87,68	  -3,2	   3,8	  11,1	  11,7	   6,8	   0,4
*	    23,7484	 1	105,07	 87,65	  -1,2	   5,9	  13,2	  13,8	   8,9	   2,5
*	    29,8662	 1	111,51	 90,98	  -5,2	   1,9	   9,2	   9,8	   4,9	  -1,6
*	    26,6534	 1	108,31	 90,96	  -3,2	   3,8	  11,2	  11,8	   6,9	   0,4
*	    23,7416	 1	105,04	 90,95	  -1,1	   5,9	  13,3	  13,9	   9,0	   2,6
*	    51,8217	 1	112,45	 60,88	 -11,7	  -5,7	   0,4	   0,6	  -4,2	 -10,8
*	    50,4013	 1	110,21	 60,67	 -11,2	  -5,3	   0,8	   1,0	  -3,7	 -10,3
*	    49,1481	 1	107,94	 60,50	 -10,8	  -4,8	   1,3	   1,5	  -3,3	  -9,9
*	    48,0715	 1	105,64	 60,36	 -10,4	  -4,5	   1,6	   1,9	  -2,9	  -9,5
*	    49,2253	 1	112,42	 62,68	 -10,9	  -4,9	   1,2	   1,4	  -3,4	 -10,0
*	    47,7456	 1	110,19	 62,48	 -10,4	  -4,4	   1,7	   1,9	  -2,9	  -9,4
*	    46,4359	 1	107,91	 62,31	  -9,9	  -3,9	   2,2	   2,4	  -2,4	  -9,0
*	    45,3069	 1	105,62	 62,18	  -9,5	  -3,5	   2,6	   2,8	  -1,9	  -8,5
*	    46,7367	 1	112,39	 64,53	 -10,1	  -4,1	   2,0	   2,2	  -2,5	  -9,1
*	    45,1939	 1	110,16	 64,34	  -9,5	  -3,5	   2,6	   2,8	  -2,0	  -8,5
*	    43,8234	 1	107,89	 64,19	  -9,0	  -3,0	   3,1	   3,3	  -1,4	  -8,0
*	    42,6373	 1	105,60	 64,06	  -8,5	  -2,5	   3,6	   3,8	  -1,0	  -7,5
*	    44,3663	 1	112,36	 66,44	  -9,2	  -3,3	   2,8	   3,1	  -1,7	  -8,3
*	    42,7565	 1	110,13	 66,26	  -8,6	  -2,6	   3,5	   3,7	  -1,1	  -7,6
*	    41,3207	 1	107,86	 66,11	  -8,0	  -2,1	   4,0	   4,3	  -0,5	  -7,0
*	    40,0725	 1	105,57	 65,98	  -7,5	  -1,5	   4,6	   4,8	   0,0	  -6,5
*	    42,1255	 1	112,33	 68,40	  -8,4	  -2,4	   3,7	   3,9	  -0,9	  -7,4
*	    40,4450	 1	110,10	 68,22	  -7,7	  -1,8	   4,3	   4,6	  -0,2	  -6,7
*	    38,9392	 1	107,84	 68,08	  -7,1	  -1,1	   5,0	   5,2	   0,5	  -6,1
*	    37,6235	 1	105,55	 67,98	  -6,5	  -0,5	   5,6	   5,8	   1,1	  -5,5
*	    30,2823	 1	188,93	 57,62	 -10,6	  -3,6	   3,8	   4,4	  -0,5	  -7,0
*	    31,2427	 1	186,13	 59,26	 -11,2	  -4,2	   3,2	   3,8	  -1,1	  -7,6
*	    29,0510	 1	188,76	 61,24	 -10,0	  -3,0	   4,4	   4,9	   0,1	  -6,4
*	    30,0512	 1	185,96	 62,75	 -10,7	  -3,6	   3,7	   4,3	  -0,6	  -7,1
*	    27,9601	 1	188,58	 65,12	  -9,5	  -2,5	   4,9	   5,5	   0,6	  -5,9
*	    28,9982	 1	185,80	 66,49	 -10,2	  -3,1	   4,2	   4,8	  -0,1	  -6,6
*	    27,0208	 1	188,40	 69,28	  -9,0	  -2,0	   5,4	   6,0	   1,1	  -5,4
*	    28,0935	 1	185,63	 70,44	  -9,7	  -2,7	   4,7	   5,2	   0,4	  -6,1
*	    26,2438	 1	188,23	 73,67	  -8,6	  -1,6	   5,8	   6,4	   1,5	  -5,0
*	    27,3466	 1	185,46	 74,60	  -9,4	  -2,3	   5,0	   5,6	   0,7	  -5,7
*	    25,6392	 1	188,05	 78,28	  -8,3	  -1,2	   6,1	   6,7	   1,8	  -4,6
*	    26,7660	 1	185,30	 78,94	  -9,1	  -2,0	   5,3	   5,9	   1,0	  -5,4
*	    25,2151	 1	187,87	 83,05	  -8,0	  -1,0	   6,3	   6,9	   2,1	  -4,4
*	    26,3587	 1	185,13	 83,42	  -8,9	  -1,8	   5,5	   6,1	   1,2	  -5,2
s	    25,3307	 1	 90,00	 37,25	  29,4	  35,7	  42,0	  42,5	  37,5	  30,7
*	    34,0872	 1	184,04	 10,66	  -2,2	   2,5	  15,6	  16,9	  13,9	   9,1
*	    28,0206	 1	 93,04	 17,21	  -0,8	   3,9	  17,1	  18,4	  15,3	  10,6
*	    26,0380	 1	 76,42	 32,71	  -0,7	   4,0	  17,2	  18,5	  15,4	  10,7
*	    27,7556	 1	 71,37	 44,53	  -1,4	   3,3	  16,4	  17,8	  14,7	  10,0
*	    35,2130	 1	162,95	 28,12	  -3,2	   1,5	  14,7	  16,0	  12,9	   8,1
*	    28,6796	 1	125,33	 30,23	  -1,5	   3,3	  16,4	  17,7	  14,7	   9,9
*	    25,9152	 1	101,98	 38,81	  -0,8	   4,0	  17,1	  18,4	  15,4	  10,6
*	    26,8091	 1	 90,04	 47,48	  -0,9	   3,9	  17,0	  18,3	  15,2	  10,5
*	    31,5028	 1	 83,37	 54,41	  -1,9	   2,8	  15,9	  17,2	  14,2	   9,4
*	    40,5424	 1	158,64	 41,72	  -5,4	  -0,6	  12,5	  13,8	  10,7	   5,9
*	    33,8093	 1	135,64	 42,44	  -3,5	   1,2	  14,4	  15,7	  12,6	   7,8
*	    30,4717	 1	116,94	 46,73	  -2,4	   2,4	  15,5	  16,8	  13,7	   9,0
*	    30,6728	 1	104,05	 52,13	  -2,0	   2,7	  15,8	  17,2	  14,1	   9,3
*	    34,7406	 1	 95,47	 57,14	  -2,7	   2,0	  15,1	  16,4	  13,4	   8,6
*	    49,1645	 1	156,82	 51,26	  -8,1	  -3,4	   9,7	  11,0	   7,9	   3,0
*	    42,5697	 1	140,33	 51,46	  -6,3	  -1,6	  11,5	  12,8	   9,7	   4,9
*	    39,0731	 1	125,60	 53,66	  -5,1	  -0,4	  12,7	  14,0	  10,9	   6,1
*	    38,9506	 1	113,85	 56,88	  -4,6	   0,1	  13,2	  14,5	  11,4	   6,6
*	    54,1120	 1	142,98	 57,95	  -9,6	  -4,9	   8,2	   9,5	   6,4	   1,5
*	    50,7817	 1	131,03	 59,12	  -8,5	  -3,8	   9,3	  10,6	   7,5	   2,6
*	    32,1086	 1	184,14	 60,51	 -11,8	  -4,8	   2,6	   3,2	  -1,7	  -8,2
*	    33,2834	 1	181,98	 61,98	 -12,4	  -5,4	   2,0	   2,5	  -2,4	  -8,9
*	    30,9480	 1	183,99	 63,91	 -11,3	  -4,3	   3,1	   3,7	  -1,2	  -7,7
*	    32,1596	 1	181,83	 65,25	 -11,9	  -4,9	   2,4	   3,0	  -1,9	  -8,4
*	    29,9242	 1	183,83	 67,52	 -10,8	  -3,8	   3,6	   4,1	  -0,7	  -7,2
*	    31,1701	 1	181,68	 68,71	 -11,5	  -4,5	   2,9	   3,4	  -1,4	  -7,9
*	    29,0459	 1	183,67	 71,32	 -10,4	  -3,4	   4,0	   4,6	  -0,3	  -6,8
*	    30,3227	 1	181,53	 72,33	 -11,2	  -4,1	   3,2	   3,8	  -1,1	  -7,6
*	    28,3218	 1	183,51	 75,30	 -10,1	  -3,0	   4,3	   4,9	   0,0	  -6,5
*	    29,6249	 1	181,38	 76,11	 -10,8	  -3,8	   3,5	   4,1	  -0,8	  -7,2
*	    27,7592	 1	183,35	 79,45	  -9,8	  -2,8	   4,6	   5,2	   0,3	  -6,2
*	    29,0831	 1	181,23	 80,01	 -10,6	  -3,6	   3,8	   4,4	  -0,5	  -7,0
*	    27,3644	 1	183,19	 83,70	  -9,6	  -2,6	   4,8	   5,3	   0,5	  -6,0
*	    28,7026	 1	181,08	 84,01	 -10,4	  -3,4	   4,0	   4,5	  -0,3	  -6,8
*	    28,4050	 1	216,77	 45,86	  -8,3	  -1,3	   6,1	   6,7	   1,8	  -4,7
*	    30,0410	 1	216,98	 42,48	  -9,2	  -2,2	   5,1	   5,7	   0,8	  -5,6
*	    28,4233	 1	210,49	 47,26	  -8,6	  -1,5	   5,8	   6,4	   1,5	  -4,9
*	    30,0323	 1	210,70	 43,88	  -9,5	  -2,4	   4,9	   5,5	   0,6	  -5,9
*	    28,5452	 1	222,30	 44,99	  -8,2	  -1,2	   6,2	   6,8	   1,9	  -4,6
*	    30,1968	 1	222,50	 41,62	  -9,1	  -2,1	   5,2	   5,8	   0,9	  -5,5
s	    29,4467	 2	 84,88	 41,03	  25,9	  33,2	  40,8	  41,7	  36,8	  30,3
*	    31,0345	 1	178,22	 84,89	 -11,8	  -4,8	   2,6	   3,2	  -1,7	  -8,2
*	    29,5371	 1	179,90	 84,64	 -11,0	  -4,0	   3,4	   4,0	  -0,9	  -7,4
*	    31,3762	 1	178,35	 81,25	 -11,9	  -4,9	   2,4	   3,0	  -1,9	  -8,4
*	    29,8907	 1	180,05	 80,78	 -11,2	  -4,1	   3,2	   3,8	  -1,1	  -7,6
*	    31,8703	 1	178,49	 77,66	 -12,1	  -5,1	   2,2	   2,8	  -2,1	  -8,6
*	    30,4024	 1	180,19	 76,99	 -11,4	  -4,4	   3,0	   3,6	  -1,3	  -7,8
*	    32,5126	 1	178,62	 74,18	 -12,4	  -5,4	   2,0	   2,6	  -2,3	  -8,8
*	    31,0675	 1	180,33	 73,33	 -11,7	  -4,6	   2,7	   3,3	  -1,6	  -8,1
*	    33,2980	 1	178,76	 70,82	 -12,7	  -5,7	   1,7	   2,2	  -2,7	  -9,2
*	    31,8801	 1	180,48	 69,79	 -12,0	  -5,0	   2,4	   2,9	  -1,9	  -8,4
*	    34,2207	 1	178,89	 67,58	 -13,1	  -6,1	   1,3	   1,9	  -3,0	  -9,5
*	    32,8336	 1	180,62	 66,40	 -12,4	  -5,4	   2,0	   2,5	  -2,3	  -8,8
*	    35,2742	 1	179,03	 64,48	 -13,5	  -6,5	   0,9	   1,5	  -3,4	 -10,0
*	    33,9207	 1	180,76	 63,19	 -12,9	  -5,8	   1,5	   2,1	  -2,8	  -9,3
s	    30,4640	 2	 90,00	 34,08	  25,8	  33,1	  40,7	  41,5	  36,6	  30,2
*	    31,4036	 1	187,57	 56,77	 -11,2	  -4,2	   3,2	   3,8	  -1,1	  -7,6
*	    32,8046	 1	187,74	 53,60	 -11,8	  -4,8	   2,5	   3,1	  -1,8	  -8,3
*	    43,8871	 1	120,10	 72,26	  -9,3	  -2,3	   5,0	   5,6	   0,7	  -5,9
*	    41,5147	 1	116,77	 72,16	  -8,4	  -1,4	   6,0	   6,6	   1,7	  -4,9
*	    39,4897	 1	113,43	 72,10	  -7,5	  -0,4	   6,9	   7,5	   2,6	  -4,0
*	    41,5794	 1	120,04	 75,35	  -8,5	  -1,5	   5,9	   6,4	   1,5	  -5,0
*	    39,0846	 1	116,72	 75,25	  -7,4	  -0,4	   6,9	   7,5	   2,6	  -3,9
*	    36,9310	 1	113,38	 75,20	  -6,4	   0,6	   8,0	   8,6	   3,7	  -2,9
*	    39,6874	 1	119,98	 78,53	  -7,8	  -0,8	   6,6	   7,1	   2,2	  -4,3
*	    37,0792	 1	116,66	 78,44	  -6,6	   0,4	   7,7	   8,3	   3,4	  -3,1
*	    34,8028	 1	113,33	 78,37	  -5,5	   1,6	   8,9	   9,5	   4,6	  -1,9
*	    38,2511	 1	119,92	 81,76	  -7,2	  -0,2	   7,1	   7,7	   2,8	  -3,7
*	    35,5466	 1	116,61	 81,68	  -6,0	   1,0	   8,4	   9,0	   4,1	  -2,4
*	    33,1631	 1	113,28	 81,62	  -4,7	   2,3	   9,7	  10,3	   5,4	  -1,1
*	    37,3063	 1	119,86	 85,02	  -6,9	   0,2	   7,5	   8,1	   3,2	  -3,3
*	    34,5313	 1	116,55	 84,96	  -5,5	   1,5	   8,9	   9,4	   4,5	  -2,0
*	    32,0677	 1	113,23	 84,91	  -4,2	   2,9	  10,2	  10,8	   5,9	  -0,6
*	    36,8794	 1	119,80	 88,31	  -6,7	   0,3	   7,7	   8,3	   3,4	  -3,1
*	    34,0676	 1	116,50	 88,26	  -5,3	   1,7	   9,1	   9,7	   4,8	  -1,7
*	    31,5614	 1	113,19	 88,21	  -3,9	   3,1	  10,5	  11,1	   6,2	  -0,3
*	    36,9846	 1	119,74	 91,61	  -6,7	   0,3	   7,7	   8,3	   3,4	  -3,2
*	    34,1741	 1	116,45	 91,57	  -5,3	   1,7	   9,0	   9,6	   4,7	  -1,8
*	    31,6690	 1	113,14	 91,52	  -3,9	   3,1	  10,5	  11,0	   6,2	  -0,3
*	    45,0772	 1	114,58	 67,17	  -7,6	  -1,6	   4,5	   4,7	  -0,0	  -6,6
*	    46,3329	 1	116,83	 67,22	  -8,1	  -2,1	   4,0	   4,2	  -0,5	  -7,1
*	    47,7463	 1	119,07	 67,29	  -8,6	  -2,6	   3,5	   3,7	  -1,1	  -7,7
*	    49,3076	 1	121,29	 67,40	  -9,1	  -3,2	   2,9	   3,1	  -1,6	  -8,2
*	    47,3380	 1	114,61	 65,26	  -8,3	  -2,4	   3,7	   4,0	  -0,8	  -7,4
*	    48,5402	 1	116,86	 65,31	  -8,8	  -2,8	   3,3	   3,5	  -1,3	  -7,9
*	    49,8994	 1	119,11	 65,39	  -9,3	  -3,3	   2,8	   3,0	  -1,8	  -8,4
*	    51,4066	 1	121,34	 65,50	  -9,8	  -3,8	   2,3	   2,5	  -2,3	  -8,9
*	    49,7228	 1	114,64	 63,40	  -9,1	  -3,1	   3,0	   3,2	  -1,6	  -8,2
*	    50,8738	 1	116,90	 63,45	  -9,5	  -3,6	   2,5	   2,8	  -2,0	  -8,6
*	    52,1807	 1	119,15	 63,53	 -10,0	  -4,0	   2,1	   2,3	  -2,5	  -9,1
*	    53,6351	 1	121,38	 63,65	 -10,5	  -4,5	   1,6	   1,8	  -3,0	  -9,6
*	    52,2209	 1	114,68	 61,59	  -9,9	  -3,9	   2,2	   2,4	  -2,4	  -9,0
*	    53,3234	 1	116,94	 61,65	 -10,3	  -4,3	   1,8	   2,0	  -2,8	  -9,4
*	    54,5801	 1	119,19	 61,73	 -10,7	  -4,7	   1,4	   1,6	  -3,2	  -9,8
*	    55,9835	 1	121,42	 61,86	 -11,2	  -5,2	   0,9	   1,1	  -3,7	 -10,3
s	    32,0727	 2	338,87	 45,90	  26,0	  33,3	  40,7	  41,5	  36,5	  29,7
s	    32,5733	 2	  3,47	 45,39	  26,0	  33,3	  40,7	  41,5	  36,4	  29,6
*	    36,8517	 1	177,51	 65,34	 -14,3	  -7,3	   0,0	   0,6	  -4,3	 -10,8
*	    38,3895	 1	176,17	 66,46	 -15,0	  -8,0	  -0,6	  -0,0	  -4,9	 -11,5
*	    35,8154	 1	177,38	 68,30	 -13,9	  -6,9	   0,4	   1,0	  -3,9	 -10,4
*	    37,3836	 1	176,04	 69,31	 -14,6	  -7,6	  -0,2	   0,3	  -4,6	 -11,1
*	    34,9064	 1	177,26	 71,38	 -13,6	  -6,6	   0,8	   1,4	  -3,5	 -10,0
*	    36,5021	 1	175,92	 72,26	 -14,3	  -7,3	   0,1	   0,7	  -4,2	 -10,8
*	    34,1304	 1	177,13	 74,59	 -13,3	  -6,3	   1,1	   1,7	  -3,2	  -9,7
*	    35,7503	 1	175,80	 75,32	 -14,0	  -7,0	   0,4	   0,9	  -4,0	 -10,5
*	    33,4929	 1	177,00	 77,89	 -13,1	  -6,0	   1,3	   1,9	  -3,0	  -9,5
*	    35,1329	 1	175,68	 78,46	 -13,8	  -6,8	   0,6	   1,2	  -3,7	 -10,2
*	    32,9982	 1	176,87	 81,26	 -12,9	  -5,8	   1,5	   2,1	  -2,8	  -9,3
*	    34,6540	 1	175,56	 81,67	 -13,6	  -6,6	   0,8	   1,4	  -3,5	 -10,1
*	    32,6500	 1	176,75	 84,71	 -12,7	  -5,7	   1,7	   2,2	  -2,7	  -9,1
*	    34,3166	 1	175,44	 84,94	 -13,5	  -6,5	   0,9	   1,5	  -3,4	  -9,9
*	    33,3032	 1	183,11	 59,67	 -12,4	  -5,3	   2,0	   2,6	  -2,3	  -8,8
*	    34,6323	 1	183,26	 56,63	 -12,9	  -5,9	   1,5	   2,0	  -2,9	  -9,4
s	    33,4160	 2	 25,33	 45,24	  25,9	  33,2	  40,6	  41,4	  36,3	  29,5
s	    34,3105	 3	 84,85	 37,78	  22,8	  31,1	  39,8	  40,9	  36,0	  29,5
*	    34,6868	 1	204,86	 44,10	 -11,4	  -4,4	   2,9	   3,5	  -1,4	  -7,9
*	    36,4485	 1	205,04	 41,51	 -12,2	  -5,2	   2,2	   2,7	  -2,2	  -8,7
*	    38,2962	 1	205,23	 39,16	 -13,0	  -6,0	   1,4	   1,9	  -3,0	  -9,5
*	    35,5703	 1	179,63	 62,25	 -13,6	  -6,6	   0,8	   1,4	  -3,5	 -10,0
*	    36,8317	 1	179,76	 59,37	 -14,1	  -7,1	   0,3	   0,9	  -4,0	 -10,5
*	    39,6957	 1	175,20	 67,30	 -15,7	  -8,6	  -1,3	  -0,7	  -5,6	 -12,2
*	    41,3902	 1	174,12	 68,27	 -16,3	  -9,3	  -1,9	  -1,3	  -6,3	 -12,8
*	    38,7131	 1	175,08	 70,06	 -15,3	  -8,3	  -0,9	  -0,4	  -5,3	 -11,8
*	    40,4350	 1	174,01	 70,93	 -16,0	  -9,0	  -1,6	  -1,0	  -5,9	 -12,5
*	    37,8527	 1	174,97	 72,91	 -15,0	  -8,0	  -0,6	  -0,1	  -5,0	 -11,5
*	    39,5994	 1	173,90	 73,68	 -15,7	  -8,7	  -1,3	  -0,7	  -5,6	 -12,2
*	    37,1193	 1	174,85	 75,87	 -14,7	  -7,7	  -0,4	   0,2	  -4,7	 -11,2
*	    38,8877	 1	173,80	 76,50	 -15,4	  -8,4	  -1,1	  -0,5	  -5,4	 -11,9
*	    36,5172	 1	174,74	 78,89	 -14,5	  -7,5	  -0,2	   0,4	  -4,5	 -11,0
*	    38,3035	 1	173,69	 79,38	 -15,2	  -8,2	  -0,9	  -0,3	  -5,2	 -11,7
*	    36,0501	 1	174,62	 81,97	 -14,4	  -7,3	   0,0	   0,6	  -4,3	 -10,8
*	    37,8503	 1	173,58	 82,32	 -15,1	  -8,1	  -0,7	  -0,1	  -5,0	 -11,6
*	    35,7209	 1	174,51	 85,11	 -14,2	  -7,2	   0,1	   0,7	  -4,2	 -10,7
*	    37,5305	 1	173,47	 85,30	 -15,0	  -8,0	  -0,6	  -0,0	  -4,9	 -11,5
s	    36,1376	 3	343,94	 48,55	  22,6	  30,9	  39,6	  40,7	  35,8	  29,3
s	    36,3196	 3	  9,05	 47,76	  22,6	  30,9	  39,6	  40,6	  35,8	  29,3
s	    36,5897	 3	 31,53	 47,18	  22,5	  30,9	  39,6	  40,6	  35,8	  29,3
s	    36,7111	 3	 13,15	 47,86	  22,5	  30,9	  39,5	  40,6	  35,7	  29,2
s	    36,7784	 3	338,64	 42,64	  22,5	  30,8	  39,5	  40,6	  35,7	  29,2
s	    36,7977	 3	347,95	 48,83	  22,5	  30,8	  39,5	  40,6	  35,7	  29,2
*	    56,1361	 1	174,40	 60,47	 -20,3	 -15,6	  -2,5	  -1,2	  -4,3	  -9,2
*	    48,7321	 1	178,83	 55,39	 -18,0	 -13,3	  -0,2	   1,1	  -2,0	  -6,8
*	    45,5647	 1	181,87	 52,30	 -16,9	 -12,2	   0,9	   2,2	  -0,8	  -5,7
*	    42,8105	 1	185,76	 48,81	 -15,8	 -11,1	   2,0	   3,3	   0,2	  -4,6
*	    40,5210	 1	190,83	 44,92	 -14,8	 -10,1	   3,0	   4,3	   1,2	  -3,6
*	    38,7555	 1	197,58	 40,75	 -14,0	  -9,2	   3,9	   5,2	   2,1	  -2,7
*	    37,5797	 1	206,74	 36,57	 -13,3	  -8,5	   4,6	   5,9	   2,8	  -2,0
*	    37,0604	 1	219,03	 32,91	 -12,8	  -8,1	   5,0	   6,3	   3,3	  -1,5
s	    37,2500	 3	  3,22	 42,12	  22,5	  30,8	  39,5	  40,5	  35,7	  29,2
*	    37,2901	 1	208,66	 41,79	 -16,6	  -9,6	  -2,3	  -1,7	  -6,6	 -13,1
*	    39,1267	 1	208,84	 39,44	 -17,4	 -10,4	  -3,0	  -2,5	  -7,4	 -13,9
s	    37,5795	 3	355,22	 49,05	  22,4	  30,8	  39,5	  40,5	  35,6	  29,1
s	    37,9906	 3	 59,48	 41,04	  22,4	  30,7	  39,4	  40,5	  35,6	  29,1
s	    38,0446	 3	 25,10	 41,97	  22,4	  30,7	  39,4	  40,5	  35,6	  29,1
*	    47,3330	 1	216,44	 25,73	 -14,2	  -8,3	  -2,2	  -1,9	  -6,7	 -13,3
*	    47,2474	 1	212,11	 26,50	 -14,3	  -8,3	  -2,2	  -2,0	  -6,7	 -13,3
*	    47,2220	 1	208,09	 27,37	 -14,3	  -8,3	  -2,2	  -2,0	  -6,8	 -13,4
*	    45,7330	 1	216,30	 26,64	 -13,7	  -7,7	  -1,6	  -1,4	  -6,1	 -12,7
*	    45,6523	 1	211,96	 27,43	 -13,7	  -7,7	  -1,6	  -1,4	  -6,2	 -12,7
*	    45,6331	 1	207,95	 28,33	 -13,7	  -7,8	  -1,7	  -1,5	  -6,2	 -12,8
*	    44,1580	 1	216,16	 27,61	 -13,1	  -7,1	  -1,0	  -0,8	  -5,6	 -12,1
*	    44,0826	 1	211,82	 28,41	 -13,1	  -7,2	  -1,1	  -0,8	  -5,6	 -12,2
*	    44,0701	 1	207,80	 29,34	 -13,2	  -7,2	  -1,1	  -0,9	  -5,7	 -12,2
*	    42,6092	 1	216,01	 28,65	 -12,5	  -6,5	  -0,4	  -0,2	  -5,0	 -11,5
*	    42,5397	 1	211,67	 29,48	 -12,6	  -6,6	  -0,5	  -0,3	  -5,0	 -11,6
*	    42,5346	 1	207,66	 30,44	 -12,6	  -6,6	  -0,5	  -0,3	  -5,1	 -11,6
*	    41,0881	 1	215,87	 29,76	 -11,9	  -5,9	   0,2	   0,4	  -4,4	 -10,9
*	    41,0251	 1	211,52	 30,62	 -12,0	  -6,0	   0,1	   0,3	  -4,4	 -11,0
*	    41,0281	 1	207,51	 31,59	 -12,0	  -6,1	   0,0	   0,3	  -4,5	 -11,0
*	    39,5964	 1	215,73	 30,96	 -11,3	  -5,3	   0,8	   1,0	  -3,8	 -10,3
*	    39,5406	 1	211,38	 31,84	 -11,4	  -5,4	   0,7	   0,9	  -3,8	 -10,4
*	    39,5523	 1	207,36	 32,85	 -11,5	  -5,5	   0,6	   0,8	  -3,9	 -10,4
*	    38,1358	 1	215,58	 32,25	 -10,7	  -4,7	   1,4	   1,6	  -3,2	  -9,7
*	    38,0879	 1	211,23	 33,17	 -10,8	  -4,8	   1,3	   1,5	  -3,2	  -9,7
*	    38,1091	 1	207,22	 34,20	 -10,9	  -4,9	   1,2	   1,4	  -3,3	  -9,8
*	    47,2426	 1	206,04	 27,90	 -14,4	  -8,4	  -2,3	  -2,1	  -6,8	 -13,4
*	    47,3274	 1	202,53	 28,93	 -14,4	  -8,5	  -2,4	  -2,1	  -6,9	 -13,5
*	    47,4703	 1	199,31	 30,01	 -14,5	  -8,6	  -2,5	  -2,2	  -7,0	 -13,6
*	    45,6579	 1	205,89	 28,87	 -13,8	  -7,8	  -1,7	  -1,5	  -6,3	 -12,9
*	    45,7511	 1	202,38	 29,92	 -13,9	  -7,9	  -1,8	  -1,6	  -6,4	 -12,9
*	    45,9035	 1	199,17	 31,03	 -14,0	  -8,0	  -1,9	  -1,7	  -6,5	 -13,1
*	    44,0994	 1	205,75	 29,90	 -13,3	  -7,3	  -1,2	  -1,0	  -5,7	 -12,3
*	    44,2017	 1	202,24	 30,98	 -13,4	  -7,4	  -1,3	  -1,1	  -5,8	 -12,4
*	    44,3644	 1	199,03	 32,12	 -13,5	  -7,5	  -1,4	  -1,2	  -5,9	 -12,5
*	    42,5687	 1	205,61	 31,00	 -12,7	  -6,7	  -0,6	  -0,4	  -5,2	 -11,7
*	    42,6808	 1	202,10	 32,11	 -12,8	  -6,8	  -0,7	  -0,5	  -5,3	 -11,8
*	    42,8544	 1	198,89	 33,27	 -12,9	  -7,0	  -0,9	  -0,6	  -5,4	 -11,9
*	    41,0674	 1	205,46	 32,19	 -12,1	  -6,1	  -0,0	   0,2	  -4,6	 -11,1
*	    41,1901	 1	201,96	 33,31	 -12,2	  -6,3	  -0,2	   0,1	  -4,7	 -11,2
*	    41,3753	 1	198,76	 34,51	 -12,4	  -6,4	  -0,3	  -0,1	  -4,8	 -11,4
*	    39,5973	 1	205,31	 33,45	 -11,5	  -5,6	   0,5	   0,8	  -4,0	 -10,5
*	    39,7312	 1	201,81	 34,60	 -11,7	  -5,7	   0,4	   0,6	  -4,1	 -10,7
*	    39,9289	 1	198,62	 35,82	 -11,8	  -5,9	   0,2	   0,5	  -4,3	 -10,8
*	    38,1602	 1	205,17	 34,81	 -11,0	  -5,0	   1,1	   1,3	  -3,4	  -9,9
*	    38,3062	 1	201,67	 36,00	 -11,1	  -5,1	   1,0	   1,2	  -3,6	 -10,1
*	    38,5172	 1	198,48	 37,23	 -11,3	  -5,3	   0,8	   1,0	  -3,7	 -10,2
*	    49,4915	 1	228,82	 23,66	 -14,8	  -8,8	  -2,7	  -2,5	  -7,3	 -13,9
*	    49,2318	 1	223,84	 24,02	 -14,8	  -8,8	  -2,7	  -2,5	  -7,3	 -13,9
*	    49,0318	 1	219,08	 24,54	 -14,8	  -8,8	  -2,7	  -2,5	  -7,3	 -13,8
*	    47,8638	 1	228,70	 24,46	 -14,3	  -8,3	  -2,2	  -2,0	  -6,7	 -13,3
*	    47,6045	 1	223,70	 24,84	 -14,2	  -8,3	  -2,2	  -1,9	  -6,7	 -13,3
*	    47,4063	 1	218,94	 25,37	 -14,2	  -8,2	  -2,1	  -1,9	  -6,7	 -13,3
*	    46,2589	 1	228,57	 25,32	 -13,7	  -7,7	  -1,6	  -1,4	  -6,2	 -12,7
*	    46,0003	 1	223,57	 25,71	 -13,7	  -7,7	  -1,6	  -1,4	  -6,1	 -12,7
*	    45,8043	 1	218,80	 26,26	 -13,6	  -7,7	  -1,6	  -1,4	  -6,1	 -12,7
*	    44,6779	 1	228,45	 26,23	 -13,1	  -7,1	  -1,0	  -0,8	  -5,6	 -12,1
*	    44,4203	 1	223,44	 26,65	 -13,1	  -7,1	  -1,0	  -0,8	  -5,5	 -12,1
*	    44,2269	 1	218,66	 27,21	 -13,1	  -7,1	  -1,0	  -0,8	  -5,5	 -12,1
*	    43,1221	 1	228,32	 27,23	 -12,5	  -6,5	  -0,4	  -0,2	  -5,0	 -11,5
*	    42,8658	 1	223,30	 27,65	 -12,5	  -6,5	  -0,4	  -0,2	  -4,9	 -11,5
*	    42,6755	 1	218,52	 28,24	 -12,5	  -6,5	  -0,4	  -0,2	  -4,9	 -11,5
*	    41,5928	 1	228,20	 28,29	 -11,9	  -5,9	   0,2	   0,4	  -4,4	 -10,9
*	    41,3383	 1	223,17	 28,73	 -11,9	  -5,9	   0,2	   0,4	  -4,3	 -10,9
*	    41,1515	 1	218,37	 29,34	 -11,9	  -5,9	   0,2	   0,4	  -4,3	 -10,9
*	    40,0917	 1	228,07	 29,45	 -11,3	  -5,3	   0,8	   1,0	  -3,7	 -10,3
*	    39,8393	 1	223,03	 29,90	 -11,3	  -5,3	   0,8	   1,0	  -3,7	 -10,3
*	    39,6566	 1	218,23	 30,53	 -11,3	  -5,3	   0,8	   1,0	  -3,7	 -10,3
*	    38,6204	 1	227,94	 30,68	 -10,7	  -4,7	   1,4	   1,6	  -3,1	  -9,6
*	    38,3705	 1	222,90	 31,16	 -10,7	  -4,7	   1,4	   1,7	  -3,1	  -9,6
*	    38,1924	 1	218,09	 31,81	 -10,7	  -4,7	   1,4	   1,6	  -3,1	  -9,6
*	    40,5786	 1	172,02	 85,90	 -16,3	  -9,3	  -2,0	  -1,4	  -6,3	 -12,8
*	    38,6468	 1	172,88	 85,75	 -15,6	  -8,6	  -1,2	  -0,7	  -5,6	 -12,1
*	    40,8692	 1	172,12	 83,14	 -16,4	  -9,4	  -2,0	  -1,5	  -6,4	 -12,9
*	    38,9455	 1	172,98	 82,85	 -15,7	  -8,7	  -1,3	  -0,8	  -5,7	 -12,2
*	    41,2870	 1	172,22	 80,41	 -16,6	  -9,5	  -2,2	  -1,6	  -6,5	 -13,1
*	    39,3755	 1	173,09	 79,99	 -15,9	  -8,8	  -1,5	  -0,9	  -5,8	 -12,3
*	    41,8300	 1	172,33	 77,72	 -16,7	  -9,7	  -2,4	  -1,8	  -6,7	 -13,2
*	    39,9343	 1	173,20	 77,17	 -16,0	  -9,0	  -1,7	  -1,1	  -6,0	 -12,5
*	    42,4954	 1	172,43	 75,07	 -16,9	  -9,9	  -2,6	  -2,0	  -6,9	 -13,5
*	    40,6190	 1	173,30	 74,43	 -16,3	  -9,2	  -1,9	  -1,3	  -6,2	 -12,8
*	    43,2800	 1	172,53	 72,49	 -17,2	 -10,2	  -2,8	  -2,3	  -7,2	 -13,7
*	    41,4261	 1	173,41	 71,73	 -16,5	  -9,5	  -2,2	  -1,6	  -6,5	 -13,1
*	    44,1803	 1	172,63	 69,99	 -17,5	 -10,5	  -3,1	  -2,5	  -7,5	 -14,0
*	    42,3515	 1	173,51	 69,13	 -16,8	  -9,8	  -2,5	  -1,9	  -6,8	 -13,4
*	    47,5821	 1	197,69	 30,63	 -14,6	  -8,7	  -2,6	  -2,4	  -7,1	 -13,7
*	    47,8314	 1	194,94	 31,80	 -14,8	  -8,8	  -2,7	  -2,5	  -7,3	 -13,8
*	    48,1360	 1	192,43	 32,98	 -14,9	  -9,0	  -2,9	  -2,6	  -7,4	 -14,0
*	    46,0212	 1	197,55	 31,67	 -14,1	  -8,1	  -2,1	  -1,8	  -6,6	 -13,2
*	    46,2818	 1	194,80	 32,86	 -14,3	  -8,3	  -2,2	  -2,0	  -6,7	 -13,3
*	    46,5986	 1	192,30	 34,07	 -14,4	  -8,4	  -2,3	  -2,1	  -6,9	 -13,5
*	    44,4883	 1	197,42	 32,76	 -13,6	  -7,6	  -1,5	  -1,3	  -6,1	 -12,6
*	    44,7610	 1	194,67	 33,98	 -13,7	  -7,8	  -1,7	  -1,4	  -6,2	 -12,8
*	    45,0906	 1	192,17	 35,21	 -13,9	  -7,9	  -1,8	  -1,6	  -6,4	 -12,9
*	    42,9849	 1	197,28	 33,94	 -13,1	  -7,1	  -1,0	  -0,8	  -5,5	 -12,1
*	    43,2704	 1	194,54	 35,17	 -13,2	  -7,2	  -1,1	  -0,9	  -5,7	 -12,2
*	    43,6136	 1	192,04	 36,43	 -13,4	  -7,4	  -1,3	  -1,1	  -5,9	 -12,4
*	    41,5128	 1	197,14	 35,18	 -12,5	  -6,5	  -0,4	  -0,2	  -5,0	 -11,5
*	    41,8118	 1	194,41	 36,44	 -12,7	  -6,7	  -0,6	  -0,4	  -5,1	 -11,7
*	    42,1694	 1	191,92	 37,71	 -12,9	  -6,9	  -0,8	  -0,6	  -5,3	 -11,9
*	    40,0739	 1	197,01	 36,51	 -12,0	  -6,0	   0,1	   0,3	  -4,4	 -11,0
*	    40,3872	 1	194,27	 37,79	 -12,2	  -6,2	  -0,1	   0,1	  -4,6	 -11,1
*	    40,7598	 1	191,79	 39,08	 -12,4	  -6,4	  -0,3	  -0,1	  -4,8	 -11,4
*	    38,6701	 1	196,87	 37,93	 -11,4	  -5,4	   0,7	   0,9	  -3,9	 -10,4
*	    38,9985	 1	194,14	 39,23	 -11,6	  -5,6	   0,5	   0,7	  -4,1	 -10,6
*	    39,3869	 1	191,66	 40,53	 -11,8	  -5,9	   0,2	   0,5	  -4,3	 -10,8
s	    38,8330	 2	 43,88	 41,44	  27,8	  34,0	  40,2	  40,6	  35,7	  28,9
*	    39,4822	 1	123,01	 92,04	  -6,2	   0,8	   8,2	   8,8	   3,8	  -2,7
*	    41,6153	 1	126,33	 92,13	  -7,2	  -0,1	   7,2	   7,8	   2,9	  -3,7
*	    44,0494	 1	129,69	 92,21	  -8,1	  -1,1	   6,2	   6,8	   1,9	  -4,7
*	    39,3218	 1	123,07	 88,72	  -6,2	   0,9	   8,2	   8,8	   3,9	  -2,6
*	    41,4576	 1	126,41	 88,79	  -7,1	  -0,1	   7,3	   7,8	   2,9	  -3,6
*	    43,8945	 1	129,76	 88,86	  -8,1	  -1,1	   6,3	   6,9	   2,0	  -4,6
*	    39,6758	 1	123,14	 85,38	  -6,3	   0,7	   8,1	   8,7	   3,8	  -2,8
*	    41,7904	 1	126,48	 85,44	  -7,2	  -0,2	   7,1	   7,7	   2,8	  -3,8
*	    44,2080	 1	129,84	 85,51	  -8,2	  -1,2	   6,2	   6,8	   1,8	  -4,7
*	    40,5343	 1	123,21	 82,07	  -6,6	   0,4	   7,8	   8,3	   3,4	  -3,1
*	    42,6056	 1	126,55	 82,11	  -7,5	  -0,5	   6,8	   7,4	   2,5	  -4,1
*	    44,9832	 1	129,92	 82,17	  -8,5	  -1,4	   5,9	   6,5	   1,6	  -5,0
*	    41,8757	 1	123,27	 78,80	  -7,1	  -0,1	   7,3	   7,8	   2,9	  -3,6
*	    43,8853	 1	126,63	 78,82	  -8,0	  -0,9	   6,4	   7,0	   2,1	  -4,5
*	    46,2054	 1	130,00	 78,89	  -8,8	  -1,8	   5,5	   6,1	   1,2	  -5,4
*	    43,6702	 1	123,34	 75,59	  -7,7	  -0,7	   6,6	   7,2	   2,3	  -4,3
*	    45,6045	 1	126,70	 75,60	  -8,5	  -1,5	   5,8	   6,4	   1,5	  -5,1
*	    47,8530	 1	130,08	 75,65	  -9,4	  -2,3	   5,0	   5,6	   0,7	  -5,9
*	    45,8827	 1	123,41	 72,45	  -8,5	  -1,5	   5,9	   6,5	   1,5	  -5,0
*	    47,7329	 1	126,77	 72,45	  -9,2	  -2,2	   5,2	   5,7	   0,8	  -5,8
*	    49,9001	 1	130,16	 72,50	 -10,0	  -3,0	   4,4	   5,0	   0,0	  -6,6
*	    48,4761	 1	123,47	 69,41	  -9,3	  -2,3	   5,0	   5,6	   0,7	  -5,9
*	    50,2375	 1	126,85	 69,40	 -10,0	  -3,0	   4,4	   4,9	   0,0	  -6,6
*	    52,3175	 1	130,24	 69,45	 -10,7	  -3,7	   3,7	   4,2	  -0,7	  -7,3
*	    60,5080	 1	129,38	 61,23	 -11,0	  -5,0	   1,1	   1,3	  -3,5	 -10,2
*	    59,3262	 1	127,12	 61,21	 -10,6	  -4,6	   1,4	   1,7	  -3,1	  -9,8
*	    58,2834	 1	124,86	 61,22	 -10,3	  -4,3	   1,8	   2,0	  -2,8	  -9,4
*	    57,3849	 1	122,61	 61,28	 -10,0	  -4,0	   2,1	   2,3	  -2,5	  -9,1
*	    58,2481	 1	129,32	 63,03	 -10,4	  -4,4	   1,7	   1,9	  -2,9	  -9,5
*	    57,0274	 1	127,07	 63,00	 -10,0	  -4,0	   2,1	   2,3	  -2,5	  -9,1
*	    55,9467	 1	124,81	 63,02	  -9,6	  -3,7	   2,4	   2,6	  -2,1	  -8,8
*	    55,0116	 1	122,57	 63,07	  -9,3	  -3,3	   2,8	   3,0	  -1,8	  -8,4
*	    56,1099	 1	129,27	 64,87	  -9,8	  -3,8	   2,3	   2,5	  -2,3	  -8,9
*	    54,8496	 1	127,02	 64,86	  -9,4	  -3,4	   2,7	   2,9	  -1,9	  -8,5
*	    53,7299	 1	124,77	 64,87	  -9,0	  -3,0	   3,1	   3,3	  -1,5	  -8,1
*	    52,7569	 1	122,52	 64,91	  -8,6	  -2,7	   3,4	   3,6	  -1,1	  -7,8
*	    54,1018	 1	129,22	 66,79	  -9,2	  -3,3	   2,8	   3,1	  -1,7	  -8,3
*	    52,8014	 1	126,97	 66,76	  -8,8	  -2,8	   3,3	   3,5	  -1,3	  -7,9
*	    51,6421	 1	124,72	 66,77	  -8,4	  -2,4	   3,7	   3,9	  -0,9	  -7,5
*	    50,6302	 1	122,48	 66,80	  -8,0	  -2,0	   4,1	   4,3	  -0,5	  -7,1
*	    52,2327	 1	129,17	 68,74	  -8,7	  -2,7	   3,4	   3,6	  -1,2	  -7,8
*	    50,8923	 1	126,92	 68,72	  -8,2	  -2,3	   3,8	   4,1	  -0,7	  -7,3
*	    49,6931	 1	124,67	 68,72	  -7,8	  -1,8	   4,3	   4,5	  -0,3	  -6,9
*	    48,6417	 1	122,43	 68,75	  -7,4	  -1,4	   4,7	   4,9	   0,1	  -6,5
*	    48,3350	 1	191,17	 33,65	 -15,1	  -9,1	  -3,0	  -2,8	  -7,6	 -14,1
*	    48,7413	 1	189,02	 34,87	 -15,3	  -9,3	  -3,2	  -3,0	  -7,7	 -14,3
*	    49,1996	 1	187,08	 36,07	 -15,4	  -9,5	  -3,4	  -3,1	  -7,9	 -14,5
*	    46,8048	 1	191,04	 34,74	 -14,6	  -8,6	  -2,5	  -2,3	  -7,1	 -13,6
*	    47,2246	 1	188,90	 35,97	 -14,8	  -8,8	  -2,7	  -2,5	  -7,2	 -13,8
*	    47,6971	 1	186,96	 37,21	 -15,0	  -9,0	  -2,9	  -2,7	  -7,4	 -14,0
*	    45,3044	 1	190,92	 35,89	 -14,1	  -8,1	  -2,0	  -1,8	  -6,5	 -13,1
*	    45,7384	 1	188,78	 37,15	 -14,3	  -8,3	  -2,2	  -2,0	  -6,7	 -13,3
*	    46,2256	 1	186,85	 38,38	 -14,5	  -8,5	  -2,4	  -2,2	  -7,0	 -13,5
*	    43,8352	 1	190,79	 37,11	 -13,6	  -7,6	  -1,5	  -1,3	  -6,0	 -12,6
*	    44,2841	 1	188,66	 38,38	 -13,8	  -7,8	  -1,7	  -1,5	  -6,2	 -12,8
*	    44,7868	 1	186,73	 39,64	 -14,0	  -8,0	  -1,9	  -1,7	  -6,5	 -13,0
*	    42,3993	 1	190,66	 38,42	 -13,1	  -7,1	  -1,0	  -0,8	  -5,5	 -12,1
*	    42,8638	 1	188,54	 39,70	 -13,3	  -7,3	  -1,2	  -1,0	  -5,7	 -12,3
*	    43,3824	 1	186,61	 40,97	 -13,5	  -7,5	  -1,4	  -1,2	  -6,0	 -12,5
*	    40,9984	 1	190,54	 39,79	 -12,6	  -6,6	  -0,5	  -0,3	  -5,0	 -11,5
*	    41,4791	 1	188,42	 41,09	 -12,8	  -6,8	  -0,7	  -0,5	  -5,2	 -11,8
*	    42,0144	 1	186,50	 42,36	 -13,0	  -7,1	  -1,0	  -0,7	  -5,5	 -12,0
*	    39,6346	 1	190,41	 41,26	 -12,0	  -6,1	   0,0	   0,3	  -4,5	 -11,0
*	    40,1323	 1	188,30	 42,56	 -12,3	  -6,3	  -0,2	   0,0	  -4,7	 -11,3
*	    40,6849	 1	186,38	 43,84	 -12,6	  -6,6	  -0,5	  -0,3	  -5,0	 -11,6
*	    39,9482	 1	158,73	 88,69	 -14,0	  -8,1	  -2,2	   0,1	  -4,2	 -11,4
*	    42,6014	 1	158,42	 88,72	 -14,8	  -8,9	  -3,0	  -0,7	  -5,1	 -12,3
*	    45,3218	 1	158,14	 88,73	 -15,7	  -9,8	  -3,9	  -1,6	  -6,0	 -13,1
*	    48,1059	 1	157,88	 88,74	 -16,5	 -10,6	  -4,7	  -2,4	  -6,8	 -14,0
s	    40,2782	 2	218,41	 51,77	  25,1	  32,4	  39,8	  40,6	  35,5	  28,7
*	    49,4813	 1	186,09	 36,74	 -15,6	  -9,7	  -3,6	  -3,3	  -8,1	 -14,7
*	    50,0359	 1	184,43	 37,94	 -15,8	  -9,9	  -3,8	  -3,6	  -8,3	 -14,9
*	    50,6392	 1	182,91	 39,13	 -16,1	 -10,1	  -4,0	  -3,8	  -8,6	 -15,2
*	    47,9869	 1	185,98	 37,87	 -15,2	  -9,2	  -3,1	  -2,9	  -7,6	 -14,2
*	    48,5566	 1	184,32	 39,09	 -15,4	  -9,4	  -3,3	  -3,1	  -7,9	 -14,5
*	    49,1754	 1	182,80	 40,29	 -15,6	  -9,6	  -3,5	  -3,3	  -8,1	 -14,7
*	    46,5238	 1	185,87	 39,07	 -14,7	  -8,7	  -2,6	  -2,4	  -7,2	 -13,7
*	    47,1092	 1	184,21	 40,30	 -14,9	  -8,9	  -2,9	  -2,6	  -7,4	 -14,0
*	    47,7439	 1	182,70	 41,50	 -15,2	  -9,2	  -3,1	  -2,9	  -7,6	 -14,2
*	    45,0937	 1	185,75	 40,33	 -14,2	  -8,2	  -2,1	  -1,9	  -6,7	 -13,3
*	    45,6954	 1	184,10	 41,57	 -14,5	  -8,5	  -2,4	  -2,2	  -6,9	 -13,5
*	    46,3466	 1	182,60	 42,78	 -14,7	  -8,7	  -2,6	  -2,4	  -7,2	 -13,8
*	    43,6985	 1	185,64	 41,66	 -13,7	  -7,8	  -1,7	  -1,4	  -6,2	 -12,8
*	    44,3169	 1	184,00	 42,90	 -14,0	  -8,0	  -1,9	  -1,7	  -6,5	 -13,0
*	    44,9851	 1	182,49	 44,12	 -14,3	  -8,3	  -2,2	  -2,0	  -6,7	 -13,3
*	    42,3399	 1	185,53	 43,06	 -13,3	  -7,3	  -1,2	  -1,0	  -5,7	 -12,3
*	    42,9757	 1	183,89	 44,31	 -13,5	  -7,6	  -1,5	  -1,2	  -6,0	 -12,6
*	    43,6614	 1	182,39	 45,53	 -13,8	  -7,9	  -1,8	  -1,5	  -6,3	 -12,8
*	    41,0201	 1	185,42	 44,54	 -12,8	  -6,8	  -0,7	  -0,5	  -5,3	 -11,8
*	    41,6738	 1	183,78	 45,80	 -13,1	  -7,1	  -1,0	  -0,8	  -5,5	 -12,1
*	    42,3775	 1	182,29	 47,02	 -13,4	  -7,4	  -1,3	  -1,1	  -5,8	 -12,4
s	    41,3989	 3	 35,49	 43,49	  24,5	  31,8	  39,2	  39,9	  35,2	  28,7
s	    41,8313	 3	 20,39	 44,26	  22,0	  30,3	  39,0	  40,1	  35,2	  28,7
*	    45,3026	 1	171,75	 72,91	 -18,1	 -11,1	  -3,7	  -3,2	  -8,1	 -14,7
*	    47,2947	 1	171,06	 73,56	 -18,8	 -11,7	  -4,4	  -3,8	  -8,7	 -15,3
*	    44,5258	 1	171,66	 75,39	 -17,9	 -10,8	  -3,5	  -2,9	  -7,8	 -14,4
*	    46,5385	 1	170,97	 75,95	 -18,5	 -11,5	  -4,2	  -3,6	  -8,5	 -15,1
*	    43,8650	 1	171,56	 77,91	 -17,7	 -10,6	  -3,3	  -2,7	  -7,6	 -14,2
*	    45,8954	 1	170,88	 78,37	 -18,3	 -11,3	  -4,0	  -3,4	  -8,3	 -14,9
*	    43,3230	 1	171,46	 80,48	 -17,5	 -10,5	  -3,1	  -2,5	  -7,5	 -14,0
*	    45,3680	 1	170,78	 80,85	 -18,2	 -11,2	  -3,8	  -3,2	  -8,1	 -14,7
*	    42,9023	 1	171,37	 83,09	 -17,4	 -10,3	  -3,0	  -2,4	  -7,3	 -13,9
*	    44,9586	 1	170,69	 83,36	 -18,0	 -11,0	  -3,7	  -3,1	  -8,0	 -14,6
*	    42,6049	 1	171,27	 85,74	 -17,3	 -10,2	  -2,9	  -2,3	  -7,2	 -13,8
*	    44,6689	 1	170,60	 85,89	 -18,0	 -10,9	  -3,6	  -3,0	  -7,9	 -14,5
*	    50,9986	 1	182,14	 39,77	 -16,3	 -10,3	  -4,2	  -4,0	  -8,8	 -15,4
*	    51,6926	 1	180,83	 40,93	 -16,5	 -10,6	  -4,5	  -4,3	  -9,0	 -15,6
*	    49,5435	 1	182,04	 40,94	 -15,9	  -9,9	  -3,8	  -3,6	  -8,3	 -14,9
*	    50,2535	 1	180,74	 42,10	 -16,1	 -10,1	  -4,0	  -3,8	  -8,6	 -15,2
*	    51,0090	 1	179,53	 43,24	 -16,4	 -10,4	  -4,3	  -4,1	  -8,9	 -15,5
*	    48,1211	 1	181,94	 42,15	 -15,4	  -9,4	  -3,3	  -3,1	  -7,9	 -14,5
*	    48,8477	 1	180,64	 43,32	 -15,7	  -9,7	  -3,6	  -3,4	  -8,2	 -14,8
*	    49,6198	 1	179,44	 44,46	 -15,9	 -10,0	  -3,9	  -3,7	  -8,4	 -15,0
*	    46,7330	 1	181,83	 43,43	 -15,0	  -9,0	  -2,9	  -2,7	  -7,4	 -14,0
*	    47,4766	 1	180,54	 44,61	 -15,2	  -9,3	  -3,2	  -3,0	  -7,7	 -14,3
*	    48,2658	 1	179,34	 45,75	 -15,5	  -9,6	  -3,5	  -3,2	  -8,0	 -14,6
*	    45,3810	 1	181,73	 44,78	 -14,5	  -8,6	  -2,5	  -2,2	  -7,0	 -13,6
*	    46,1420	 1	180,44	 45,95	 -14,8	  -8,9	  -2,8	  -2,5	  -7,3	 -13,9
*	    46,9487	 1	179,25	 47,09	 -15,1	  -9,1	  -3,0	  -2,8	  -7,6	 -14,2
*	    44,0671	 1	181,63	 46,19	 -14,1	  -8,1	  -2,0	  -1,8	  -6,6	 -13,1
*	    44,8459	 1	180,35	 47,36	 -14,4	  -8,4	  -2,3	  -2,1	  -6,9	 -13,4
*	    45,6703	 1	179,16	 48,50	 -14,7	  -8,7	  -2,6	  -2,4	  -7,2	 -13,8
*	    42,7931	 1	181,53	 47,67	 -13,7	  -7,7	  -1,6	  -1,4	  -6,1	 -12,7
*	    43,5901	 1	180,25	 48,84	 -14,0	  -8,0	  -1,9	  -1,7	  -6,4	 -13,0
*	    44,4326	 1	179,06	 49,96	 -14,3	  -8,3	  -2,2	  -2,0	  -6,8	 -13,3
s	    43,0258	 3	226,93	 53,48	  21,9	  30,2	  38,9	  39,9	  35,1	  28,5
s	    43,6979	 3	 43,70	 38,55	  24,3	  31,6	  39,0	  39,7	  35,0	  28,5
s	    44,5486	 3	218,57	 48,53	  21,7	  30,0	  38,7	  39,8	  34,9	  28,4
*	    44,6370	 1	131,34	 91,43	  -7,5	  -0,5	   6,8	   7,4	   2,5	  -4,1
*	    46,1356	 1	134,58	 91,55	  -8,1	  -1,1	   6,2	   6,8	   1,9	  -4,7
*	    44,5935	 1	131,42	 88,15	  -7,5	  -0,5	   6,9	   7,4	   2,5	  -4,1
*	    46,0897	 1	134,66	 88,23	  -8,1	  -1,1	   6,3	   6,8	   1,9	  -4,7
*	    47,8798	 1	137,96	 88,31	  -8,8	  -1,7	   5,6	   6,2	   1,3	  -5,3
*	    44,9862	 1	131,50	 84,86	  -7,6	  -0,6	   6,7	   7,3	   2,4	  -4,2
*	    46,4674	 1	134,75	 84,91	  -8,2	  -1,2	   6,1	   6,7	   1,8	  -4,8
*	    48,2431	 1	138,06	 84,96	  -8,9	  -1,8	   5,5	   6,1	   1,2	  -5,5
*	    45,8077	 1	131,58	 81,61	  -7,9	  -0,9	   6,5	   7,0	   2,1	  -4,5
*	    47,2622	 1	134,84	 81,61	  -8,5	  -1,5	   5,9	   6,5	   1,5	  -5,1
*	    49,0121	 1	138,15	 81,64	  -9,1	  -2,1	   5,3	   5,8	   0,9	  -5,7
*	    47,0440	 1	131,66	 78,39	  -8,3	  -1,3	   6,1	   6,6	   1,7	  -4,9
*	    48,4620	 1	134,92	 78,35	  -8,8	  -1,8	   5,5	   6,1	   1,2	  -5,4
*	    50,1760	 1	138,24	 78,36	  -9,4	  -2,4	   4,9	   5,5	   0,6	  -6,0
*	    48,6758	 1	131,74	 75,24	  -8,8	  -1,8	   5,6	   6,1	   1,2	  -5,4
*	    50,0494	 1	135,01	 75,17	  -9,3	  -2,3	   5,1	   5,6	   0,7	  -5,9
*	    51,7192	 1	138,33	 75,15	  -9,9	  -2,9	   4,5	   5,1	   0,1	  -6,5
*	    50,6799	 1	131,82	 72,17	  -9,4	  -2,4	   5,0	   5,5	   0,6	  -6,0
*	    52,0032	 1	135,09	 72,06	  -9,9	  -2,9	   4,5	   5,1	   0,1	  -6,5
*	    53,6225	 1	138,42	 72,03	 -10,4	  -3,4	   4,0	   4,5	  -0,4	  -7,0
*	    54,5659	 1	131,43	 67,32	  -8,3	  -2,4	   3,7	   3,9	  -0,8	  -7,5
*	    55,3409	 1	133,66	 67,21	  -8,6	  -2,6	   3,5	   3,7	  -1,1	  -7,7
*	    56,2551	 1	135,91	 67,13	  -8,9	  -2,9	   3,2	   3,4	  -1,4	  -8,1
*	    57,3045	 1	138,19	 67,08	  -9,2	  -3,3	   2,8	   3,0	  -1,7	  -8,4
*	    56,4921	 1	131,49	 65,41	  -8,9	  -2,9	   3,2	   3,4	  -1,4	  -8,0
*	    57,2415	 1	133,72	 65,28	  -9,1	  -3,2	   2,9	   3,2	  -1,6	  -8,3
*	    58,1292	 1	135,97	 65,20	  -9,4	  -3,4	   2,7	   2,9	  -1,9	  -8,6
*	    59,1515	 1	138,26	 65,13	  -9,7	  -3,7	   2,3	   2,6	  -2,2	  -8,9
*	    58,5501	 1	131,54	 63,54	  -9,4	  -3,5	   2,6	   2,9	  -1,9	  -8,6
*	    59,2740	 1	133,77	 63,41	  -9,7	  -3,7	   2,4	   2,6	  -2,2	  -8,8
*	    60,1352	 1	136,03	 63,31	  -9,9	  -4,0	   2,1	   2,3	  -2,4	  -9,1
*	    61,1301	 1	138,32	 63,24	 -10,2	  -4,3	   1,8	   2,1	  -2,7	  -9,4
*	    60,7316	 1	131,60	 61,73	 -10,0	  -4,0	   2,1	   2,3	  -2,5	  -9,2
*	    61,4304	 1	133,83	 61,59	 -10,2	  -4,3	   1,8	   2,1	  -2,7	  -9,4
*	    62,2653	 1	136,09	 61,47	 -10,5	  -4,5	   1,6	   1,8	  -3,0	  -9,7
*	    63,2328	 1	138,38	 61,41	 -10,7	  -4,8	   1,3	   1,5	  -3,3	 -10,0
*	    51,4503	 1	178,93	 43,84	 -16,7	 -10,7	  -4,6	  -4,4	  -9,1	 -15,8
*	    50,0703	 1	178,84	 45,08	 -16,2	 -10,3	  -4,2	  -4,0	  -8,7	 -15,3
*	    50,9282	 1	177,81	 46,17	 -16,5	 -10,6	  -4,5	  -4,2	  -9,0	 -15,6
*	    48,7258	 1	178,75	 46,36	 -15,8	  -9,9	  -3,8	  -3,5	  -8,3	 -14,9
*	    49,6009	 1	177,72	 47,45	 -16,1	 -10,2	  -4,1	  -3,8	  -8,6	 -15,2
*	    50,5179	 1	176,77	 48,50	 -16,4	 -10,5	  -4,4	  -4,1	  -8,9	 -15,5
*	    47,4183	 1	178,66	 47,70	 -15,4	  -9,5	  -3,4	  -3,1	  -7,9	 -14,5
*	    48,3110	 1	177,63	 48,79	 -15,7	  -9,8	  -3,7	  -3,4	  -8,2	 -14,8
*	    49,2455	 1	176,68	 49,83	 -16,1	 -10,1	  -4,0	  -3,8	  -8,5	 -15,1
*	    46,1497	 1	178,57	 49,10	 -15,0	  -9,0	  -3,0	  -2,7	  -7,5	 -14,1
*	    47,0603	 1	177,55	 50,18	 -15,3	  -9,4	  -3,3	  -3,1	  -7,8	 -14,4
*	    48,0124	 1	176,60	 51,22	 -15,7	  -9,7	  -3,6	  -3,4	  -8,2	 -14,7
*	    44,9220	 1	178,48	 50,56	 -14,6	  -8,7	  -2,6	  -2,3	  -7,1	 -13,7
*	    45,8505	 1	177,46	 51,64	 -15,0	  -9,0	  -2,9	  -2,7	  -7,4	 -14,0
*	    46,8205	 1	176,51	 52,66	 -15,3	  -9,3	  -3,2	  -3,0	  -7,8	 -14,4
s	    45,6557	 3	220,69	 54,62	  21,6	  29,9	  38,6	  39,7	  34,8	  28,2
s	    46,0203	 3	219,22	 54,75	  21,6	  29,9	  38,6	  39,6	  34,8	  28,2
*	    48,1929	 1	170,45	 76,37	 -18,9	 -11,9	  -4,6	  -4,0	  -8,9	 -15,5
*	    47,5633	 1	170,36	 78,73	 -18,8	 -11,7	  -4,4	  -3,8	  -8,7	 -15,3
*	    47,0471	 1	170,27	 81,13	 -18,6	 -11,6	  -4,2	  -3,7	  -8,6	 -15,2
*	    46,6463	 1	170,18	 83,54	 -18,5	 -11,5	  -4,1	  -3,5	  -8,5	 -15,1
*	    46,3626	 1	170,09	 85,99	 -18,4	 -11,4	  -4,0	  -3,5	  -8,4	 -15,0
*	    49,7832	 1	176,21	 50,40	 -16,4	 -10,4	  -4,3	  -4,1	  -8,9	 -15,5
*	    48,5599	 1	176,13	 51,77	 -16,0	 -10,1	  -4,0	  -3,7	  -8,5	 -15,1
*	    49,5916	 1	175,31	 52,75	 -16,4	 -10,4	  -4,3	  -4,1	  -8,8	 -15,4
*	    47,3777	 1	176,05	 53,20	 -15,7	  -9,7	  -3,6	  -3,4	  -8,1	 -14,7
*	    48,4271	 1	175,23	 54,17	 -16,0	 -10,0	  -3,9	  -3,7	  -8,5	 -15,1
*	    49,5141	 1	174,48	 55,10	 -16,4	 -10,4	  -4,3	  -4,1	  -8,9	 -15,5
*	    47,6490	 1	171,55	 69,72	 -18,8	 -11,8	  -4,5	  -3,9	  -8,8	 -15,4
*	    47,9580	 1	167,96	 86,35	 -17,4	 -10,4	  -3,0	  -2,5	  -7,4	 -14,0
*	    48,2225	 1	168,04	 84,02	 -17,5	 -10,4	  -3,1	  -2,5	  -7,4	 -14,0
*	    48,6015	 1	168,13	 81,69	 -17,6	 -10,6	  -3,2	  -2,6	  -7,6	 -14,2
*	    49,0933	 1	168,21	 79,40	 -17,7	 -10,7	  -3,4	  -2,8	  -7,7	 -14,3
*	    49,6962	 1	168,29	 77,13	 -17,9	 -10,9	  -3,5	  -3,0	  -7,9	 -14,5
*	    50,4079	 1	168,38	 74,91	 -18,1	 -11,1	  -3,7	  -3,2	  -8,1	 -14,7
*	    51,2259	 1	168,46	 72,74	 -18,3	 -11,3	  -4,0	  -3,4	  -8,3	 -14,9
*	    52,1472	 1	168,55	 70,61	 -18,6	 -11,6	  -4,2	  -3,6	  -8,6	 -15,2
*	    53,1688	 1	168,63	 68,52	 -18,9	 -11,8	  -4,5	  -3,9	  -8,9	 -15,5
*	    48,2016	 1	175,51	 62,44	 -17,4	 -10,4	  -3,0	  -2,5	  -7,4	 -14,0
*	    49,5325	 1	175,61	 60,27	 -17,8	 -10,8	  -3,4	  -2,9	  -7,8	 -14,4
*	    50,9566	 1	175,71	 58,17	 -18,2	 -11,2	  -3,9	  -3,3	  -8,2	 -14,8
*	    48,3046	 1	139,66	 90,38	  -8,4	  -1,4	   5,9	   6,5	   1,6	  -5,0
*	    49,1614	 1	142,82	 90,49	  -8,8	  -1,7	   5,6	   6,2	   1,3	  -5,4
*	    48,4120	 1	139,75	 87,07	  -8,5	  -1,5	   5,9	   6,5	   1,5	  -5,1
*	    49,2640	 1	142,92	 87,13	  -8,8	  -1,8	   5,6	   6,1	   1,2	  -5,4
*	    50,4024	 1	146,20	 87,21	  -9,2	  -2,1	   5,2	   5,8	   0,9	  -5,8
*	    48,9048	 1	139,85	 83,78	  -8,6	  -1,6	   5,7	   6,3	   1,4	  -5,2
*	    49,7464	 1	143,02	 83,78	  -8,9	  -1,9	   5,4	   6,0	   1,1	  -5,5
*	    50,8740	 1	146,30	 83,81	  -9,3	  -2,3	   5,1	   5,6	   0,7	  -5,9
*	    49,7765	 1	139,94	 80,53	  -8,9	  -1,9	   5,5	   6,1	   1,1	  -5,5
*	    50,6023	 1	143,12	 80,47	  -9,2	  -2,2	   5,2	   5,8	   0,8	  -5,8
*	    51,7137	 1	146,41	 80,44	  -9,5	  -2,5	   4,8	   5,4	   0,5	  -6,1
*	    51,0159	 1	140,03	 77,32	  -9,2	  -2,2	   5,1	   5,7	   0,8	  -5,8
*	    51,8214	 1	143,21	 77,20	  -9,5	  -2,5	   4,9	   5,4	   0,5	  -6,1
*	    52,9115	 1	146,51	 77,13	  -9,9	  -2,8	   4,5	   5,1	   0,1	  -6,5
*	    52,6079	 1	140,12	 74,18	  -9,7	  -2,7	   4,7	   5,3	   0,3	  -6,3
*	    53,3895	 1	143,31	 74,02	  -9,9	  -2,9	   4,4	   5,0	   0,1	  -6,6
*	    54,4543	 1	146,61	 73,90	 -10,3	  -3,3	   4,1	   4,7	  -0,3	  -6,9
*	    54,5346	 1	140,22	 71,13	 -10,2	  -3,2	   4,2	   4,7	  -0,2	  -6,8
*	    55,2896	 1	143,41	 70,92	 -10,5	  -3,4	   3,9	   4,5	  -0,5	  -7,1
*	    56,3258	 1	146,72	 70,76	 -10,8	  -3,7	   3,6	   4,2	  -0,8	  -7,4
*	    65,7698	 1	146,42	 60,06	 -10,7	  -4,8	   1,3	   1,5	  -3,3	 -10,0
*	    65,1406	 1	144,09	 60,25	 -10,6	  -4,6	   1,5	   1,7	  -3,1	  -9,8
*	    64,6430	 1	141,82	 60,48	 -10,4	  -4,4	   1,6	   1,9	  -2,9	  -9,6
*	    64,2790	 1	139,60	 60,74	 -10,3	  -4,3	   1,8	   2,0	  -2,8	  -9,5
*	    63,6828	 1	146,34	 61,92	 -10,2	  -4,2	   1,8	   2,1	  -2,7	  -9,4
*	    63,0373	 1	144,02	 62,11	 -10,0	  -4,1	   2,0	   2,2	  -2,6	  -9,3
*	    62,5249	 1	141,75	 62,32	  -9,9	  -3,9	   2,2	   2,4	  -2,4	  -9,1
*	    62,1474	 1	139,54	 62,56	  -9,8	  -3,8	   2,3	   2,5	  -2,3	  -9,0
*	    61,7182	 1	146,27	 63,85	  -9,7	  -3,8	   2,3	   2,5	  -2,3	  -8,9
*	    61,0564	 1	143,95	 64,02	  -9,5	  -3,6	   2,5	   2,7	  -2,1	  -8,7
*	    60,5290	 1	141,68	 64,22	  -9,4	  -3,4	   2,7	   2,9	  -1,9	  -8,6
*	    60,1378	 1	139,47	 64,45	  -9,3	  -3,3	   2,8	   3,0	  -1,8	  -8,4
*	    59,8828	 1	146,20	 65,84	  -9,3	  -3,3	   2,8	   3,0	  -1,8	  -8,5
*	    59,2050	 1	143,88	 65,99	  -9,1	  -3,1	   3,0	   3,2	  -1,6	  -8,3
*	    58,6626	 1	141,62	 66,18	  -8,9	  -2,9	   3,1	   3,4	  -1,4	  -8,1
*	    58,2577	 1	139,41	 66,39	  -8,8	  -2,8	   3,3	   3,5	  -1,3	  -7,9
*	    58,1837	 1	146,13	 67,88	  -8,8	  -2,9	   3,2	   3,4	  -1,4	  -8,0
*	    57,4901	 1	143,81	 68,03	  -8,6	  -2,7	   3,4	   3,6	  -1,1	  -7,8
*	    56,9330	 1	141,55	 68,19	  -8,5	  -2,5	   3,6	   3,8	  -1,0	  -7,6
*	    56,5145	 1	139,34	 68,38	  -8,3	  -2,3	   3,8	   4,0	  -0,8	  -7,5
*	    49,6727	 1	177,29	 59,99	 -15,4	  -8,4	  -1,1	  -0,5	  -5,4	 -12,0
*	    51,0994	 1	177,39	 57,89	 -15,9	  -8,8	  -1,5	  -0,9	  -5,8	 -12,5
s	    49,8743	 3	109,54	 92,98	  20,8	  28,6	  36,4	  35,2	  29,0	  22,2
*	    50,9810	 1	156,74	 88,19	  -8,6	  -1,6	   5,7	   6,3	   1,4	  -5,2
*	    51,3890	 1	156,87	 84,28	  -8,7	  -1,7	   5,6	   6,2	   1,3	  -5,3
*	    50,7332	 1	160,18	 84,20	  -8,5	  -1,5	   5,9	   6,4	   1,5	  -5,1
*	    50,3990	 1	163,76	 84,14	  -8,4	  -1,3	   6,0	   6,6	   1,7	  -5,0
*	    52,2016	 1	157,01	 80,44	  -9,0	  -1,9	   5,4	   6,0	   1,1	  -5,6
*	    51,5508	 1	160,32	 80,19	  -8,7	  -1,7	   5,6	   6,2	   1,3	  -5,4
*	    51,2206	 1	163,90	 79,98	  -8,6	  -1,6	   5,8	   6,4	   1,4	  -5,2
*	    53,4085	 1	157,14	 76,64	  -9,3	  -2,3	   5,1	   5,7	   0,7	  -5,9
*	    52,7667	 1	160,46	 76,28	  -9,1	  -2,0	   5,3	   5,9	   0,9	  -5,7
*	    52,4436	 1	164,05	 75,93	  -8,9	  -1,9	   5,4	   6,0	   1,1	  -5,5
*	    54,9953	 1	157,27	 72,98	  -9,7	  -2,7	   4,7	   5,2	   0,3	  -6,4
*	    54,3659	 1	160,60	 72,47	  -9,5	  -2,5	   4,9	   5,4	   0,5	  -6,1
*	    54,0528	 1	164,20	 72,00	  -9,4	  -2,3	   5,0	   5,6	   0,6	  -6,0
*	    56,9442	 1	157,40	 69,44	 -10,2	  -3,2	   4,1	   4,7	  -0,2	  -6,9
*	    56,3300	 1	160,75	 68,82	 -10,0	  -3,0	   4,3	   4,9	  -0,0	  -6,7
*	    56,0291	 1	164,35	 68,23	  -9,9	  -2,9	   4,5	   5,0	   0,1	  -6,5
*	    65,3973	 1	165,81	 56,46	  -9,3	  -3,4	   2,7	   2,9	  -1,9	  -8,6
*	    65,4987	 1	163,04	 57,06	  -9,4	  -3,4	   2,7	   2,9	  -1,9	  -8,6
*	    65,7655	 1	160,42	 57,71	  -9,5	  -3,5	   2,6	   2,8	  -2,0	  -8,7
*	    66,1962	 1	157,93	 58,37	  -9,6	  -3,6	   2,5	   2,7	  -2,1	  -8,8
*	    63,0879	 1	165,70	 58,75	  -8,8	  -2,8	   3,3	   3,5	  -1,3	  -8,0
*	    63,1965	 1	162,93	 59,32	  -8,8	  -2,9	   3,2	   3,4	  -1,4	  -8,0
*	    63,4729	 1	160,31	 59,93	  -8,9	  -3,0	   3,1	   3,3	  -1,4	  -8,1
*	    63,9151	 1	157,84	 60,56	  -9,0	  -3,1	   3,0	   3,2	  -1,6	  -8,3
*	    60,9327	 1	165,59	 61,15	  -8,2	  -2,3	   3,8	   4,1	  -0,7	  -7,4
*	    61,0488	 1	162,82	 61,69	  -8,3	  -2,3	   3,8	   4,0	  -0,8	  -7,5
*	    61,3345	 1	160,21	 62,25	  -8,4	  -2,4	   3,7	   3,9	  -0,9	  -7,6
*	    61,7880	 1	157,74	 62,85	  -8,5	  -2,6	   3,5	   3,7	  -1,1	  -7,7
*	    58,9418	 1	165,48	 63,65	  -7,7	  -1,7	   4,3	   4,6	  -0,2	  -6,9
*	    59,0651	 1	162,71	 64,15	  -7,8	  -1,8	   4,3	   4,5	  -0,3	  -7,0
*	    59,3600	 1	160,11	 64,68	  -7,9	  -1,9	   4,2	   4,4	  -0,4	  -7,1
*	    59,8243	 1	157,64	 65,23	  -8,0	  -2,1	   4,0	   4,2	  -0,6	  -7,2
s	    50,4745	 1	147,06	 89,84	  24,7	  31,7	  39,1	  39,7	  34,7	  28,1
*	    50,4962	 1	148,10	 89,27	  -9,1	  -2,1	   5,3	   5,8	   0,9	  -5,7
*	    50,7336	 1	148,20	 85,91	  -9,2	  -2,1	   5,2	   5,8	   0,8	  -5,8
*	    50,9626	 1	151,30	 85,94	  -9,2	  -2,2	   5,1	   5,7	   0,8	  -5,9
*	    51,4661	 1	154,55	 85,97	  -9,4	  -2,4	   5,0	   5,6	   0,6	  -6,0
*	    51,3208	 1	148,31	 82,56	  -9,3	  -2,3	   5,0	   5,6	   0,7	  -5,9
*	    51,5449	 1	151,41	 82,51	  -9,4	  -2,4	   5,0	   5,5	   0,6	  -6,0
*	    52,0428	 1	154,66	 82,47	  -9,5	  -2,5	   4,8	   5,4	   0,5	  -6,2
*	    52,2512	 1	148,41	 79,26	  -9,6	  -2,6	   4,8	   5,3	   0,4	  -6,2
*	    52,4694	 1	151,52	 79,12	  -9,7	  -2,6	   4,7	   5,3	   0,3	  -6,3
*	    52,9603	 1	154,78	 79,01	  -9,8	  -2,8	   4,6	   5,1	   0,2	  -6,4
*	    53,5149	 1	148,52	 76,02	  -9,9	  -2,9	   4,4	   5,0	   0,1	  -6,6
*	    53,7264	 1	151,63	 75,81	 -10,0	  -3,0	   4,4	   4,9	   0,0	  -6,6
*	    54,2089	 1	154,90	 75,62	 -10,1	  -3,1	   4,2	   4,8	  -0,1	  -6,8
*	    55,0991	 1	148,62	 72,87	 -10,3	  -3,3	   4,0	   4,6	  -0,4	  -7,0
*	    55,3033	 1	151,74	 72,58	 -10,4	  -3,4	   3,9	   4,5	  -0,4	  -7,1
*	    55,7764	 1	155,01	 72,33	 -10,5	  -3,5	   3,8	   4,4	  -0,5	  -7,2
*	    56,9886	 1	148,73	 69,81	 -10,8	  -3,8	   3,5	   4,1	  -0,9	  -7,5
*	    57,1850	 1	151,86	 69,45	 -10,9	  -3,9	   3,5	   4,0	  -0,9	  -7,6
*	    57,6478	 1	155,13	 69,15	 -11,0	  -4,0	   3,3	   3,9	  -1,0	  -7,7
*	    58,0903	 1	148,35	 68,30	  -8,5	  -2,5	   3,6	   3,8	  -1,0	  -7,6
*	    58,1752	 1	150,58	 68,03	  -8,5	  -2,5	   3,6	   3,8	  -1,0	  -7,7
*	    58,3980	 1	152,88	 67,76	  -8,6	  -2,6	   3,5	   3,7	  -1,1	  -7,7
*	    58,7579	 1	155,26	 67,52	  -8,7	  -2,7	   3,4	   3,6	  -1,2	  -7,8
*	    59,7364	 1	148,43	 66,22	  -8,9	  -2,9	   3,2	   3,4	  -1,4	  -8,1
*	    59,8177	 1	150,66	 65,91	  -8,9	  -3,0	   3,1	   3,3	  -1,4	  -8,1
*	    60,0356	 1	152,96	 65,61	  -9,0	  -3,0	   3,1	   3,3	  -1,5	  -8,2
*	    60,3894	 1	155,35	 65,36	  -9,1	  -3,1	   3,0	   3,2	  -1,6	  -8,3
*	    61,5206	 1	148,50	 64,19	  -9,3	  -3,4	   2,7	   2,9	  -1,9	  -8,5
*	    61,5982	 1	150,74	 63,86	  -9,4	  -3,4	   2,7	   2,9	  -1,9	  -8,6
*	    61,8112	 1	153,04	 63,54	  -9,4	  -3,5	   2,6	   2,8	  -1,9	  -8,6
*	    62,1588	 1	155,43	 63,26	  -9,5	  -3,5	   2,6	   2,8	  -2,0	  -8,7
*	    63,4359	 1	148,58	 62,23	  -9,8	  -3,8	   2,2	   2,5	  -2,3	  -9,0
*	    63,5100	 1	150,82	 61,87	  -9,8	  -3,9	   2,2	   2,4	  -2,4	  -9,1
*	    63,7180	 1	153,12	 61,54	  -9,9	  -3,9	   2,2	   2,4	  -2,4	  -9,1
*	    64,0593	 1	155,52	 61,24	 -10,0	  -4,0	   2,1	   2,3	  -2,5	  -9,2
*	    65,4753	 1	148,66	 60,33	 -10,3	  -4,3	   1,8	   2,0	  -2,8	  -9,5
*	    65,5461	 1	150,90	 59,95	 -10,3	  -4,4	   1,7	   1,9	  -2,9	  -9,6
*	    65,7491	 1	153,20	 59,60	 -10,4	  -4,4	   1,7	   1,9	  -2,9	  -9,6
*	    66,0840	 1	155,60	 59,28	 -10,5	  -4,5	   1,6	   1,8	  -3,0	  -9,7
*	    67,6323	 1	148,73	 58,50	 -10,8	  -4,8	   1,2	   1,4	  -3,4	 -10,1
*	    67,6997	 1	150,98	 58,11	 -10,8	  -4,9	   1,2	   1,4	  -3,4	 -10,1
*	    67,8978	 1	153,29	 57,74	 -10,9	  -4,9	   1,2	   1,4	  -3,4	 -10,1
*	    68,2262	 1	155,69	 57,40	 -11,0	  -5,0	   1,1	   1,3	  -3,5	 -10,2
*	    55,7718	 1	171,63	 66,39	 -15,6	  -8,6	  -1,2	  -0,6	  -5,6	 -12,2
s	    67,9493	 3	148,22	 56,41	  22,2	  29,4	  36,9	  37,5	  32,8	  26,1
s	    69,7663	 3	164,49	 61,31	  22,0	  29,3	  36,7	  37,4	  32,6	  25,9
s	    70,1259	 3	184,02	 62,11	  21,5	  28,8	  36,2	  36,9	  32,1	  25,4
s	    71,4163	 3	166,96	 53,93	  21,9	  29,2	  36,6	  37,3	  32,5	  25,8
s	    73,2403	 3	260,49	 64,85	  21,2	  28,5	  35,9	  36,6	  31,9	  25,1
s	    76,6651	 3	 90,00	 19,26	  22,9	  29,2	  35,1	  35,2	  29,7	  22,2
s	    79,7173	 2	 98,99	 88,68	  21,0	  27,7	  34,4	  33,0	  26,7	  19,6
s	    82,2387	 3	206,48	 91,66	  20,2	  26,6	  32,7	  30,6	  23,9	  16,4
s	    86,8532	 3	 99,83	 88,64	  18,6	  26,4	  34,2	  34,3	  29,0	  21,7
s	    87,1462	 3	 99,00	 88,64	  18,6	  26,4	  34,2	  34,3	  29,0	  21,7
s	    95,6565	 3	 52,69	 89,00	  17,4	  25,1	  32,9	  31,7	  25,4	  18,3
s	    99,0920	 3	 95,31	 88,56	  17,8	  25,6	  33,4	  33,5	  28,2	  20,8
s	    99,4812	 3	 82,30	 88,57	  17,8	  25,6	  33,4	  33,5	  28,2	  20,8
s	   101,4682	 3	 61,78	 88,79	  17,0	  24,8	  32,5	  31,3	  25,0	  17,9
s	   126,6520	 3	130,18	 70,09	  16,0	  24,3	  33,0	  33,9	  28,9	  21,8
s	   126,7365	 3	138,18	 89,14	  15,6	  23,4	  31,1	  29,9	  23,5	  16,2
#END
