#HEADER
CATT-Acoustic v8.0b    Copyright © CATT 1988-2003

 Project                : Auditorio

 GEOMETRICAL INFORMATION
 Src id and loc     [m] :   A1          -9,000        0,000        0,000
 Rec id and loc     [m] :   11           7,000        7,000        1,000

 11       50,9514

 VARIABLE SOURCE DATA
 Directivity
   Type (library)       :  OMNI.SD0
   Dir. Index (DI) [dB] :       0,0      0,0      0,0      0,0      0,0      0,0
 Level
   On axis 1m      [dB] :      58,0     64,0     70,3     70,7     65,9     59,9
   Total power     [dB] :      68,9     74,9     81,2     81,6     76,8     70,8
   Auxiliary delay [ms] :       0,0

 VARIABLE AIR DATA
 Temperature       [°C] :      20
 Relative humidity  [%] :      50
 Density        [kg/m³] :       1,2
 Sound speed      [m/s] :     343
 Impedance      [Ns/m³] :     412
 Diss. coeff. [0.001/m] :      0,10     0,30     0,63     1,07     2,28     6,83      (estimated)

#DATAFIELDS
 TYPE DELAY ORDER AZIMUTH ELEVATION SPL125 SPL250 SPL500 SPL1K SPL2K SPL4K
#DATA
d	     0,0000	 0	 90,00	 90,00	  33,1	  39,1	  45,4	  45,8	  40,9	  34,5
*	     0,7399	 1	 82,44	 96,47	 -16,4	 -10,5	  -4,6	  -2,3	  -6,6	 -13,5
*	     1,1220	 1	 80,95	 96,49	 -14,9	  -9,0	  -3,1	  -0,8	  -5,1	 -12,0
*	    24,5002	 1	109,14	 93,15	 -15,7	  -8,7	  -1,4	  -0,8	  -5,7	 -12,2
*	    17,8858	 1	105,86	 93,41	 -12,1	  -5,1	   2,3	   2,9	  -2,0	  -8,5
*	    20,1957	 1	103,19	 93,00	 -12,0	  -5,0	   2,4	   2,9	  -1,9	  -8,4
*	    11,6838	 1	102,24	 93,70	  -7,8	  -0,8	   6,5	   7,1	   2,3	  -4,1
*	    13,8057	 1	 99,67	 93,23	  -7,1	  -0,1	   7,3	   7,9	   3,0	  -3,4
*	     6,2194	 1	 98,27	 93,98	  -3,0	   4,0	  11,4	  12,0	   7,1	   0,7
*	     7,8790	 1	 95,85	 93,47	  -0,5	   6,5	  13,9	  14,5	   9,6	   3,2
*	    12,0717	 1	 93,75	 93,02	  -2,5	   4,6	  11,9	  12,5	   7,7	   1,3
*	     2,3304	 1	 93,92	 94,27	   0,8	   7,8	  15,2	  15,8	  11,0	   4,6
*	     3,2790	 1	 91,72	 93,71	   7,2	  14,2	  21,6	  22,2	  17,3	  11,0
*	     7,9340	 1	 89,83	 93,22	   3,4	  10,5	  17,8	  18,4	  13,5	   7,2
*	     1,1714	 1	 89,18	 94,56	   0,1	   7,2	  14,5	  15,1	  10,3	   3,9
*	     2,6310	 1	 87,28	 93,95	   4,5	  11,5	  18,9	  19,5	  14,6	   8,3
*	     7,2444	 1	 85,66	 93,41	   1,6	   8,6	  16,0	  16,6	  11,7	   5,4
*	     2,3279	 1	 84,10	 94,84	  -3,5	   3,5	  10,9	  11,5	   6,6	   0,3
*	     4,7145	 1	 82,57	 94,18	  -2,3	   4,7	  12,1	  12,6	   7,8	   1,4
*	     4,6999	 1	 78,72	 95,09	  -7,2	  -0,2	   7,2	   7,8	   2,9	  -3,4
*	     7,6412	 1	 77,62	 94,37	  -7,2	  -0,2	   7,2	   7,8	   2,9	  -3,5
*	     7,8003	 1	 73,11	 95,31	 -10,3	  -3,3	   4,1	   4,7	  -0,2	  -6,6
*	    11,0669	 1	 72,49	 94,55	 -10,9	  -3,8	   3,5	   4,1	  -0,7	  -7,1
*	    11,4650	 1	 67,36	 95,47	 -13,0	  -5,9	   1,4	   2,0	  -2,9	  -9,3
s	     1,5522	 1	321,10	 95,24	  29,8	  36,9	  44,2	  44,8	  40,0	  33,6
*	    16,6052	 1	 10,33	 22,70	 -11,6	  -4,6	   2,8	   3,4	  -1,5	  -7,9
*	    16,7019	 1	354,78	 12,29	 -11,0	  -4,0	   3,3	   3,9	  -0,9	  -7,4
*	    17,5788	 1	280,05	  6,70	 -11,0	  -4,0	   3,3	   3,9	  -0,9	  -7,4
*	    12,9166	 1	 11,99	 28,25	  -8,8	  -1,8	   5,6	   6,2	   1,3	  -5,1
*	    12,8072	 1	358,08	 15,53	  -7,8	  -0,8	   6,6	   7,2	   2,3	  -4,1
*	    13,6201	 1	281,24	  7,66	  -7,6	  -0,6	   6,8	   7,4	   2,5	  -3,9
*	     9,5859	 1	 13,63	 36,81	  -5,6	   1,4	   8,8	   9,4	   4,5	  -1,9
*	     9,1468	 1	  1,37	 21,08	  -3,8	   3,3	  10,6	  11,2	   6,4	  -0,0
*	     9,8325	 1	282,76	  9,39	  -3,2	   3,8	  11,2	  11,8	   6,9	   0,5
*	     6,8074	 1	 15,26	 50,75	  -2,2	   4,8	  12,2	  12,8	   7,9	   1,5
*	     5,8289	 1	  4,66	 32,26	   1,5	   8,5	  15,9	  16,5	  11,6	   5,3
*	     6,2337	 1	284,74	 13,28	   3,2	  10,2	  17,6	  18,2	  13,4	   7,0
*	     4,9875	 1	 16,86	 72,99	   0,5	   7,6	  14,9	  15,5	  10,7	   4,3
*	     3,2688	 1	  7,92	 59,95	   7,8	  14,8	  22,2	  22,8	  17,9	  11,6
*	     2,9077	 1	287,41	 29,31	  15,3	  22,3	  29,7	  30,3	  25,4	  19,1
*	    21,9837	 1	261,60	  7,03	 -11,0	  -5,0	   1,1	   1,3	  -3,4	  -9,9
*	    21,1313	 1	328,13	  6,86	 -10,8	  -4,9	   1,2	   1,5	  -3,3	  -9,7
*	    20,6610	 1	358,62	 12,50	 -10,9	  -4,9	   1,2	   1,4	  -3,3	  -9,8
*	    20,5594	 1	  8,76	 19,00	 -11,2	  -5,2	   0,9	   1,1	  -3,6	 -10,1
*	    25,1351	 1	262,09	  6,58	 -12,8	  -6,9	  -0,8	  -0,5	  -5,3	 -11,8
*	    24,2907	 1	325,12	  6,26	 -12,7	  -6,7	  -0,6	  -0,4	  -5,1	 -11,6
*	    23,7933	 1	356,65	 11,08	 -12,7	  -6,7	  -0,6	  -0,4	  -5,1	 -11,6
*	    23,6344	 1	  7,51	 16,86	 -12,9	  -6,9	  -0,8	  -0,6	  -5,3	 -11,8
*	    28,3656	 1	262,53	  6,23	 -14,5	  -8,5	  -2,4	  -2,2	  -6,9	 -13,4
*	    27,5313	 1	322,34	  5,81	 -14,3	  -8,4	  -2,3	  -2,0	  -6,8	 -13,3
*	    27,0158	 1	354,70	  9,97	 -14,3	  -8,3	  -2,2	  -2,0	  -6,7	 -13,2
*	    26,8135	 1	  6,25	 15,14	 -14,4	  -8,5	  -2,4	  -2,1	  -6,9	 -13,4
*	    31,6712	 1	262,92	  5,95	 -16,0	 -10,1	  -4,0	  -3,7	  -8,5	 -15,0
*	    30,8486	 1	319,76	  5,46	 -15,9	  -9,9	  -3,8	  -3,6	  -8,3	 -14,8
*	    30,3213	 1	352,76	  9,08	 -15,8	  -9,8	  -3,7	  -3,5	  -8,3	 -14,8
*	    30,0861	 1	  4,99	 13,74	 -15,9	  -9,9	  -3,8	  -3,6	  -8,3	 -14,9
*	     1,6263	 1	 79,70	 96,51	 -13,6	  -7,7	  -1,8	   0,6	  -3,7	 -10,7
*	     2,0730	 1	 74,34	 96,62	 -17,0	 -11,1	  -5,3	  -2,9	  -7,2	 -14,2
*	     2,7074	 1	 73,59	 96,61	 -15,7	  -9,8	  -3,9	  -1,6	  -5,9	 -12,9
*	     3,4785	 1	 72,97	 96,60	 -14,6	  -8,7	  -2,8	  -0,5	  -4,8	 -11,7
s	     3,6963	 1	224,20	 95,34	  29,5	  36,5	  43,9	  44,5	  39,6	  33,3
*	    20,1630	 1	226,23	 10,99	 -14,5	  -7,4	  -0,1	   0,5	  -4,4	 -10,8
*	    18,0522	 1	224,99	 11,97	 -12,9	  -5,9	   1,4	   2,0	  -2,8	  -9,3
*	    15,9901	 1	223,68	 13,21	 -11,3	  -4,2	   3,1	   3,7	  -1,2	  -7,6
*	    13,9801	 1	222,32	 14,81	  -9,4	  -2,4	   5,0	   5,6	   0,7	  -5,7
*	    12,0273	 1	220,90	 16,96	  -7,3	  -0,3	   7,1	   7,7	   2,8	  -3,6
*	    10,1398	 1	219,41	 19,97	  -4,9	   2,1	   9,5	  10,1	   5,2	  -1,2
*	     8,3325	 1	217,86	 24,45	  -2,0	   5,0	  12,3	  12,9	   8,1	   1,7
*	     6,6368	 1	216,23	 31,66	   1,4	   8,4	  15,8	  16,4	  11,5	   5,2
*	     5,1316	 1	214,54	 44,53	   5,5	  12,5	  19,9	  20,5	  15,6	   9,3
*	     4,0368	 1	212,78	 68,93	   9,5	  16,5	  23,9	  24,5	  19,7	  13,3
*	    22,1042	 1	212,45	 11,57	 -13,4	  -7,4	  -1,3	  -1,1	  -5,8	 -12,3
*	    22,3668	 1	230,61	 10,02	 -13,4	  -7,4	  -1,3	  -1,1	  -5,8	 -12,3
*	    23,6401	 1	213,34	 10,97	 -14,3	  -8,4	  -2,2	  -2,0	  -6,8	 -13,2
*	    23,9069	 1	231,39	  9,56	 -14,3	  -8,4	  -2,3	  -2,0	  -6,8	 -13,2
*	    25,1975	 1	214,21	 10,45	 -15,2	  -9,2	  -3,1	  -2,9	  -7,6	 -14,1
*	    25,4677	 1	232,12	  9,16	 -15,2	  -9,2	  -3,1	  -2,9	  -7,6	 -14,1
*	    26,7758	 1	215,07	  9,98	 -16,0	 -10,0	  -3,9	  -3,7	  -8,5	 -14,9
*	    27,0485	 1	232,84	  8,80	 -16,0	 -10,1	  -4,0	  -3,7	  -8,5	 -15,0
*	     4,4095	 1	 72,46	 96,59	 -13,6	  -7,7	  -1,8	   0,5	  -3,8	 -10,7
*	    17,5069	 1	 27,32	 42,28	  -9,6	  -2,6	   4,7	   5,3	   0,5	  -6,0
*	    17,0407	 1	 22,97	 36,08	  -8,7	  -1,7	   5,6	   6,2	   1,4	  -5,1
*	    17,0064	 1	 15,68	 28,90	  -8,0	  -1,0	   6,4	   7,0	   2,1	  -4,3
*	    14,5979	 1	 27,94	 48,70	  -8,0	  -1,0	   6,4	   7,0	   2,1	  -4,3
*	    13,9333	 1	 23,79	 42,43	  -6,8	   0,2	   7,6	   8,2	   3,3	  -3,1
*	    13,6924	 1	 16,82	 34,74	  -5,7	   1,3	   8,7	   9,3	   4,4	  -2,0
*	    12,1244	 1	 28,56	 56,55	  -6,5	   0,5	   7,9	   8,5	   3,6	  -2,8
*	    11,2359	 1	 24,59	 50,67	  -4,9	   2,1	   9,5	  10,1	   5,2	  -1,2
*	    10,7364	 1	 17,94	 42,89	  -3,3	   3,8	  11,1	  11,7	   6,9	   0,5
*	    10,1892	 1	 29,17	 66,03	  -5,2	   1,8	   9,2	   9,8	   4,9	  -1,5
*	     9,0767	 1	 25,39	 61,28	  -3,2	   3,8	  11,2	  11,8	   6,9	   0,5
*	     8,2841	 1	 19,04	 54,43	  -0,9	   6,2	  13,5	  14,1	   9,3	   2,9
*	     8,9043	 1	 29,78	 76,98	  -4,4	   2,7	  10,0	  10,6	   5,8	  -0,6
*	     7,6186	 1	 26,17	 74,37	  -1,9	   5,1	  12,5	  13,0	   8,2	   1,8
*	     6,5675	 1	 20,13	 70,28	   1,1	   8,1	  15,5	  16,0	  11,2	   4,8
*	     8,3624	 1	 30,37	 88,82	  -4,0	   3,0	  10,4	  11,0	   6,1	  -0,3
*	     7,0169	 1	 26,94	 89,12	  -1,5	   5,6	  12,9	  13,5	   8,7	   2,3
*	     5,8662	 1	 21,21	 89,63	   1,8	   8,9	  16,2	  16,8	  12,0	   5,6
*	    35,5420	 1	 24,78	 25,09	 -14,6	  -8,7	  -2,6	  -2,3	  -7,1	 -13,6
*	    35,5293	 1	 21,42	 21,86	 -14,5	  -8,5	  -2,4	  -2,2	  -6,9	 -13,5
*	    35,7007	 1	 16,73	 18,56	 -14,4	  -8,4	  -2,3	  -2,1	  -6,8	 -13,4
*	    36,0620	 1	  9,77	 15,28	 -14,3	  -8,3	  -2,2	  -2,0	  -6,8	 -13,3
*	    32,5497	 1	 25,24	 26,87	 -13,6	  -7,6	  -1,5	  -1,3	  -6,0	 -12,6
*	    32,5002	 1	 21,97	 23,48	 -13,4	  -7,4	  -1,3	  -1,1	  -5,8	 -12,4
*	    32,6404	 1	 17,41	 19,97	 -13,2	  -7,3	  -1,2	  -0,9	  -5,7	 -12,2
*	    32,9779	 1	 10,64	 16,47	 -13,2	  -7,2	  -1,1	  -0,9	  -5,6	 -12,1
*	    29,6472	 1	 25,70	 28,89	 -12,5	  -6,5	  -0,4	  -0,2	  -4,9	 -11,4
*	    29,5544	 1	 22,52	 25,32	 -12,2	  -6,3	  -0,2	   0,1	  -4,7	 -11,2
*	    29,6569	 1	 18,09	 21,61	 -12,1	  -6,1	   0,0	   0,3	  -4,5	 -11,0
*	    29,9643	 1	 11,49	 17,85	 -11,9	  -6,0	   0,1	   0,4	  -4,4	 -10,9
*	    26,8452	 1	 26,15	 31,19	 -11,4	  -5,4	   0,7	   0,9	  -3,8	 -10,3
*	    26,7015	 1	 23,06	 27,45	 -11,1	  -5,1	   1,0	   1,2	  -3,5	 -10,0
*	    26,7583	 1	 18,76	 23,50	 -10,8	  -4,8	   1,3	   1,5	  -3,3	  -9,7
*	    27,0278	 1	 12,35	 19,47	 -10,7	  -4,7	   1,4	   1,7	  -3,1	  -9,6
*	    24,1560	 1	 26,60	 33,82	 -10,2	  -4,3	   1,8	   2,1	  -2,7	  -9,1
*	    23,9526	 1	 23,60	 29,90	  -9,9	  -3,9	   2,2	   2,5	  -2,3	  -8,8
*	    23,9544	 1	 19,42	 25,72	  -9,5	  -3,6	   2,5	   2,8	  -2,0	  -8,4
*	    24,1765	 1	 13,20	 21,37	  -9,3	  -3,3	   2,8	   3,0	  -1,7	  -8,2
*	    21,5944	 1	 27,05	 36,85	  -9,1	  -3,1	   3,0	   3,2	  -1,5	  -8,0
*	    21,3216	 1	 24,14	 32,77	  -8,6	  -2,6	   3,5	   3,7	  -1,0	  -7,5
*	    21,2573	 1	 20,08	 28,34	  -8,2	  -2,2	   3,9	   4,1	  -0,6	  -7,1
*	    21,4205	 1	 14,04	 23,66	  -7,9	  -1,9	   4,2	   4,4	  -0,3	  -6,8
s	     6,4667	 1	 86,14	 89,64	  29,0	  36,1	  43,4	  44,0	  39,2	  32,8
*	    21,8549	 1	 86,84	 71,97	  -7,8	  -0,8	   6,6	   7,2	   2,3	  -4,2
*	    20,9899	 1	 83,87	 71,62	  -7,8	  -0,8	   6,6	   7,2	   2,3	  -4,2
*	    20,7459	 1	 80,73	 71,30	  -8,2	  -1,2	   6,2	   6,8	   1,9	  -4,6
*	    18,2317	 1	 86,85	 75,03	  -5,2	   1,8	   9,1	   9,7	   4,9	  -1,6
*	    17,4378	 1	 83,89	 74,76	  -5,4	   1,6	   9,0	   9,6	   4,7	  -1,7
*	    17,3426	 1	 80,76	 74,49	  -6,0	   1,0	   8,4	   9,0	   4,1	  -2,4
*	    14,8156	 1	 86,86	 78,17	  -2,2	   4,8	  12,2	  12,8	   7,9	   1,5
*	    14,1354	 1	 83,91	 77,96	  -2,6	   4,4	  11,8	  12,4	   7,5	   1,1
*	    14,2516	 1	 80,79	 77,78	  -3,6	   3,4	  10,7	  11,3	   6,5	   0,0
*	    11,6573	 1	 86,87	 81,35	   1,4	   8,5	  15,8	  16,4	  11,6	   5,2
*	    11,1615	 1	 83,93	 81,23	   0,6	   7,6	  15,0	  15,5	  10,7	   4,3
*	    11,5758	 1	 80,82	 81,13	  -1,1	   5,9	  13,2	  13,8	   9,0	   2,6
*	     8,8855	 1	 86,88	 84,57	   6,0	  13,0	  20,4	  21,0	  16,1	   9,7
*	     8,6888	 1	 83,95	 84,53	   4,1	  11,1	  18,5	  19,1	  14,2	   7,8
*	     9,4973	 1	 80,85	 84,51	   1,3	   8,3	  15,6	  16,2	  11,4	   5,0
*	     6,9117	 1	 86,89	 87,81	  10,8	  17,9	  25,2	  25,8	  21,0	  14,6
*	     7,1129	 1	 83,97	 87,85	   7,1	  14,2	  21,5	  22,1	  17,3	  10,9
*	     8,3077	 1	 80,89	 87,90	   3,0	  10,0	  17,4	  18,0	  13,1	   6,7
*	     6,7764	 1	 86,90	 91,04	  11,7	  18,7	  26,1	  26,6	  21,8	  15,4
*	     7,0582	 1	 83,99	 91,16	   7,6	  14,6	  21,9	  22,5	  17,7	  11,3
*	     8,3162	 1	 80,92	 91,29	   3,2	  10,2	  17,5	  18,1	  13,3	   6,9
*	    24,4368	 1	 81,49	 68,27	  -7,8	  -1,9	   4,2	   4,5	  -0,3	  -6,7
*	    24,7124	 1	 83,65	 68,55	  -7,7	  -1,7	   4,4	   4,6	  -0,1	  -6,6
*	    25,2536	 1	 85,73	 68,83	  -7,7	  -1,7	   4,4	   4,6	  -0,1	  -6,6
*	    26,0673	 1	 87,74	 69,12	  -7,8	  -1,9	   4,2	   4,5	  -0,3	  -6,8
*	    27,1003	 1	 81,47	 66,20	  -9,2	  -3,2	   2,9	   3,2	  -1,6	  -8,1
*	    27,4115	 1	 83,63	 66,49	  -9,1	  -3,1	   3,0	   3,2	  -1,5	  -8,0
*	    27,9719	 1	 85,72	 66,80	  -9,1	  -3,1	   3,0	   3,2	  -1,5	  -8,0
*	    28,7857	 1	 87,74	 67,14	  -9,2	  -3,3	   2,8	   3,1	  -1,7	  -8,2
*	    29,8524	 1	 81,45	 64,18	 -10,4	  -4,4	   1,7	   1,9	  -2,8	  -9,4
*	    30,1916	 1	 83,62	 64,50	 -10,4	  -4,4	   1,7	   1,9	  -2,8	  -9,3
*	    30,7655	 1	 85,71	 64,84	 -10,4	  -4,4	   1,7	   1,9	  -2,9	  -9,4
*	    31,5769	 1	 87,73	 65,19	 -10,6	  -4,6	   1,5	   1,7	  -3,0	  -9,5
*	    32,6861	 1	 81,43	 62,22	 -11,6	  -5,6	   0,5	   0,7	  -4,0	 -10,6
*	    33,0472	 1	 83,60	 62,56	 -11,6	  -5,6	   0,5	   0,7	  -4,0	 -10,6
*	    33,6302	 1	 85,70	 62,93	 -11,6	  -5,7	   0,4	   0,7	  -4,1	 -10,6
*	    34,4370	 1	 87,73	 63,31	 -11,8	  -5,8	   0,3	   0,5	  -4,2	 -10,8
*	    35,5956	 1	 81,41	 60,33	 -12,7	  -6,8	  -0,7	  -0,4	  -5,2	 -11,7
*	    35,9735	 1	 83,59	 60,68	 -12,7	  -6,8	  -0,7	  -0,4	  -5,2	 -11,7
*	    36,5621	 1	 85,69	 61,07	 -12,8	  -6,8	  -0,7	  -0,5	  -5,3	 -11,8
*	    37,3625	 1	 87,72	 61,47	 -13,0	  -7,0	  -0,9	  -0,7	  -5,4	 -12,0
*	    38,5756	 1	 81,39	 58,49	 -13,8	  -7,8	  -1,7	  -1,5	  -6,3	 -12,9
*	    25,3271	 1	 94,63	 72,65	  -8,6	  -1,6	   5,8	   6,4	   1,5	  -5,0
*	    23,6371	 1	 91,67	 72,39	  -7,9	  -0,8	   6,5	   7,1	   2,2	  -4,3
*	    22,5959	 1	 88,58	 72,17	  -7,5	  -0,5	   6,9	   7,5	   2,6	  -3,9
*	    21,9027	 1	 94,62	 75,58	  -6,3	   0,7	   8,1	   8,6	   3,8	  -2,7
*	    20,0680	 1	 91,66	 75,37	  -5,4	   1,7	   9,0	   9,6	   4,7	  -1,7
*	    18,9747	 1	 88,58	 75,20	  -4,9	   2,1	   9,4	  10,0	   5,1	  -1,3
*	    18,7481	 1	 94,61	 78,57	  -3,8	   3,2	  10,6	  11,2	   6,3	  -0,1
*	    16,7174	 1	 91,66	 78,42	  -2,5	   4,6	  11,9	  12,5	   7,6	   1,2
*	    15,5546	 1	 88,59	 78,29	  -1,9	   5,1	  12,5	  13,1	   8,2	   1,8
*	    15,9560	 1	 94,59	 81,61	  -1,0	   6,1	  13,4	  14,0	   9,1	   2,7
*	    13,6478	 1	 91,65	 81,51	   1,0	   8,0	  15,4	  16,0	  11,1	   4,7
*	    12,3829	 1	 88,59	 81,43	   1,8	   8,8	  16,2	  16,8	  11,9	   5,5
*	    13,7097	 1	 94,58	 84,68	   1,9	   9,0	  16,3	  16,9	  12,0	   5,6
*	    11,0102	 1	 91,64	 84,64	   5,1	  12,1	  19,5	  20,1	  15,2	   8,8
*	     9,5815	 1	 88,60	 84,60	   6,4	  13,5	  20,8	  21,4	  16,6	  10,2
*	    12,3544	 1	 94,56	 87,76	   4,2	  11,2	  18,6	  19,2	  14,3	   7,9
*	     9,2205	 1	 91,64	 87,77	   9,0	  16,1	  23,4	  24,0	  19,2	  12,8
*	     7,5560	 1	 88,60	 87,79	  11,6	  18,6	  26,0	  26,6	  21,7	  15,3
*	    12,3236	 1	 94,55	 90,84	   4,4	  11,5	  18,8	  19,4	  14,6	   8,2
*	     9,1178	 1	 91,63	 90,91	   9,7	  16,7	  24,1	  24,7	  19,8	  13,4
*	     7,4056	 1	 88,61	 90,96	  12,5	  19,5	  26,9	  27,5	  22,6	  16,2
*	    41,0918	 1	 95,15	 61,88	 -13,6	  -7,6	  -1,6	  -1,3	  -6,1	 -12,7
*	    40,0703	 1	 93,10	 61,59	 -13,3	  -7,4	  -1,3	  -1,0	  -5,8	 -12,4
*	    39,2574	 1	 90,99	 61,32	 -13,1	  -7,1	  -1,0	  -0,8	  -5,6	 -12,1
*	    38,6580	 1	 88,83	 61,08	 -13,0	  -7,0	  -0,9	  -0,7	  -5,4	 -12,0
*	    38,2257	 1	 95,14	 63,65	 -12,5	  -6,6	  -0,5	  -0,2	  -5,0	 -11,6
*	    37,1685	 1	 93,10	 63,36	 -12,2	  -6,2	  -0,1	   0,1	  -4,7	 -11,2
*	    36,3306	 1	 90,99	 63,12	 -12,0	  -6,0	   0,1	   0,3	  -4,4	 -11,0
*	    35,7181	 1	 88,83	 62,89	 -11,8	  -5,8	   0,3	   0,5	  -4,3	 -10,8
*	    35,4303	 1	 95,13	 65,47	 -11,4	  -5,4	   0,7	   0,9	  -3,9	 -10,4
*	    34,3335	 1	 93,09	 65,20	 -11,0	  -5,1	   1,0	   1,3	  -3,5	 -10,0
*	    33,4685	 1	 90,99	 64,96	 -10,8	  -4,8	   1,3	   1,5	  -3,2	  -9,8
*	    32,8423	 1	 88,84	 64,76	 -10,6	  -4,6	   1,5	   1,7	  -3,1	  -9,6
*	    32,7104	 1	 95,12	 67,32	 -10,2	  -4,2	   1,9	   2,1	  -2,6	  -9,2
*	    31,5696	 1	 93,08	 67,09	  -9,8	  -3,8	   2,3	   2,5	  -2,2	  -8,8
*	    30,6746	 1	 90,98	 66,86	  -9,5	  -3,5	   2,6	   2,8	  -1,9	  -8,5
*	    30,0341	 1	 88,84	 66,67	  -9,3	  -3,3	   2,8	   3,0	  -1,8	  -8,3
*	    30,0720	 1	 95,11	 69,23	  -8,9	  -2,9	   3,2	   3,4	  -1,4	  -7,9
*	    28,8813	 1	 93,07	 69,01	  -8,5	  -2,5	   3,6	   3,8	  -0,9	  -7,4
*	    27,9528	 1	 90,98	 68,81	  -8,1	  -2,2	   3,9	   4,2	  -0,6	  -7,1
*	    27,2969	 1	 88,84	 68,63	  -7,9	  -2,0	   4,1	   4,4	  -0,4	  -6,9
s	     7,9662	 2	324,95	 94,72	  26,2	  34,3	  42,8	  43,6	  38,8	  32,4
*	    15,7908	 1	195,87	 31,66	  -8,2	  -1,1	   6,2	   6,8	   1,9	  -4,5
*	    14,0513	 1	195,09	 35,89	  -6,6	   0,4	   7,8	   8,4	   3,5	  -2,9
*	    12,4361	 1	194,31	 41,25	  -4,9	   2,1	   9,5	  10,1	   5,2	  -1,2
*	    10,9802	 1	193,52	 48,11	  -3,2	   3,8	  11,2	  11,8	   6,9	   0,5
*	     9,7354	 1	192,73	 56,92	  -1,6	   5,4	  12,8	  13,4	   8,5	   2,1
*	     8,7727	 1	191,93	 67,97	  -0,2	   6,8	  14,2	  14,8	   9,9	   3,6
*	     8,1757	 1	191,13	 81,13	   0,7	   7,8	  15,1	  15,7	  10,9	   4,5
*	    10,8776	 1	 74,55	 94,24	  -2,0	   5,0	  12,4	  13,0	   8,1	   1,7
*	     9,8673	 1	 77,57	 93,96	   0,2	   7,2	  14,6	  15,2	  10,3	   3,9
*	     9,2414	 1	 80,39	 93,69	   2,7	   9,8	  17,1	  17,7	  12,9	   6,5
*	    10,2062	 1	 74,50	 90,64	  -1,6	   5,4	  12,8	  13,4	   8,5	   2,1
*	     9,1169	 1	 77,52	 90,47	   0,8	   7,8	  15,2	  15,8	  10,9	   4,6
*	     8,3737	 1	 80,36	 90,31	   3,7	  10,7	  18,1	  18,7	  13,8	   7,4
*	    10,3811	 1	 74,44	 86,98	  -1,8	   5,2	  12,6	  13,2	   8,3	   1,9
*	     9,3615	 1	 77,48	 86,94	   0,4	   7,5	  14,8	  15,4	  10,6	   4,2
*	     8,7174	 1	 80,33	 86,91	   3,0	  10,1	  17,4	  18,0	  13,2	   6,8
*	    11,3667	 1	 74,38	 83,34	  -2,7	   4,4	  11,7	  12,3	   7,5	   1,0
*	    10,5351	 1	 77,44	 83,41	  -0,8	   6,3	  13,6	  14,2	   9,3	   3,0
*	    10,1421	 1	 80,29	 83,49	   1,2	   8,2	  15,6	  16,2	  11,3	   4,9
*	    13,0603	 1	 74,33	 79,72	  -3,9	   3,1	  10,5	  11,1	   6,2	  -0,2
*	    12,4659	 1	 77,39	 79,90	  -2,5	   4,6	  11,9	  12,5	   7,6	   1,2
*	    12,3549	 1	 80,26	 80,11	  -1,1	   5,9	  13,3	  13,9	   9,0	   2,6
*	    15,3379	 1	 74,27	 76,15	  -5,4	   1,6	   9,0	   9,6	   4,7	  -1,7
*	    14,9757	 1	 77,35	 76,45	  -4,4	   2,7	  10,0	  10,6	   5,7	  -0,7
*	    15,1109	 1	 80,23	 76,77	  -3,5	   3,6	  10,9	  11,5	   6,6	   0,2
*	    18,0881	 1	 74,21	 72,67	  -7,0	   0,0	   7,4	   7,9	   3,1	  -3,4
*	    17,9277	 1	 77,30	 73,07	  -6,3	   0,7	   8,1	   8,7	   3,8	  -2,6
*	    18,2571	 1	 80,19	 73,50	  -5,7	   1,3	   8,7	   9,3	   4,4	  -2,1
*	    21,2226	 1	 74,15	 69,29	  -8,7	  -1,6	   5,7	   6,3	   1,4	  -5,0
*	    21,2274	 1	 77,26	 69,80	  -8,1	  -1,1	   6,2	   6,8	   2,0	  -4,5
*	    21,7037	 1	 80,16	 70,32	  -7,8	  -0,8	   6,6	   7,2	   2,3	  -4,2
*	    38,0961	 1	 72,83	 55,81	 -13,2	  -7,2	  -1,1	  -0,9	  -5,6	 -12,2
*	    36,0971	 1	 79,31	 59,30	 -12,0	  -6,0	   0,1	   0,3	  -4,5	 -11,0
*	    35,6081	 1	 77,26	 58,75	 -12,0	  -6,0	   0,1	   0,3	  -4,5	 -11,0
*	    35,3047	 1	 75,13	 58,23	 -12,1	  -6,1	   0,0	   0,2	  -4,5	 -11,1
*	    35,1823	 1	 72,88	 57,71	 -12,2	  -6,2	  -0,1	   0,1	  -4,6	 -11,2
*	    33,1909	 1	 79,33	 61,19	 -10,9	  -5,0	   1,1	   1,4	  -3,4	  -9,9
*	    32,7224	 1	 77,30	 60,67	 -10,9	  -5,0	   1,1	   1,4	  -3,4	  -9,9
*	    32,4465	 1	 75,16	 60,18	 -11,0	  -5,1	   1,0	   1,3	  -3,5	 -10,0
*	    32,3571	 1	 72,92	 59,69	 -11,2	  -5,2	   0,9	   1,1	  -3,6	 -10,1
*	    30,3638	 1	 79,36	 63,16	  -9,8	  -3,8	   2,3	   2,5	  -2,2	  -8,8
*	    29,9216	 1	 77,33	 62,67	  -9,8	  -3,9	   2,2	   2,5	  -2,3	  -8,8
*	    29,6794	 1	 75,20	 62,19	 -10,0	  -4,0	   2,1	   2,3	  -2,4	  -8,9
*	    29,6291	 1	 72,97	 61,74	 -10,1	  -4,2	   1,9	   2,2	  -2,6	  -9,1
*	    27,6224	 1	 79,38	 65,18	  -8,6	  -2,6	   3,5	   3,7	  -1,0	  -7,5
*	    27,2136	 1	 77,36	 64,73	  -8,7	  -2,7	   3,4	   3,6	  -1,1	  -7,6
*	    27,0122	 1	 75,24	 64,29	  -8,9	  -2,9	   3,2	   3,4	  -1,3	  -7,8
*	    27,0083	 1	 73,01	 63,86	  -9,1	  -3,1	   3,0	   3,2	  -1,5	  -8,0
*	    24,9749	 1	 79,41	 67,26	  -7,4	  -1,4	   4,7	   4,9	   0,2	  -6,3
*	    24,6077	 1	 77,39	 66,84	  -7,5	  -1,5	   4,6	   4,8	   0,1	  -6,4
*	    24,4558	 1	 75,27	 66,44	  -7,8	  -1,8	   4,3	   4,6	  -0,2	  -6,7
*	    24,5063	 1	 73,05	 66,05	  -8,0	  -2,1	   4,0	   4,3	  -0,5	  -6,9
*	     9,4756	 1	180,30	 84,14	  -2,8	   4,2	  11,5	  12,1	   7,3	   0,9
*	     8,5910	 1	186,18	 83,35	  -0,7	   6,3	  13,7	  14,3	   9,4	   3,0
*	     9,9285	 1	180,91	 73,88	  -3,3	   3,7	  11,1	  11,7	   6,8	   0,4
*	     9,0988	 1	186,90	 71,31	  -1,4	   5,7	  13,0	  13,6	   8,8	   2,4
*	    10,6971	 1	181,52	 64,58	  -4,2	   2,8	  10,2	  10,8	   5,9	  -0,5
*	     9,9582	 1	187,62	 60,78	  -2,5	   4,5	  11,9	  12,5	   7,6	   1,2
*	    11,7366	 1	182,14	 56,52	  -5,3	   1,7	   9,1	   9,7	   4,8	  -1,6
*	    11,1032	 1	188,34	 52,06	  -3,9	   3,1	  10,5	  11,1	   6,2	  -0,2
*	    12,9998	 1	182,75	 49,73	  -6,5	   0,5	   7,9	   8,4	   3,6	  -2,8
*	    12,4710	 1	189,06	 45,03	  -5,4	   1,6	   9,0	   9,6	   4,7	  -1,7
*	    14,4448	 1	183,36	 44,08	  -7,8	  -0,8	   6,6	   7,2	   2,3	  -4,1
*	    14,0119	 1	189,77	 39,41	  -6,9	   0,1	   7,4	   8,0	   3,2	  -3,2
*	    16,0382	 1	183,97	 39,38	  -9,1	  -2,1	   5,3	   5,8	   1,0	  -5,5
*	    15,6895	 1	190,48	 34,89	  -8,4	  -1,4	   6,0	   6,6	   1,7	  -4,7
*	    18,7022	 1	 37,72	 53,87	  -8,8	  -1,7	   5,6	   6,2	   1,3	  -5,1
*	    18,1027	 1	 34,32	 50,16	  -8,0	  -1,0	   6,4	   6,9	   2,1	  -4,4
*	    17,8093	 1	 29,69	 45,83	  -7,3	  -0,3	   7,1	   7,7	   2,8	  -3,7
*	    16,1084	 1	 38,09	 59,78	  -7,6	  -0,6	   6,8	   7,3	   2,5	  -4,0
*	    15,3874	 1	 34,77	 56,42	  -6,7	   0,3	   7,6	   8,2	   3,4	  -3,1
*	    14,9508	 1	 30,24	 52,37	  -5,8	   1,2	   8,6	   9,2	   4,3	  -2,1
*	    13,9827	 1	 38,46	 66,42	  -6,7	   0,4	   7,7	   8,3	   3,4	  -3,0
*	    13,1460	 1	 35,21	 63,65	  -5,6	   1,4	   8,8	   9,4	   4,5	  -1,9
*	    12,5650	 1	 30,79	 60,20	  -4,5	   2,6	   9,9	  10,5	   5,6	  -0,8
*	    12,3864	 1	 38,83	 73,72	  -5,9	   1,1	   8,5	   9,1	   4,2	  -2,2
*	    11,4545	 1	 35,65	 71,81	  -4,7	   2,3	   9,7	  10,2	   5,4	  -1,0
*	    10,7482	 1	 31,34	 69,36	  -3,4	   3,6	  11,0	  11,6	   6,7	   0,3
*	    11,3725	 1	 39,19	 81,53	  -5,4	   1,6	   8,9	   9,5	   4,7	  -1,7
*	    10,3831	 1	 36,09	 80,70	  -4,2	   2,9	  10,2	  10,8	   6,0	  -0,4
*	     9,5965	 1	 31,87	 79,64	  -2,7	   4,4	  11,7	  12,3	   7,4	   1,1
*	    10,9771	 1	 39,55	 89,58	  -5,3	   1,7	   9,1	   9,7	   4,8	  -1,6
*	     9,9805	 1	 36,52	 89,98	  -4,0	   3,0	  10,4	  11,0	   6,1	  -0,3
*	     9,1807	 1	 32,40	 90,50	  -2,5	   4,6	  11,9	  12,5	   7,7	   1,3
*	    35,6091	 1	 36,39	 35,19	 -12,6	  -6,6	  -0,5	  -0,3	  -5,0	 -11,6
*	    35,4339	 1	 33,97	 32,69	 -12,4	  -6,4	  -0,3	  -0,1	  -4,9	 -11,4
*	    35,4125	 1	 30,98	 30,08	 -12,2	  -6,3	  -0,2	   0,1	  -4,7	 -11,3
*	    35,5503	 1	 27,27	 27,39	 -12,1	  -6,2	  -0,1	   0,2	  -4,6	 -11,1
*	    32,7415	 1	 36,66	 37,32	 -11,6	  -5,7	   0,4	   0,7	  -4,1	 -10,6
*	    32,5324	 1	 34,27	 34,76	 -11,4	  -5,5	   0,6	   0,9	  -3,9	 -10,4
*	    32,4785	 1	 31,33	 32,07	 -11,2	  -5,3	   0,8	   1,1	  -3,7	 -10,2
*	    32,5860	 1	 27,67	 29,27	 -11,1	  -5,1	   1,0	   1,2	  -3,6	 -10,1
*	    29,9825	 1	 36,92	 39,66	 -10,7	  -4,7	   1,4	   1,6	  -3,2	  -9,7
*	    29,7356	 1	 34,57	 37,06	 -10,5	  -4,5	   1,6	   1,8	  -2,9	  -9,4
*	    29,6445	 1	 31,68	 34,29	 -10,2	  -4,3	   1,8	   2,1	  -2,7	  -9,2
*	    29,7162	 1	 28,08	 31,39	 -10,0	  -4,1	   2,0	   2,3	  -2,5	  -9,0
*	    27,3445	 1	 37,19	 42,23	  -9,8	  -3,8	   2,3	   2,5	  -2,2	  -8,7
*	    27,0555	 1	 34,87	 39,60	  -9,5	  -3,5	   2,6	   2,8	  -1,9	  -8,4
*	    26,9220	 1	 32,02	 36,78	  -9,2	  -3,2	   2,9	   3,1	  -1,6	  -8,1
*	    26,9522	 1	 28,48	 33,80	  -9,0	  -3,0	   3,1	   3,3	  -1,4	  -7,9
*	    24,8412	 1	 37,45	 45,07	  -8,9	  -2,9	   3,2	   3,5	  -1,3	  -7,8
*	    24,5058	 1	 35,17	 42,43	  -8,5	  -2,5	   3,6	   3,8	  -0,9	  -7,4
*	    24,3245	 1	 32,36	 39,57	  -8,2	  -2,2	   3,9	   4,1	  -0,6	  -7,1
*	    24,3067	 1	 28,87	 36,52	  -7,9	  -1,9	   4,2	   4,4	  -0,3	  -6,8
*	    22,4878	 1	 37,71	 48,21	  -8,0	  -2,0	   4,1	   4,4	  -0,4	  -6,8
*	    22,1021	 1	 35,46	 45,58	  -7,6	  -1,6	   4,5	   4,8	   0,0	  -6,4
*	    21,8677	 1	 32,70	 42,71	  -7,2	  -1,2	   4,9	   5,2	   0,4	  -6,0
*	    21,7951	 1	 29,27	 39,61	  -6,8	  -0,8	   5,3	   5,5	   0,8	  -5,7
s	    10,2556	 2	227,67	 95,15	  25,9	  34,0	  42,4	  43,2	  38,4	  32,1
*	    16,7609	 1	179,35	 43,08	 -10,2	  -3,1	   4,2	   4,8	  -0,1	  -6,5
*	    15,2350	 1	178,82	 47,71	  -9,0	  -2,0	   5,4	   5,9	   1,1	  -5,4
*	    16,0077	 1	175,42	 51,46	 -10,0	  -3,0	   4,4	   5,0	   0,1	  -6,3
*	    13,8618	 1	178,30	 53,15	  -7,9	  -0,9	   6,5	   7,1	   2,2	  -4,2
*	    14,7178	 1	174,96	 56,71	  -9,0	  -2,0	   5,3	   5,9	   1,1	  -5,4
*	    12,6698	 1	177,77	 59,47	  -6,9	   0,1	   7,5	   8,1	   3,2	  -3,2
*	    13,6088	 1	174,51	 62,65	  -8,2	  -1,2	   6,2	   6,8	   1,9	  -4,5
*	    11,6926	 1	177,25	 66,75	  -6,0	   1,0	   8,4	   9,0	   4,1	  -2,3
*	    12,7077	 1	174,06	 69,30	  -7,5	  -0,4	   6,9	   7,5	   2,7	  -3,8
*	    10,9654	 1	176,73	 74,89	  -5,3	   1,7	   9,1	   9,7	   4,8	  -1,6
*	    12,0410	 1	173,60	 76,57	  -6,9	   0,1	   7,5	   8,1	   3,2	  -3,2
*	    10,5199	 1	176,21	 83,70	  -4,9	   2,1	   9,5	  10,1	   5,2	  -1,2
*	    11,6315	 1	173,15	 84,31	  -6,6	   0,4	   7,8	   8,4	   3,5	  -2,9
*	    12,7226	 1	 66,88	 95,24	  -4,4	   2,6	  10,0	  10,6	   5,7	  -0,7
*	    11,9918	 1	 69,92	 94,82	  -3,2	   3,8	  11,2	  11,8	   6,9	   0,5
*	    11,5196	 1	 72,72	 94,42	  -1,9	   5,1	  12,5	  13,1	   8,2	   1,8
*	    12,1403	 1	 66,79	 91,21	  -4,2	   2,9	  10,2	  10,8	   5,9	  -0,5
*	    11,3864	 1	 69,85	 90,96	  -2,9	   4,1	  11,5	  12,1	   7,2	   0,8
*	    10,8808	 1	 72,66	 90,73	  -1,5	   5,5	  12,9	  13,5	   8,6	   2,2
*	    12,2133	 1	 66,70	 87,14	  -4,3	   2,8	  10,1	  10,7	   5,9	  -0,5
*	    11,4922	 1	 69,77	 87,06	  -3,1	   4,0	  11,3	  11,9	   7,1	   0,7
*	    11,0267	 1	 72,59	 87,01	  -1,7	   5,3	  12,7	  13,3	   8,4	   2,0
*	    12,9314	 1	 66,60	 83,06	  -4,7	   2,4	   9,7	  10,3	   5,4	  -1,0
*	    12,2932	 1	 69,69	 83,17	  -3,6	   3,4	  10,8	  11,4	   6,5	   0,1
*	    11,9316	 1	 72,53	 83,28	  -2,4	   4,6	  12,0	  12,6	   7,7	   1,3
*	    14,2576	 1	 66,51	 79,03	  -5,4	   1,7	   9,0	   9,6	   4,7	  -1,7
*	    13,7362	 1	 69,61	 79,31	  -4,4	   2,6	  10,0	  10,5	   5,7	  -0,7
*	    13,5171	 1	 72,46	 79,59	  -3,5	   3,6	  10,9	  11,5	   6,6	   0,2
*	    16,1368	 1	 66,41	 75,06	  -6,3	   0,7	   8,1	   8,7	   3,8	  -2,6
*	    15,7474	 1	 69,54	 75,50	  -5,5	   1,5	   8,9	   9,4	   4,6	  -1,9
*	    15,6823	 1	 72,40	 75,94	  -4,8	   2,2	   9,6	  10,2	   5,3	  -1,1
*	    18,5063	 1	 66,32	 71,23	  -7,4	  -0,4	   7,0	   7,6	   2,7	  -3,7
*	    18,2486	 1	 69,46	 71,81	  -6,8	   0,2	   7,6	   8,2	   3,3	  -3,1
*	    18,3299	 1	 72,33	 72,39	  -6,2	   0,8	   8,2	   8,7	   3,9	  -2,6
*	    21,3043	 1	 66,22	 67,51	  -8,6	  -1,6	   5,8	   6,4	   1,5	  -5,0
*	    21,1678	 1	 69,38	 68,24	  -8,1	  -1,1	   6,3	   6,8	   2,0	  -4,5
*	    21,3778	 1	 72,27	 68,95	  -7,7	  -0,7	   6,6	   7,2	   2,3	  -4,1
*	    37,8525	 1	 71,26	 55,30	 -11,9	  -5,9	   0,2	   0,4	  -4,4	 -11,0
*	    37,5058	 1	 69,21	 54,53	 -11,9	  -6,0	   0,1	   0,4	  -4,4	 -11,0
*	    37,3145	 1	 67,03	 53,79	 -12,0	  -6,0	   0,1	   0,3	  -4,5	 -11,0
*	    37,2752	 1	 64,72	 53,04	 -12,1	  -6,1	  -0,0	   0,2	  -4,5	 -11,1
*	    34,9565	 1	 71,31	 57,22	 -11,0	  -5,0	   1,1	   1,3	  -3,4	 -10,0
*	    34,6307	 1	 69,27	 56,49	 -11,0	  -5,0	   1,1	   1,3	  -3,5	 -10,0
*	    34,4631	 1	 67,09	 55,76	 -11,1	  -5,1	   1,0	   1,2	  -3,5	 -10,1
*	    34,4495	 1	 64,79	 55,04	 -11,2	  -5,2	   0,9	   1,1	  -3,6	 -10,2
*	    32,1527	 1	 71,36	 59,22	 -10,0	  -4,0	   2,1	   2,3	  -2,4	  -9,0
*	    31,8525	 1	 69,32	 58,52	 -10,0	  -4,1	   2,0	   2,3	  -2,5	  -9,0
*	    31,7131	 1	 67,15	 57,83	 -10,1	  -4,2	   1,9	   2,2	  -2,6	  -9,1
*	    31,7293	 1	 64,86	 57,14	 -10,3	  -4,3	   1,8	   2,0	  -2,7	  -9,3
*	    29,4504	 1	 71,41	 61,29	  -9,0	  -3,0	   3,1	   3,3	  -1,4	  -7,9
*	    29,1812	 1	 69,38	 60,64	  -9,1	  -3,1	   3,0	   3,2	  -1,5	  -8,0
*	    29,0748	 1	 67,22	 59,97	  -9,2	  -3,2	   2,9	   3,1	  -1,7	  -8,2
*	    29,1251	 1	 64,93	 59,33	  -9,4	  -3,4	   2,7	   2,9	  -1,8	  -8,3
*	    26,8601	 1	 71,46	 63,44	  -8,0	  -2,0	   4,1	   4,3	  -0,4	  -6,9
*	    26,6277	 1	 69,44	 62,83	  -8,1	  -2,1	   4,0	   4,2	  -0,5	  -7,0
*	    26,5598	 1	 67,28	 62,21	  -8,3	  -2,3	   3,8	   4,0	  -0,7	  -7,2
*	    26,6489	 1	 65,00	 61,61	  -8,5	  -2,5	   3,6	   3,8	  -0,9	  -7,4
*	    24,3940	 1	 71,51	 65,67	  -7,0	  -1,0	   5,1	   5,4	   0,6	  -5,9
*	    24,2048	 1	 69,49	 65,10	  -7,1	  -1,2	   4,9	   5,2	   0,4	  -6,0
*	    24,1810	 1	 67,34	 64,53	  -7,4	  -1,4	   4,7	   4,9	   0,2	  -6,3
*	    24,3139	 1	 65,07	 63,96	  -7,6	  -1,6	   4,5	   4,7	  -0,1	  -6,5
*	    19,7412	 1	 46,62	 60,76	  -8,3	  -1,2	   6,1	   6,7	   1,8	  -4,6
*	    19,2548	 1	 43,41	 58,45	  -7,8	  -0,8	   6,5	   7,1	   2,3	  -4,2
*	    19,0341	 1	 39,43	 55,85	  -7,4	  -0,4	   7,0	   7,6	   2,7	  -3,8
*	    17,2688	 1	 46,87	 65,94	  -7,3	  -0,3	   7,1	   7,7	   2,8	  -3,7
*	    16,7317	 1	 43,71	 63,99	  -6,8	   0,2	   7,6	   8,1	   3,3	  -3,2
*	    16,4451	 1	 39,78	 61,75	  -6,3	   0,7	   8,1	   8,7	   3,8	  -2,7
*	    15,2743	 1	 47,12	 71,54	  -6,5	   0,5	   7,9	   8,4	   3,6	  -2,9
*	    14,6948	 1	 44,00	 70,04	  -6,0	   1,0	   8,4	   9,0	   4,1	  -2,3
*	    14,3499	 1	 40,12	 68,30	  -5,4	   1,6	   9,0	   9,6	   4,7	  -1,7
*	    13,8031	 1	 47,36	 77,46	  -5,9	   1,1	   8,4	   9,0	   4,2	  -2,2
*	    13,1948	 1	 44,28	 76,53	  -5,4	   1,7	   9,0	   9,6	   4,7	  -1,7
*	    12,8074	 1	 40,46	 75,43	  -4,7	   2,3	   9,7	  10,3	   5,4	  -1,0
*	    12,8919	 1	 47,61	 83,61	  -5,6	   1,5	   8,8	   9,4	   4,5	  -1,9
*	    12,2734	 1	 44,57	 83,32	  -5,0	   2,0	   9,4	  10,0	   5,1	  -1,3
*	    11,8668	 1	 40,80	 82,96	  -4,3	   2,7	  10,1	  10,7	   5,8	  -0,6
*	    12,5645	 1	 47,85	 89,86	  -5,4	   1,6	   8,9	   9,5	   4,7	  -1,7
*	    11,9569	 1	 44,85	 90,22	  -4,9	   2,2	   9,5	  10,1	   5,2	  -1,2
*	    11,5595	 1	 41,13	 90,68	  -4,2	   2,8	  10,2	  10,8	   5,9	  -0,5
*	    12,8285	 1	 48,09	 96,06	  -5,6	   1,5	   8,8	   9,4	   4,5	  -1,9
*	    36,0236	 1	 45,93	 42,75	 -11,6	  -5,6	   0,5	   0,7	  -4,0	 -10,6
*	    35,7858	 1	 43,74	 40,89	 -11,4	  -5,5	   0,6	   0,9	  -3,9	 -10,5
*	    35,6835	 1	 41,23	 38,95	 -11,3	  -5,3	   0,8	   1,0	  -3,8	 -10,3
*	    35,7192	 1	 38,31	 36,95	 -11,2	  -5,3	   0,8	   1,1	  -3,7	 -10,2
*	    33,2372	 1	 46,10	 44,95	 -10,7	  -4,7	   1,4	   1,6	  -3,2	  -9,7
*	    32,9800	 1	 43,93	 43,08	 -10,6	  -4,6	   1,5	   1,7	  -3,0	  -9,6
*	    32,8579	 1	 41,44	 41,14	 -10,4	  -4,5	   1,6	   1,9	  -2,9	  -9,4
*	    32,8738	 1	 38,55	 39,11	 -10,3	  -4,3	   1,8	   2,0	  -2,8	  -9,3
*	    30,5678	 1	 46,27	 47,29	  -9,9	  -3,9	   2,2	   2,4	  -2,3	  -8,8
*	    30,2898	 1	 44,12	 45,45	  -9,7	  -3,7	   2,4	   2,6	  -2,1	  -8,7
*	    30,1460	 1	 41,66	 43,50	  -9,5	  -3,6	   2,5	   2,8	  -2,0	  -8,5
*	    30,1397	 1	 38,80	 41,46	  -9,4	  -3,4	   2,7	   2,9	  -1,8	  -8,4
*	    28,0275	 1	 46,45	 49,82	  -9,0	  -3,1	   3,0	   3,3	  -1,5	  -8,0
*	    27,7275	 1	 44,31	 48,01	  -8,8	  -2,9	   3,2	   3,5	  -1,3	  -7,8
*	    27,5602	 1	 41,87	 46,08	  -8,7	  -2,7	   3,4	   3,6	  -1,1	  -7,6
*	    27,5292	 1	 39,04	 44,05	  -8,5	  -2,5	   3,6	   3,8	  -0,9	  -7,4
*	    25,6293	 1	 46,62	 52,53	  -8,2	  -2,3	   3,9	   4,1	  -0,7	  -7,1
*	    25,3064	 1	 44,50	 50,77	  -8,0	  -2,0	   4,1	   4,3	  -0,4	  -6,9
*	    25,1140	 1	 42,09	 48,88	  -7,8	  -1,8	   4,3	   4,5	  -0,2	  -6,7
*	    25,0558	 1	 39,27	 46,87	  -7,6	  -1,6	   4,5	   4,7	  -0,0	  -6,5
*	    23,3872	 1	 46,79	 55,45	  -7,4	  -1,5	   4,6	   4,9	   0,1	  -6,3
*	    23,0409	 1	 44,69	 53,74	  -7,2	  -1,2	   4,9	   5,1	   0,4	  -6,1
*	    22,8220	 1	 42,30	 51,92	  -7,0	  -1,0	   5,1	   5,3	   0,6	  -5,9
*	    22,7346	 1	 39,51	 49,97	  -6,7	  -0,8	   5,3	   5,6	   0,8	  -5,6
s	    12,5474	 1	 64,91	 89,66	  28,2	  35,2	  42,6	  43,1	  38,3	  31,9
*	    13,3476	 1	 59,11	 94,78	  -5,0	   2,1	   9,4	  10,0	   5,1	  -1,3
*	    12,9828	 1	 62,30	 94,25	  -4,4	   2,6	  10,0	  10,6	   5,7	  -0,7
*	    12,8593	 1	 65,13	 93,77	  -3,8	   3,2	  10,6	  11,2	   6,3	  -0,1
*	    13,0165	 1	 58,96	 89,95	  -4,8	   2,2	   9,5	  10,1	   5,3	  -1,1
*	    12,6627	 1	 62,17	 89,70	  -4,3	   2,7	  10,1	  10,7	   5,8	  -0,6
*	    12,5482	 1	 65,03	 89,48	  -3,7	   3,4	  10,7	  11,3	   6,4	   0,0
*	    13,3059	 1	 58,82	 85,10	  -5,0	   2,0	   9,4	  10,0	   5,1	  -1,3
*	    12,9858	 1	 62,05	 85,13	  -4,5	   2,6	   9,9	  10,5	   5,6	  -0,8
*	    12,9103	 1	 64,93	 85,17	  -3,9	   3,1	  10,5	  11,1	   6,2	  -0,2
*	    14,2044	 1	 58,67	 80,28	  -5,4	   1,6	   9,0	   9,6	   4,7	  -1,7
*	    13,9365	 1	 61,93	 80,59	  -4,9	   2,1	   9,5	  10,1	   5,2	  -1,2
*	    13,9243	 1	 64,82	 80,88	  -4,4	   2,6	  10,0	  10,6	   5,7	  -0,7
*	    15,6837	 1	 58,53	 75,55	  -6,0	   1,0	   8,4	   9,0	   4,1	  -2,3
*	    15,4799	 1	 61,80	 76,12	  -5,6	   1,4	   8,8	   9,4	   4,5	  -1,9
*	    15,5458	 1	 64,72	 76,66	  -5,2	   1,8	   9,2	   9,8	   4,9	  -1,5
*	    17,7024	 1	 58,38	 70,96	  -6,8	   0,2	   7,6	   8,2	   3,3	  -3,2
*	    17,5675	 1	 61,68	 71,78	  -6,5	   0,5	   7,9	   8,5	   3,6	  -2,8
*	    17,7161	 1	 64,61	 72,55	  -6,2	   0,8	   8,2	   8,8	   3,9	  -2,5
*	    20,2117	 1	 58,23	 66,60	  -7,8	  -0,8	   6,6	   7,2	   2,3	  -4,2
*	    20,1444	 1	 61,55	 67,61	  -7,5	  -0,5	   6,8	   7,4	   2,5	  -3,9
*	    20,3722	 1	 64,50	 68,59	  -7,3	  -0,3	   7,1	   7,7	   2,8	  -3,7
*	    23,1597	 1	 58,08	 62,47	  -8,9	  -1,8	   5,5	   6,1	   1,2	  -5,3
*	    23,1542	 1	 61,42	 63,66	  -8,7	  -1,7	   5,7	   6,3	   1,4	  -5,1
*	    23,4526	 1	 64,39	 64,79	  -8,5	  -1,5	   5,8	   6,4	   1,5	  -4,9
*	    37,0994	 1	 63,09	 52,34	 -11,3	  -5,3	   0,8	   1,0	  -3,8	 -10,3
*	    36,8233	 1	 61,03	 51,32	 -11,3	  -5,3	   0,8	   1,0	  -3,7	 -10,3
*	    36,6856	 1	 58,80	 50,29	 -11,3	  -5,3	   0,8	   1,0	  -3,8	 -10,3
*	    36,6843	 1	 56,37	 49,25	 -11,3	  -5,4	   0,7	   1,0	  -3,8	 -10,4
*	    34,2802	 1	 63,17	 54,37	 -10,4	  -4,4	   1,7	   1,9	  -2,9	  -9,4
*	    34,0170	 1	 61,11	 53,38	 -10,4	  -4,4	   1,7	   1,9	  -2,9	  -9,4
*	    33,8927	 1	 58,90	 52,37	 -10,4	  -4,5	   1,6	   1,9	  -2,9	  -9,4
*	    33,9050	 1	 56,48	 51,36	 -10,5	  -4,5	   1,6	   1,8	  -2,9	  -9,5
*	    31,5697	 1	 63,25	 56,50	  -9,5	  -3,5	   2,6	   2,8	  -2,0	  -8,5
*	    31,3222	 1	 61,20	 55,54	  -9,5	  -3,6	   2,5	   2,8	  -2,0	  -8,5
*	    31,2137	 1	 58,99	 54,57	  -9,6	  -3,6	   2,5	   2,7	  -2,0	  -8,6
*	    31,2418	 1	 56,59	 53,59	  -9,7	  -3,7	   2,4	   2,6	  -2,1	  -8,6
*	    28,9786	 1	 63,33	 58,72	  -8,6	  -2,7	   3,4	   3,7	  -1,1	  -7,6
*	    28,7500	 1	 61,29	 57,81	  -8,7	  -2,7	   3,4	   3,6	  -1,1	  -7,6
*	    28,6602	 1	 59,09	 56,89	  -8,7	  -2,8	   3,3	   3,6	  -1,2	  -7,7
*	    28,7060	 1	 56,70	 55,94	  -8,8	  -2,9	   3,2	   3,5	  -1,3	  -7,8
*	    26,5193	 1	 63,41	 61,04	  -7,8	  -1,8	   4,3	   4,5	  -0,2	  -6,7
*	    26,3129	 1	 61,37	 60,18	  -7,8	  -1,9	   4,2	   4,5	  -0,3	  -6,8
*	    26,2445	 1	 59,19	 59,30	  -7,9	  -1,9	   4,2	   4,4	  -0,4	  -6,8
*	    26,3104	 1	 56,80	 58,41	  -8,0	  -2,0	   4,1	   4,3	  -0,5	  -6,9
*	    24,2049	 1	 63,48	 63,45	  -6,9	  -0,9	   5,2	   5,4	   0,7	  -5,8
*	    24,0243	 1	 61,46	 62,67	  -7,0	  -1,0	   5,1	   5,3	   0,6	  -5,9
*	    23,9800	 1	 59,28	 61,85	  -7,1	  -1,1	   5,0	   5,2	   0,5	  -6,0
*	    24,0681	 1	 56,91	 61,01	  -7,2	  -1,3	   4,8	   5,1	   0,3	  -6,1
*	    18,1232	 1	173,72	 49,64	 -11,8	  -4,8	   2,6	   3,1	  -1,7	  -8,2
*	    19,0708	 1	171,59	 52,70	 -12,7	  -5,7	   1,7	   2,3	  -2,6	  -9,0
*	    16,7368	 1	173,31	 54,13	 -10,9	  -3,9	   3,4	   4,0	  -0,8	  -7,3
*	    17,7529	 1	171,22	 57,05	 -11,9	  -4,9	   2,5	   3,1	  -1,8	  -8,2
*	    15,5077	 1	172,90	 59,19	 -10,1	  -3,1	   4,3	   4,9	  -0,0	  -6,4
*	    16,5918	 1	170,86	 61,84	 -11,2	  -4,1	   3,2	   3,8	  -1,1	  -7,5
*	    14,4575	 1	172,49	 64,81	  -9,4	  -2,3	   5,0	   5,6	   0,7	  -5,7
*	    15,6053	 1	170,49	 67,10	 -10,5	  -3,5	   3,8	   4,4	  -0,4	  -6,9
*	    13,6085	 1	172,08	 71,01	  -8,7	  -1,7	   5,7	   6,2	   1,4	  -5,0
*	    14,8114	 1	170,13	 72,78	 -10,0	  -3,0	   4,4	   5,0	   0,1	  -6,3
*	    12,9821	 1	171,67	 77,69	  -8,3	  -1,2	   6,1	   6,7	   1,8	  -4,6
*	    14,2267	 1	169,77	 78,82	  -9,6	  -2,6	   4,8	   5,3	   0,5	  -5,9
*	    12,5959	 1	171,27	 84,70	  -8,0	  -1,0	   6,4	   7,0	   2,1	  -4,3
*	    13,8643	 1	169,41	 85,12	  -9,4	  -2,4	   5,0	   5,6	   0,7	  -5,7
s	    12,8955	 1	 51,62	 90,05	  28,1	  35,1	  42,5	  43,1	  38,2	  31,8
*	    20,3060	 1	 54,98	 65,06	  -7,8	  -0,8	   6,6	   7,2	   2,3	  -4,2
*	    20,0259	 1	 51,79	 63,56	  -7,7	  -0,7	   6,7	   7,3	   2,4	  -4,1
*	    20,0136	 1	 48,04	 61,93	  -7,6	  -0,6	   6,8	   7,3	   2,5	  -4,0
*	    17,7991	 1	 55,16	 69,66	  -6,9	   0,2	   7,5	   8,1	   3,2	  -3,2
*	    17,5305	 1	 52,00	 68,43	  -6,8	   0,2	   7,6	   8,2	   3,3	  -3,1
*	    17,5177	 1	 48,28	 67,09	  -6,7	   0,3	   7,7	   8,3	   3,4	  -3,0
*	    15,7831	 1	 55,33	 74,51	  -6,1	   1,0	   8,3	   8,9	   4,0	  -2,4
*	    15,5304	 1	 52,20	 73,60	  -6,0	   1,0	   8,4	   9,0	   4,1	  -2,3
*	    15,5218	 1	 48,51	 72,62	  -5,9	   1,1	   8,5	   9,1	   4,2	  -2,2
*	    14,3042	 1	 55,50	 79,54	  -5,5	   1,6	   8,9	   9,5	   4,6	  -1,8
*	    14,0713	 1	 52,39	 79,02	  -5,4	   1,6	   9,0	   9,5	   4,7	  -1,7
*	    14,0722	 1	 48,75	 78,46	  -5,3	   1,7	   9,1	   9,6	   4,8	  -1,6
*	    13,4004	 1	 55,67	 84,70	  -5,1	   1,9	   9,3	   9,9	   5,0	  -1,4
*	    13,1896	 1	 52,59	 84,60	  -5,1	   2,0	   9,3	   9,9	   5,0	  -1,4
*	    13,2058	 1	 48,98	 84,49	  -5,0	   2,0	   9,4	  10,0	   5,1	  -1,3
*	    13,0974	 1	 55,83	 89,90	  -5,0	   2,1	   9,4	  10,0	   5,1	  -1,3
*	    12,9091	 1	 52,79	 90,22	  -5,0	   2,1	   9,4	  10,0	   5,1	  -1,3
*	    12,9457	 1	 49,21	 90,59	  -4,9	   2,1	   9,5	  10,1	   5,2	  -1,2
*	    13,4049	 1	 56,00	 95,07	  -5,1	   1,9	   9,3	   9,9	   5,0	  -1,4
*	    13,2376	 1	 52,98	 95,79	  -5,1	   1,9	   9,3	   9,9	   5,0	  -1,4
*	    13,2981	 1	 49,43	 96,61	  -5,0	   2,0	   9,3	   9,9	   5,1	  -1,3
*	    22,9304	 1	 49,10	 57,79	  -6,8	  -0,8	   5,3	   5,6	   0,8	  -5,6
*	    22,9654	 1	 51,55	 59,01	  -6,8	  -0,8	   5,3	   5,5	   0,8	  -5,7
*	    23,1233	 1	 53,75	 60,17	  -6,9	  -0,9	   5,2	   5,4	   0,7	  -5,8
*	    23,4045	 1	 55,73	 61,26	  -6,9	  -1,0	   5,1	   5,4	   0,6	  -5,8
*	    25,1098	 1	 48,95	 54,90	  -7,5	  -1,5	   4,6	   4,8	   0,1	  -6,4
*	    25,1430	 1	 51,42	 56,19	  -7,6	  -1,6	   4,5	   4,7	   0,0	  -6,5
*	    25,3015	 1	 53,62	 57,42	  -7,6	  -1,7	   4,5	   4,7	  -0,1	  -6,5
*	    25,5858	 1	 55,62	 58,61	  -7,7	  -1,7	   4,4	   4,6	  -0,1	  -6,6
*	    27,4497	 1	 48,80	 52,18	  -8,3	  -2,3	   3,8	   4,0	  -0,7	  -7,2
*	    27,4806	 1	 51,28	 53,53	  -8,4	  -2,4	   3,7	   4,0	  -0,8	  -7,3
*	    27,6388	 1	 53,50	 54,82	  -8,4	  -2,4	   3,7	   3,9	  -0,9	  -7,4
*	    27,9247	 1	 55,51	 56,07	  -8,5	  -2,5	   3,6	   3,8	  -0,9	  -7,4
*	    29,9363	 1	 48,64	 49,63	  -9,1	  -3,2	   2,9	   3,2	  -1,6	  -8,1
*	    29,9644	 1	 51,14	 51,03	  -9,2	  -3,2	   2,9	   3,1	  -1,6	  -8,1
*	    30,1215	 1	 53,37	 52,37	  -9,2	  -3,3	   2,8	   3,1	  -1,7	  -8,2
*	    30,4076	 1	 55,40	 53,66	  -9,3	  -3,3	   2,8	   3,0	  -1,7	  -8,3
*	    32,5562	 1	 48,49	 47,25	 -10,0	  -4,0	   2,1	   2,3	  -2,4	  -8,9
*	    32,5815	 1	 51,00	 48,67	 -10,0	  -4,0	   2,1	   2,3	  -2,5	  -9,0
*	    32,7367	 1	 53,25	 50,05	 -10,1	  -4,1	   2,0	   2,2	  -2,5	  -9,0
*	    33,0218	 1	 55,28	 51,38	 -10,1	  -4,2	   1,9	   2,2	  -2,6	  -9,1
*	    35,2973	 1	 48,33	 45,03	 -10,8	  -4,8	   1,3	   1,5	  -3,3	  -9,8
*	    35,3196	 1	 50,86	 46,47	 -10,8	  -4,9	   1,2	   1,5	  -3,3	  -9,9
*	    35,4724	 1	 53,12	 47,86	 -10,9	  -4,9	   1,2	   1,4	  -3,4	  -9,9
*	    35,7554	 1	 55,17	 49,22	 -11,0	  -5,0	   1,1	   1,3	  -3,4	 -10,0
s	    13,1737	 2	 65,05	 95,46	  25,5	  33,6	  42,0	  42,8	  38,0	  31,6
s	    13,6441	 2	345,83	 93,39	  25,4	  33,5	  41,9	  42,8	  38,0	  31,6
s	    13,6601	 2	358,94	 92,65	  25,4	  33,5	  41,9	  42,8	  37,9	  31,6
s	    14,2598	 3	346,15	 99,09	  22,7	  31,9	  41,4	  42,5	  37,7	  31,3
*	    19,9252	 1	170,21	 54,91	 -13,6	  -6,6	   0,8	   1,4	  -3,5	 -10,0
*	    21,0834	 1	168,82	 57,36	 -14,4	  -7,4	  -0,0	   0,5	  -4,3	 -10,8
*	    18,6579	 1	169,88	 59,11	 -12,9	  -5,9	   1,5	   2,1	  -2,8	  -9,2
*	    19,8735	 1	168,52	 61,37	 -13,8	  -6,8	   0,6	   1,2	  -3,7	 -10,2
*	    17,5458	 1	169,55	 63,69	 -12,2	  -5,2	   2,1	   2,7	  -2,1	  -8,6
*	    18,8157	 1	168,22	 65,71	 -13,2	  -6,2	   1,2	   1,7	  -3,1	  -9,6
*	    16,6043	 1	169,21	 68,67	 -11,7	  -4,6	   2,7	   3,3	  -1,6	  -8,0
*	    17,9233	 1	167,92	 70,35	 -12,7	  -5,7	   1,6	   2,2	  -2,6	  -9,1
*	    15,8486	 1	168,88	 73,99	 -11,2	  -4,2	   3,2	   3,8	  -1,1	  -7,5
*	    17,2085	 1	167,62	 75,26	 -12,3	  -5,3	   2,0	   2,6	  -2,2	  -8,7
*	    15,2922	 1	168,55	 79,59	 -10,9	  -3,8	   3,5	   4,1	  -0,8	  -7,2
*	    16,6822	 1	167,32	 80,40	 -12,1	  -5,0	   2,3	   2,9	  -2,0	  -8,4
*	    14,9458	 1	168,22	 85,39	 -10,7	  -3,7	   3,7	   4,3	  -0,6	  -7,0
*	    16,3526	 1	167,02	 85,68	 -11,9	  -4,9	   2,5	   3,1	  -1,8	  -8,2
*	    16,2312	 1	 97,46	 92,92	   1,6	   8,6	  16,0	  16,6	  11,7	   5,3
*	    19,2445	 1	100,43	 92,89	  -1,4	   5,6	  12,9	  13,5	   8,7	   2,2
*	    22,6117	 1	103,33	 92,84	  -4,2	   2,9	  10,2	  10,8	   5,9	  -0,5
*	    15,4398	 1	 97,48	 89,89	   2,4	   9,4	  16,8	  17,4	  12,5	   6,1
*	    18,5692	 1	100,46	 89,89	  -0,9	   6,1	  13,5	  14,1	   9,2	   2,7
*	    22,0183	 1	103,36	 89,89	  -3,8	   3,2	  10,6	  11,2	   6,3	  -0,2
*	    15,7622	 1	 97,51	 86,85	   1,9	   8,9	  16,2	  16,8	  12,0	   5,5
*	    18,8064	 1	100,49	 86,88	  -1,2	   5,8	  13,1	  13,7	   8,8	   2,4
*	    22,1972	 1	103,40	 86,92	  -4,0	   3,0	  10,4	  11,0	   6,1	  -0,4
*	    17,0932	 1	 97,53	 83,82	   0,3	   7,3	  14,6	  15,2	  10,4	   3,9
*	    19,9018	 1	100,52	 83,88	  -2,3	   4,7	  12,1	  12,7	   7,8	   1,3
*	    23,1182	 1	103,44	 83,95	  -4,7	   2,3	   9,6	  10,2	   5,3	  -1,1
*	    19,1856	 1	 97,55	 80,80	  -1,8	   5,2	  12,5	  13,1	   8,3	   1,8
*	    21,7109	 1	100,55	 80,89	  -3,8	   3,2	  10,6	  11,1	   6,3	  -0,2
*	    24,6939	 1	103,48	 80,99	  -5,9	   1,2	   8,5	   9,1	   4,2	  -2,3
*	    21,8167	 1	 97,57	 77,81	  -4,0	   3,0	  10,4	  10,9	   6,1	  -0,4
*	    24,0762	 1	100,58	 77,92	  -5,5	   1,5	   8,8	   9,4	   4,5	  -2,0
*	    26,8161	 1	103,52	 78,07	  -7,2	  -0,2	   7,2	   7,8	   2,9	  -3,6
*	    24,8382	 1	 97,60	 74,88	  -6,1	   0,9	   8,3	   8,8	   4,0	  -2,5
*	    26,8705	 1	100,62	 75,01	  -7,3	  -0,3	   7,1	   7,7	   2,8	  -3,7
*	    29,3840	 1	103,56	 75,18	  -8,7	  -1,6	   5,7	   6,3	   1,4	  -5,1
*	    28,1591	 1	 97,62	 72,00	  -8,1	  -1,1	   6,3	   6,9	   2,0	  -4,5
*	    30,0030	 1	100,65	 72,16	  -9,0	  -2,0	   5,3	   5,9	   1,0	  -5,5
*	    32,3163	 1	103,60	 72,36	 -10,1	  -3,1	   4,2	   4,8	  -0,1	  -6,6
*	    44,8993	 1	103,03	 62,57	 -12,9	  -6,9	  -0,8	  -0,6	  -5,4	 -12,0
*	    43,6949	 1	100,96	 62,37	 -12,5	  -6,5	  -0,4	  -0,2	  -5,0	 -11,6
*	    42,6788	 1	 98,85	 62,20	 -12,2	  -6,2	  -0,1	   0,1	  -4,6	 -11,2
*	    41,8601	 1	 96,73	 62,06	 -11,9	  -5,9	   0,2	   0,4	  -4,4	 -10,9
*	    42,2068	 1	103,00	 64,31	 -12,0	  -6,0	   0,1	   0,3	  -4,4	 -11,0
*	    40,9477	 1	100,93	 64,11	 -11,5	  -5,5	   0,6	   0,8	  -4,0	 -10,6
*	    39,8834	 1	 98,83	 63,96	 -11,1	  -5,1	   0,9	   1,2	  -3,6	 -10,2
*	    39,0245	 1	 96,72	 63,83	 -10,8	  -4,8	   1,3	   1,5	  -3,3	  -9,9
*	    39,6038	 1	102,97	 66,09	 -11,0	  -5,0	   1,1	   1,3	  -3,5	 -10,0
*	    38,2847	 1	100,91	 65,90	 -10,5	  -4,5	   1,6	   1,8	  -3,0	  -9,5
*	    37,1668	 1	 98,81	 65,76	 -10,1	  -4,1	   2,0	   2,2	  -2,5	  -9,1
*	    36,2628	 1	 96,70	 65,63	  -9,7	  -3,7	   2,4	   2,6	  -2,2	  -8,7
*	    37,0989	 1	102,95	 67,91	 -10,0	  -4,0	   2,1	   2,3	  -2,5	  -9,0
*	    35,7135	 1	100,89	 67,75	  -9,4	  -3,5	   2,6	   2,9	  -1,9	  -8,4
*	    34,5358	 1	 98,79	 67,60	  -8,9	  -3,0	   3,1	   3,4	  -1,4	  -7,9
*	    33,5810	 1	 96,69	 67,48	  -8,5	  -2,6	   3,5	   3,8	  -1,0	  -7,5
*	    34,7022	 1	102,92	 69,78	  -9,0	  -3,0	   3,1	   3,3	  -1,4	  -8,0
*	    33,2433	 1	100,86	 69,61	  -8,3	  -2,4	   3,7	   4,0	  -0,8	  -7,3
*	    31,9984	 1	 98,78	 69,48	  -7,8	  -1,8	   4,3	   4,5	  -0,2	  -6,7
*	    30,9858	 1	 96,67	 69,37	  -7,3	  -1,3	   4,8	   5,0	   0,3	  -6,3
s	    16,2392	 2	 44,12	 90,20	  25,1	  33,2	  41,6	  42,4	  37,6	  31,2
*	    16,7267	 1	193,42	 31,18	  -9,1	  -2,1	   5,2	   5,8	   1,0	  -5,5
*	    18,5930	 1	194,16	 28,04	 -10,5	  -3,5	   3,8	   4,4	  -0,5	  -6,9
*	    16,9717	 1	186,13	 35,57	  -9,7	  -2,7	   4,7	   5,3	   0,4	  -6,1
*	    18,7744	 1	186,77	 32,14	 -11,0	  -4,0	   3,4	   4,0	  -0,9	  -7,4
s	    16,7961	 3	  6,42	 92,10	  22,4	  31,5	  41,1	  42,1	  37,3	  31,0
s	    17,0442	 3	353,22	 92,85	  22,4	  31,5	  41,0	  42,1	  37,3	  30,9
s	    17,4642	 3	 21,21	 91,26	  22,3	  31,4	  41,0	  42,0	  37,3	  30,9
*	    22,0945	 1	167,90	 59,12	 -15,4	  -8,4	  -1,0	  -0,4	  -5,3	 -11,8
*	    23,4344	 1	166,95	 61,08	 -16,2	  -9,2	  -1,8	  -1,2	  -6,1	 -12,6
*	    20,9267	 1	167,62	 62,99	 -14,8	  -7,8	  -0,4	   0,2	  -4,7	 -11,2
*	    22,3142	 1	166,69	 64,76	 -15,7	  -8,7	  -1,3	  -0,7	  -5,6	 -12,1
*	    19,9083	 1	167,34	 67,13	 -14,3	  -7,3	   0,1	   0,7	  -4,2	 -10,7
*	    21,3399	 1	166,43	 68,67	 -15,2	  -8,2	  -0,8	  -0,3	  -5,1	 -11,6
*	    19,0508	 1	167,06	 71,52	 -13,9	  -6,8	   0,5	   1,1	  -3,8	 -10,2
*	    20,5210	 1	166,18	 72,80	 -14,8	  -7,8	  -0,4	   0,1	  -4,7	 -11,2
*	    18,3648	 1	166,78	 76,15	 -13,5	  -6,5	   0,9	   1,5	  -3,4	  -9,9
*	    19,8665	 1	165,92	 77,11	 -14,5	  -7,5	  -0,1	   0,5	  -4,4	 -10,9
*	    17,8594	 1	166,50	 80,96	 -13,2	  -6,2	   1,1	   1,7	  -3,1	  -9,6
*	    19,3837	 1	165,67	 81,56	 -14,3	  -7,3	   0,1	   0,7	  -4,2	 -10,6
*	    17,5414	 1	166,23	 85,89	 -13,1	  -6,1	   1,3	   1,9	  -3,0	  -9,4
*	    19,0783	 1	165,41	 86,10	 -14,1	  -7,1	   0,2	   0,8	  -4,1	 -10,5
s	    17,8971	 3	 24,77	 91,05	  22,3	  31,4	  40,9	  42,0	  37,2	  30,8
*	    21,6818	 1	164,39	 86,87	 -16,1	  -9,1	  -1,7	  -1,1	  -6,0	 -12,5
*	    20,0295	 1	164,96	 86,73	 -15,1	  -8,1	  -0,8	  -0,2	  -5,1	 -11,5
*	    21,9508	 1	164,62	 82,83	 -16,2	  -9,2	  -1,8	  -1,2	  -6,1	 -12,6
*	    20,3077	 1	165,20	 82,39	 -15,3	  -8,2	  -0,9	  -0,3	  -5,2	 -11,6
*	    22,3838	 1	164,84	 78,85	 -16,4	  -9,4	  -2,0	  -1,4	  -6,3	 -12,8
*	    20,7582	 1	165,45	 78,11	 -15,5	  -8,4	  -1,1	  -0,5	  -5,4	 -11,8
*	    22,9770	 1	165,07	 74,96	 -16,7	  -9,6	  -2,3	  -1,7	  -6,6	 -13,1
*	    21,3762	 1	165,69	 73,97	 -15,8	  -8,7	  -1,4	  -0,8	  -5,7	 -12,1
*	    23,7249	 1	165,29	 71,21	 -17,0	 -10,0	  -2,6	  -2,0	  -6,9	 -13,4
*	    22,1554	 1	165,94	 69,98	 -16,1	  -9,1	  -1,7	  -1,1	  -6,0	 -12,5
*	    24,6208	 1	165,52	 67,60	 -17,4	 -10,3	  -3,0	  -2,4	  -7,3	 -13,8
*	    23,0878	 1	166,18	 66,17	 -16,5	  -9,5	  -2,2	  -1,6	  -6,5	 -12,9
*	    25,6574	 1	165,75	 64,17	 -17,8	 -10,8	  -3,4	  -2,8	  -7,7	 -14,2
*	    24,1647	 1	166,43	 62,57	 -17,0	 -10,0	  -2,6	  -2,1	  -6,9	 -13,4
*	    21,1647	 1	169,64	 54,26	 -14,4	  -7,3	   0,0	   0,6	  -4,3	 -10,7
*	    22,6072	 1	169,96	 50,67	 -15,1	  -8,1	  -0,7	  -0,1	  -5,0	 -11,5
s	    21,9791	 1	 90,00	 40,95	  29,0	  35,2	  41,6	  42,1	  37,0	  30,3
*	    26,4281	 1	107,10	 13,85	  -2,1	   2,6	  15,7	  17,0	  14,0	   9,2
*	    23,0078	 1	 82,14	 30,09	  -1,9	   2,8	  15,9	  17,2	  14,2	   9,4
*	    22,9265	 1	 75,95	 42,82	  -2,4	   2,3	  15,4	  16,7	  13,7	   8,9
*	    25,8271	 1	 73,23	 51,70	  -3,3	   1,4	  14,6	  15,9	  12,8	   8,1
*	    27,6243	 1	137,42	 29,66	  -3,1	   1,6	  14,7	  16,0	  12,9	   8,2
*	    23,4755	 1	110,06	 37,38	  -2,4	   2,3	  15,4	  16,7	  13,7	   8,9
*	    22,5238	 1	 96,11	 46,22	  -2,3	   2,4	  15,6	  16,9	  13,8	   9,1
*	    24,6189	 1	 88,53	 53,39	  -2,6	   2,2	  15,3	  16,6	  13,5	   8,8
*	    30,0816	 1	 83,93	 58,79	  -3,6	   1,1	  14,2	  15,5	  12,4	   7,7
*	    33,0455	 1	144,99	 42,85	  -5,4	  -0,7	  12,4	  13,7	  10,7	   5,9
*	    28,3431	 1	124,82	 46,30	  -4,3	   0,5	  13,6	  14,9	  11,8	   7,0
*	    26,6608	 1	110,61	 51,42	  -3,6	   1,1	  14,2	  15,5	  12,5	   7,7
*	    28,0581	 1	101,15	 56,39	  -3,5	   1,3	  14,4	  15,7	  12,6	   7,8
*	    32,9491	 1	 94,72	 60,60	  -4,2	   0,5	  13,6	  14,9	  11,9	   7,0
*	    41,7481	 1	148,27	 52,15	  -8,2	  -3,5	   9,6	  10,9	   7,8	   2,9
*	    36,8616	 1	132,90	 53,72	  -7,0	  -2,2	  10,9	  12,2	   9,1	   4,3
*	    34,8383	 1	120,38	 56,57	  -6,1	  -1,4	  11,7	  13,0	   9,9	   5,1
*	    35,8667	 1	110,84	 59,80	  -5,8	  -1,1	  12,0	  13,3	  10,2	   5,4
*	    48,2076	 1	137,80	 59,37	 -10,1	  -5,4	   7,7	   9,0	   5,9	   1,0
*	    46,1775	 1	127,04	 60,99	  -9,3	  -4,6	   8,5	   9,8	   6,7	   1,8
*	    35,9124	 1	110,16	 73,40	  -9,7	  -2,7	   4,7	   5,2	   0,3	  -6,2
*	    33,6733	 1	107,17	 73,30	  -8,6	  -1,6	   5,7	   6,3	   1,4	  -5,1
*	    31,8129	 1	104,16	 73,23	  -7,6	  -0,6	   6,7	   7,3	   2,4	  -4,1
*	    33,4529	 1	110,10	 76,23	  -8,6	  -1,6	   5,7	   6,3	   1,4	  -5,1
*	    31,0505	 1	107,12	 76,13	  -7,4	  -0,4	   7,0	   7,6	   2,7	  -3,9
*	    29,0199	 1	104,12	 76,06	  -6,2	   0,8	   8,2	   8,8	   3,9	  -2,7
*	    31,3927	 1	110,04	 79,10	  -7,7	  -0,6	   6,7	   7,3	   2,4	  -4,2
*	    28,8261	 1	107,07	 79,02	  -6,2	   0,8	   8,1	   8,7	   3,8	  -2,7
*	    26,6160	 1	104,08	 78,95	  -4,8	   2,2	   9,6	  10,1	   5,2	  -1,3
*	    29,7898	 1	109,98	 82,01	  -6,9	   0,2	   7,5	   8,1	   3,2	  -3,3
*	    27,0711	 1	107,02	 81,94	  -5,2	   1,8	   9,1	   9,7	   4,8	  -1,7
*	    24,6862	 1	104,04	 81,88	  -3,6	   3,4	  10,8	  11,4	   6,5	  -0,0
*	    28,7023	 1	109,93	 84,95	  -6,3	   0,8	   8,1	   8,7	   3,8	  -2,7
*	    25,8616	 1	106,97	 84,89	  -4,5	   2,5	   9,9	  10,5	   5,6	  -0,9
*	    23,3297	 1	104,00	 84,84	  -2,6	   4,4	  11,8	  12,3	   7,5	   1,0
*	    28,1799	 1	109,87	 87,90	  -6,0	   1,1	   8,4	   9,0	   4,1	  -2,4
*	    25,2670	 1	106,92	 87,85	  -4,1	   2,9	  10,3	  10,9	   6,0	  -0,5
*	    22,6447	 1	103,95	 87,81	  -2,1	   5,0	  12,3	  12,9	   8,0	   1,5
*	    28,2525	 1	109,81	 90,85	  -5,9	   1,1	   8,4	   9,0	   4,1	  -2,4
*	    25,3317	 1	106,87	 90,81	  -4,1	   3,0	  10,3	  10,9	   6,0	  -0,5
*	    22,6986	 1	103,91	 90,77	  -2,0	   5,0	  12,3	  12,9	   8,0	   1,6
*	    49,0101	 1	110,87	 62,95	 -12,1	  -6,1	  -0,0	   0,2	  -4,6	 -11,3
*	    47,7660	 1	108,79	 62,83	 -11,7	  -5,7	   0,4	   0,6	  -4,2	 -10,8
*	    46,6855	 1	106,70	 62,75	 -11,3	  -5,3	   0,8	   1,0	  -3,8	 -10,4
*	    45,7775	 1	104,59	 62,69	 -10,9	  -5,0	   1,1	   1,3	  -3,4	 -10,1
*	    46,5181	 1	110,82	 64,67	 -11,3	  -5,3	   0,7	   1,0	  -3,8	 -10,4
*	    45,2180	 1	108,75	 64,56	 -10,8	  -4,9	   1,2	   1,4	  -3,3	 -10,0
*	    44,0841	 1	106,66	 64,48	 -10,4	  -4,4	   1,6	   1,9	  -2,9	  -9,5
*	    43,1265	 1	104,56	 64,42	 -10,0	  -4,1	   2,0	   2,3	  -2,5	  -9,1
*	    44,1326	 1	110,78	 66,43	 -10,5	  -4,6	   1,5	   1,8	  -3,0	  -9,6
*	    42,7726	 1	108,71	 66,32	 -10,0	  -4,0	   2,1	   2,3	  -2,5	  -9,1
*	    41,5810	 1	106,63	 66,24	  -9,5	  -3,6	   2,5	   2,8	  -2,0	  -8,6
*	    40,5690	 1	104,53	 66,20	  -9,1	  -3,1	   3,0	   3,2	  -1,6	  -8,2
*	    41,8634	 1	110,74	 68,23	  -9,7	  -3,8	   2,3	   2,6	  -2,2	  -8,8
*	    40,4394	 1	108,67	 68,13	  -9,2	  -3,2	   2,9	   3,1	  -1,6	  -8,2
*	    39,1854	 1	106,59	 68,06	  -8,6	  -2,7	   3,4	   3,7	  -1,1	  -7,7
*	    38,1140	 1	104,50	 68,01	  -8,1	  -2,2	   3,9	   4,2	  -0,6	  -7,2
*	    39,7214	 1	110,70	 70,09	  -8,9	  -3,0	   3,1	   3,3	  -1,4	  -8,0
*	    38,2296	 1	108,64	 69,99	  -8,3	  -2,3	   3,8	   4,0	  -0,8	  -7,4
*	    36,9084	 1	106,56	 69,91	  -7,7	  -1,7	   4,4	   4,6	  -0,2	  -6,7
*	    35,7720	 1	104,47	 69,87	  -7,2	  -1,2	   4,9	   5,1	   0,4	  -6,2
s	    23,0718	 2	318,51	 47,21	  26,2	  33,6	  41,0	  41,7	  36,7	  30,0
*	    23,3781	 1	167,54	 58,33	 -16,1	  -9,1	  -1,7	  -1,1	  -6,0	 -12,5
*	    24,7229	 1	167,81	 54,95	 -16,7	  -9,7	  -2,3	  -1,7	  -6,6	 -13,1
*	    26,3426	 1	164,99	 68,49	 -18,7	 -11,7	  -4,3	  -3,8	  -8,6	 -15,1
*	    25,4633	 1	164,78	 71,89	 -18,4	 -11,3	  -4,0	  -3,4	  -8,3	 -14,8
*	    24,7264	 1	164,57	 75,41	 -18,1	 -11,0	  -3,7	  -3,1	  -8,0	 -14,5
*	    26,4664	 1	164,13	 76,21	 -18,9	 -11,9	  -4,5	  -3,9	  -8,8	 -15,3
*	    24,1378	 1	164,36	 79,05	 -17,8	 -10,8	  -3,4	  -2,9	  -7,7	 -14,2
*	    25,8984	 1	163,93	 79,64	 -18,7	 -11,6	  -4,3	  -3,7	  -8,6	 -15,1
*	    23,7020	 1	164,15	 82,77	 -17,6	 -10,6	  -3,3	  -2,7	  -7,6	 -14,0
*	    25,4774	 1	163,74	 83,14	 -18,5	 -11,5	  -4,1	  -3,5	  -8,4	 -14,9
*	    23,4228	 1	163,94	 86,54	 -17,5	 -10,5	  -3,2	  -2,6	  -7,5	 -13,9
*	    25,2064	 1	163,54	 86,68	 -18,4	 -11,4	  -4,0	  -3,4	  -8,3	 -14,8
s	    24,6077	 2	226,49	 48,57	  26,1	  33,4	  40,8	  41,6	  36,5	  29,8
*	    25,9074	 1	166,08	 61,65	 -17,9	 -10,8	  -3,5	  -2,9	  -7,8	 -14,3
*	    27,1675	 1	166,32	 58,48	 -18,4	 -11,4	  -4,0	  -3,4	  -8,3	 -14,8
*	    30,2324	 1	174,87	 40,81	 -13,6	  -8,8	   4,3	   5,6	   2,5	  -2,3
*	    28,2640	 1	178,92	 34,55	 -12,5	  -7,7	   5,4	   6,7	   3,6	  -1,1
*	    26,9083	 1	185,71	 27,38	 -11,5	  -6,8	   6,3	   7,6	   4,6	  -0,2
*	    26,2609	 1	198,86	 19,84	 -10,9	  -6,1	   7,0	   8,3	   5,2	   0,5
s	    26,6350	 2	 85,92	 44,39	  25,5	  32,7	  40,3	  41,2	  36,3	  29,8
s	    26,7617	 2	 90,00	 37,61	  25,4	  32,7	  40,3	  41,1	  36,3	  29,7
s	    27,0652	 3	 86,32	129,42	  24,7	  31,7	  38,7	  38,9	  33,6	  26,7
s	    27,0951	 3	323,88	139,80	  24,8	  32,4	  39,9	  40,8	  35,9	  29,3
*	    27,4671	 1	186,22	 30,71	 -15,2	  -8,2	  -0,8	  -0,2	  -5,1	 -11,6
*	    33,8451	 1	196,17	 17,06	 -16,2	 -10,3	  -4,2	  -3,9	  -8,7	 -15,2
*	    33,8215	 1	190,83	 18,87	 -16,3	 -10,3	  -4,2	  -4,0	  -8,8	 -15,3
*	    33,8647	 1	186,54	 20,75	 -16,4	 -10,4	  -4,3	  -4,1	  -8,9	 -15,4
*	    32,2211	 1	195,69	 17,80	 -15,5	  -9,6	  -3,5	  -3,2	  -8,0	 -14,5
*	    32,2075	 1	190,40	 19,69	 -15,6	  -9,7	  -3,6	  -3,3	  -8,1	 -14,6
*	    32,2626	 1	186,14	 21,66	 -15,8	  -9,8	  -3,7	  -3,4	  -8,2	 -14,7
*	    30,6195	 1	195,21	 18,62	 -14,8	  -8,9	  -2,8	  -2,5	  -7,3	 -13,8
*	    30,6171	 1	189,96	 20,59	 -14,9	  -9,0	  -2,9	  -2,6	  -7,4	 -13,9
*	    30,6853	 1	185,74	 22,63	 -15,1	  -9,1	  -3,0	  -2,8	  -7,5	 -14,0
*	    29,0415	 1	194,73	 19,50	 -14,1	  -8,1	  -2,0	  -1,8	  -6,6	 -13,1
*	    29,0516	 1	189,52	 21,56	 -14,2	  -8,3	  -2,2	  -1,9	  -6,7	 -13,2
*	    29,1344	 1	185,34	 23,70	 -14,4	  -8,4	  -2,3	  -2,1	  -6,8	 -13,3
*	    27,4883	 1	194,24	 20,48	 -13,4	  -7,4	  -1,3	  -1,1	  -5,8	 -12,3
*	    27,5125	 1	189,08	 22,64	 -13,5	  -7,5	  -1,4	  -1,2	  -5,9	 -12,4
*	    27,6113	 1	184,95	 24,87	 -13,7	  -7,7	  -1,6	  -1,4	  -6,1	 -12,6
*	    33,8875	 1	199,62	 16,13	 -16,1	 -10,2	  -4,1	  -3,8	  -8,6	 -15,1
*	    32,2587	 1	199,12	 16,82	 -15,4	  -9,5	  -3,4	  -3,1	  -7,9	 -14,4
*	    30,6518	 1	198,62	 17,58	 -14,7	  -8,8	  -2,7	  -2,4	  -7,2	 -13,7
*	    29,0677	 1	198,12	 18,41	 -14,0	  -8,0	  -1,9	  -1,7	  -6,4	 -13,0
*	    27,5079	 1	197,61	 19,34	 -13,3	  -7,3	  -1,2	  -0,9	  -5,7	 -12,2
*	    33,9241	 1	184,56	 21,81	 -16,6	 -10,6	  -4,5	  -4,3	  -9,0	 -15,6
*	    32,3293	 1	184,18	 22,75	 -15,9	 -10,0	  -3,9	  -3,6	  -8,4	 -14,9
*	    32,5032	 1	181,14	 24,75	 -16,1	 -10,1	  -4,0	  -3,8	  -8,6	 -15,1
*	    32,7413	 1	178,60	 26,74	 -16,3	 -10,3	  -4,2	  -4,0	  -8,7	 -15,3
*	    30,7601	 1	183,80	 23,77	 -15,3	  -9,3	  -3,2	  -3,0	  -7,7	 -14,2
*	    30,9498	 1	180,79	 25,85	 -15,5	  -9,5	  -3,4	  -3,2	  -7,9	 -14,4
*	    31,2049	 1	178,29	 27,90	 -15,7	  -9,7	  -3,6	  -3,4	  -8,1	 -14,6
*	    29,2180	 1	183,43	 24,88	 -14,6	  -8,6	  -2,5	  -2,3	  -7,0	 -13,5
*	    29,4249	 1	180,45	 27,04	 -14,8	  -8,8	  -2,7	  -2,5	  -7,2	 -13,7
*	    29,6984	 1	177,97	 29,16	 -15,0	  -9,0	  -2,9	  -2,7	  -7,5	 -14,0
*	    27,7047	 1	183,05	 26,10	 -13,9	  -7,9	  -1,8	  -1,6	  -6,3	 -12,8
*	    27,9303	 1	180,11	 28,33	 -14,1	  -8,1	  -2,0	  -1,8	  -6,6	 -13,1
*	    28,2239	 1	177,66	 30,52	 -14,4	  -8,4	  -2,3	  -2,1	  -6,8	 -13,3
s	    27,7512	 3	322,50	 50,33	  22,7	  31,1	  39,8	  40,8	  36,0	  29,5
s	    27,7881	 3	318,22	 43,87	  22,7	  31,1	  39,8	  40,8	  36,0	  29,5
s	    27,9201	 3	221,78	138,46	  24,7	  32,3	  39,9	  40,7	  35,9	  29,2
*	    32,9063	 1	177,42	 27,83	 -16,6	 -10,6	  -4,5	  -4,3	  -9,0	 -15,5
*	    31,3797	 1	177,12	 29,02	 -15,9	 -10,0	  -3,9	  -3,6	  -8,4	 -14,9
*	    31,7478	 1	175,26	 31,01	 -16,2	 -10,2	  -4,1	  -3,9	  -8,6	 -15,2
*	    32,1758	 1	173,68	 32,94	 -16,4	 -10,5	  -4,4	  -4,1	  -8,9	 -15,4
*	    29,8839	 1	176,82	 30,30	 -15,3	  -9,3	  -3,2	  -3,0	  -7,8	 -14,3
*	    30,2721	 1	174,98	 32,35	 -15,6	  -9,6	  -3,5	  -3,3	  -8,0	 -14,5
*	    30,7207	 1	173,42	 34,33	 -15,8	  -9,9	  -3,8	  -3,5	  -8,3	 -14,8
*	    28,4209	 1	176,52	 31,70	 -14,7	  -8,7	  -2,6	  -2,4	  -7,1	 -13,6
*	    28,8305	 1	174,71	 33,80	 -15,0	  -9,0	  -2,9	  -2,7	  -7,4	 -13,9
*	    29,3011	 1	173,17	 35,81	 -15,3	  -9,3	  -3,2	  -2,9	  -7,7	 -14,2
s	    29,2337	 3	226,75	 45,23	  22,6	  30,9	  39,6	  40,6	  35,8	  29,3
s	    29,4794	 3	229,59	 51,94	  22,5	  30,9	  39,6	  40,6	  35,8	  29,3
*	    30,9992	 1	172,68	 35,38	 -16,2	 -10,3	  -4,2	  -3,9	  -8,7	 -15,2
*	    31,5527	 1	171,47	 37,23	 -16,5	 -10,6	  -4,5	  -4,2	  -9,0	 -15,5
*	    29,5919	 1	172,44	 36,88	 -15,7	  -9,7	  -3,6	  -3,4	  -8,1	 -14,6
*	    30,1679	 1	171,25	 38,77	 -16,0	 -10,0	  -3,9	  -3,7	  -8,4	 -14,9
*	    30,7984	 1	170,22	 40,57	 -16,3	 -10,3	  -4,2	  -4,0	  -8,8	 -15,3
*	    40,9059	 1	117,83	 73,56	  -9,9	  -2,9	   4,5	   5,1	   0,1	  -6,5
*	    38,8609	 1	114,75	 73,51	  -9,0	  -2,0	   5,4	   6,0	   1,0	  -5,5
*	    37,1502	 1	111,70	 73,51	  -8,1	  -1,1	   6,2	   6,8	   1,9	  -4,7
*	    38,7189	 1	117,75	 76,46	  -9,1	  -2,1	   5,3	   5,8	   0,9	  -5,7
*	    36,5557	 1	114,68	 76,41	  -8,1	  -1,1	   6,3	   6,8	   1,9	  -4,6
*	    34,7199	 1	111,64	 76,40	  -7,1	  -0,1	   7,2	   7,8	   2,9	  -3,6
*	    36,9386	 1	117,66	 79,43	  -8,4	  -1,4	   5,9	   6,5	   1,6	  -5,0
*	    34,6652	 1	114,60	 79,36	  -7,3	  -0,3	   7,0	   7,6	   2,7	  -3,8
*	    32,7093	 1	111,58	 79,34	  -6,2	   0,8	   8,1	   8,7	   3,8	  -2,7
*	    35,6033	 1	117,58	 82,43	  -7,9	  -0,9	   6,5	   7,1	   2,1	  -4,4
*	    33,2360	 1	114,53	 82,36	  -6,7	   0,3	   7,7	   8,3	   3,3	  -3,2
*	    31,1749	 1	111,51	 82,32	  -5,5	   1,5	   8,9	   9,5	   4,6	  -2,0
*	    34,7474	 1	117,50	 85,45	  -7,5	  -0,5	   6,8	   7,4	   2,5	  -4,0
*	    32,3110	 1	114,46	 85,39	  -6,3	   0,8	   8,1	   8,7	   3,8	  -2,8
*	    30,1707	 1	111,45	 85,33	  -5,0	   2,0	   9,4	  10,0	   5,1	  -1,5
*	    34,3964	 1	117,42	 88,50	  -7,4	  -0,3	   7,0	   7,6	   2,7	  -3,9
*	    31,9235	 1	114,39	 88,41	  -6,1	   1,0	   8,3	   8,9	   4,0	  -2,6
*	    29,7406	 1	111,39	 88,35	  -4,7	   2,3	   9,6	  10,2	   5,3	  -1,2
*	    34,5635	 1	117,34	 91,52	  -7,4	  -0,4	   7,0	   7,5	   2,6	  -3,9
*	    32,0911	 1	114,32	 91,44	  -6,1	   0,9	   8,3	   8,8	   3,9	  -2,6
*	    29,9085	 1	111,32	 91,35	  -4,8	   2,3	   9,6	  10,2	   5,3	  -1,2
*	    42,4100	 1	112,78	 68,87	  -8,1	  -2,2	   3,9	   4,1	  -0,6	  -7,2
*	    43,4585	 1	114,84	 68,86	  -8,6	  -2,6	   3,5	   3,7	  -1,1	  -7,7
*	    44,6592	 1	116,92	 68,87	  -9,1	  -3,1	   3,0	   3,2	  -1,6	  -8,2
*	    46,0034	 1	118,99	 68,92	  -9,6	  -3,6	   2,5	   2,7	  -2,1	  -8,7
*	    44,5734	 1	112,83	 67,06	  -8,9	  -2,9	   3,2	   3,4	  -1,4	  -8,0
*	    45,5707	 1	114,89	 67,05	  -9,3	  -3,3	   2,8	   3,0	  -1,8	  -8,4
*	    46,7198	 1	116,97	 67,06	  -9,7	  -3,8	   2,3	   2,5	  -2,2	  -8,9
*	    48,0127	 1	119,05	 67,10	 -10,2	  -4,2	   1,8	   2,1	  -2,7	  -9,4
*	    46,8588	 1	112,87	 65,28	  -9,6	  -3,7	   2,4	   2,7	  -2,1	  -8,8
*	    47,8073	 1	114,94	 65,27	 -10,0	  -4,0	   2,1	   2,3	  -2,5	  -9,1
*	    48,9069	 1	117,02	 65,28	 -10,4	  -4,5	   1,6	   1,9	  -2,9	  -9,6
*	    50,1499	 1	119,11	 65,32	 -10,9	  -4,9	   1,2	   1,4	  -3,4	 -10,0
*	    49,2562	 1	112,92	 63,55	 -10,4	  -4,4	   1,7	   1,9	  -2,9	  -9,5
*	    50,1588	 1	114,99	 63,53	 -10,7	  -4,8	   1,3	   1,5	  -3,2	  -9,9
*	    51,2111	 1	117,08	 63,55	 -11,1	  -5,1	   1,0	   1,2	  -3,6	 -10,3
*	    52,4061	 1	119,17	 63,59	 -11,5	  -5,5	   0,6	   0,8	  -4,0	 -10,7
s	    31,1468	 3	 85,89	 41,04	  22,4	  30,7	  39,4	  40,4	  35,6	  29,1
s	    31,2369	 2	 63,65	 47,56	  25,0	  32,2	  39,8	  40,7	  35,8	  29,2
s	    32,0871	 3	343,15	 51,88	  22,3	  30,6	  39,3	  40,3	  35,5	  29,0
s	    35,5089	 3	 63,49	 44,24	  21,9	  30,2	  38,9	  40,0	  35,1	  28,6
s	    36,1444	 2	 49,54	 44,55	  26,4	  32,7	  39,0	  39,5	  34,7	  28,2
*	    36,7171	 1	120,34	 91,99	  -7,0	   0,1	   7,4	   8,0	   3,1	  -3,5
*	    38,4834	 1	123,38	 92,14	  -7,8	  -0,8	   6,5	   7,1	   2,2	  -4,4
*	    40,5338	 1	126,48	 92,27	  -8,7	  -1,7	   5,7	   6,2	   1,3	  -5,3
*	    36,4945	 1	120,43	 88,90	  -6,9	   0,1	   7,5	   8,1	   3,1	  -3,4
*	    38,2622	 1	123,48	 89,01	  -7,8	  -0,8	   6,6	   7,2	   2,3	  -4,3
*	    40,3140	 1	126,59	 89,13	  -8,7	  -1,6	   5,7	   6,3	   1,4	  -5,2
*	    36,7731	 1	120,52	 85,81	  -7,0	   0,0	   7,4	   7,9	   3,0	  -3,6
*	    38,5191	 1	123,58	 85,88	  -7,9	  -0,9	   6,5	   7,1	   2,1	  -4,4
*	    40,5514	 1	126,69	 85,97	  -8,8	  -1,7	   5,6	   6,2	   1,3	  -5,3
*	    37,5436	 1	120,61	 82,72	  -7,3	  -0,3	   7,0	   7,6	   2,7	  -3,9
*	    39,2468	 1	123,68	 82,77	  -8,1	  -1,1	   6,2	   6,8	   1,9	  -4,7
*	    41,2401	 1	126,80	 82,83	  -9,0	  -2,0	   5,4	   6,0	   1,0	  -5,6
*	    38,7855	 1	120,70	 79,66	  -7,8	  -0,8	   6,6	   7,2	   2,2	  -4,3
*	    40,4286	 1	123,78	 79,67	  -8,6	  -1,5	   5,8	   6,4	   1,5	  -5,1
*	    42,3664	 1	126,91	 79,72	  -9,4	  -2,3	   5,0	   5,6	   0,7	  -5,9
*	    40,4705	 1	120,79	 76,65	  -8,4	  -1,4	   6,0	   6,6	   1,6	  -5,0
*	    42,0407	 1	123,88	 76,63	  -9,1	  -2,1	   5,3	   5,8	   0,9	  -5,7
*	    43,9100	 1	127,02	 76,64	  -9,8	  -2,8	   4,5	   5,1	   0,2	  -6,4
*	    42,5650	 1	120,88	 73,68	  -9,1	  -2,1	   5,3	   5,8	   0,9	  -5,7
*	    44,0543	 1	123,98	 73,64	  -9,7	  -2,7	   4,6	   5,2	   0,3	  -6,4
*	    45,8464	 1	127,13	 73,63	 -10,4	  -3,4	   3,9	   4,5	  -0,4	  -7,1
*	    45,0335	 1	120,97	 70,80	  -9,9	  -2,9	   4,5	   5,0	   0,1	  -6,5
*	    46,4382	 1	124,08	 70,72	 -10,5	  -3,5	   3,9	   4,5	  -0,5	  -7,1
*	    48,1480	 1	127,24	 70,70	 -11,1	  -4,1	   3,3	   3,8	  -1,1	  -7,8
*	    56,1010	 1	126,54	 62,74	 -11,3	  -5,3	   0,8	   1,0	  -3,8	 -10,5
*	    55,1526	 1	124,43	 62,79	 -11,0	  -5,0	   1,1	   1,3	  -3,5	 -10,2
*	    54,3384	 1	122,34	 62,88	 -10,7	  -4,7	   1,4	   1,6	  -3,2	  -9,9
*	    53,6630	 1	120,28	 63,00	 -10,4	  -4,5	   1,6	   1,8	  -3,0	  -9,6
*	    53,9243	 1	126,47	 64,50	 -10,7	  -4,7	   1,3	   1,6	  -3,2	  -9,9
*	    52,9400	 1	124,36	 64,55	 -10,4	  -4,4	   1,7	   1,9	  -2,9	  -9,6
*	    52,0906	 1	122,27	 64,62	 -10,1	  -4,1	   2,0	   2,2	  -2,6	  -9,2
*	    51,3811	 1	120,22	 64,73	  -9,8	  -3,8	   2,3	   2,5	  -2,3	  -9,0
*	    51,8690	 1	126,40	 66,30	 -10,2	  -4,2	   1,9	   2,1	  -2,7	  -9,3
*	    50,8479	 1	124,29	 66,34	  -9,8	  -3,8	   2,3	   2,5	  -2,3	  -9,0
*	    49,9621	 1	122,21	 66,41	  -9,5	  -3,5	   2,6	   2,8	  -2,0	  -8,6
*	    49,2170	 1	120,16	 66,51	  -9,2	  -3,2	   2,9	   3,1	  -1,7	  -8,3
*	    49,9430	 1	126,32	 68,14	  -9,6	  -3,6	   2,4	   2,7	  -2,1	  -8,8
*	    48,8846	 1	124,22	 68,18	  -9,2	  -3,3	   2,8	   3,0	  -1,7	  -8,4
*	    47,9616	 1	122,14	 68,24	  -8,9	  -2,9	   3,2	   3,4	  -1,4	  -8,0
*	    47,1797	 1	120,10	 68,33	  -8,5	  -2,6	   3,5	   3,7	  -1,0	  -7,7
*	    48,1548	 1	126,25	 70,03	  -9,1	  -3,1	   3,0	   3,2	  -1,6	  -8,2
*	    47,0589	 1	124,15	 70,07	  -8,7	  -2,7	   3,4	   3,6	  -1,2	  -7,8
*	    46,0983	 1	122,08	 70,11	  -8,3	  -2,3	   3,8	   4,0	  -0,8	  -7,4
*	    45,2788	 1	120,04	 70,18	  -7,9	  -2,0	   4,1	   4,3	  -0,4	  -7,1
s	    36,7064	 3	355,79	 47,58	  24,7	  32,0	  39,2	  39,9	  35,0	  28,2
s	    38,6244	 3	 41,86	 46,30	  24,1	  31,4	  38,8	  39,5	  34,8	  28,2
*	    39,4658	 1	160,56	 90,00	 -16,9	  -9,9	  -2,5	  -2,0	  -6,9	 -13,5
*	    39,5613	 1	160,69	 87,57	 -16,9	  -9,9	  -2,6	  -2,0	  -6,9	 -13,5
*	    39,7747	 1	160,82	 85,14	 -17,0	 -10,0	  -2,6	  -2,0	  -7,0	 -13,6
*	    40,1053	 1	160,95	 82,72	 -17,1	 -10,1	  -2,7	  -2,1	  -7,1	 -13,7
*	    40,5518	 1	161,09	 80,33	 -17,2	 -10,2	  -2,8	  -2,3	  -7,2	 -13,8
*	    41,1125	 1	161,22	 77,97	 -17,4	 -10,4	  -3,0	  -2,4	  -7,4	 -14,0
*	    41,7852	 1	161,35	 75,65	 -17,6	 -10,5	  -3,2	  -2,6	  -7,5	 -14,2
*	    42,5673	 1	161,48	 73,36	 -17,8	 -10,8	  -3,4	  -2,9	  -7,8	 -14,4
*	    43,4560	 1	161,62	 71,13	 -18,0	 -11,0	  -3,7	  -3,1	  -8,0	 -14,7
*	    44,4481	 1	161,75	 68,96	 -18,3	 -11,3	  -4,0	  -3,4	  -8,3	 -14,9
*	    45,5402	 1	161,88	 66,83	 -18,6	 -11,6	  -4,3	  -3,7	  -8,6	 -15,3
*	    46,7288	 1	162,02	 64,78	 -19,0	 -11,9	  -4,6	  -4,0	  -9,0	 -15,6
s	    40,6873	 3	 49,32	 41,58	  23,9	  31,2	  38,6	  39,3	  34,6	  28,0
*	    40,9171	 1	127,98	 91,58	  -8,2	  -1,2	   6,1	   6,7	   1,8	  -4,8
*	    42,0331	 1	130,92	 91,75	  -8,7	  -1,7	   5,6	   6,2	   1,3	  -5,3
*	    40,8070	 1	128,09	 88,49	  -8,2	  -1,2	   6,2	   6,7	   1,8	  -4,8
*	    41,9189	 1	131,04	 88,61	  -8,7	  -1,7	   5,6	   6,2	   1,3	  -5,3
*	    43,3058	 1	134,10	 88,75	  -9,3	  -2,3	   5,1	   5,7	   0,7	  -5,9
*	    41,1230	 1	128,20	 85,38	  -8,3	  -1,3	   6,1	   6,6	   1,7	  -4,9
*	    42,2192	 1	131,16	 85,46	  -8,8	  -1,8	   5,5	   6,1	   1,2	  -5,4
*	    43,5911	 1	134,23	 85,54	  -9,4	  -2,3	   5,0	   5,6	   0,7	  -6,0
*	    41,8585	 1	128,31	 82,30	  -8,6	  -1,5	   5,8	   6,4	   1,5	  -5,1
*	    42,9283	 1	131,28	 82,32	  -9,0	  -2,0	   5,3	   5,9	   1,0	  -5,6
*	    44,2751	 1	134,35	 82,36	  -9,6	  -2,5	   4,8	   5,4	   0,4	  -6,2
*	    43,0006	 1	128,42	 79,24	  -8,9	  -1,9	   5,5	   6,0	   1,1	  -5,5
*	    44,0351	 1	131,40	 79,20	  -9,4	  -2,4	   5,0	   5,6	   0,6	  -6,0
*	    45,3477	 1	134,48	 79,20	  -9,9	  -2,9	   4,5	   5,1	   0,1	  -6,5
*	    44,5312	 1	128,53	 76,23	  -9,4	  -2,4	   5,0	   5,6	   0,6	  -6,0
*	    45,5233	 1	131,52	 76,15	  -9,8	  -2,8	   4,5	   5,1	   0,2	  -6,4
*	    46,7945	 1	134,61	 76,09	 -10,3	  -3,3	   4,1	   4,6	  -0,3	  -6,9
*	    46,4282	 1	128,64	 73,29	  -9,9	  -2,9	   4,4	   5,0	   0,1	  -6,6
*	    47,3731	 1	131,64	 73,15	 -10,3	  -3,3	   4,0	   4,6	  -0,3	  -7,0
*	    48,5975	 1	134,74	 73,06	 -10,8	  -3,8	   3,6	   4,1	  -0,8	  -7,4
*	    50,1863	 1	128,36	 68,62	  -8,8	  -2,9	   3,2	   3,4	  -1,3	  -8,0
*	    50,7115	 1	130,39	 68,47	  -9,1	  -3,1	   3,0	   3,2	  -1,6	  -8,2
*	    51,3686	 1	132,47	 68,35	  -9,3	  -3,3	   2,8	   3,0	  -1,8	  -8,5
*	    52,1541	 1	134,60	 68,24	  -9,6	  -3,6	   2,5	   2,7	  -2,1	  -8,7
*	    52,0334	 1	128,43	 66,76	  -9,3	  -3,4	   2,7	   2,9	  -1,9	  -8,5
*	    52,5351	 1	130,47	 66,59	  -9,5	  -3,6	   2,5	   2,7	  -2,1	  -8,7
*	    53,1682	 1	132,56	 66,45	  -9,8	  -3,8	   2,3	   2,5	  -2,3	  -9,0
*	    53,9293	 1	134,69	 66,33	 -10,0	  -4,1	   2,0	   2,2	  -2,6	  -9,2
*	    54,0116	 1	128,51	 64,94	  -9,9	  -3,9	   2,2	   2,4	  -2,4	  -9,1
*	    54,4902	 1	130,55	 64,76	 -10,1	  -4,1	   2,0	   2,2	  -2,6	  -9,3
*	    55,0994	 1	132,64	 64,59	 -10,3	  -4,3	   1,8	   2,0	  -2,8	  -9,5
*	    55,8362	 1	134,78	 64,46	 -10,5	  -4,5	   1,5	   1,8	  -3,0	  -9,7
*	    56,1132	 1	128,59	 63,16	 -10,4	  -4,5	   1,6	   1,8	  -2,9	  -9,6
*	    56,5692	 1	130,63	 62,96	 -10,6	  -4,6	   1,5	   1,7	  -3,1	  -9,8
*	    57,1549	 1	132,73	 62,79	 -10,8	  -4,8	   1,3	   1,5	  -3,3	 -10,0
*	    57,8675	 1	134,86	 62,65	 -11,0	  -5,1	   1,0	   1,2	  -3,6	 -10,3
*	    44,0256	 1	151,05	 89,08	  -9,3	  -2,3	   5,1	   5,7	   0,7	  -5,9
*	    42,9514	 1	153,91	 89,26	  -8,9	  -1,9	   5,4	   6,0	   1,1	  -5,5
*	    42,1629	 1	157,07	 89,46	  -8,6	  -1,6	   5,7	   6,3	   1,4	  -5,2
*	    44,3441	 1	151,25	 85,18	  -9,4	  -2,3	   5,0	   5,6	   0,7	  -6,0
*	    43,2680	 1	154,12	 85,16	  -9,0	  -2,0	   5,4	   5,9	   1,0	  -5,6
*	    42,4773	 1	157,29	 85,15	  -8,7	  -1,7	   5,7	   6,2	   1,3	  -5,3
*	    45,0681	 1	151,44	 81,30	  -9,6	  -2,5	   4,8	   5,4	   0,5	  -6,2
*	    43,9965	 1	154,33	 81,10	  -9,2	  -2,2	   5,2	   5,7	   0,8	  -5,8
*	    43,2098	 1	157,52	 80,90	  -8,9	  -1,9	   5,5	   6,0	   1,1	  -5,5
*	    46,1887	 1	151,64	 77,48	  -9,9	  -2,8	   4,5	   5,1	   0,1	  -6,5
*	    45,1276	 1	154,54	 77,10	  -9,5	  -2,5	   4,8	   5,4	   0,5	  -6,1
*	    44,3510	 1	157,75	 76,72	  -9,2	  -2,2	   5,1	   5,7	   0,8	  -5,8
*	    47,6924	 1	151,84	 73,78	 -10,3	  -3,2	   4,1	   4,7	  -0,3	  -6,9
*	    46,6474	 1	154,76	 73,23	  -9,9	  -2,9	   4,4	   5,0	   0,1	  -6,6
*	    45,8863	 1	157,98	 72,67	  -9,6	  -2,6	   4,7	   5,3	   0,4	  -6,3
*	    49,5621	 1	152,04	 70,18	 -10,7	  -3,7	   3,6	   4,2	  -0,8	  -7,4
*	    48,5380	 1	154,97	 69,48	 -10,4	  -3,4	   3,9	   4,5	  -0,4	  -7,1
*	    47,7968	 1	158,21	 68,78	 -10,2	  -3,1	   4,2	   4,8	  -0,2	  -6,8
*	    56,8952	 1	159,88	 56,53	  -9,6	  -3,6	   2,5	   2,7	  -2,1	  -8,8
*	    57,3001	 1	157,36	 57,31	  -9,7	  -3,7	   2,3	   2,6	  -2,2	  -8,9
*	    57,8589	 1	154,99	 58,10	  -9,9	  -3,9	   2,2	   2,4	  -2,4	  -9,1
*	    58,5691	 1	152,79	 58,89	 -10,1	  -4,1	   2,0	   2,2	  -2,6	  -9,3
*	    54,6115	 1	159,71	 58,90	  -9,0	  -3,0	   3,1	   3,3	  -1,5	  -8,2
*	    55,0314	 1	157,19	 59,64	  -9,1	  -3,2	   2,9	   3,1	  -1,7	  -8,4
*	    55,6062	 1	154,84	 60,39	  -9,3	  -3,4	   2,7	   2,9	  -1,9	  -8,5
*	    56,3335	 1	152,64	 61,14	  -9,5	  -3,6	   2,5	   2,7	  -2,1	  -8,8
*	    52,4860	 1	159,53	 61,38	  -8,5	  -2,5	   3,6	   3,8	  -1,0	  -7,6
*	    52,9205	 1	157,02	 62,08	  -8,6	  -2,7	   3,4	   3,7	  -1,1	  -7,8
*	    53,5109	 1	154,68	 62,78	  -8,8	  -2,8	   3,2	   3,5	  -1,3	  -8,0
*	    54,2547	 1	152,49	 63,47	  -9,0	  -3,1	   3,0	   3,2	  -1,5	  -8,2
*	    50,5290	 1	159,36	 63,99	  -7,9	  -2,0	   4,1	   4,3	  -0,5	  -7,1
*	    50,9775	 1	156,86	 64,62	  -8,1	  -2,2	   3,9	   4,2	  -0,6	  -7,3
*	    51,5827	 1	154,52	 65,27	  -8,3	  -2,4	   3,7	   4,0	  -0,8	  -7,5
*	    52,3421	 1	152,34	 65,91	  -8,5	  -2,6	   3,5	   3,7	  -1,1	  -7,7
*	    43,5592	 1	135,60	 90,76	  -9,1	  -2,1	   5,3	   5,8	   0,9	  -5,7
*	    44,0248	 1	138,45	 90,96	  -9,3	  -2,3	   5,0	   5,6	   0,7	  -5,9
*	    43,5944	 1	135,73	 87,60	  -9,1	  -2,1	   5,3	   5,8	   0,9	  -5,7
*	    44,0533	 1	138,59	 87,72	  -9,3	  -2,3	   5,0	   5,6	   0,7	  -5,9
*	    44,7768	 1	141,61	 87,85	  -9,6	  -2,6	   4,8	   5,3	   0,4	  -6,2
*	    44,0082	 1	135,86	 84,44	  -9,2	  -2,2	   5,1	   5,7	   0,8	  -5,8
*	    44,4558	 1	138,73	 84,48	  -9,5	  -2,4	   4,9	   5,5	   0,6	  -6,1
*	    45,1680	 1	141,75	 84,53	  -9,7	  -2,7	   4,6	   5,2	   0,3	  -6,3
*	    44,7948	 1	135,99	 81,30	  -9,5	  -2,4	   4,9	   5,5	   0,5	  -6,1
*	    45,2268	 1	138,87	 81,26	  -9,7	  -2,7	   4,7	   5,3	   0,3	  -6,3
*	    45,9234	 1	141,90	 81,23	  -9,9	  -2,9	   4,4	   5,0	   0,1	  -6,6
*	    45,9441	 1	136,12	 78,20	  -9,8	  -2,8	   4,6	   5,1	   0,2	  -6,4
*	    46,3570	 1	139,01	 78,08	 -10,0	  -3,0	   4,4	   4,9	   0,0	  -6,6
*	    47,0343	 1	142,06	 77,99	 -10,2	  -3,2	   4,1	   4,7	  -0,2	  -6,9
*	    47,4420	 1	136,25	 75,15	 -10,2	  -3,2	   4,2	   4,7	  -0,2	  -6,8
*	    47,8333	 1	139,15	 74,96	 -10,4	  -3,4	   4,0	   4,5	  -0,4	  -7,0
*	    48,4883	 1	142,21	 74,81	 -10,6	  -3,6	   3,7	   4,3	  -0,6	  -7,3
*	    49,2718	 1	136,38	 72,17	 -10,7	  -3,7	   3,7	   4,2	  -0,7	  -7,4
*	    49,6397	 1	139,30	 71,92	 -10,9	  -3,9	   3,5	   4,1	  -0,9	  -7,5
*	    50,2703	 1	142,36	 71,71	 -11,1	  -4,1	   3,3	   3,8	  -1,1	  -7,8
*	    59,4668	 1	142,28	 61,05	 -11,0	  -5,0	   1,1	   1,3	  -3,5	 -10,2
*	    59,1046	 1	140,12	 61,32	 -10,9	  -4,9	   1,2	   1,4	  -3,4	 -10,1
*	    58,8670	 1	138,03	 61,63	 -10,8	  -4,8	   1,3	   1,5	  -3,3	 -10,0
*	    58,7554	 1	136,00	 61,95	 -10,7	  -4,7	   1,3	   1,6	  -3,2	 -10,0
*	    57,4401	 1	142,17	 62,91	 -10,5	  -4,5	   1,6	   1,8	  -3,0	  -9,7
*	    57,0652	 1	140,02	 63,17	 -10,4	  -4,4	   1,7	   1,9	  -2,9	  -9,6
*	    56,8158	 1	137,93	 63,46	 -10,3	  -4,3	   1,8	   2,0	  -2,8	  -9,5
*	    56,6935	 1	135,91	 63,76	 -10,2	  -4,2	   1,9	   2,1	  -2,7	  -9,4
*	    55,5367	 1	142,06	 64,85	 -10,0	  -4,1	   2,0	   2,3	  -2,5	  -9,2
*	    55,1489	 1	139,92	 65,08	  -9,9	  -3,9	   2,2	   2,4	  -2,4	  -9,1
*	    54,8876	 1	137,84	 65,34	  -9,8	  -3,8	   2,3	   2,5	  -2,3	  -9,0
*	    54,7542	 1	135,82	 65,63	  -9,7	  -3,7	   2,3	   2,6	  -2,2	  -8,9
*	    53,7635	 1	141,96	 66,83	  -9,6	  -3,6	   2,5	   2,7	  -2,1	  -8,8
*	    53,3628	 1	139,81	 67,04	  -9,4	  -3,5	   2,6	   2,8	  -2,0	  -8,6
*	    53,0893	 1	137,74	 67,28	  -9,3	  -3,4	   2,7	   2,9	  -1,9	  -8,5
*	    52,9446	 1	135,73	 67,54	  -9,2	  -3,3	   2,8	   3,0	  -1,8	  -8,4
*	    52,1273	 1	141,85	 68,86	  -9,2	  -3,2	   2,9	   3,1	  -1,7	  -8,3
*	    51,7137	 1	139,71	 69,06	  -9,0	  -3,1	   3,0	   3,3	  -1,5	  -8,2
*	    51,4279	 1	137,65	 69,27	  -8,9	  -2,9	   3,2	   3,4	  -1,4	  -8,1
*	    51,2717	 1	135,63	 69,49	  -8,8	  -2,8	   3,3	   3,5	  -1,3	  -8,0
s	    44,5067	 1	146,45	 89,94	  24,6	  31,6	  39,0	  39,6	  34,6	  28,0
*	    44,6690	 1	143,27	 89,91	  -9,7	  -2,7	   4,7	   5,2	   0,3	  -6,3
*	    44,5096	 1	146,03	 90,10	  -9,7	  -2,7	   4,7	   5,2	   0,3	  -6,3
*	    44,8297	 1	143,42	 86,62	  -9,8	  -2,7	   4,6	   5,2	   0,2	  -6,4
*	    44,6646	 1	146,19	 86,71	  -9,7	  -2,7	   4,6	   5,2	   0,3	  -6,4
*	    44,7493	 1	149,15	 86,80	  -9,8	  -2,7	   4,6	   5,2	   0,2	  -6,4
*	    45,3367	 1	143,57	 83,34	  -9,9	  -2,9	   4,5	   5,0	   0,1	  -6,5
*	    45,1659	 1	146,36	 83,32	  -9,9	  -2,9	   4,5	   5,1	   0,1	  -6,5
*	    45,2446	 1	149,33	 83,31	  -9,9	  -2,9	   4,5	   5,0	   0,1	  -6,5
*	    46,1845	 1	143,72	 80,10	 -10,1	  -3,1	   4,2	   4,8	  -0,1	  -6,8
*	    46,0082	 1	146,52	 79,97	 -10,1	  -3,1	   4,3	   4,8	  -0,1	  -6,7
*	    46,0808	 1	149,50	 79,86	 -10,1	  -3,1	   4,2	   4,8	  -0,1	  -6,8
*	    47,3640	 1	143,87	 76,90	 -10,4	  -3,4	   3,9	   4,5	  -0,4	  -7,1
*	    47,1826	 1	146,68	 76,67	 -10,4	  -3,4	   3,9	   4,5	  -0,4	  -7,1
*	    47,2493	 1	149,67	 76,46	 -10,4	  -3,4	   3,9	   4,5	  -0,4	  -7,1
*	    48,8633	 1	144,03	 73,77	 -10,8	  -3,8	   3,5	   4,1	  -0,9	  -7,5
*	    48,6773	 1	146,85	 73,45	 -10,8	  -3,8	   3,5	   4,1	  -0,8	  -7,5
*	    48,7385	 1	149,85	 73,15	 -10,8	  -3,8	   3,5	   4,1	  -0,8	  -7,5
*	    50,6680	 1	144,18	 70,74	 -11,3	  -4,3	   3,0	   3,6	  -1,3	  -8,0
*	    50,4783	 1	147,01	 70,33	 -11,3	  -4,3	   3,1	   3,6	  -1,3	  -8,0
*	    50,5343	 1	150,02	 69,93	 -11,3	  -4,3	   3,1	   3,6	  -1,3	  -8,0
*	    51,7776	 1	143,89	 69,24	  -9,0	  -3,0	   3,1	   3,3	  -1,5	  -8,1
*	    51,5904	 1	145,89	 68,91	  -8,9	  -2,9	   3,1	   3,4	  -1,4	  -8,1
*	    51,5303	 1	147,99	 68,60	  -8,9	  -2,9	   3,2	   3,4	  -1,4	  -8,1
*	    51,5971	 1	150,19	 68,29	  -8,9	  -2,9	   3,1	   3,4	  -1,4	  -8,1
*	    53,3634	 1	144,00	 67,16	  -9,4	  -3,4	   2,7	   2,9	  -1,9	  -8,5
*	    53,1751	 1	146,01	 66,79	  -9,3	  -3,3	   2,7	   3,0	  -1,8	  -8,5
*	    53,1131	 1	148,11	 66,43	  -9,3	  -3,3	   2,8	   3,0	  -1,8	  -8,5
*	    53,1774	 1	150,31	 66,09	  -9,3	  -3,3	   2,7	   3,0	  -1,8	  -8,5
*	    55,0881	 1	144,11	 65,12	  -9,8	  -3,8	   2,3	   2,5	  -2,3	  -9,0
*	    54,8990	 1	146,12	 64,72	  -9,7	  -3,8	   2,3	   2,5	  -2,3	  -9,0
*	    54,8355	 1	148,23	 64,34	  -9,7	  -3,8	   2,3	   2,5	  -2,3	  -8,9
*	    54,8975	 1	150,44	 63,96	  -9,7	  -3,8	   2,3	   2,5	  -2,3	  -8,9
*	    56,9449	 1	144,22	 63,15	 -10,2	  -4,3	   1,8	   2,0	  -2,8	  -9,5
*	    56,7555	 1	146,24	 62,72	 -10,2	  -4,2	   1,9	   2,1	  -2,7	  -9,4
*	    56,6907	 1	148,35	 62,30	 -10,2	  -4,2	   1,9	   2,1	  -2,7	  -9,4
*	    56,7505	 1	150,57	 61,91	 -10,2	  -4,2	   1,9	   2,1	  -2,7	  -9,4
*	    58,9273	 1	144,33	 61,24	 -10,7	  -4,7	   1,3	   1,6	  -3,3	 -10,0
*	    58,7379	 1	146,36	 60,79	 -10,7	  -4,7	   1,4	   1,6	  -3,2	  -9,9
*	    58,6721	 1	148,47	 60,35	 -10,7	  -4,7	   1,4	   1,6	  -3,2	  -9,9
*	    58,7299	 1	150,69	 59,93	 -10,7	  -4,7	   1,4	   1,6	  -3,2	  -9,9
*	    61,0286	 1	144,44	 59,40	 -11,2	  -5,2	   0,8	   1,1	  -3,8	 -10,5
*	    60,8395	 1	146,47	 58,92	 -11,2	  -5,2	   0,9	   1,1	  -3,7	 -10,4
*	    60,7729	 1	148,60	 58,45	 -11,2	  -5,2	   0,9	   1,1	  -3,7	 -10,4
*	    60,8288	 1	150,82	 58,00	 -11,2	  -5,2	   0,9	   1,1	  -3,7	 -10,4
s	    48,5918	 3	 97,86	 92,17	  20,3	  28,1	  35,9	  34,7	  28,5	  21,6
s	    50,0470	 2	143,62	 89,71	  21,5	  29,6	  38,0	  38,8	  33,9	  27,3
s	    51,5728	 3	268,53	 94,90	  18,8	  27,9	  37,4	  38,5	  33,6	  27,0
s	    61,1000	 3	148,25	 56,61	  22,1	  29,4	  36,9	  37,5	  32,8	  26,1
s	    69,5764	 3	152,38	 58,96	  21,5	  28,8	  36,2	  36,9	  32,1	  25,3
s	    78,9968	 2	101,00	 88,07	  20,6	  27,3	  34,0	  32,5	  26,2	  19,1
s	    80,6612	 3	310,64	 93,76	  17,9	  25,6	  33,4	  32,2	  25,9	  18,9
s	    82,3188	 3	212,56	 93,02	  17,8	  25,5	  33,3	  32,1	  25,8	  18,7
s	    91,2410	 3	102,24	 87,97	  17,9	  25,6	  33,5	  33,6	  28,2	  20,9
s	    91,5871	 3	101,47	 87,96	  17,8	  25,6	  33,5	  33,6	  28,2	  20,9
s	   102,1889	 3	 65,84	 88,10	  16,6	  24,3	  32,1	  30,9	  24,5	  17,3
s	   116,1830	 3	102,30	 68,57	  18,7	  25,9	  33,3	  34,0	  29,1	  22,0
s	   124,8607	 3	149,58	 89,29	  15,4	  23,1	  30,9	  29,6	  23,3	  15,9
s	   126,7965	 3	140,21	 88,84	  15,3	  23,0	  30,8	  29,5	  23,2	  15,8
#END
