#HEADER
CATT-Acoustic v8.0b    Copyright © CATT 1988-2003

 Project                : Auditorio

 GEOMETRICAL INFORMATION
 Src id and loc     [m] :   A1          -9,000        0,000        0,000
 Rec id and loc     [m] :   82           7,000        0,000        1,000

 82       46,6941

 VARIABLE SOURCE DATA
 Directivity
   Type (library)       :  OMNI.SD0
   Dir. Index (DI) [dB] :       0,0      0,0      0,0      0,0      0,0      0,0
 Level
   On axis 1m      [dB] :      58,0     64,0     70,3     70,7     65,9     59,9
   Total power     [dB] :      68,9     74,9     81,2     81,6     76,8     70,8
   Auxiliary delay [ms] :       0,0

 VARIABLE AIR DATA
 Temperature       [°C] :      20
 Relative humidity  [%] :      50
 Density        [kg/m³] :       1,2
 Sound speed      [m/s] :     343
 Impedance      [Ns/m³] :     412
 Diss. coeff. [0.001/m] :      0,10     0,30     0,63     1,07     2,28     6,83      (estimated)

#DATAFIELDS
 TYPE DELAY ORDER AZIMUTH ELEVATION SPL125 SPL250 SPL500 SPL1K SPL2K SPL4K
#DATA
d	     0,0000	 0	 90,00	 90,00	  33,9	  39,9	  46,2	  46,5	  41,6	  35,3
*	    17,5325	 1	113,26	 94,52	 -12,9	  -5,8	   1,5	   2,1	  -2,7	  -9,2
*	    12,1795	 1	108,21	 94,67	  -9,4	  -2,4	   5,0	   5,6	   0,7	  -5,7
*	    15,1750	 1	106,65	 93,98	  -9,7	  -2,7	   4,7	   5,3	   0,4	  -6,0
*	     7,4035	 1	102,86	 94,80	  -5,5	   1,6	   8,9	   9,5	   4,7	  -1,7
*	    10,1534	 1	101,72	 94,06	  -5,1	   2,0	   9,3	   9,9	   5,1	  -1,3
*	     3,5279	 1	 97,27	 94,89	  -1,0	   6,0	  13,4	  14,0	   9,1	   2,8
*	     5,7286	 1	 96,62	 94,13	   1,2	   8,2	  15,6	  16,2	  11,3	   5,0
*	    10,3895	 1	 96,06	 93,48	  -1,0	   6,0	  13,4	  14,0	   9,1	   2,8
*	     1,3776	 1	 91,54	 94,92	   2,3	   9,4	  16,7	  17,3	  12,5	   6,2
*	     2,7505	 1	 91,40	 94,15	   8,5	  15,5	  22,9	  23,5	  18,6	  12,3
*	     7,7691	 1	 91,28	 93,51	   4,5	  11,6	  18,9	  19,5	  14,7	   8,3
*	     2,0809	 1	 85,77	 94,90	   1,1	   8,2	  15,5	  16,1	  11,3	   5,0
*	     3,8220	 1	 86,15	 94,13	   5,3	  12,4	  19,7	  20,3	  15,5	   9,2
*	     8,6749	 1	 86,48	 93,50	   2,3	   9,4	  16,7	  17,3	  12,5	   6,1
*	     5,1849	 1	 80,09	 94,84	  -3,1	   3,9	  11,3	  11,9	   7,0	   0,7
*	     7,6915	 1	 80,98	 94,10	  -2,0	   5,0	  12,4	  13,0	   8,2	   1,8
*	     9,5415	 1	 74,60	 94,75	  -7,4	  -0,4	   7,0	   7,6	   2,7	  -3,6
*	    12,4326	 1	 75,95	 94,03	  -7,4	  -0,4	   7,0	   7,6	   2,7	  -3,6
*	    14,6109	 1	 69,39	 94,61	 -11,1	  -4,1	   3,3	   3,9	  -1,0	  -7,4
*	    17,6608	 1	 71,13	 93,93	 -11,5	  -4,5	   2,9	   3,5	  -1,4	  -7,8
*	    20,1783	 1	 64,50	 94,44	 -14,3	  -7,3	   0,1	   0,7	  -4,2	 -10,6
*	     7,0724	 1	236,29	 79,68	   7,2	  14,2	  21,6	  22,2	  17,3	  11,0
*	     6,4191	 1	261,09	 77,74	   9,4	  16,4	  23,8	  24,4	  19,6	  13,2
*	     7,8747	 1	237,12	 59,33	   5,1	  12,2	  19,5	  20,1	  15,3	   8,9
*	     7,3204	 1	261,36	 54,97	   6,7	  13,7	  21,1	  21,7	  16,8	  10,5
*	     9,1344	 1	237,91	 45,38	   2,3	   9,4	  16,7	  17,3	  12,5	   6,1
*	     8,6838	 1	261,62	 40,86	   3,3	  10,3	  17,7	  18,3	  13,4	   7,1
*	    10,6652	 1	238,66	 36,25	  -0,4	   6,6	  14,0	  14,6	   9,7	   3,3
*	    10,2932	 1	261,86	 32,24	   0,2	   7,2	  14,6	  15,2	  10,3	   4,0
*	    12,3645	 1	239,39	 30,11	  -2,9	   4,1	  11,5	  12,1	   7,2	   0,8
*	    12,0488	 1	262,08	 26,67	  -2,5	   4,5	  11,9	  12,5	   7,6	   1,3
*	    14,1805	 1	240,08	 25,78	  -5,2	   1,9	   9,2	   9,8	   5,0	  -1,4
*	    13,9059	 1	262,30	 22,84	  -4,8	   2,2	   9,6	  10,1	   5,3	  -1,1
*	    16,0857	 1	240,75	 22,61	  -7,1	  -0,1	   7,3	   7,9	   3,0	  -3,4
*	    15,8420	 1	262,51	 20,06	  -6,9	   0,1	   7,5	   8,1	   3,2	  -3,2
*	    16,3121	 1	299,17	 22,29	  -7,3	  -0,3	   7,0	   7,6	   2,8	  -3,6
*	    16,0725	 1	277,46	 19,79	  -7,1	  -0,1	   7,3	   7,9	   3,0	  -3,4
*	    14,3975	 1	299,84	 25,36	  -5,4	   1,6	   9,0	   9,6	   4,7	  -1,7
*	    14,1281	 1	277,67	 22,47	  -5,1	   1,9	   9,3	   9,9	   5,0	  -1,4
*	    12,5699	 1	300,53	 29,52	  -3,2	   3,8	  11,2	  11,8	   6,9	   0,5
*	    12,2609	 1	277,88	 26,15	  -2,8	   4,2	  11,6	  12,2	   7,3	   1,0
*	    10,8548	 1	301,25	 35,41	  -0,7	   6,3	  13,7	  14,2	   9,4	   3,0
*	    10,4916	 1	278,11	 31,46	  -0,1	   6,9	  14,3	  14,9	  10,0	   3,6
*	     9,3002	 1	302,00	 44,10	   2,0	   9,0	  16,4	  17,0	  12,1	   5,8
*	     8,8615	 1	278,35	 39,62	   2,9	   9,9	  17,3	  17,9	  13,1	   6,7
*	     8,0008	 1	302,79	 57,37	   4,8	  11,8	  19,2	  19,8	  15,0	   8,6
*	     7,4610	 1	278,60	 52,92	   6,3	  13,3	  20,7	  21,3	  16,4	  10,1
*	     7,1327	 1	303,61	 76,98	   7,0	  14,1	  21,4	  22,0	  17,2	  10,8
*	     6,4896	 1	278,87	 74,60	   9,2	  16,2	  23,6	  24,2	  19,3	  13,0
s	     7,3129	 1	 90,99	 89,52	  29,6	  36,6	  44,0	  44,6	  39,7	  33,4
*	    23,5076	 1	 97,23	 70,67	  -7,4	  -0,4	   7,0	   7,6	   2,7	  -3,7
*	    22,8908	 1	 93,71	 70,69	  -6,9	   0,1	   7,5	   8,1	   3,2	  -3,2
*	    22,9519	 1	 90,20	 70,76	  -6,8	   0,2	   7,6	   8,2	   3,3	  -3,2
*	    20,0048	 1	 97,21	 73,94	  -5,1	   2,0	   9,3	   9,9	   5,0	  -1,4
*	    19,2561	 1	 93,69	 73,94	  -4,4	   2,7	  10,0	  10,6	   5,7	  -0,7
*	    19,2791	 1	 90,20	 74,00	  -4,2	   2,8	  10,2	  10,8	   5,9	  -0,5
*	    16,7885	 1	 97,18	 77,28	  -2,5	   4,5	  11,9	  12,5	   7,6	   1,2
*	    15,8539	 1	 93,68	 77,28	  -1,4	   5,6	  13,0	  13,6	   8,7	   2,3
*	    15,8184	 1	 90,20	 77,33	  -1,1	   5,9	  13,2	  13,8	   9,0	   2,6
*	    13,9531	 1	 97,15	 80,69	   0,3	   7,4	  14,7	  15,3	  10,5	   4,1
*	    12,7481	 1	 93,66	 80,68	   2,1	   9,1	  16,4	  17,0	  12,2	   5,8
*	    12,6182	 1	 90,20	 80,71	   2,6	   9,6	  17,0	  17,6	  12,7	   6,3
*	    11,6831	 1	 97,13	 84,15	   3,3	  10,3	  17,6	  18,2	  13,4	   7,0
*	    10,0907	 1	 93,65	 84,13	   6,1	  13,2	  20,5	  21,1	  16,3	   9,9
*	     9,8011	 1	 90,20	 84,13	   7,2	  14,3	  21,6	  22,2	  17,4	  11,0
*	    10,3244	 1	 97,10	 87,61	   5,5	  12,5	  19,9	  20,5	  15,6	   9,3
*	     8,2982	 1	 93,64	 87,59	  10,1	  17,1	  24,5	  25,1	  20,3	  13,9
*	     7,7734	 1	 90,20	 87,57	  12,4	  19,4	  26,7	  27,3	  22,5	  16,1
*	    10,3107	 1	 97,07	 91,07	   5,8	  12,8	  20,2	  20,8	  15,9	   9,5
*	     8,2098	 1	 93,62	 91,04	  10,7	  17,8	  25,1	  25,7	  20,9	  14,5
*	     7,6342	 1	 90,19	 91,01	  13,3	  20,3	  27,7	  28,3	  23,4	  17,1
*	    39,5558	 1	 97,90	 58,84	 -12,6	  -6,6	  -0,5	  -0,3	  -5,0	 -11,6
*	    39,2191	 1	 95,42	 58,83	 -12,4	  -6,4	  -0,3	  -0,1	  -4,9	 -11,4
*	    39,1036	 1	 92,96	 58,88	 -12,3	  -6,4	  -0,3	  -0,0	  -4,8	 -11,3
*	    39,2120	 1	 90,50	 58,97	 -12,3	  -6,4	  -0,3	  -0,0	  -4,8	 -11,4
*	    36,6012	 1	 97,88	 60,74	 -11,4	  -5,5	   0,6	   0,9	  -3,9	 -10,4
*	    36,2384	 1	 95,41	 60,75	 -11,3	  -5,3	   0,8	   1,0	  -3,7	 -10,2
*	    36,1082	 1	 92,95	 60,78	 -11,2	  -5,2	   0,9	   1,1	  -3,6	 -10,1
*	    36,2142	 1	 90,50	 60,87	 -11,2	  -5,2	   0,9	   1,1	  -3,6	 -10,2
*	    33,7209	 1	 97,86	 62,72	 -10,3	  -4,3	   1,8	   2,1	  -2,7	  -9,2
*	    33,3278	 1	 95,40	 62,72	 -10,0	  -4,1	   2,0	   2,3	  -2,5	  -9,0
*	    33,1802	 1	 92,94	 62,75	  -9,9	  -4,0	   2,1	   2,4	  -2,4	  -8,9
*	    33,2828	 1	 90,50	 62,84	  -9,9	  -4,0	   2,1	   2,4	  -2,4	  -8,9
*	    30,9206	 1	 97,84	 64,75	  -9,0	  -3,0	   3,1	   3,3	  -1,4	  -7,9
*	    30,4921	 1	 95,38	 64,75	  -8,8	  -2,8	   3,3	   3,5	  -1,2	  -7,7
*	    30,3238	 1	 92,93	 64,78	  -8,6	  -2,7	   3,4	   3,7	  -1,1	  -7,6
*	    30,4218	 1	 90,49	 64,86	  -8,6	  -2,7	   3,4	   3,7	  -1,1	  -7,6
*	    28,2070	 1	 97,82	 66,85	  -7,7	  -1,7	   4,4	   4,6	  -0,1	  -6,6
*	    27,7367	 1	 95,37	 66,84	  -7,4	  -1,4	   4,7	   4,9	   0,2	  -6,3
*	    27,5435	 1	 92,92	 66,88	  -7,3	  -1,3	   4,8	   5,1	   0,3	  -6,1
*	    27,6352	 1	 90,49	 66,94	  -7,2	  -1,3	   4,8	   5,1	   0,3	  -6,1
s	     7,3592	 1	 88,94	 89,51	  29,6	  36,6	  44,0	  44,6	  39,7	  33,4
*	    22,8564	 1	 88,12	 70,73	  -6,8	   0,3	   7,6	   8,2	   3,3	  -3,1
*	    23,0976	 1	 84,59	 70,67	  -7,0	  -0,0	   7,3	   7,9	   3,1	  -3,4
*	    23,9951	 1	 81,05	 70,69	  -7,7	  -0,7	   6,7	   7,3	   2,4	  -4,1
*	    19,1894	 1	 88,13	 73,97	  -4,2	   2,8	  10,2	  10,8	   5,9	  -0,5
*	    19,5157	 1	 84,61	 73,93	  -4,6	   2,4	   9,8	  10,4	   5,5	  -0,9
*	    20,5776	 1	 81,08	 73,95	  -5,5	   1,5	   8,9	   9,5	   4,6	  -1,8
*	    15,7388	 1	 88,13	 77,30	  -1,1	   5,9	  13,2	  13,8	   9,0	   2,6
*	    16,1899	 1	 84,63	 77,27	  -1,8	   5,2	  12,6	  13,2	   8,3	   1,9
*	    17,4753	 1	 81,12	 77,30	  -3,1	   3,9	  11,2	  11,8	   7,0	   0,6
*	    12,5562	 1	 88,14	 80,70	   2,5	   9,6	  16,9	  17,5	  12,7	   6,3
*	    13,1994	 1	 84,65	 80,69	   1,4	   8,4	  15,8	  16,4	  11,5	   5,1
*	    14,7916	 1	 81,15	 80,70	  -0,6	   6,4	  13,8	  14,3	   9,5	   3,1
*	     9,7712	 1	 88,15	 84,13	   7,1	  14,1	  21,5	  22,1	  17,2	  10,8
*	    10,7177	 1	 84,67	 84,14	   4,9	  11,9	  19,3	  19,9	  15,0	   8,7
*	    12,7087	 1	 81,18	 84,16	   1,8	   8,8	  16,2	  16,8	  11,9	   5,5
*	     7,7955	 1	 88,15	 87,58	  11,9	  19,0	  26,3	  26,9	  22,1	  15,7
*	     9,1405	 1	 84,69	 87,60	   8,0	  15,0	  22,3	  22,9	  18,1	  11,7
*	    11,5185	 1	 81,22	 87,62	   3,5	  10,5	  17,9	  18,5	  13,6	   7,2
*	     7,6698	 1	 88,16	 91,02	  12,7	  19,8	  27,1	  27,7	  22,9	  16,5
*	     9,0924	 1	 84,71	 91,06	   8,4	  15,4	  22,8	  23,4	  18,5	  12,1
*	    11,5302	 1	 81,25	 91,08	   3,7	  10,7	  18,1	  18,7	  13,8	   7,4
*	    27,4221	 1	 81,91	 67,52	  -7,3	  -1,3	   4,8	   5,0	   0,3	  -6,2
*	    26,9246	 1	 84,35	 67,51	  -7,0	  -1,0	   5,1	   5,3	   0,6	  -5,9
*	    26,7086	 1	 86,80	 67,54	  -6,8	  -0,8	   5,3	   5,5	   0,8	  -5,7
*	    26,7834	 1	 89,21	 67,61	  -6,8	  -0,8	   5,3	   5,6	   0,8	  -5,6
*	    30,1021	 1	 81,88	 65,40	  -8,6	  -2,6	   3,5	   3,7	  -1,0	  -7,5
*	    29,6500	 1	 84,33	 65,40	  -8,3	  -2,4	   3,7	   4,0	  -0,8	  -7,3
*	    29,4621	 1	 86,79	 65,44	  -8,2	  -2,2	   3,9	   4,1	  -0,6	  -7,1
*	    29,5456	 1	 89,21	 65,51	  -8,2	  -2,2	   3,9	   4,1	  -0,6	  -7,1
*	    32,8720	 1	 81,86	 63,35	  -9,9	  -3,9	   2,2	   2,4	  -2,3	  -8,8
*	    32,4581	 1	 84,32	 63,34	  -9,6	  -3,7	   2,4	   2,7	  -2,1	  -8,6
*	    32,2936	 1	 86,78	 63,38	  -9,5	  -3,5	   2,6	   2,8	  -2,0	  -8,5
*	    32,3836	 1	 89,21	 63,46	  -9,5	  -3,5	   2,6	   2,8	  -2,0	  -8,5
*	    35,7244	 1	 81,84	 61,35	 -11,1	  -5,1	   1,0	   1,2	  -3,5	 -10,0
*	    35,3434	 1	 84,30	 61,35	 -10,9	  -4,9	   1,2	   1,4	  -3,3	  -9,8
*	    35,1983	 1	 86,77	 61,39	 -10,8	  -4,8	   1,3	   1,5	  -3,2	  -9,7
*	    35,2934	 1	 89,21	 61,48	 -10,8	  -4,8	   1,3	   1,5	  -3,2	  -9,7
*	    38,6535	 1	 81,82	 59,42	 -12,2	  -6,2	  -0,1	   0,1	  -4,7	 -11,2
*	    38,3007	 1	 84,28	 59,42	 -12,0	  -6,1	   0,0	   0,3	  -4,5	 -11,0
*	    38,1720	 1	 86,76	 59,47	 -12,0	  -6,0	   0,1	   0,3	  -4,4	 -11,0
*	    38,2708	 1	 89,21	 59,55	 -12,0	  -6,0	   0,1	   0,3	  -4,4	 -11,0
*	    17,4493	 1	322,71	 30,89	  -8,4	  -1,4	   5,9	   6,5	   1,7	  -4,8
*	    16,7108	 1	311,95	 25,78	  -7,8	  -0,8	   6,6	   7,2	   2,3	  -4,1
*	    15,6606	 1	323,45	 34,98	  -6,8	   0,2	   7,6	   8,2	   3,3	  -3,1
*	    14,8434	 1	312,72	 29,34	  -5,9	   1,1	   8,4	   9,0	   4,2	  -2,2
*	    13,9916	 1	324,20	 40,22	  -5,0	   2,0	   9,4	  10,0	   5,1	  -1,3
*	    13,0766	 1	313,51	 34,04	  -3,9	   3,1	  10,5	  11,1	   6,2	  -0,2
*	    12,4771	 1	324,96	 47,04	  -3,2	   3,8	  11,2	  11,8	   6,9	   0,6
*	    11,4414	 1	314,33	 40,48	  -1,7	   5,3	  12,7	  13,3	   8,4	   2,0
*	    11,1704	 1	325,74	 55,99	  -1,4	   5,6	  13,0	  13,6	   8,8	   2,4
*	     9,9909	 1	315,17	 49,51	   0,6	   7,6	  15,0	  15,6	  10,7	   4,4
*	    10,1491	 1	326,53	 67,54	   0,2	   7,2	  14,6	  15,2	  10,3	   4,0
*	     8,8167	 1	316,03	 62,26	   2,8	   9,9	  17,2	  17,8	  13,0	   6,6
*	     9,5101	 1	327,34	 81,63	   1,3	   8,3	  15,7	  16,2	  11,4	   5,0
*	     8,0597	 1	316,92	 79,32	   4,4	  11,4	  18,8	  19,4	  14,6	   8,2
*	    16,8378	 1	225,58	 26,75	  -7,9	  -0,9	   6,5	   7,1	   2,2	  -4,2
*	    17,6234	 1	215,67	 31,91	  -8,6	  -1,6	   5,8	   6,4	   1,5	  -4,9
*	    14,9843	 1	224,81	 30,41	  -6,1	   0,9	   8,3	   8,9	   4,0	  -2,4
*	    15,8518	 1	214,95	 36,09	  -7,0	   0,1	   7,4	   8,0	   3,1	  -3,3
*	    13,2353	 1	224,02	 35,25	  -4,1	   2,9	  10,3	  10,9	   6,0	  -0,4
*	    14,2034	 1	214,22	 41,39	  -5,3	   1,8	   9,1	   9,7	   4,9	  -1,5
*	    11,6226	 1	223,20	 41,79	  -2,0	   5,0	  12,4	  13,0	   8,1	   1,8
*	    12,7132	 1	213,48	 48,24	  -3,5	   3,5	  10,9	  11,5	   6,6	   0,2
*	    10,2000	 1	222,37	 50,85	   0,2	   7,3	  14,6	  15,2	  10,4	   4,0
*	    11,4339	 1	212,72	 57,12	  -1,8	   5,2	  12,6	  13,2	   8,4	   2,0
*	     9,0572	 1	221,51	 63,39	   2,3	   9,3	  16,7	  17,3	  12,4	   6,1
*	    10,4397	 1	211,94	 68,41	  -0,3	   6,7	  14,1	  14,7	   9,8	   3,5
*	     8,3258	 1	220,63	 79,84	   3,8	  10,8	  18,2	  18,8	  13,9	   7,6
*	     9,8200	 1	211,16	 81,99	   0,7	   7,7	  15,1	  15,7	  10,8	   4,5
*	    19,3674	 1	333,76	 40,01	 -10,2	  -3,1	   4,2	   4,8	  -0,1	  -6,5
*	    18,2176	 1	328,61	 35,08	  -9,2	  -2,2	   5,2	   5,7	   0,9	  -5,5
*	    17,7459	 1	334,35	 44,60	  -8,8	  -1,8	   5,5	   6,1	   1,3	  -5,2
*	    16,5017	 1	329,28	 39,46	  -7,7	  -0,7	   6,7	   7,3	   2,4	  -4,0
*	    16,2698	 1	334,94	 50,13	  -7,5	  -0,5	   6,9	   7,4	   2,6	  -3,8
*	    14,9189	 1	329,96	 44,93	  -6,2	   0,9	   8,2	   8,8	   3,9	  -2,5
*	    14,9719	 1	335,54	 56,79	  -6,3	   0,8	   8,1	   8,7	   3,8	  -2,5
*	    13,5043	 1	330,65	 51,78	  -4,6	   2,4	   9,8	  10,4	   5,5	  -0,9
*	    13,8934	 1	336,14	 64,74	  -5,1	   1,9	   9,3	   9,9	   5,0	  -1,4
*	    12,3069	 1	331,35	 60,37	  -3,2	   3,9	  11,2	  11,8	   7,0	   0,6
*	    13,0820	 1	336,75	 73,95	  -4,2	   2,8	  10,2	  10,8	   5,9	  -0,5
*	    11,3902	 1	332,05	 70,84	  -1,9	   5,1	  12,5	  13,1	   8,2	   1,8
*	    12,5842	 1	337,37	 84,20	  -3,7	   3,4	  10,7	  11,3	   6,5	   0,1
*	    10,8240	 1	332,77	 82,98	  -1,2	   5,9	  13,2	  13,8	   9,0	   2,6
*	    18,4304	 1	210,24	 36,08	  -9,4	  -2,4	   5,0	   5,6	   0,7	  -5,7
*	    19,6168	 1	205,44	 40,92	 -10,4	  -3,3	   4,0	   4,6	  -0,2	  -6,7
*	    16,7328	 1	209,59	 40,51	  -7,9	  -0,9	   6,4	   7,0	   2,2	  -4,2
*	    18,0137	 1	204,87	 45,52	  -9,1	  -2,0	   5,3	   5,9	   1,0	  -5,4
*	    15,1712	 1	208,93	 46,00	  -6,4	   0,6	   8,0	   8,5	   3,7	  -2,7
*	    16,5579	 1	204,29	 51,05	  -7,8	  -0,8	   6,6	   7,2	   2,3	  -4,1
*	    13,7803	 1	208,26	 52,85	  -4,9	   2,1	   9,4	  10,0	   5,2	  -1,2
*	    15,2813	 1	203,70	 57,65	  -6,6	   0,4	   7,8	   8,4	   3,5	  -2,9
*	    12,6077	 1	207,58	 61,31	  -3,5	   3,5	  10,8	  11,4	   6,6	   0,2
*	    14,2237	 1	203,11	 65,46	  -5,5	   1,5	   8,9	   9,5	   4,6	  -1,8
*	    11,7138	 1	206,89	 71,52	  -2,4	   4,6	  12,0	  12,6	   7,7	   1,4
*	    13,4300	 1	202,52	 74,46	  -4,6	   2,4	   9,7	  10,3	   5,5	  -0,9
*	    11,1626	 1	206,20	 83,26	  -1,7	   5,3	  12,7	  13,3	   8,5	   2,1
*	    12,9434	 1	201,92	 84,40	  -4,1	   2,9	  10,3	  10,9	   6,0	  -0,4
*	    16,6184	 1	 73,77	 93,75	  -1,7	   5,4	  12,7	  13,3	   8,4	   2,0
*	    14,4303	 1	 77,24	 93,63	   0,9	   7,9	  15,3	  15,9	  11,0	   4,6
*	    12,6759	 1	 80,63	 93,51	   3,7	  10,7	  18,1	  18,7	  13,8	   7,5
*	    15,9560	 1	 73,71	 90,25	  -1,2	   5,8	  13,2	  13,7	   8,9	   2,5
*	    13,6816	 1	 77,19	 90,16	   1,5	   8,5	  15,9	  16,5	  11,6	   5,2
*	    11,8037	 1	 80,60	 90,07	   4,7	  11,7	  19,1	  19,6	  14,8	   8,4
*	    16,1341	 1	 73,64	 86,71	  -1,5	   5,6	  12,9	  13,5	   8,6	   2,2
*	    13,9268	 1	 77,14	 86,65	   1,1	   8,2	  15,5	  16,1	  11,2	   4,9
*	    12,1457	 1	 80,56	 86,61	   4,0	  11,1	  18,4	  19,0	  14,2	   7,8
*	    17,1170	 1	 73,58	 83,17	  -2,3	   4,7	  12,1	  12,7	   7,8	   1,4
*	    15,0998	 1	 77,09	 83,14	  -0,1	   6,9	  14,3	  14,9	  10,0	   3,6
*	    13,5718	 1	 80,53	 83,14	   2,2	   9,2	  16,6	  17,2	  12,3	   5,9
*	    18,8021	 1	 73,52	 79,66	  -3,6	   3,5	  10,8	  11,4	   6,5	   0,1
*	    17,0290	 1	 77,05	 79,66	  -1,8	   5,2	  12,6	  13,2	   8,3	   1,9
*	    15,7889	 1	 80,49	 79,70	  -0,1	   6,9	  14,3	  14,9	  10,0	   3,6
*	    21,0658	 1	 73,45	 76,20	  -5,0	   2,0	   9,3	   9,9	   5,0	  -1,4
*	    19,5361	 1	 77,00	 76,24	  -3,7	   3,3	  10,7	  11,3	   6,4	  -0,0
*	    18,5520	 1	 80,46	 76,31	  -2,5	   4,5	  11,9	  12,5	   7,6	   1,2
*	    23,7969	 1	 73,39	 72,82	  -6,6	   0,4	   7,7	   8,3	   3,4	  -3,0
*	    22,4842	 1	 76,95	 72,88	  -5,6	   1,4	   8,8	   9,4	   4,5	  -1,9
*	    21,7079	 1	 80,42	 72,99	  -4,7	   2,3	   9,6	  10,2	   5,4	  -1,1
*	    26,9080	 1	 73,33	 69,53	  -8,3	  -1,2	   6,1	   6,7	   1,8	  -4,7
*	    25,7793	 1	 76,90	 69,61	  -7,4	  -0,4	   6,9	   7,5	   2,6	  -3,8
*	    25,1665	 1	 80,38	 69,75	  -6,8	   0,2	   7,6	   8,1	   3,3	  -3,2
*	    39,8706	 1	 79,35	 58,74	 -11,1	  -5,2	   0,9	   1,2	  -3,6	 -10,2
*	    40,0787	 1	 76,91	 58,58	 -11,3	  -5,3	   0,8	   1,0	  -3,8	 -10,3
*	    40,4893	 1	 74,42	 58,46	 -11,5	  -5,5	   0,6	   0,8	  -4,0	 -10,5
*	    41,0953	 1	 71,91	 58,39	 -11,8	  -5,8	   0,3	   0,5	  -4,3	 -10,8
*	    36,9563	 1	 79,38	 60,65	 -10,0	  -4,1	   2,0	   2,3	  -2,5	  -9,0
*	    37,1968	 1	 76,94	 60,50	 -10,2	  -4,3	   1,8	   2,1	  -2,7	  -9,2
*	    37,6475	 1	 74,47	 60,39	 -10,5	  -4,5	   1,6	   1,8	  -2,9	  -9,5
*	    38,3001	 1	 71,96	 60,33	 -10,8	  -4,8	   1,3	   1,5	  -3,3	  -9,8
*	    34,1213	 1	 79,41	 62,64	  -8,9	  -2,9	   3,2	   3,4	  -1,4	  -7,9
*	    34,3995	 1	 76,98	 62,48	  -9,1	  -3,2	   2,9	   3,2	  -1,6	  -8,1
*	    34,8961	 1	 74,51	 62,38	  -9,4	  -3,5	   2,6	   2,9	  -1,9	  -8,4
*	    35,6010	 1	 72,01	 62,33	  -9,8	  -3,8	   2,3	   2,5	  -2,3	  -8,8
*	    31,3725	 1	 79,44	 64,66	  -7,7	  -1,7	   4,4	   4,6	  -0,2	  -6,6
*	    31,6948	 1	 77,01	 64,53	  -8,0	  -2,0	   4,1	   4,3	  -0,4	  -6,9
*	    32,2441	 1	 74,55	 64,44	  -8,4	  -2,4	   3,7	   4,0	  -0,8	  -7,3
*	    33,0078	 1	 72,05	 64,40	  -8,8	  -2,8	   3,3	   3,5	  -1,2	  -7,7
*	    28,7179	 1	 79,47	 66,76	  -6,5	  -0,5	   5,6	   5,8	   1,1	  -5,4
*	    29,0922	 1	 77,05	 66,64	  -6,8	  -0,8	   5,3	   5,5	   0,8	  -5,7
*	    29,7019	 1	 74,59	 66,56	  -7,2	  -1,3	   4,8	   5,1	   0,3	  -6,1
*	    30,5319	 1	 72,10	 66,52	  -7,7	  -1,8	   4,3	   4,6	  -0,2	  -6,7
*	    12,0120	 1	 60,45	 95,42	 -16,3	 -10,4	  -4,5	  -2,2	  -6,5	 -13,5
*	    13,1676	 1	100,47	 93,55	   2,7	   9,8	  17,1	  17,7	  12,9	   6,5
*	    15,1195	 1	103,90	 93,67	  -0,0	   7,0	  14,4	  14,9	  10,1	   3,7
*	    17,4549	 1	107,40	 93,78	  -2,5	   4,5	  11,9	  12,5	   7,6	   1,2
*	    12,3401	 1	100,51	 90,09	   3,6	  10,6	  17,9	  18,5	  13,7	   7,3
*	    14,4028	 1	103,95	 90,17	   0,5	   7,5	  14,9	  15,5	  10,6	   4,2
*	    16,8152	 1	107,46	 90,27	  -2,1	   4,9	  12,3	  12,9	   8,0	   1,6
*	    12,6497	 1	100,55	 86,61	   3,0	  10,0	  17,4	  18,0	  13,1	   6,8
*	    14,6253	 1	104,00	 86,66	   0,2	   7,2	  14,6	  15,2	  10,3	   3,9
*	    16,9777	 1	107,53	 86,72	  -2,3	   4,7	  12,1	  12,7	   7,8	   1,4
*	    13,9917	 1	100,59	 83,13	   1,4	   8,4	  15,8	  16,4	  11,5	   5,1
*	    15,7333	 1	104,06	 83,14	  -0,9	   6,1	  13,5	  14,1	   9,2	   2,8
*	    17,9127	 1	107,60	 83,16	  -3,1	   4,0	  11,3	  11,9	   7,0	   0,6
*	    16,1185	 1	100,63	 79,67	  -0,7	   6,3	  13,7	  14,3	   9,4	   3,0
*	    17,5819	 1	104,11	 79,63	  -2,4	   4,6	  12,0	  12,6	   7,7	   1,3
*	    19,5326	 1	107,66	 79,65	  -4,2	   2,8	  10,2	  10,8	   5,9	  -0,5
*	    18,8065	 1	100,67	 76,25	  -2,9	   4,1	  11,5	  12,1	   7,2	   0,8
*	    20,0124	 1	104,17	 76,18	  -4,2	   2,9	  10,2	  10,8	   5,9	  -0,5
*	    21,7276	 1	107,73	 76,18	  -5,6	   1,4	   8,8	   9,4	   4,5	  -1,9
*	    21,9058	 1	100,71	 72,91	  -5,0	   2,0	   9,3	   9,9	   5,1	  -1,4
*	    22,8958	 1	104,22	 72,81	  -6,0	   1,0	   8,4	   9,0	   4,1	  -2,3
*	    24,3952	 1	107,80	 72,78	  -7,1	  -0,1	   7,3	   7,9	   3,0	  -3,5
*	    25,3233	 1	100,75	 69,66	  -7,1	  -0,0	   7,3	   7,9	   3,0	  -3,4
*	    26,1391	 1	104,28	 69,54	  -7,8	  -0,7	   6,6	   7,2	   2,3	  -4,1
*	    27,4512	 1	107,87	 69,48	  -8,6	  -1,6	   5,8	   6,3	   1,4	  -5,0
*	    40,8758	 1	107,23	 58,42	 -11,7	  -5,8	   0,3	   0,6	  -4,2	 -10,8
*	    40,3194	 1	104,71	 58,51	 -11,5	  -5,5	   0,6	   0,8	  -3,9	 -10,5
*	    39,9619	 1	102,23	 58,63	 -11,3	  -5,3	   0,8	   1,0	  -3,7	 -10,3
*	    39,8103	 1	 99,78	 58,80	 -11,1	  -5,1	   0,9	   1,2	  -3,6	 -10,1
*	    38,0575	 1	107,18	 60,36	 -10,7	  -4,8	   1,3	   1,6	  -3,2	  -9,7
*	    37,4560	 1	104,67	 60,43	 -10,4	  -4,4	   1,7	   1,9	  -2,9	  -9,4
*	    37,0603	 1	102,19	 60,56	 -10,2	  -4,2	   1,9	   2,1	  -2,6	  -9,2
*	    36,8788	 1	 99,75	 60,71	 -10,0	  -4,0	   2,1	   2,3	  -2,5	  -9,0
*	    35,3341	 1	107,13	 62,36	  -9,7	  -3,7	   2,4	   2,6	  -2,1	  -8,7
*	    34,6815	 1	104,63	 62,44	  -9,3	  -3,4	   2,7	   3,0	  -1,8	  -8,3
*	    34,2419	 1	102,16	 62,54	  -9,1	  -3,1	   3,0	   3,2	  -1,5	  -8,0
*	    34,0253	 1	 99,73	 62,70	  -8,9	  -2,9	   3,2	   3,4	  -1,3	  -7,8
*	    32,7150	 1	107,09	 64,44	  -8,6	  -2,7	   3,4	   3,7	  -1,1	  -7,6
*	    32,0047	 1	104,59	 64,49	  -8,2	  -2,3	   3,8	   4,1	  -0,7	  -7,2
*	    31,5144	 1	102,13	 64,59	  -7,9	  -1,9	   4,2	   4,4	  -0,3	  -6,8
*	    31,2563	 1	 99,70	 64,74	  -7,7	  -1,7	   4,4	   4,7	  -0,1	  -6,6
*	    30,2114	 1	107,04	 66,57	  -7,6	  -1,6	   4,5	   4,7	  -0,0	  -6,5
*	    29,4357	 1	104,55	 66,62	  -7,1	  -1,1	   5,0	   5,2	   0,5	  -6,0
*	    28,8867	 1	102,10	 66,71	  -6,7	  -0,7	   5,4	   5,6	   0,9	  -5,6
*	    28,5796	 1	 99,68	 66,83	  -6,4	  -0,4	   5,7	   5,9	   1,2	  -5,3
*	    12,6391	 1	 62,48	 95,49	 -15,1	  -9,2	  -3,3	  -1,0	  -5,3	 -12,3
*	    15,9937	 1	197,53	 86,60	  -7,6	  -0,6	   6,7	   7,3	   2,5	  -3,9
*	    14,0515	 1	199,93	 86,03	  -5,6	   1,4	   8,8	   9,3	   4,5	  -1,9
*	    16,3762	 1	198,01	 78,66	  -7,9	  -0,9	   6,4	   7,0	   2,2	  -4,2
*	    14,4715	 1	200,48	 76,92	  -6,0	   1,0	   8,4	   8,9	   4,1	  -2,3
*	    17,0217	 1	198,49	 71,18	  -8,5	  -1,5	   5,9	   6,5	   1,6	  -4,8
*	    15,1828	 1	201,03	 68,47	  -6,7	   0,3	   7,7	   8,3	   3,4	  -3,0
*	    17,9071	 1	198,97	 64,34	  -9,2	  -2,2	   5,2	   5,8	   0,9	  -5,5
*	    16,1521	 1	201,57	 60,96	  -7,7	  -0,6	   6,7	   7,3	   2,5	  -3,9
*	    19,0047	 1	199,44	 58,24	 -10,1	  -3,1	   4,3	   4,9	   0,0	  -6,4
*	    17,3419	 1	202,11	 54,45	  -8,7	  -1,7	   5,7	   6,3	   1,4	  -5,0
*	    20,2865	 1	199,91	 52,88	 -11,1	  -4,0	   3,3	   3,9	  -1,0	  -7,4
*	    18,7168	 1	202,65	 48,87	  -9,9	  -2,8	   4,5	   5,1	   0,3	  -6,2
*	    21,7268	 1	200,38	 48,21	 -12,1	  -5,0	   2,3	   2,9	  -2,0	  -8,4
*	    20,2467	 1	203,17	 44,15	 -11,0	  -4,0	   3,4	   4,0	  -0,9	  -7,3
*	    21,8980	 1	339,58	 47,70	 -12,2	  -5,2	   2,2	   2,8	  -2,1	  -8,5
*	    20,4405	 1	340,04	 52,30	 -11,2	  -4,1	   3,2	   3,8	  -1,1	  -7,5
*	    18,8824	 1	337,30	 48,28	 -10,0	  -3,0	   4,4	   5,0	   0,1	  -6,3
*	    19,1388	 1	340,52	 57,58	 -10,2	  -3,2	   4,2	   4,8	  -0,1	  -6,5
*	    17,4878	 1	337,84	 53,74	  -8,8	  -1,8	   5,5	   6,1	   1,3	  -5,1
*	    18,0181	 1	340,99	 63,59	  -9,3	  -2,3	   5,1	   5,7	   0,8	  -5,6
*	    16,2744	 1	338,38	 60,14	  -7,8	  -0,7	   6,6	   7,2	   2,3	  -4,1
*	    17,1063	 1	341,47	 70,34	  -8,6	  -1,5	   5,8	   6,4	   1,5	  -4,9
*	    15,2773	 1	338,92	 67,54	  -6,8	   0,2	   7,6	   8,2	   3,3	  -3,1
*	    16,4313	 1	341,95	 77,76	  -8,0	  -1,0	   6,4	   7,0	   2,1	  -4,3
*	    14,5339	 1	339,46	 75,89	  -6,1	   0,9	   8,3	   8,9	   4,0	  -2,4
*	    16,0171	 1	342,43	 85,65	  -7,7	  -0,6	   6,7	   7,3	   2,5	  -4,0
*	    14,0784	 1	340,01	 84,94	  -5,7	   1,4	   8,7	   9,3	   4,5	  -1,9
*	    17,1505	 1	288,79	 19,56	  -8,1	  -1,1	   6,3	   6,9	   2,0	  -4,4
*	    19,1831	 1	288,34	 17,66	  -9,8	  -2,8	   4,6	   5,2	   0,3	  -6,1
*	    17,2008	 1	247,10	 20,07	  -8,2	  -1,1	   6,2	   6,8	   2,0	  -4,5
*	    19,2289	 1	247,62	 18,12	  -9,9	  -2,8	   4,5	   5,1	   0,2	  -6,2
*	    28,9210	 1	115,66	 70,07	  -8,0	  -1,0	   6,3	   6,9	   2,0	  -4,5
*	    27,6209	 1	112,04	 70,22	  -7,2	  -0,2	   7,2	   7,8	   2,9	  -3,6
*	    26,7193	 1	108,54	 70,44	  -6,5	   0,6	   7,9	   8,5	   3,6	  -2,9
*	    26,3142	 1	115,56	 73,51	  -6,9	   0,1	   7,5	   8,1	   3,2	  -3,3
*	    24,8645	 1	111,95	 73,62	  -5,9	   1,1	   8,5	   9,1	   4,2	  -2,3
*	    23,8069	 1	108,47	 73,77	  -5,0	   2,1	   9,4	  10,0	   5,1	  -1,3
*	    24,1380	 1	115,46	 77,04	  -5,9	   1,1	   8,5	   9,1	   4,2	  -2,3
*	    22,5349	 1	111,86	 77,10	  -4,7	   2,3	   9,7	  10,3	   5,4	  -1,1
*	    21,3093	 1	108,39	 77,20	  -3,5	   3,5	  10,8	  11,4	   6,6	   0,1
*	    22,4536	 1	115,36	 80,66	  -5,0	   2,0	   9,4	   9,9	   5,1	  -1,4
*	    20,7060	 1	111,78	 80,66	  -3,7	   3,4	  10,7	  11,3	   6,4	  -0,0
*	    19,3136	 1	108,32	 80,69	  -2,3	   4,7	  12,1	  12,7	   7,8	   1,4
*	    21,3216	 1	115,26	 84,31	  -4,4	   2,6	  10,0	  10,6	   5,7	  -0,8
*	    19,4562	 1	111,70	 84,26	  -2,9	   4,1	  11,5	  12,1	   7,2	   0,8
*	    17,9211	 1	108,25	 84,23	  -1,3	   5,7	  13,1	  13,7	   8,8	   2,4
*	    20,7929	 1	115,16	 87,99	  -4,1	   2,9	  10,3	  10,9	   6,0	  -0,4
*	    18,8559	 1	111,61	 87,89	  -2,5	   4,5	  11,9	  12,5	   7,6	   1,2
*	    17,2310	 1	108,18	 87,79	  -0,7	   6,3	  13,7	  14,2	   9,4	   3,0
*	    20,8976	 1	115,07	 91,67	  -4,1	   2,9	  10,3	  10,9	   6,0	  -0,4
*	    18,9496	 1	111,53	 91,50	  -2,5	   4,5	  11,9	  12,5	   7,6	   1,2
*	    17,3109	 1	108,12	 91,35	  -0,7	   6,3	  13,7	  14,3	   9,4	   3,0
*	    42,7052	 1	116,65	 57,67	 -10,8	  -4,8	   1,3	   1,5	  -3,3	  -9,8
*	    42,0532	 1	114,09	 57,85	 -10,5	  -4,5	   1,6	   1,8	  -3,0	  -9,5
*	    41,5742	 1	111,58	 58,06	 -10,3	  -4,3	   1,8	   2,0	  -2,7	  -9,3
*	    41,2745	 1	109,11	 58,33	 -10,1	  -4,1	   2,0	   2,2	  -2,5	  -9,1
*	    40,0493	 1	116,58	 59,65	  -9,9	  -4,0	   2,1	   2,4	  -2,4	  -9,0
*	    39,3512	 1	114,02	 59,82	  -9,6	  -3,6	   2,5	   2,7	  -2,1	  -8,6
*	    38,8291	 1	111,52	 60,02	  -9,3	  -3,3	   2,8	   3,0	  -1,8	  -8,3
*	    38,4905	 1	109,06	 60,27	  -9,1	  -3,1	   3,0	   3,2	  -1,5	  -8,1
*	    37,5065	 1	116,51	 61,72	  -9,1	  -3,1	   3,0	   3,2	  -1,5	  -8,1
*	    36,7581	 1	113,95	 61,86	  -8,7	  -2,7	   3,4	   3,6	  -1,1	  -7,7
*	    36,1882	 1	111,46	 62,05	  -8,4	  -2,4	   3,7	   3,9	  -0,8	  -7,3
*	    35,8055	 1	109,01	 62,29	  -8,1	  -2,1	   4,0	   4,2	  -0,5	  -7,1
*	    35,0881	 1	116,43	 63,83	  -8,2	  -2,2	   3,9	   4,1	  -0,7	  -7,2
*	    34,2849	 1	113,89	 63,98	  -7,8	  -1,8	   4,3	   4,5	  -0,2	  -6,7
*	    33,6620	 1	111,40	 64,15	  -7,4	  -1,4	   4,7	   4,9	   0,2	  -6,4
*	    33,2295	 1	108,96	 64,36	  -7,1	  -1,1	   5,0	   5,2	   0,5	  -6,0
*	    32,8063	 1	116,36	 66,03	  -7,4	  -1,4	   4,7	   5,0	   0,2	  -6,3
*	    31,9438	 1	113,82	 66,15	  -6,9	  -0,9	   5,2	   5,4	   0,7	  -5,8
*	    31,2627	 1	111,34	 66,30	  -6,4	  -0,5	   5,6	   5,9	   1,1	  -5,4
*	    30,7744	 1	108,91	 66,50	  -6,1	  -0,1	   6,0	   6,3	   1,5	  -5,0
*	    21,4682	 1	 64,78	 94,24	  -4,4	   2,7	  10,0	  10,6	   5,7	  -0,7
*	    19,5586	 1	 68,30	 94,04	  -2,8	   4,2	  11,6	  12,2	   7,3	   0,9
*	    17,9657	 1	 71,71	 93,82	  -1,1	   5,9	  13,3	  13,9	   9,0	   2,6
*	    20,9174	 1	 64,68	 90,58	  -4,1	   2,9	  10,3	  10,9	   6,0	  -0,4
*	    18,9750	 1	 68,22	 90,44	  -2,5	   4,5	  11,9	  12,5	   7,6	   1,2
*	    17,3404	 1	 71,64	 90,30	  -0,7	   6,3	  13,6	  14,2	   9,4	   3,0
*	    21,0014	 1	 64,58	 86,91	  -4,2	   2,8	  10,2	  10,8	   5,9	  -0,5
*	    19,0885	 1	 68,14	 86,81	  -2,6	   4,4	  11,8	  12,4	   7,5	   1,1
*	    17,4911	 1	 71,57	 86,73	  -0,9	   6,1	  13,5	  14,0	   9,2	   2,8
*	    21,7100	 1	 64,48	 83,22	  -4,6	   2,4	   9,8	  10,4	   5,5	  -1,0
*	    19,8829	 1	 68,05	 83,19	  -3,2	   3,9	  11,2	  11,8	   7,0	   0,5
*	    18,3919	 1	 71,50	 83,18	  -1,6	   5,4	  12,8	  13,4	   8,5	   2,1
*	    23,0063	 1	 64,38	 79,56	  -5,3	   1,7	   9,1	   9,7	   4,8	  -1,7
*	    21,3051	 1	 67,97	 79,59	  -4,0	   3,0	  10,4	  11,0	   6,1	  -0,3
*	    19,9645	 1	 71,42	 79,64	  -2,7	   4,3	  11,7	  12,3	   7,4	   1,0
*	    24,8365	 1	 64,28	 75,97	  -6,2	   0,8	   8,2	   8,8	   3,9	  -2,6
*	    23,2822	 1	 67,88	 76,04	  -5,1	   2,0	   9,3	   9,9	   5,0	  -1,4
*	    22,1085	 1	 71,35	 76,16	  -4,0	   3,0	  10,4	  11,0	   6,1	  -0,3
*	    27,1397	 1	 64,18	 72,46	  -7,2	  -0,2	   7,1	   7,7	   2,8	  -3,6
*	    25,7372	 1	 67,79	 72,58	  -6,3	   0,7	   8,1	   8,7	   3,8	  -2,7
*	    24,7273	 1	 71,28	 72,76	  -5,4	   1,6	   9,0	   9,5	   4,7	  -1,8
*	    29,8565	 1	 64,08	 69,06	  -8,4	  -1,4	   6,0	   6,6	   1,7	  -4,8
*	    28,5996	 1	 67,70	 69,22	  -7,6	  -0,6	   6,8	   7,4	   2,5	  -4,0
*	    27,7397	 1	 71,21	 69,46	  -6,9	   0,1	   7,5	   8,1	   3,2	  -3,3
*	    41,3879	 1	 70,05	 58,25	 -10,1	  -4,1	   2,0	   2,2	  -2,6	  -9,1
*	    41,7320	 1	 67,59	 57,99	 -10,3	  -4,3	   1,8	   2,0	  -2,8	  -9,4
*	    42,2524	 1	 65,07	 57,78	 -10,6	  -4,6	   1,5	   1,7	  -3,1	  -9,6
*	    42,9428	 1	 62,50	 57,62	 -10,9	  -4,9	   1,2	   1,4	  -3,4	  -9,9
*	    38,6243	 1	 70,11	 60,18	  -9,1	  -3,2	   2,9	   3,2	  -1,6	  -8,1
*	    39,0083	 1	 67,65	 59,95	  -9,4	  -3,4	   2,7	   2,9	  -1,9	  -8,4
*	    39,5722	 1	 65,14	 59,75	  -9,7	  -3,7	   2,4	   2,6	  -2,2	  -8,7
*	    40,3087	 1	 62,58	 59,60	 -10,0	  -4,1	   2,0	   2,3	  -2,5	  -9,0
*	    35,9609	 1	 70,16	 62,20	  -8,2	  -2,2	   3,9	   4,1	  -0,6	  -7,1
*	    36,3896	 1	 67,71	 61,97	  -8,5	  -2,5	   3,6	   3,8	  -0,9	  -7,4
*	    37,0016	 1	 65,21	 61,79	  -8,8	  -2,8	   3,3	   3,5	  -1,3	  -7,8
*	    37,7884	 1	 62,66	 61,65	  -9,2	  -3,2	   2,9	   3,1	  -1,6	  -8,2
*	    33,4078	 1	 70,22	 64,27	  -7,2	  -1,2	   4,9	   5,1	   0,4	  -6,1
*	    33,8867	 1	 67,77	 64,06	  -7,5	  -1,5	   4,6	   4,8	   0,0	  -6,5
*	    34,5516	 1	 65,28	 63,89	  -7,9	  -1,9	   4,2	   4,4	  -0,4	  -6,9
*	    35,3929	 1	 62,73	 63,77	  -8,3	  -2,4	   3,7	   4,0	  -0,8	  -7,3
*	    30,9768	 1	 70,27	 66,40	  -6,2	  -0,2	   5,9	   6,1	   1,4	  -5,1
*	    31,5117	 1	 67,83	 66,23	  -6,6	  -0,6	   5,5	   5,7	   1,0	  -5,5
*	    32,2346	 1	 65,34	 66,07	  -7,0	  -1,0	   5,1	   5,3	   0,5	  -6,0
*	    33,1345	 1	 62,80	 65,97	  -7,5	  -1,5	   4,6	   4,8	   0,1	  -6,4
*	    18,8172	 1	326,28	 31,69	  -9,6	  -2,6	   4,8	   5,4	   0,5	  -5,9
*	    20,7110	 1	325,59	 28,58	 -11,0	  -4,0	   3,4	   3,9	  -0,9	  -7,4
*	    17,9997	 1	317,53	 26,71	  -8,9	  -1,9	   5,5	   6,1	   1,2	  -5,2
*	    19,9585	 1	316,80	 24,04	 -10,5	  -3,5	   3,9	   4,5	  -0,4	  -6,8
*	    18,0043	 1	344,27	 87,03	  -9,7	  -2,7	   4,7	   5,3	   0,4	  -6,0
*	    20,0910	 1	345,62	 87,38	 -11,3	  -4,3	   3,1	   3,6	  -1,2	  -7,7
*	    18,3573	 1	343,84	 80,02	  -9,9	  -2,9	   4,4	   5,0	   0,2	  -6,3
*	    20,4202	 1	345,23	 81,11	 -11,5	  -4,5	   2,9	   3,4	  -1,4	  -7,9
*	    18,9503	 1	343,41	 73,33	 -10,4	  -3,4	   4,0	   4,6	  -0,3	  -6,7
*	    20,9701	 1	344,85	 75,07	 -11,9	  -4,9	   2,5	   3,1	  -1,8	  -8,2
*	    19,7664	 1	342,99	 67,10	 -11,0	  -4,0	   3,4	   4,0	  -0,9	  -7,3
*	    21,7283	 1	344,47	 69,36	 -12,4	  -5,4	   2,0	   2,6	  -2,3	  -8,7
*	    20,7851	 1	342,56	 61,42	 -11,7	  -4,7	   2,7	   3,3	  -1,6	  -8,0
*	    22,6790	 1	344,09	 64,08	 -13,0	  -6,0	   1,4	   2,0	  -2,9	  -9,4
*	    21,9840	 1	342,14	 56,31	 -12,5	  -5,5	   1,9	   2,4	  -2,4	  -8,9
*	    23,8045	 1	343,71	 59,24	 -13,7	  -6,7	   0,7	   1,3	  -3,6	 -10,1
*	    23,3418	 1	341,72	 51,76	 -13,4	  -6,4	   1,0	   1,6	  -3,3	  -9,8
*	    25,0872	 1	343,33	 54,88	 -14,5	  -7,4	  -0,1	   0,5	  -4,4	 -10,8
*	    23,5172	 1	198,34	 51,27	 -13,5	  -6,5	   0,9	   1,5	  -3,4	  -9,9
*	    25,2546	 1	196,73	 54,40	 -14,6	  -7,5	  -0,2	   0,4	  -4,5	 -10,9
*	    22,1423	 1	197,92	 55,75	 -12,6	  -5,6	   1,8	   2,3	  -2,5	  -9,0
*	    23,9548	 1	196,36	 58,72	 -13,8	  -6,8	   0,6	   1,2	  -3,7	 -10,2
*	    20,9239	 1	197,50	 60,79	 -11,8	  -4,8	   2,6	   3,2	  -1,7	  -8,1
*	    22,8101	 1	195,98	 63,50	 -13,1	  -6,1	   1,3	   1,9	  -3,0	  -9,4
*	    19,8831	 1	197,08	 66,40	 -11,1	  -4,0	   3,3	   3,9	  -1,0	  -7,4
*	    21,8382	 1	195,60	 68,74	 -12,5	  -5,4	   1,9	   2,5	  -2,4	  -8,8
*	    19,0423	 1	196,65	 72,58	 -10,5	  -3,4	   3,9	   4,5	  -0,3	  -6,8
*	    21,0567	 1	195,22	 74,39	 -11,9	  -4,9	   2,4	   3,0	  -1,8	  -8,3
*	    18,4224	 1	196,22	 79,22	 -10,0	  -3,0	   4,4	   5,0	   0,1	  -6,3
*	    20,4818	 1	194,84	 80,39	 -11,6	  -4,5	   2,8	   3,4	  -1,5	  -7,9
*	    18,0407	 1	195,80	 86,20	  -9,7	  -2,7	   4,7	   5,3	   0,4	  -6,0
*	    20,1264	 1	194,45	 86,65	 -11,3	  -4,3	   3,0	   3,6	  -1,2	  -7,7
*	    28,2768	 1	345,17	 58,64	 -16,6	  -9,6	  -2,2	  -1,6	  -6,5	 -13,0
*	    26,3654	 1	344,09	 56,11	 -15,6	  -8,5	  -1,2	  -0,6	  -5,5	 -11,9
*	    27,0835	 1	345,50	 62,66	 -16,0	  -8,9	  -1,6	  -1,0	  -5,9	 -12,4
*	    25,1080	 1	344,45	 60,33	 -14,8	  -7,8	  -0,5	   0,1	  -4,8	 -11,2
*	    26,0404	 1	345,82	 67,03	 -15,4	  -8,4	  -1,0	  -0,4	  -5,3	 -11,8
*	    24,0041	 1	344,80	 64,94	 -14,2	  -7,2	   0,2	   0,8	  -4,1	 -10,6
*	    25,1605	 1	346,15	 71,71	 -14,9	  -7,9	  -0,5	   0,1	  -4,8	 -11,3
*	    23,0695	 1	345,16	 69,95	 -13,6	  -6,6	   0,8	   1,3	  -3,5	 -10,0
*	    24,4564	 1	346,47	 76,66	 -14,5	  -7,5	  -0,1	   0,5	  -4,4	 -10,9
*	    22,3196	 1	345,52	 75,33	 -13,2	  -6,1	   1,2	   1,8	  -3,1	  -9,5
*	    23,9391	 1	346,80	 81,84	 -14,2	  -7,2	   0,2	   0,8	  -4,1	 -10,6
*	    21,7684	 1	345,88	 80,99	 -12,8	  -5,8	   1,6	   2,1	  -2,7	  -9,2
*	    23,6169	 1	347,13	 87,18	 -14,0	  -7,0	   0,3	   0,9	  -4,0	 -10,4
*	    21,4267	 1	346,24	 86,87	 -12,6	  -5,6	   1,8	   2,3	  -2,5	  -9,0
*	    23,4949	 1	347,46	 92,58	 -14,0	  -7,0	   0,4	   1,0	  -3,9	 -10,4
*	    26,7217	 1	195,65	 56,62	 -15,2	  -8,2	  -0,9	  -0,3	  -5,2	 -11,6
*	    28,6179	 1	194,51	 59,07	 -16,3	  -9,2	  -1,9	  -1,3	  -6,2	 -12,7
*	    25,4771	 1	195,30	 60,80	 -14,6	  -7,5	  -0,2	   0,4	  -4,5	 -10,9
*	    27,4359	 1	194,19	 63,07	 -15,6	  -8,6	  -1,3	  -0,7	  -5,6	 -12,1
*	    24,3855	 1	194,95	 65,37	 -13,9	  -6,9	   0,5	   1,0	  -3,8	 -10,3
*	    26,4033	 1	193,87	 67,38	 -15,1	  -8,1	  -0,7	  -0,1	  -5,0	 -11,5
*	    23,4621	 1	194,60	 70,32	 -13,4	  -6,3	   1,0	   1,6	  -3,3	  -9,7
*	    25,5329	 1	193,55	 72,00	 -14,6	  -7,6	  -0,2	   0,3	  -4,5	 -11,0
*	    22,7216	 1	194,25	 75,60	 -12,9	  -5,9	   1,5	   2,0	  -2,8	  -9,3
*	    24,8366	 1	193,23	 76,88	 -14,2	  -7,2	   0,1	   0,7	  -4,1	 -10,6
*	    22,1774	 1	193,89	 81,17	 -12,6	  -5,6	   1,8	   2,4	  -2,5	  -8,9
*	    24,3250	 1	192,90	 81,98	 -14,0	  -6,9	   0,4	   1,0	  -3,9	 -10,3
*	    21,8397	 1	193,54	 86,92	 -12,4	  -5,4	   2,0	   2,6	  -2,3	  -8,7
*	    24,0061	 1	192,58	 87,22	 -13,8	  -6,8	   0,6	   1,2	  -3,7	 -10,2
*	    23,8847	 1	192,26	 92,53	 -13,7	  -6,7	   0,6	   1,2	  -3,7	 -10,1
*	    31,6968	 1	124,99	 69,49	  -8,0	  -1,0	   6,4	   7,0	   2,1	  -4,4
*	    30,5131	 1	121,18	 69,75	  -7,3	  -0,3	   7,1	   7,6	   2,7	  -3,8
*	    29,6819	 1	117,56	 70,07	  -6,7	   0,3	   7,6	   8,2	   3,3	  -3,2
*	    29,3194	 1	124,84	 73,20	  -7,1	  -0,1	   7,3	   7,9	   3,0	  -3,5
*	    28,0339	 1	121,06	 73,37	  -6,3	   0,7	   8,0	   8,6	   3,7	  -2,8
*	    27,0944	 1	117,45	 73,61	  -5,6	   1,4	   8,7	   9,3	   4,4	  -2,0
*	    27,3901	 1	124,70	 77,01	  -6,3	   0,7	   8,0	   8,6	   3,7	  -2,7
*	    26,0074	 1	120,93	 77,12	  -5,5	   1,5	   8,9	   9,5	   4,6	  -1,9
*	    24,9613	 1	117,34	 77,26	  -4,7	   2,3	   9,7	  10,3	   5,4	  -1,1
*	    25,9522	 1	124,56	 80,93	  -5,8	   1,3	   8,6	   9,2	   4,3	  -2,1
*	    24,4846	 1	120,80	 80,94	  -4,8	   2,2	   9,5	  10,1	   5,3	  -1,2
*	    23,3425	 1	117,23	 81,00	  -3,9	   3,1	  10,5	  11,1	   6,2	  -0,3
*	    25,0432	 1	124,41	 84,90	  -5,4	   1,7	   9,0	   9,6	   4,7	  -1,7
*	    23,5111	 1	120,68	 84,83	  -4,4	   2,6	  10,0	  10,6	   5,7	  -0,7
*	    22,2947	 1	117,12	 84,78	  -3,4	   3,7	  11,0	  11,6	   6,7	   0,3
*	    24,6904	 1	124,27	 88,90	  -5,2	   1,8	   9,2	   9,8	   4,9	  -1,6
*	    23,1220	 1	120,55	 88,73	  -4,2	   2,9	  10,2	  10,8	   5,9	  -0,5
*	    21,8631	 1	117,02	 88,58	  -3,1	   3,9	  11,3	  11,9	   7,0	   0,5
*	    24,9070	 1	124,13	 92,88	  -5,3	   1,8	   9,1	   9,7	   4,8	  -1,6
*	    23,3348	 1	120,43	 92,61	  -4,2	   2,8	  10,1	  10,7	   5,9	  -0,6
*	    22,0717	 1	116,91	 92,36	  -3,2	   3,8	  11,2	  11,8	   6,9	   0,5
*	    34,9972	 1	118,90	 64,33	  -6,8	  -0,8	   5,3	   5,5	   0,7	  -5,8
*	    35,4801	 1	121,35	 64,05	  -7,1	  -1,1	   5,0	   5,2	   0,4	  -6,1
*	    36,1229	 1	123,90	 63,80	  -7,4	  -1,5	   4,6	   4,9	   0,1	  -6,4
*	    36,9198	 1	126,53	 63,59	  -7,8	  -1,8	   4,3	   4,5	  -0,3	  -6,8
*	    37,3159	 1	118,98	 62,16	  -7,6	  -1,7	   4,5	   4,7	  -0,1	  -6,6
*	    37,7580	 1	121,44	 61,86	  -7,9	  -1,9	   4,2	   4,4	  -0,3	  -6,9
*	    38,3594	 1	123,99	 61,59	  -8,2	  -2,2	   3,9	   4,1	  -0,6	  -7,2
*	    39,1146	 1	126,63	 61,36	  -8,5	  -2,5	   3,6	   3,8	  -1,0	  -7,5
*	    39,7654	 1	119,06	 60,08	  -8,4	  -2,5	   3,6	   3,8	  -0,9	  -7,5
*	    40,1697	 1	121,53	 59,75	  -8,7	  -2,7	   3,4	   3,6	  -1,1	  -7,7
*	    40,7321	 1	124,09	 59,46	  -9,0	  -3,0	   3,1	   3,3	  -1,4	  -8,0
*	    41,4478	 1	126,73	 59,22	  -9,2	  -3,3	   2,8	   3,0	  -1,7	  -8,3
*	    42,3344	 1	119,14	 58,08	  -9,3	  -3,3	   2,8	   3,0	  -1,7	  -8,3
*	    42,7039	 1	121,61	 57,72	  -9,5	  -3,5	   2,6	   2,8	  -2,0	  -8,5
*	    43,2300	 1	124,19	 57,41	  -9,7	  -3,8	   2,3	   2,6	  -2,2	  -8,8
*	    43,9082	 1	126,84	 57,15	 -10,0	  -4,0	   2,1	   2,3	  -2,5	  -9,0
*	    45,0125	 1	119,22	 56,14	 -10,1	  -4,1	   2,0	   2,2	  -2,6	  -9,2
*	    45,3502	 1	121,70	 55,77	 -10,3	  -4,3	   1,8	   2,0	  -2,8	  -9,4
*	    45,8426	 1	124,28	 55,44	 -10,5	  -4,5	   1,6	   1,8	  -3,0	  -9,6
*	    46,4856	 1	126,94	 55,17	 -10,8	  -4,8	   1,3	   1,5	  -3,2	  -9,8
*	    25,0745	 1	 55,57	 93,36	  -5,3	   1,8	   9,1	   9,7	   4,8	  -1,6
*	    23,5101	 1	 59,30	 93,08	  -4,2	   2,8	  10,1	  10,7	   5,9	  -0,6
*	    22,2599	 1	 62,83	 92,81	  -3,2	   3,8	  11,2	  11,8	   6,9	   0,5
*	    24,7909	 1	 55,42	 89,35	  -5,2	   1,9	   9,2	   9,8	   4,9	  -1,5
*	    23,2267	 1	 59,18	 89,18	  -4,1	   2,9	  10,2	  10,8	   6,0	  -0,5
*	    21,9764	 1	 62,72	 89,00	  -3,1	   3,9	  11,3	  11,9	   7,0	   0,6
*	    25,0834	 1	 55,28	 85,32	  -5,3	   1,7	   9,1	   9,7	   4,8	  -1,7
*	    23,5522	 1	 59,05	 85,24	  -4,3	   2,7	  10,1	  10,7	   5,8	  -0,7
*	    22,3404	 1	 62,61	 85,17	  -3,3	   3,7	  11,1	  11,7	   6,8	   0,3
*	    25,9405	 1	 55,14	 81,31	  -5,7	   1,4	   8,7	   9,3	   4,4	  -2,1
*	    24,4709	 1	 58,92	 81,31	  -4,7	   2,3	   9,6	  10,2	   5,3	  -1,1
*	    23,3303	 1	 62,50	 81,35	  -3,8	   3,2	  10,6	  11,2	   6,3	  -0,2
*	    27,3361	 1	 54,99	 77,35	  -6,2	   0,8	   8,1	   8,7	   3,8	  -2,6
*	    25,9495	 1	 58,79	 77,44	  -5,4	   1,6	   9,0	   9,6	   4,7	  -1,8
*	    24,9029	 1	 62,39	 77,58	  -4,6	   2,5	   9,8	  10,4	   5,5	  -1,0
*	    29,2329	 1	 54,84	 73,48	  -7,0	   0,1	   7,4	   8,0	   3,1	  -3,4
*	    27,9425	 1	 58,66	 73,66	  -6,2	   0,8	   8,2	   8,7	   3,9	  -2,6
*	    27,0016	 1	 62,28	 73,89	  -5,5	   1,5	   8,9	   9,4	   4,6	  -1,9
*	    31,5879	 1	 54,70	 69,73	  -7,8	  -0,8	   6,5	   7,1	   2,2	  -4,3
*	    30,3990	 1	 58,53	 69,99	  -7,2	  -0,2	   7,2	   7,8	   2,9	  -3,6
*	    29,5663	 1	 62,16	 70,31	  -6,6	   0,4	   7,8	   8,4	   3,5	  -3,0
*	    34,3555	 1	 54,55	 66,14	  -8,8	  -1,8	   5,5	   6,1	   1,2	  -5,3
*	    33,2674	 1	 58,40	 66,45	  -8,3	  -1,2	   6,1	   6,7	   1,8	  -4,7
*	    32,5387	 1	 62,05	 66,85	  -7,8	  -0,7	   6,6	   7,2	   2,3	  -4,2
*	    43,2648	 1	 60,59	 57,40	  -9,5	  -3,5	   2,6	   2,8	  -2,0	  -8,6
*	    43,6170	 1	 58,09	 57,03	  -9,7	  -3,7	   2,4	   2,6	  -2,2	  -8,8
*	    44,1259	 1	 55,52	 56,71	  -9,9	  -4,0	   2,1	   2,4	  -2,4	  -9,0
*	    44,7871	 1	 52,86	 56,44	 -10,2	  -4,2	   1,9	   2,1	  -2,7	  -9,3
*	    40,6535	 1	 60,67	 59,39	  -8,7	  -2,7	   3,4	   3,6	  -1,1	  -7,7
*	    41,0393	 1	 58,18	 59,04	  -8,9	  -2,9	   3,2	   3,4	  -1,4	  -7,9
*	    41,5834	 1	 55,62	 58,74	  -9,2	  -3,2	   2,9	   3,1	  -1,6	  -8,2
*	    42,2812	 1	 52,96	 58,49	  -9,4	  -3,5	   2,6	   2,9	  -1,9	  -8,5
*	    38,1592	 1	 60,75	 61,46	  -7,9	  -1,9	   4,2	   4,5	  -0,3	  -6,8
*	    38,5816	 1	 58,27	 61,14	  -8,1	  -2,1	   4,0	   4,2	  -0,6	  -7,1
*	    39,1636	 1	 55,72	 60,85	  -8,4	  -2,4	   3,7	   3,9	  -0,8	  -7,4
*	    39,9001	 1	 53,07	 60,62	  -8,7	  -2,7	   3,4	   3,6	  -1,2	  -7,7
*	    35,7931	 1	 60,83	 63,60	  -7,0	  -1,1	   5,0	   5,3	   0,5	  -6,0
*	    36,2552	 1	 58,36	 63,31	  -7,3	  -1,3	   4,8	   5,0	   0,2	  -6,3
*	    36,8776	 1	 55,81	 63,04	  -7,6	  -1,7	   4,4	   4,7	  -0,1	  -6,6
*	    37,6546	 1	 53,17	 62,82	  -8,0	  -2,0	   4,1	   4,3	  -0,4	  -7,0
*	    33,5675	 1	 60,91	 65,82	  -6,2	  -0,3	   5,8	   6,1	   1,3	  -5,2
*	    34,0720	 1	 58,45	 65,55	  -6,6	  -0,6	   5,5	   5,8	   1,0	  -5,5
*	    34,7370	 1	 55,91	 65,32	  -6,9	  -0,9	   5,2	   5,4	   0,6	  -5,9
*	    35,5565	 1	 53,27	 65,11	  -7,3	  -1,3	   4,8	   5,0	   0,3	  -6,3
s	    23,3284	 1	 90,00	 38,15	  29,3	  35,6	  41,9	  42,5	  37,4	  30,6
*	    34,7790	 1	 15,69	 33,26	  -4,0	   0,7	  13,8	  15,1	  12,0	   7,2
*	    30,8998	 1	 41,56	 39,49	  -3,5	   1,3	  14,4	  15,7	  12,6	   7,9
*	    30,2569	 1	 56,17	 47,27	  -3,5	   1,2	  14,3	  15,6	  12,6	   7,8
*	    32,6640	 1	 64,52	 53,86	  -4,0	   0,7	  13,8	  15,1	  12,0	   7,3
*	    28,9353	 1	 35,54	 16,96	  -1,8	   3,0	  16,1	  17,4	  14,3	   9,6
*	    25,1183	 1	 66,10	 30,87	  -1,3	   3,4	  16,5	  17,8	  14,8	  10,0
*	    24,5725	 1	 75,25	 42,92	  -1,5	   3,2	  16,3	  17,7	  14,6	   9,9
*	    27,0231	 1	 79,39	 51,51	  -2,0	   2,7	  15,8	  17,1	  14,1	   9,3
*	    32,7672	 1	 81,74	 57,58	  -3,2	   1,5	  14,6	  15,9	  12,8	   8,1
*	    28,1387	 1	127,32	 12,56	  -1,4	   3,3	  16,4	  17,7	  14,7	   9,9
*	    24,3386	 1	103,58	 29,34	  -1,0	   3,7	  16,8	  18,1	  15,1	  10,4
*	    23,8104	 1	 98,16	 42,25	  -1,2	   3,5	  16,6	  17,9	  14,9	  10,2
*	    26,2652	 1	 95,83	 51,17	  -1,7	   3,0	  16,1	  17,4	  14,4	   9,6
*	    32,0229	 1	 94,53	 57,39	  -2,9	   1,8	  14,9	  16,2	  13,1	   8,4
*	    32,5976	 1	161,13	 28,70	  -3,2	   1,5	  14,6	  15,9	  12,9	   8,1
*	    28,7321	 1	132,81	 36,69	  -2,7	   2,0	  15,2	  16,5	  13,4	   8,7
*	    28,1212	 1	118,82	 45,74	  -2,8	   1,9	  15,1	  16,4	  13,3	   8,6
*	    30,5486	 1	111,37	 53,00	  -3,3	   1,4	  14,5	  15,9	  12,8	   8,0
*	    37,4264	 1	148,17	 46,02	  -5,6	  -0,9	  12,2	  13,5	  10,4	   5,6
*	    36,7220	 1	133,75	 51,21	  -5,6	  -0,9	  12,2	  13,5	  10,5	   5,6
*	    23,4611	 1	188,91	 92,91	 -10,3	  -3,3	   4,1	   4,7	  -0,2	  -6,7
*	    23,5605	 1	189,24	 87,69	 -10,3	  -3,3	   4,0	   4,6	  -0,3	  -6,7
*	    23,8557	 1	189,56	 82,52	 -10,5	  -3,5	   3,9	   4,5	  -0,4	  -6,9
*	    24,3427	 1	189,88	 77,49	 -10,8	  -3,7	   3,6	   4,2	  -0,7	  -7,1
*	    25,0141	 1	190,20	 72,64	 -11,1	  -4,1	   3,3	   3,8	  -1,0	  -7,5
*	    25,8599	 1	190,52	 68,06	 -11,6	  -4,6	   2,8	   3,4	  -1,5	  -8,0
*	    26,8688	 1	190,84	 63,76	 -12,1	  -5,1	   2,3	   2,9	  -2,0	  -8,5
*	    28,0285	 1	191,16	 59,76	 -12,7	  -5,7	   1,7	   2,3	  -2,6	  -9,1
*	    29,3267	 1	191,47	 56,07	 -13,3	  -6,3	   1,0	   1,6	  -3,3	  -9,8
*	    30,7513	 1	191,79	 52,68	 -14,0	  -7,0	   0,4	   0,9	  -4,0	 -10,5
*	    32,2913	 1	192,11	 49,59	 -14,7	  -7,7	  -0,4	   0,2	  -4,7	 -11,2
*	    33,9363	 1	192,42	 46,76	 -15,5	  -8,4	  -1,1	  -0,5	  -5,4	 -11,9
*	    39,3956	 1	191,83	 38,95	 -16,5	 -10,5	  -4,4	  -4,2	  -8,9	 -15,5
*	    39,1477	 1	194,70	 40,66	 -16,3	 -10,3	  -4,2	  -4,0	  -8,7	 -15,3
*	    38,2022	 1	191,63	 40,22	 -16,0	 -10,0	  -3,9	  -3,7	  -8,5	 -15,0
*	    37,9916	 1	194,51	 42,01	 -15,8	  -9,8	  -3,7	  -3,5	  -8,3	 -14,8
*	    37,0373	 1	191,44	 41,56	 -15,6	  -9,6	  -3,5	  -3,3	  -8,0	 -14,6
*	    36,8655	 1	194,32	 43,42	 -15,4	  -9,4	  -3,3	  -3,1	  -7,8	 -14,3
*	    35,9024	 1	191,24	 42,98	 -15,1	  -9,1	  -3,0	  -2,8	  -7,6	 -14,1
*	    35,7709	 1	194,13	 44,92	 -14,9	  -8,9	  -2,8	  -2,6	  -7,4	 -13,9
*	    34,7992	 1	191,05	 44,47	 -14,7	  -8,7	  -2,6	  -2,4	  -7,1	 -13,6
*	    34,7098	 1	193,94	 46,50	 -14,5	  -8,5	  -2,4	  -2,2	  -6,9	 -13,4
*	    33,7294	 1	190,85	 46,06	 -14,2	  -8,2	  -2,1	  -1,9	  -6,7	 -13,2
*	    32,4499	 1	347,79	 49,34	 -14,8	  -7,8	  -0,4	   0,2	  -4,7	 -11,3
*	    30,9007	 1	348,10	 52,41	 -14,1	  -7,1	   0,3	   0,9	  -4,0	 -10,5
*	    29,4660	 1	348,42	 55,77	 -13,4	  -6,4	   1,0	   1,6	  -3,3	  -9,8
*	    28,1568	 1	348,74	 59,44	 -12,8	  -5,7	   1,6	   2,2	  -2,7	  -9,2
*	    26,9849	 1	349,06	 63,41	 -12,2	  -5,1	   2,2	   2,8	  -2,1	  -8,6
*	    25,9627	 1	349,38	 67,68	 -11,6	  -4,6	   2,8	   3,3	  -1,5	  -8,0
*	    25,1025	 1	349,69	 72,25	 -11,2	  -4,1	   3,2	   3,8	  -1,1	  -7,5
*	    24,4158	 1	350,02	 77,07	 -10,8	  -3,8	   3,6	   4,2	  -0,7	  -7,2
*	    23,9127	 1	350,34	 82,09	 -10,5	  -3,5	   3,9	   4,4	  -0,4	  -6,9
*	    23,6008	 1	350,66	 87,25	 -10,4	  -3,3	   4,0	   4,6	  -0,3	  -6,7
*	    23,4845	 1	350,98	 92,46	 -10,3	  -3,3	   4,1	   4,6	  -0,2	  -6,7
*	    39,5505	 1	347,46	 39,11	 -16,4	 -10,5	  -4,4	  -4,1	  -8,9	 -15,4
*	    40,5042	 1	344,39	 39,57	 -16,7	 -10,7	  -4,6	  -4,4	  -9,1	 -15,7
*	    38,3511	 1	347,66	 40,39	 -16,0	 -10,0	  -3,9	  -3,7	  -8,4	 -15,0
*	    39,3139	 1	344,58	 40,85	 -16,2	 -10,3	  -4,2	  -3,9	  -8,7	 -15,2
*	    37,1807	 1	347,85	 41,75	 -15,5	  -9,6	  -3,5	  -3,2	  -8,0	 -14,5
*	    38,1526	 1	344,77	 42,20	 -15,8	  -9,8	  -3,7	  -3,5	  -8,2	 -14,8
*	    36,0409	 1	348,04	 43,17	 -15,1	  -9,1	  -3,0	  -2,8	  -7,5	 -14,0
*	    37,0219	 1	344,96	 43,64	 -15,3	  -9,3	  -3,2	  -3,0	  -7,8	 -14,3
*	    34,9333	 1	348,24	 44,69	 -14,6	  -8,6	  -2,5	  -2,3	  -7,1	 -13,6
*	    35,9234	 1	345,15	 45,16	 -14,9	  -8,9	  -2,8	  -2,6	  -7,3	 -13,8
*	    33,8599	 1	348,44	 46,30	 -14,2	  -8,2	  -2,1	  -1,9	  -6,6	 -13,1
*	    34,8589	 1	345,34	 46,77	 -14,4	  -8,5	  -2,3	  -2,1	  -6,9	 -13,4
*	    24,7385	 1	186,11	 87,71	 -16,3	  -9,3	  -1,9	  -1,3	  -6,2	 -12,7
*	    25,0231	 1	186,41	 82,91	 -16,4	  -9,4	  -2,0	  -1,5	  -6,3	 -12,8
*	    25,4898	 1	186,71	 78,23	 -16,7	  -9,6	  -2,3	  -1,7	  -6,6	 -13,0
*	    26,1325	 1	187,01	 73,70	 -17,0	 -10,0	  -2,6	  -2,0	  -6,9	 -13,4
*	    26,9429	 1	187,31	 69,37	 -17,4	 -10,4	  -3,0	  -2,4	  -7,3	 -13,8
*	    27,9115	 1	187,61	 65,28	 -17,9	 -10,8	  -3,5	  -2,9	  -7,8	 -14,3
*	    29,0277	 1	187,91	 61,45	 -18,4	 -11,4	  -4,0	  -3,4	  -8,3	 -14,8
*	    30,2807	 1	188,21	 57,89	 -19,0	 -12,0	  -4,6	  -4,0	  -8,9	 -15,4
*	    26,4900	 1	343,53	 53,29	 -15,3	  -8,2	  -0,9	  -0,3	  -5,2	 -11,7
*	    27,9706	 1	343,16	 49,63	 -16,1	  -9,0	  -1,7	  -1,1	  -6,0	 -12,5
*	    24,7584	 1	342,00	 50,24	 -14,3	  -7,2	   0,1	   0,7	  -4,2	 -10,6
*	    26,3104	 1	341,60	 46,52	 -15,2	  -8,1	  -0,8	  -0,2	  -5,1	 -11,6
*	    30,4158	 1	351,69	 57,61	 -19,0	 -12,0	  -4,6	  -4,1	  -9,0	 -15,5
*	    29,1517	 1	351,99	 61,15	 -18,4	 -11,4	  -4,1	  -3,5	  -8,4	 -14,9
*	    28,0235	 1	352,29	 64,95	 -17,9	 -10,9	  -3,5	  -2,9	  -7,8	 -14,3
*	    27,0419	 1	352,58	 69,01	 -17,4	 -10,4	  -3,0	  -2,4	  -7,3	 -13,8
*	    26,2176	 1	352,88	 73,32	 -17,0	 -10,0	  -2,6	  -2,0	  -6,9	 -13,4
*	    25,5602	 1	353,18	 77,83	 -16,7	  -9,6	  -2,3	  -1,7	  -6,6	 -13,0
*	    25,0782	 1	353,48	 82,51	 -16,4	  -9,4	  -2,0	  -1,4	  -6,3	 -12,8
*	    24,7778	 1	353,78	 87,30	 -16,3	  -9,3	  -1,9	  -1,3	  -6,2	 -12,7
*	    25,0939	 1	197,69	 50,86	 -14,5	  -7,4	  -0,1	   0,5	  -4,4	 -10,8
*	    26,6316	 1	198,08	 47,16	 -15,3	  -8,3	  -1,0	  -0,4	  -5,3	 -11,7
*	    26,2241	 1	127,79	 93,63	  -4,9	   2,1	   9,5	  10,1	   5,2	  -1,3
*	    27,1886	 1	131,52	 94,00	  -5,5	   1,5	   8,9	   9,5	   4,6	  -1,9
*	    28,4629	 1	135,49	 94,37	  -6,1	   0,9	   8,3	   8,9	   4,0	  -2,5
*	    25,9404	 1	127,95	 89,51	  -4,8	   2,2	   9,6	  10,2	   5,3	  -1,2
*	    26,8999	 1	131,70	 89,74	  -5,4	   1,6	   9,0	   9,6	   4,7	  -1,8
*	    28,1696	 1	135,69	 89,98	  -6,0	   1,0	   8,4	   9,0	   4,1	  -2,4
*	    26,2156	 1	128,11	 85,35	  -4,9	   2,1	   9,4	  10,0	   5,1	  -1,3
*	    27,1530	 1	131,88	 85,43	  -5,5	   1,5	   8,9	   9,5	   4,6	  -1,9
*	    28,4028	 1	135,89	 85,55	  -6,1	   0,9	   8,3	   8,9	   4,0	  -2,5
*	    27,0403	 1	128,27	 81,22	  -5,3	   1,8	   9,1	   9,7	   4,8	  -1,7
*	    27,9406	 1	132,06	 81,16	  -5,8	   1,2	   8,6	   9,2	   4,3	  -2,2
*	    29,1568	 1	136,09	 81,14	  -6,3	   0,7	   8,0	   8,6	   3,7	  -2,8
*	    28,3923	 1	128,44	 77,14	  -5,8	   1,2	   8,6	   9,2	   4,3	  -2,2
*	    29,2437	 1	132,24	 76,95	  -6,3	   0,8	   8,1	   8,7	   3,8	  -2,7
*	    30,4152	 1	136,29	 76,81	  -6,8	   0,2	   7,6	   8,2	   3,3	  -3,2
*	    30,2393	 1	128,60	 73,17	  -6,5	   0,6	   7,9	   8,5	   3,6	  -2,9
*	    31,0341	 1	132,43	 72,86	  -6,9	   0,1	   7,5	   8,1	   3,2	  -3,3
*	    32,1530	 1	136,49	 72,60	  -7,4	  -0,4	   7,0	   7,6	   2,7	  -3,8
*	    32,5426	 1	128,76	 69,33	  -7,3	  -0,3	   7,1	   7,7	   2,8	  -3,7
*	    33,2770	 1	132,61	 68,91	  -7,7	  -0,6	   6,7	   7,3	   2,4	  -4,1
*	    34,3387	 1	136,70	 68,55	  -8,1	  -1,1	   6,3	   6,9	   2,0	  -4,6
*	    35,2604	 1	128,93	 65,64	  -8,2	  -1,2	   6,2	   6,8	   1,9	  -4,7
*	    35,9339	 1	132,79	 65,13	  -8,5	  -1,5	   5,8	   6,4	   1,5	  -5,0
*	    36,9364	 1	136,90	 64,69	  -8,9	  -1,9	   5,4	   6,0	   1,1	  -5,4
*	    48,6765	 1	136,29	 52,87	 -10,4	  -4,4	   1,7	   1,9	  -2,9	  -9,5
*	    46,1286	 1	136,16	 54,89	  -9,7	  -3,7	   2,4	   2,6	  -2,2	  -8,8
*	    45,6026	 1	133,40	 55,32	  -9,5	  -3,5	   2,6	   2,8	  -2,0	  -8,6
*	    45,2203	 1	130,76	 55,78	  -9,4	  -3,4	   2,7	   2,9	  -1,8	  -8,4
*	    44,9837	 1	128,23	 56,28	  -9,2	  -3,3	   2,8	   3,1	  -1,7	  -8,3
*	    43,7005	 1	136,02	 57,02	  -9,0	  -3,0	   3,1	   3,3	  -1,5	  -8,0
*	    43,1510	 1	133,27	 57,42	  -8,8	  -2,8	   3,3	   3,5	  -1,3	  -7,8
*	    42,7460	 1	130,64	 57,85	  -8,6	  -2,7	   3,4	   3,7	  -1,1	  -7,7
*	    42,4881	 1	128,12	 58,33	  -8,5	  -2,5	   3,6	   3,8	  -1,0	  -7,5
*	    41,4023	 1	135,89	 59,24	  -8,3	  -2,3	   3,8	   4,0	  -0,8	  -7,3
*	    40,8281	 1	133,15	 59,61	  -8,1	  -2,1	   4,0	   4,2	  -0,6	  -7,1
*	    40,3993	 1	130,52	 60,03	  -7,9	  -1,9	   4,2	   4,4	  -0,4	  -6,9
*	    40,1184	 1	128,01	 60,48	  -7,8	  -1,8	   4,3	   4,5	  -0,2	  -6,8
*	    39,2442	 1	135,75	 61,55	  -7,7	  -1,7	   4,4	   4,6	  -0,1	  -6,7
*	    38,6446	 1	133,02	 61,90	  -7,4	  -1,5	   4,6	   4,9	   0,1	  -6,4
*	    38,1907	 1	130,41	 62,28	  -7,2	  -1,3	   4,8	   5,1	   0,3	  -6,2
*	    37,8853	 1	127,91	 62,70	  -7,1	  -1,1	   5,0	   5,2	   0,5	  -6,0
*	    37,2373	 1	135,62	 63,97	  -7,0	  -1,1	   5,0	   5,3	   0,5	  -6,0
*	    36,6116	 1	132,90	 64,28	  -6,8	  -0,8	   5,3	   5,5	   0,8	  -5,8
*	    36,1317	 1	130,29	 64,63	  -6,6	  -0,6	   5,5	   5,7	   1,0	  -5,5
*	    35,8004	 1	127,80	 65,01	  -6,4	  -0,4	   5,7	   5,9	   1,2	  -5,3
*	    28,0550	 1	170,34	 90,59	  -4,5	   2,5	   9,8	  10,4	   5,5	  -1,0
*	    26,8579	 1	175,31	 91,03	  -3,6	   3,4	  10,8	  11,4	   6,5	   0,0
*	    26,0378	 1	181,31	 91,53	  -2,7	   4,3	  11,7	  12,3	   7,4	   0,9
*	    28,4290	 1	170,78	 83,61	  -4,7	   2,3	   9,7	  10,3	   5,4	  -1,1
*	    27,2388	 1	175,79	 83,34	  -3,7	   3,3	  10,6	  11,2	   6,3	  -0,1
*	    26,4263	 1	181,83	 83,10	  -2,8	   4,2	  11,5	  12,1	   7,2	   0,8
*	    29,3718	 1	171,21	 76,79	  -5,0	   2,0	   9,3	   9,9	   5,0	  -1,5
*	    28,2202	 1	176,27	 75,90	  -4,2	   2,9	  10,2	  10,8	   5,9	  -0,6
*	    27,4494	 1	182,36	 74,96	  -3,3	   3,7	  11,1	  11,6	   6,8	   0,3
*	    30,8575	 1	171,64	 70,32	  -5,6	   1,4	   8,7	   9,3	   4,4	  -2,1
*	    29,7699	 1	176,75	 68,89	  -4,8	   2,2	   9,6	  10,2	   5,3	  -1,2
*	    29,0673	 1	182,89	 67,40	  -4,1	   3,0	  10,3	  10,9	   6,0	  -0,5
*	    32,8468	 1	172,08	 64,31	  -6,4	   0,6	   8,0	   8,6	   3,7	  -2,8
*	    31,8405	 1	177,23	 62,47	  -5,7	   1,4	   8,7	   9,3	   4,4	  -2,1
*	    31,2217	 1	183,42	 60,59	  -5,0	   2,0	   9,4	   9,9	   5,1	  -1,5
*	    35,2929	 1	172,51	 58,85	  -7,3	  -0,3	   7,1	   7,7	   2,8	  -3,8
*	    34,3764	 1	177,72	 56,73	  -6,7	   0,4	   7,7	   8,3	   3,4	  -3,1
*	    33,8477	 1	183,95	 54,60	  -6,1	   0,9	   8,3	   8,8	   3,9	  -2,6
*	    45,7714	 1	187,53	 38,82	  -7,5	  -1,5	   4,6	   4,8	   0,0	  -6,6
*	    45,8517	 1	182,48	 40,46	  -7,7	  -1,7	   4,4	   4,6	  -0,1	  -6,7
*	    46,1398	 1	178,03	 42,20	  -7,9	  -1,9	   4,2	   4,4	  -0,4	  -7,0
*	    46,6279	 1	174,15	 43,97	  -8,2	  -2,2	   3,9	   4,1	  -0,6	  -7,2
*	    42,9052	 1	187,13	 41,45	  -6,5	  -0,5	   5,6	   5,8	   1,0	  -5,6
*	    43,0210	 1	182,10	 43,12	  -6,7	  -0,8	   5,3	   5,6	   0,8	  -5,8
*	    43,3492	 1	177,68	 44,87	  -7,0	  -1,0	   5,1	   5,3	   0,5	  -6,0
*	    43,8805	 1	173,82	 46,64	  -7,3	  -1,3	   4,8	   5,0	   0,2	  -6,4
*	    40,1862	 1	186,73	 44,39	  -5,6	   0,4	   6,5	   6,7	   2,0	  -4,6
*	    40,3415	 1	181,73	 46,07	  -5,8	   0,2	   6,3	   6,5	   1,7	  -4,8
*	    40,7132	 1	177,33	 47,82	  -6,1	  -0,1	   6,0	   6,2	   1,4	  -5,1
*	    41,2908	 1	173,49	 49,58	  -6,5	  -0,5	   5,6	   5,8	   1,1	  -5,5
*	    37,6320	 1	186,34	 47,68	  -4,6	   1,4	   7,5	   7,7	   2,9	  -3,6
*	    37,8305	 1	181,35	 49,34	  -4,9	   1,1	   7,2	   7,4	   2,6	  -3,9
*	    38,2490	 1	176,98	 51,06	  -5,3	   0,7	   6,8	   7,0	   2,3	  -4,3
*	    38,8751	 1	173,17	 52,78	  -5,7	   0,3	   6,4	   6,6	   1,9	  -4,7
*	    32,7275	 1	 50,89	 69,13	  -7,4	  -0,3	   7,0	   7,6	   2,7	  -3,8
*	    33,4510	 1	 47,04	 68,71	  -7,7	  -0,7	   6,6	   7,2	   2,3	  -4,2
*	    34,4997	 1	 42,96	 68,35	  -8,2	  -1,1	   6,2	   6,8	   1,9	  -4,6
*	    30,4171	 1	 51,06	 72,96	  -6,5	   0,5	   7,8	   8,4	   3,5	  -3,0
*	    31,1994	 1	 47,23	 72,65	  -7,0	   0,1	   7,4	   8,0	   3,1	  -3,4
*	    32,3041	 1	 43,16	 72,39	  -7,4	  -0,4	   6,9	   7,5	   2,6	  -3,9
*	    28,5581	 1	 51,22	 76,92	  -5,9	   1,2	   8,5	   9,1	   4,2	  -2,3
*	    29,3959	 1	 47,41	 76,73	  -6,3	   0,7	   8,0	   8,6	   3,7	  -2,8
*	    30,5521	 1	 43,36	 76,59	  -6,8	   0,2	   7,5	   8,1	   3,2	  -3,3
*	    27,1890	 1	 51,38	 81,00	  -5,3	   1,7	   9,0	   9,6	   4,7	  -1,7
*	    28,0748	 1	 47,60	 80,94	  -5,9	   1,2	   8,5	   9,1	   4,2	  -2,3
*	    29,2751	 1	 43,57	 80,91	  -6,4	   0,6	   8,0	   8,6	   3,7	  -2,8
*	    26,3416	 1	 51,55	 85,13	  -5,0	   2,0	   9,4	  10,0	   5,1	  -1,4
*	    27,2644	 1	 47,78	 85,21	  -5,5	   1,5	   8,8	   9,4	   4,5	  -1,9
*	    28,4981	 1	 43,77	 85,32	  -6,1	   0,9	   8,3	   8,8	   4,0	  -2,5
*	    26,0383	 1	 51,71	 89,28	  -4,9	   2,2	   9,5	  10,1	   5,2	  -1,3
*	    26,9837	 1	 47,96	 89,51	  -5,4	   1,6	   8,9	   9,5	   4,6	  -1,8
*	    28,2376	 1	 43,97	 89,74	  -6,0	   1,0	   8,4	   8,9	   4,1	  -2,4
*	    26,2890	 1	 51,87	 93,41	  -4,9	   2,1	   9,4	  10,0	   5,1	  -1,3
*	    27,2403	 1	 48,14	 93,78	  -5,5	   1,5	   8,9	   9,4	   4,6	  -1,9
*	    28,5000	 1	 44,17	 94,15	  -6,1	   0,9	   8,3	   8,9	   4,0	  -2,5
*	    36,7460	 1	 44,11	 64,62	  -6,9	  -0,9	   5,2	   5,4	   0,6	  -5,9
*	    36,1207	 1	 46,82	 64,93	  -6,7	  -0,7	   5,4	   5,7	   0,9	  -5,6
*	    35,6398	 1	 49,41	 65,27	  -6,4	  -0,5	   5,6	   5,9	   1,1	  -5,4
*	    35,3062	 1	 51,90	 65,65	  -6,2	  -0,3	   5,8	   6,1	   1,3	  -5,2
*	    38,6979	 1	 43,98	 62,19	  -7,5	  -1,5	   4,6	   4,8	   0,0	  -6,5
*	    38,0981	 1	 46,70	 62,53	  -7,3	  -1,3	   4,8	   5,0	   0,3	  -6,3
*	    37,6428	 1	 49,30	 62,90	  -7,1	  -1,1	   5,0	   5,2	   0,5	  -6,1
*	    37,3345	 1	 51,79	 63,32	  -6,9	  -0,9	   5,2	   5,4	   0,6	  -5,9
*	    40,8029	 1	 43,85	 59,85	  -8,2	  -2,2	   3,9	   4,1	  -0,6	  -7,2
*	    40,2281	 1	 46,57	 60,23	  -7,9	  -2,0	   4,1	   4,4	  -0,4	  -7,0
*	    39,7974	 1	 49,18	 60,64	  -7,8	  -1,8	   4,3	   4,5	  -0,2	  -6,8
*	    39,5135	 1	 51,69	 61,08	  -7,6	  -1,6	   4,5	   4,7	  -0,1	  -6,6
*	    43,0502	 1	 43,71	 57,61	  -8,8	  -2,8	   3,3	   3,5	  -1,3	  -7,9
*	    42,4996	 1	 46,44	 58,01	  -8,6	  -2,6	   3,4	   3,7	  -1,1	  -7,7
*	    42,0926	 1	 49,06	 58,44	  -8,5	  -2,5	   3,6	   3,8	  -0,9	  -7,5
*	    41,8314	 1	 51,58	 58,92	  -8,3	  -2,3	   3,8	   4,0	  -0,8	  -7,3
*	    45,4293	 1	 43,58	 55,47	  -9,5	  -3,5	   2,6	   2,8	  -2,0	  -8,6
*	    44,9021	 1	 46,32	 55,88	  -9,3	  -3,4	   2,7	   3,0	  -1,8	  -8,4
*	    44,5175	 1	 48,95	 56,34	  -9,2	  -3,2	   2,9	   3,1	  -1,6	  -8,2
*	    44,2776	 1	 51,47	 56,83	  -9,0	  -3,1	   3,0	   3,2	  -1,5	  -8,1
*	    47,9304	 1	 43,44	 53,42	 -10,2	  -4,2	   1,9	   2,1	  -2,7	  -9,3
*	    47,4255	 1	 46,19	 53,85	 -10,0	  -4,1	   2,0	   2,2	  -2,5	  -9,1
*	    47,0620	 1	 48,83	 54,33	  -9,9	  -3,9	   2,2	   2,4	  -2,4	  -9,0
*	    46,8419	 1	 51,36	 54,84	  -9,8	  -3,8	   2,3	   2,5	  -2,3	  -8,9
*	    34,4652	 1	  7,22	 60,37	  -7,1	  -0,1	   7,3	   7,9	   3,0	  -3,5
*	    33,5416	 1	  2,06	 58,35	  -6,4	   0,6	   8,0	   8,5	   3,6	  -2,9
*	    32,9988	 1	355,88	 56,30	  -5,8	   1,2	   8,5	   9,1	   4,2	  -2,3
*	    32,1758	 1	  7,65	 65,96	  -6,2	   0,8	   8,2	   8,7	   3,9	  -2,7
*	    31,1658	 1	  2,54	 64,25	  -5,5	   1,6	   8,9	   9,5	   4,6	  -1,9
*	    30,5357	 1	356,40	 62,48	  -4,8	   2,2	   9,6	  10,2	   5,3	  -1,2
*	    30,3473	 1	  8,09	 72,07	  -5,5	   1,5	   8,9	   9,5	   4,6	  -1,9
*	    29,2615	 1	  3,02	 70,79	  -4,7	   2,4	   9,7	  10,3	   5,4	  -1,1
*	    28,5526	 1	356,92	 69,45	  -3,9	   3,1	  10,5	  11,1	   6,2	  -0,3
*	    29,0239	 1	  8,52	 78,61	  -5,0	   2,0	   9,4	  10,0	   5,1	  -1,4
*	    27,8813	 1	  3,49	 77,89	  -4,1	   2,9	  10,3	  10,9	   6,0	  -0,5
*	    27,1118	 1	357,45	 77,14	  -3,2	   3,8	  11,1	  11,7	   6,8	   0,4
*	    28,2408	 1	  8,95	 85,45	  -4,7	   2,4	   9,7	  10,3	   5,4	  -1,1
*	    27,0682	 1	  3,97	 85,37	  -3,7	   3,3	  10,6	  11,2	   6,3	  -0,1
*	    26,2661	 1	357,97	 85,32	  -2,8	   4,2	  11,5	  12,1	   7,2	   0,8
*	    35,8340	 1	353,86	 50,44	  -4,0	   2,0	   8,1	   8,3	   3,5	  -3,0
*	    36,0703	 1	358,78	 52,06	  -4,3	   1,6	   7,7	   8,0	   3,2	  -3,3
*	    36,5240	 1	  3,08	 53,72	  -4,7	   1,3	   7,4	   7,6	   2,8	  -3,7
*	    37,1819	 1	  6,85	 55,37	  -5,1	   0,8	   6,9	   7,2	   2,4	  -4,1
*	    38,2217	 1	353,47	 46,90	  -4,9	   1,1	   7,2	   7,4	   2,6	  -3,9
*	    38,4131	 1	358,41	 48,55	  -5,2	   0,8	   6,9	   7,1	   2,3	  -4,2
*	    38,8191	 1	  2,73	 50,26	  -5,5	   0,4	   6,5	   6,8	   2,0	  -4,5
*	    39,4281	 1	  6,52	 51,98	  -5,9	   0,1	   6,1	   6,4	   1,6	  -4,9
*	    40,7855	 1	353,08	 43,72	  -5,9	   0,1	   6,2	   6,4	   1,7	  -4,9
*	    40,9353	 1	358,04	 45,39	  -6,1	  -0,1	   6,0	   6,2	   1,4	  -5,1
*	    41,2962	 1	  2,38	 47,12	  -6,4	  -0,4	   5,7	   5,9	   1,1	  -5,4
*	    41,8580	 1	  6,20	 48,87	  -6,7	  -0,8	   5,3	   5,6	   0,8	  -5,8
*	    43,5067	 1	352,69	 40,88	  -6,8	  -0,8	   5,3	   5,5	   0,7	  -5,9
*	    43,6185	 1	357,67	 42,54	  -7,0	  -1,0	   5,1	   5,3	   0,5	  -6,1
*	    43,9373	 1	  2,04	 44,27	  -7,3	  -1,3	   4,8	   5,0	   0,3	  -6,3
*	    44,4544	 1	  5,88	 46,03	  -7,6	  -1,6	   4,5	   4,7	  -0,0	  -6,6
*	    46,3686	 1	352,29	 38,34	  -7,8	  -1,8	   4,3	   4,5	  -0,2	  -6,8
*	    46,4463	 1	357,30	 39,96	  -7,9	  -2,0	   4,1	   4,4	  -0,4	  -7,0
*	    46,7265	 1	  1,69	 41,68	  -8,2	  -2,2	   3,9	   4,1	  -0,6	  -7,2
*	    47,2018	 1	  5,55	 43,44	  -8,4	  -2,4	   3,6	   3,9	  -0,9	  -7,5
*	    29,8966	 1	345,48	 57,92	 -17,4	 -10,4	  -3,0	  -2,4	  -7,3	 -13,8
*	    31,2601	 1	345,17	 54,43	 -18,1	 -11,0	  -3,7	  -3,1	  -8,0	 -14,5
*	    27,9754	 1	344,48	 55,49	 -16,4	  -9,4	  -2,0	  -1,5	  -6,3	 -12,8
*	    29,4017	 1	344,14	 51,90	 -17,2	 -10,1	  -2,8	  -2,2	  -7,1	 -13,6
s	    28,2967	 2	 90,00	 34,85	  25,8	  33,0	  40,6	  41,5	  36,6	  30,1
*	    28,4797	 1	137,36	 93,48	  -5,7	   1,3	   8,6	   9,2	   4,3	  -2,2
*	    28,9470	 1	141,13	 93,93	  -6,0	   1,1	   8,4	   9,0	   4,1	  -2,4
*	    28,3111	 1	137,56	 89,10	  -5,7	   1,3	   8,7	   9,3	   4,4	  -2,1
*	    28,7681	 1	141,35	 89,35	  -5,9	   1,1	   8,5	   9,1	   4,2	  -2,3
*	    29,5282	 1	145,45	 89,62	  -6,1	   0,9	   8,2	   8,8	   3,9	  -2,6
*	    28,6378	 1	137,77	 84,69	  -5,8	   1,2	   8,6	   9,2	   4,3	  -2,2
*	    29,0803	 1	141,57	 84,75	  -6,0	   1,0	   8,4	   9,0	   4,1	  -2,4
*	    29,8266	 1	145,70	 84,84	  -6,2	   0,8	   8,2	   8,7	   3,8	  -2,7
*	    29,4532	 1	137,97	 80,32	  -6,1	   0,9	   8,3	   8,9	   4,0	  -2,5
*	    29,8776	 1	141,80	 80,19	  -6,3	   0,8	   8,1	   8,7	   3,8	  -2,7
*	    30,6069	 1	145,95	 80,10	  -6,5	   0,5	   7,9	   8,5	   3,6	  -2,9
*	    30,7412	 1	138,18	 76,04	  -6,5	   0,5	   7,8	   8,4	   3,5	  -3,0
*	    31,1450	 1	142,03	 75,73	  -6,7	   0,3	   7,7	   8,3	   3,4	  -3,1
*	    31,8550	 1	146,20	 75,47	  -6,9	   0,1	   7,5	   8,1	   3,2	  -3,4
*	    32,4783	 1	138,39	 71,87	  -7,1	  -0,1	   7,3	   7,8	   2,9	  -3,6
*	    32,8602	 1	142,26	 71,41	  -7,3	  -0,2	   7,1	   7,7	   2,8	  -3,7
*	    33,5492	 1	146,45	 70,99	  -7,5	  -0,4	   6,9	   7,5	   2,6	  -3,9
*	    34,6354	 1	138,60	 67,88	  -7,8	  -0,8	   6,5	   7,1	   2,2	  -4,3
*	    34,9950	 1	142,49	 67,27	  -8,0	  -0,9	   6,4	   7,0	   2,1	  -4,4
*	    35,6621	 1	146,70	 66,74	  -8,1	  -1,1	   6,2	   6,8	   1,9	  -4,6
*	    39,0058	 1	138,35	 61,83	  -7,0	  -1,1	   5,0	   5,3	   0,5	  -6,0
*	    39,1601	 1	140,96	 61,29	  -7,1	  -1,1	   5,0	   5,2	   0,5	  -6,1
*	    39,4566	 1	143,71	 60,77	  -7,2	  -1,2	   4,9	   5,1	   0,4	  -6,2
*	    39,8952	 1	146,63	 60,28	  -7,3	  -1,3	   4,8	   5,0	   0,3	  -6,3
*	    41,0929	 1	138,49	 59,46	  -7,7	  -1,7	   4,4	   4,6	  -0,1	  -6,7
*	    41,2381	 1	141,12	 58,87	  -7,7	  -1,7	   4,4	   4,6	  -0,2	  -6,7
*	    41,5249	 1	143,88	 58,32	  -7,8	  -1,8	   4,3	   4,5	  -0,3	  -6,8
*	    41,9531	 1	146,80	 57,80	  -7,9	  -1,9	   4,2	   4,4	  -0,4	  -6,9
*	    43,3230	 1	138,64	 57,20	  -8,3	  -2,3	   3,8	   4,0	  -0,8	  -7,4
*	    43,4597	 1	141,27	 56,57	  -8,4	  -2,4	   3,7	   3,9	  -0,8	  -7,4
*	    43,7370	 1	144,04	 55,98	  -8,4	  -2,5	   3,6	   3,9	  -0,9	  -7,5
*	    44,1549	 1	146,97	 55,43	  -8,5	  -2,6	   3,5	   3,8	  -1,0	  -7,6
*	    45,6856	 1	138,78	 55,03	  -9,0	  -3,0	   3,1	   3,3	  -1,5	  -8,1
*	    45,8143	 1	141,42	 54,38	  -9,0	  -3,1	   3,0	   3,3	  -1,5	  -8,1
*	    46,0826	 1	144,20	 53,77	  -9,1	  -3,1	   3,0	   3,2	  -1,6	  -8,2
*	    46,4904	 1	147,15	 53,19	  -9,2	  -3,2	   2,9	   3,1	  -1,7	  -8,3
*	    48,1709	 1	138,93	 52,96	  -9,7	  -3,7	   2,4	   2,6	  -2,2	  -8,8
*	    48,2922	 1	141,58	 52,28	  -9,7	  -3,8	   2,3	   2,6	  -2,2	  -8,8
*	    48,5518	 1	144,37	 51,65	  -9,8	  -3,8	   2,3	   2,5	  -2,3	  -8,9
*	    48,9496	 1	147,32	 51,06	  -9,9	  -3,9	   2,2	   2,4	  -2,4	  -9,0
*	    28,3180	 1	195,22	 55,97	 -16,1	  -9,1	  -1,7	  -1,1	  -6,0	 -12,5
*	    29,7320	 1	195,55	 52,40	 -16,8	  -9,8	  -2,4	  -1,9	  -6,7	 -13,2
*	    34,6255	 1	 41,09	 67,93	  -7,8	  -0,8	   6,6	   7,1	   2,2	  -4,3
*	    34,9729	 1	 37,20	 67,32	  -7,9	  -0,9	   6,4	   7,0	   2,1	  -4,4
*	    35,6280	 1	 32,98	 66,76	  -8,1	  -1,1	   6,3	   6,8	   1,9	  -4,6
*	    32,4793	 1	 41,30	 71,93	  -7,1	  -0,1	   7,3	   7,8	   2,9	  -3,6
*	    32,8480	 1	 37,43	 71,46	  -7,2	  -0,2	   7,1	   7,7	   2,8	  -3,7
*	    33,5240	 1	 33,23	 71,06	  -7,4	  -0,4	   6,9	   7,5	   2,6	  -3,9
*	    30,7538	 1	 41,51	 76,11	  -6,5	   0,5	   7,8	   8,4	   3,5	  -3,0
*	    31,1435	 1	 37,66	 75,80	  -6,7	   0,3	   7,7	   8,3	   3,4	  -3,1
*	    31,8397	 1	 33,48	 75,54	  -6,9	   0,1	   7,5	   8,1	   3,2	  -3,3
*	    29,4779	 1	 41,72	 80,41	  -6,1	   0,9	   8,3	   8,9	   4,0	  -2,5
*	    29,8874	 1	 37,89	 80,29	  -6,3	   0,8	   8,1	   8,7	   3,8	  -2,7
*	    30,6022	 1	 33,73	 80,19	  -6,5	   0,6	   7,9	   8,5	   3,6	  -2,9
*	    28,6749	 1	 41,93	 84,80	  -5,8	   1,2	   8,6	   9,1	   4,3	  -2,2
*	    29,1019	 1	 38,12	 84,87	  -6,0	   1,0	   8,4	   9,0	   4,1	  -2,4
*	    29,8332	 1	 33,98	 84,95	  -6,2	   0,8	   8,2	   8,8	   3,9	  -2,6
*	    28,3604	 1	 42,13	 89,22	  -5,7	   1,3	   8,7	   9,3	   4,4	  -2,1
*	    28,8017	 1	 38,35	 89,47	  -5,9	   1,1	   8,5	   9,1	   4,2	  -2,3
*	    29,5465	 1	 34,23	 89,75	  -6,1	   0,9	   8,3	   8,8	   4,0	  -2,5
*	    28,5410	 1	 42,34	 93,62	  -5,8	   1,3	   8,6	   9,2	   4,3	  -2,2
*	    49,0210	 1	 40,71	 52,26	  -9,9	  -3,9	   2,2	   2,4	  -2,4	  -9,0
*	    49,1344	 1	 38,06	 51,57	  -9,9	  -4,0	   2,1	   2,3	  -2,4	  -9,0
*	    49,3859	 1	 35,25	 50,92	 -10,0	  -4,0	   2,1	   2,3	  -2,5	  -9,1
*	    49,7752	 1	 32,30	 50,33	 -10,1	  -4,1	   2,0	   2,2	  -2,6	  -9,2
*	    46,4994	 1	 40,85	 54,29	  -9,2	  -3,2	   2,9	   3,1	  -1,7	  -8,3
*	    46,6197	 1	 38,22	 53,64	  -9,2	  -3,3	   2,8	   3,0	  -1,7	  -8,3
*	    46,8794	 1	 35,42	 53,00	  -9,3	  -3,3	   2,8	   3,0	  -1,8	  -8,4
*	    47,2781	 1	 32,47	 52,42	  -9,4	  -3,4	   2,7	   2,9	  -1,9	  -8,5
*	    44,0976	 1	 41,00	 56,43	  -8,5	  -2,6	   3,5	   3,8	  -1,0	  -7,6
*	    44,2253	 1	 38,37	 55,80	  -8,6	  -2,6	   3,5	   3,7	  -1,0	  -7,6
*	    44,4934	 1	 35,59	 55,19	  -8,6	  -2,7	   3,4	   3,7	  -1,1	  -7,7
*	    44,9018	 1	 32,65	 54,62	  -8,7	  -2,8	   3,3	   3,6	  -1,2	  -7,8
*	    41,8253	 1	 41,14	 58,68	  -7,9	  -1,9	   4,2	   4,4	  -0,3	  -6,9
*	    41,9609	 1	 38,53	 58,06	  -7,9	  -1,9	   4,2	   4,4	  -0,4	  -6,9
*	    42,2379	 1	 35,75	 57,50	  -8,0	  -2,0	   4,1	   4,3	  -0,5	  -7,0
*	    42,6561	 1	 32,82	 56,96	  -8,1	  -2,1	   4,0	   4,2	  -0,6	  -7,1
*	    39,6927	 1	 41,28	 61,02	  -7,2	  -1,3	   4,8	   5,1	   0,3	  -6,2
*	    39,8368	 1	 38,68	 60,46	  -7,3	  -1,3	   4,8	   5,0	   0,3	  -6,3
*	    40,1229	 1	 35,92	 59,91	  -7,4	  -1,4	   4,7	   4,9	   0,2	  -6,4
*	    40,5510	 1	 33,00	 59,41	  -7,5	  -1,5	   4,6	   4,8	   0,1	  -6,5
*	    37,7103	 1	 41,43	 63,46	  -6,6	  -0,6	   5,5	   5,7	   0,9	  -5,6
*	    37,8633	 1	 38,83	 62,94	  -6,7	  -0,7	   5,4	   5,6	   0,9	  -5,7
*	    38,1589	 1	 36,08	 62,44	  -6,8	  -0,8	   5,3	   5,5	   0,8	  -5,8
*	    38,5970	 1	 33,17	 61,98	  -6,9	  -0,9	   5,2	   5,4	   0,7	  -5,9
s	    28,4029	 2	 91,06	 42,32	  25,7	  33,0	  40,6	  41,5	  36,6	  30,1
s	    28,4363	 2	 88,87	 42,35	  25,7	  33,0	  40,6	  41,4	  36,6	  30,1
*	    35,3246	 1	296,73	 11,99	 -16,4	 -10,4	  -4,3	  -4,1	  -8,8	 -15,4
*	    35,2005	 1	284,47	 11,05	 -16,3	 -10,4	  -4,3	  -4,0	  -8,8	 -15,3
*	    35,1517	 1	270,67	 10,70	 -16,3	 -10,3	  -4,2	  -4,0	  -8,8	 -15,3
*	    33,6473	 1	297,09	 12,41	 -15,7	  -9,7	  -3,6	  -3,4	  -8,1	 -14,6
*	    33,5189	 1	284,68	 11,42	 -15,6	  -9,6	  -3,5	  -3,3	  -8,0	 -14,6
*	    33,4685	 1	270,68	 11,04	 -15,6	  -9,6	  -3,5	  -3,3	  -8,0	 -14,5
*	    31,9895	 1	297,46	 12,87	 -14,9	  -8,9	  -2,8	  -2,6	  -7,3	 -13,8
*	    31,8564	 1	284,91	 11,82	 -14,9	  -8,9	  -2,8	  -2,5	  -7,3	 -13,8
*	    31,8043	 1	270,69	 11,41	 -14,8	  -8,9	  -2,7	  -2,5	  -7,3	 -13,8
*	    30,3520	 1	297,83	 13,38	 -14,1	  -8,2	  -2,1	  -1,8	  -6,6	 -13,1
*	    30,2138	 1	285,14	 12,26	 -14,1	  -8,1	  -2,0	  -1,8	  -6,5	 -13,0
*	    30,1598	 1	270,70	 11,84	 -14,0	  -8,1	  -2,0	  -1,7	  -6,5	 -13,0
*	    28,7355	 1	298,22	 13,94	 -13,3	  -7,3	  -1,2	  -1,0	  -5,7	 -12,2
*	    28,5918	 1	285,37	 12,75	 -13,2	  -7,3	  -1,2	  -0,9	  -5,7	 -12,1
*	    28,5356	 1	270,71	 12,30	 -13,2	  -7,2	  -1,1	  -0,9	  -5,6	 -12,1
*	    35,1648	 1	262,97	 10,79	 -16,3	 -10,3	  -4,2	  -4,0	  -8,8	 -15,3
*	    35,2483	 1	249,73	 11,42	 -16,4	 -10,4	  -4,3	  -4,1	  -8,8	 -15,3
*	    35,4069	 1	238,42	 12,56	 -16,4	 -10,5	  -4,3	  -4,1	  -8,9	 -15,4
*	    33,4819	 1	262,86	 11,13	 -15,6	  -9,6	  -3,5	  -3,3	  -8,0	 -14,5
*	    33,5683	 1	249,44	 11,81	 -15,6	  -9,7	  -3,6	  -3,3	  -8,1	 -14,6
*	    33,7324	 1	238,03	 13,01	 -15,7	  -9,7	  -3,6	  -3,4	  -8,1	 -14,7
*	    31,8181	 1	262,75	 11,51	 -14,8	  -8,9	  -2,8	  -2,5	  -7,3	 -13,8
*	    31,9076	 1	249,14	 12,23	 -14,9	  -8,9	  -2,8	  -2,6	  -7,3	 -13,8
*	    32,0776	 1	237,62	 13,51	 -15,0	  -9,0	  -2,9	  -2,6	  -7,4	 -13,9
*	    30,1741	 1	262,63	 11,93	 -14,0	  -8,1	  -2,0	  -1,7	  -6,5	 -13,0
*	    30,2669	 1	248,84	 12,69	 -14,1	  -8,1	  -2,0	  -1,8	  -6,5	 -13,0
*	    30,4435	 1	237,20	 14,06	 -14,2	  -8,2	  -2,1	  -1,9	  -6,6	 -13,1
*	    28,5505	 1	262,51	 12,40	 -13,2	  -7,2	  -1,1	  -0,9	  -5,7	 -12,1
*	    28,6470	 1	248,52	 13,21	 -13,3	  -7,3	  -1,2	  -1,0	  -5,7	 -12,2
*	    28,8307	 1	236,78	 14,67	 -13,4	  -7,4	  -1,3	  -1,1	  -5,8	 -12,3
s	    28,7254	 1	 12,10	 91,47	  26,7	  33,7	  41,1	  41,6	  36,7	  30,3
*	    35,6707	 1	 19,72	 63,67	  -8,1	  -1,1	   6,3	   6,8	   1,9	  -4,6
*	    35,2841	 1	 15,44	 62,46	  -7,8	  -0,8	   6,6	   7,2	   2,3	  -4,3
*	    35,1977	 1	 10,59	 61,27	  -7,5	  -0,5	   6,9	   7,4	   2,5	  -4,0
*	    33,6108	 1	 20,05	 68,26	  -7,4	  -0,4	   6,9	   7,5	   2,6	  -3,9
*	    33,1873	 1	 15,79	 67,25	  -7,1	  -0,0	   7,3	   7,9	   3,0	  -3,5
*	    33,0644	 1	 10,96	 66,25	  -6,7	   0,3	   7,6	   8,2	   3,3	  -3,2
*	    31,9326	 1	 20,36	 73,13	  -6,8	   0,2	   7,5	   8,1	   3,2	  -3,3
*	    31,4776	 1	 16,13	 72,38	  -6,4	   0,6	   7,9	   8,5	   3,6	  -2,9
*	    31,3232	 1	 11,34	 71,64	  -6,1	   0,9	   8,3	   8,9	   4,0	  -2,5
*	    30,6634	 1	 20,68	 78,24	  -6,4	   0,6	   8,0	   8,6	   3,7	  -2,8
*	    30,1853	 1	 16,48	 77,80	  -6,0	   1,0	   8,4	   9,0	   4,1	  -2,4
*	    30,0071	 1	 11,72	 77,38	  -5,6	   1,4	   8,8	   9,4	   4,5	  -2,0
*	    29,8255	 1	 21,00	 83,53	  -6,1	   0,9	   8,3	   8,9	   4,0	  -2,5
*	    29,3349	 1	 16,83	 83,43	  -5,7	   1,4	   8,7	   9,3	   4,4	  -2,1
*	    29,1437	 1	 12,10	 83,36	  -5,3	   1,8	   9,1	   9,7	   4,8	  -1,7
*	    29,4338	 1	 21,31	 88,92	  -6,0	   1,0	   8,4	   9,0	   4,1	  -2,4
*	    28,9430	 1	 17,17	 89,17	  -5,5	   1,5	   8,8	   9,4	   4,5	  -2,0
*	    28,7514	 1	 12,47	 89,47	  -5,1	   1,9	   9,2	   9,8	   4,9	  -1,6
*	    50,0434	 1	 18,74	 46,31	  -9,8	  -3,9	   2,2	   2,4	  -2,3	  -9,0
*	    49,8426	 1	 15,66	 45,14	  -9,7	  -3,7	   2,3	   2,6	  -2,2	  -8,8
*	    49,7870	 1	 12,28	 43,99	  -9,6	  -3,6	   2,4	   2,7	  -2,1	  -8,7
*	    49,8798	 1	  8,62	 42,92	  -9,5	  -3,6	   2,5	   2,7	  -2,0	  -8,7
*	    47,5210	 1	 18,97	 48,48	  -9,1	  -3,2	   2,9	   3,2	  -1,6	  -8,2
*	    47,3015	 1	 15,91	 47,32	  -9,0	  -3,0	   3,1	   3,3	  -1,5	  -8,1
*	    47,2292	 1	 12,55	 46,17	  -8,9	  -2,9	   3,2	   3,4	  -1,4	  -8,0
*	    47,3073	 1	  8,90	 45,10	  -8,8	  -2,8	   3,3	   3,5	  -1,3	  -7,9
*	    45,1177	 1	 19,20	 50,79	  -8,4	  -2,5	   3,6	   3,9	  -0,9	  -7,5
*	    44,8786	 1	 16,16	 49,65	  -8,3	  -2,3	   3,8	   4,0	  -0,8	  -7,3
*	    44,7882	 1	 12,81	 48,53	  -8,1	  -2,2	   3,9	   4,1	  -0,6	  -7,2
*	    44,8503	 1	  9,18	 47,46	  -8,0	  -2,1	   4,0	   4,2	  -0,5	  -7,1
*	    42,8437	 1	 19,43	 53,27	  -7,8	  -1,8	   4,3	   4,5	  -0,2	  -6,8
*	    42,5841	 1	 16,40	 52,15	  -7,6	  -1,6	   4,5	   4,7	  -0,1	  -6,6
*	    42,4746	 1	 13,07	 51,06	  -7,4	  -1,5	   4,6	   4,9	   0,1	  -6,5
*	    42,5193	 1	  9,45	 50,01	  -7,3	  -1,3	   4,8	   5,0	   0,2	  -6,4
*	    40,7095	 1	 19,67	 55,91	  -7,1	  -1,1	   5,0	   5,2	   0,4	  -6,1
*	    40,4289	 1	 16,65	 54,84	  -6,9	  -0,9	   5,2	   5,4	   0,6	  -5,9
*	    40,2993	 1	 13,33	 53,78	  -6,7	  -0,8	   5,3	   5,6	   0,8	  -5,8
*	    40,3257	 1	  9,73	 52,76	  -6,6	  -0,6	   5,5	   5,7	   0,9	  -5,6
*	    38,7265	 1	 19,90	 58,71	  -6,5	  -0,5	   5,6	   5,8	   1,1	  -5,5
*	    38,4245	 1	 16,89	 57,69	  -6,3	  -0,3	   5,8	   6,0	   1,3	  -5,3
*	    38,2744	 1	 13,59	 56,70	  -6,1	  -0,1	   6,0	   6,2	   1,5	  -5,1
*	    38,2815	 1	 10,00	 55,72	  -5,9	   0,1	   6,2	   6,4	   1,6	  -4,9
s	    28,7706	 1	167,35	 91,43	  26,7	  33,7	  41,0	  41,6	  36,7	  30,3
*	    29,4287	 1	158,18	 91,73	  -6,0	   1,0	   8,4	   9,0	   4,1	  -2,4
*	    28,9554	 1	162,28	 92,18	  -5,6	   1,5	   8,8	   9,4	   4,5	  -2,0
*	    29,5821	 1	158,49	 86,36	  -6,0	   1,0	   8,3	   8,9	   4,0	  -2,5
*	    29,1022	 1	162,62	 86,45	  -5,6	   1,4	   8,8	   9,4	   4,5	  -2,0
*	    28,9215	 1	167,34	 86,57	  -5,2	   1,8	   9,2	   9,8	   4,9	  -1,6
*	    30,1862	 1	158,81	 81,03	  -6,2	   0,8	   8,1	   8,7	   3,8	  -2,7
*	    29,7122	 1	162,97	 80,77	  -5,8	   1,2	   8,6	   9,1	   4,3	  -2,2
*	    29,5377	 1	167,71	 80,54	  -5,4	   1,6	   8,9	   9,5	   4,6	  -1,9
*	    31,2304	 1	159,12	 75,83	  -6,6	   0,4	   7,8	   8,4	   3,5	  -3,0
*	    30,7737	 1	163,31	 75,24	  -6,2	   0,8	   8,2	   8,8	   3,9	  -2,6
*	    30,6171	 1	168,09	 74,68	  -5,8	   1,2	   8,5	   9,1	   4,2	  -2,3
*	    32,6962	 1	159,44	 70,83	  -7,1	  -0,1	   7,3	   7,8	   2,9	  -3,6
*	    32,2663	 1	163,66	 69,97	  -6,7	   0,3	   7,6	   8,2	   3,3	  -3,2
*	    32,1368	 1	168,46	 69,12	  -6,4	   0,6	   8,0	   8,6	   3,7	  -2,9
*	    34,5589	 1	159,76	 66,11	  -7,7	  -0,7	   6,6	   7,2	   2,3	  -4,2
*	    34,1625	 1	164,00	 65,02	  -7,4	  -0,4	   7,0	   7,6	   2,7	  -3,9
*	    34,0664	 1	168,84	 63,93	  -7,1	  -0,1	   7,3	   7,8	   2,9	  -3,6
*	    36,7894	 1	160,07	 61,70	  -8,5	  -1,5	   5,9	   6,5	   1,6	  -5,0
*	    36,4308	 1	164,35	 60,41	  -8,2	  -1,2	   6,2	   6,8	   1,9	  -4,7
*	    36,3714	 1	169,22	 59,15	  -7,9	  -0,9	   6,4	   7,0	   2,1	  -4,4
*	    38,1662	 1	159,68	 59,69	  -6,3	  -0,3	   5,8	   6,0	   1,2	  -5,3
*	    37,8642	 1	162,66	 58,71	  -6,1	  -0,1	   6,0	   6,2	   1,5	  -5,1
*	    37,7140	 1	165,94	 57,74	  -5,9	   0,1	   6,2	   6,4	   1,6	  -4,9
*	    37,7208	 1	169,52	 56,79	  -5,7	   0,2	   6,3	   6,6	   1,8	  -4,7
*	    40,0991	 1	159,91	 56,84	  -6,9	  -0,9	   5,2	   5,4	   0,6	  -5,9
*	    39,8180	 1	162,91	 55,80	  -6,7	  -0,7	   5,4	   5,6	   0,8	  -5,7
*	    39,6880	 1	166,20	 54,77	  -6,6	  -0,6	   5,5	   5,7	   1,0	  -5,6
*	    39,7137	 1	169,79	 53,77	  -6,4	  -0,4	   5,7	   5,9	   1,1	  -5,4
*	    42,1866	 1	160,14	 54,17	  -7,6	  -1,6	   4,5	   4,7	  -0,0	  -6,6
*	    41,9263	 1	163,15	 53,07	  -7,4	  -1,4	   4,7	   4,9	   0,1	  -6,4
*	    41,8160	 1	166,46	 51,99	  -7,2	  -1,3	   4,8	   5,1	   0,3	  -6,3
*	    41,8601	 1	170,07	 50,95	  -7,1	  -1,1	   5,0	   5,2	   0,4	  -6,1
*	    44,4174	 1	160,37	 51,64	  -8,2	  -2,3	   3,8	   4,1	  -0,7	  -7,3
*	    44,1773	 1	163,39	 50,52	  -8,1	  -2,1	   4,0	   4,2	  -0,5	  -7,1
*	    44,0860	 1	166,71	 49,41	  -7,9	  -2,0	   4,1	   4,4	  -0,4	  -7,0
*	    44,1474	 1	170,34	 48,35	  -7,8	  -1,9	   4,2	   4,5	  -0,3	  -6,9
*	    46,7806	 1	160,60	 49,29	  -8,9	  -3,0	   3,1	   3,4	  -1,4	  -8,0
*	    46,5601	 1	163,64	 48,13	  -8,8	  -2,8	   3,3	   3,5	  -1,3	  -7,9
*	    46,4868	 1	166,97	 47,01	  -8,7	  -2,7	   3,4	   3,6	  -1,1	  -7,7
*	    46,5642	 1	170,62	 45,94	  -8,6	  -2,6	   3,5	   3,7	  -1,1	  -7,7
*	    49,2661	 1	160,83	 47,07	  -9,6	  -3,7	   2,4	   2,7	  -2,1	  -8,7
*	    49,0641	 1	163,89	 45,90	  -9,5	  -3,5	   2,6	   2,8	  -2,0	  -8,6
*	    49,0076	 1	167,23	 44,78	  -9,4	  -3,4	   2,7	   2,9	  -1,9	  -8,5
*	    49,0998	 1	170,89	 43,70	  -9,3	  -3,4	   2,7	   3,0	  -1,8	  -8,4
s	    28,8473	 3	 90,94	130,87	  25,0	  32,0	  39,0	  39,2	  33,9	  27,0
*	    35,6799	 1	311,32	 14,26	 -16,6	 -10,6	  -4,5	  -4,3	  -9,0	 -15,6
*	    35,4250	 1	302,53	 12,68	 -16,5	 -10,5	  -4,4	  -4,2	  -8,9	 -15,5
*	    34,3534	 1	318,63	 16,67	 -16,0	 -10,1	  -4,0	  -3,7	  -8,5	 -15,0
*	    34,0145	 1	311,76	 14,79	 -15,9	  -9,9	  -3,8	  -3,6	  -8,3	 -14,8
*	    33,7511	 1	302,93	 13,14	 -15,8	  -9,8	  -3,7	  -3,5	  -8,2	 -14,7
*	    32,7204	 1	319,07	 17,37	 -15,3	  -9,3	  -3,2	  -3,0	  -7,7	 -14,2
*	    32,3697	 1	312,20	 15,39	 -15,1	  -9,2	  -3,1	  -2,8	  -7,6	 -14,1
*	    32,0971	 1	303,34	 13,65	 -15,0	  -9,0	  -2,9	  -2,7	  -7,5	 -14,0
*	    31,1098	 1	319,52	 18,14	 -14,6	  -8,6	  -2,5	  -2,2	  -7,0	 -13,5
*	    30,7463	 1	312,66	 16,06	 -14,4	  -8,4	  -2,3	  -2,1	  -6,8	 -13,3
*	    30,4637	 1	303,76	 14,20	 -14,2	  -8,3	  -2,2	  -1,9	  -6,7	 -13,2
*	    29,5229	 1	319,97	 18,99	 -13,8	  -7,8	  -1,7	  -1,5	  -6,2	 -12,7
*	    29,1454	 1	313,11	 16,78	 -13,6	  -7,6	  -1,5	  -1,3	  -6,0	 -12,5
*	    28,8517	 1	304,19	 14,83	 -13,4	  -7,5	  -1,4	  -1,1	  -5,9	 -12,3
s	    28,8804	 3	 89,00	130,85	  25,0	  32,0	  39,0	  39,2	  33,9	  27,0
*	    35,5330	 1	233,23	 13,37	 -16,5	 -10,6	  -4,5	  -4,2	  -9,0	 -15,5
*	    35,8217	 1	225,37	 15,04	 -16,7	 -10,7	  -4,6	  -4,4	  -9,1	 -15,6
*	    33,8627	 1	232,81	 13,86	 -15,8	  -9,8	  -3,7	  -3,5	  -8,3	 -14,8
*	    34,1610	 1	224,93	 15,63	 -15,9	 -10,0	  -3,9	  -3,6	  -8,4	 -14,9
*	    34,5341	 1	218,79	 17,58	 -16,1	 -10,1	  -4,0	  -3,8	  -8,6	 -15,1
*	    32,2125	 1	232,38	 14,40	 -15,1	  -9,1	  -3,0	  -2,8	  -7,5	 -14,0
*	    32,5212	 1	224,48	 16,27	 -15,2	  -9,2	  -3,1	  -2,9	  -7,7	 -14,2
*	    32,9073	 1	218,36	 18,33	 -15,4	  -9,4	  -3,3	  -3,1	  -7,8	 -14,3
*	    30,5833	 1	231,93	 15,01	 -14,3	  -8,3	  -2,2	  -2,0	  -6,7	 -13,2
*	    30,9034	 1	224,03	 16,98	 -14,5	  -8,5	  -2,4	  -2,1	  -6,9	 -13,4
*	    31,3035	 1	217,92	 19,14	 -14,6	  -8,7	  -2,6	  -2,3	  -7,1	 -13,6
*	    28,9760	 1	231,49	 15,68	 -13,5	  -7,5	  -1,4	  -1,2	  -5,9	 -12,4
*	    29,3085	 1	223,57	 17,76	 -13,7	  -7,7	  -1,6	  -1,4	  -6,1	 -12,6
*	    29,7238	 1	217,47	 20,04	 -13,9	  -7,9	  -1,8	  -1,6	  -6,3	 -12,8
*	    29,0629	 1	306,94	 19,92	 -10,4	  -5,7	   7,4	   8,7	   5,6	   0,9
*	    30,2351	 1	325,62	 26,24	 -11,1	  -6,4	   6,7	   8,0	   5,0	   0,2
*	    32,1686	 1	335,85	 33,14	 -12,1	  -7,4	   5,7	   7,0	   4,0	  -0,8
*	    34,7600	 1	341,94	 39,52	 -13,3	  -8,6	   4,5	   5,8	   2,7	  -2,1
s	    29,4093	 1	149,79	 90,40	  26,6	  33,6	  41,0	  41,6	  36,7	  30,2
*	    29,5220	 1	147,38	 92,71	  -6,1	   0,9	   8,3	   8,9	   4,0	  -2,5
*	    29,4997	 1	151,25	 93,16	  -6,0	   1,1	   8,4	   9,0	   4,1	  -2,4
*	    29,5178	 1	147,63	 87,91	  -6,1	   0,9	   8,3	   8,9	   4,0	  -2,5
*	    29,4844	 1	151,52	 88,11	  -5,9	   1,1	   8,4	   9,0	   4,1	  -2,4
*	    29,7506	 1	155,85	 88,34	  -5,9	   1,2	   8,5	   9,1	   4,2	  -2,3
*	    29,9768	 1	147,88	 83,13	  -6,2	   0,8	   8,1	   8,7	   3,8	  -2,7
*	    29,9371	 1	151,80	 83,06	  -6,1	   0,9	   8,3	   8,9	   4,0	  -2,5
*	    30,1971	 1	156,16	 83,04	  -6,0	   1,0	   8,4	   8,9	   4,1	  -2,4
*	    30,8914	 1	148,14	 78,40	  -6,5	   0,5	   7,8	   8,4	   3,5	  -3,0
*	    30,8499	 1	152,08	 78,11	  -6,4	   0,6	   8,0	   8,6	   3,7	  -2,8
*	    31,1085	 1	156,46	 77,84	  -6,3	   0,7	   8,1	   8,6	   3,7	  -2,8
*	    32,2458	 1	148,40	 73,81	  -7,0	   0,0	   7,4	   8,0	   3,1	  -3,4
*	    32,2069	 1	152,36	 73,29	  -6,9	   0,2	   7,5	   8,1	   3,2	  -3,3
*	    32,4683	 1	156,77	 72,80	  -6,8	   0,2	   7,6	   8,2	   3,3	  -3,2
*	    34,0182	 1	148,66	 69,41	  -7,6	  -0,5	   6,8	   7,4	   2,5	  -4,0
*	    33,9854	 1	152,65	 68,68	  -7,5	  -0,4	   6,9	   7,5	   2,6	  -3,9
*	    34,2527	 1	157,08	 68,00	  -7,4	  -0,4	   7,0	   7,6	   2,7	  -3,9
*	    36,1814	 1	148,92	 65,22	  -8,3	  -1,2	   6,1	   6,7	   1,8	  -4,7
*	    36,1575	 1	152,93	 64,32	  -8,2	  -1,1	   6,2	   6,8	   1,9	  -4,6
*	    36,4328	 1	157,39	 63,48	  -8,1	  -1,1	   6,3	   6,8	   1,9	  -4,6
*	    50,0413	 1	157,80	 47,40	  -9,8	  -3,8	   2,3	   2,5	  -2,3	  -8,9
*	    49,8355	 1	154,62	 48,24	  -9,8	  -3,8	   2,3	   2,5	  -2,3	  -8,9
*	    49,7698	 1	151,66	 49,11	  -9,8	  -3,8	   2,2	   2,5	  -2,3	  -8,9
*	    49,8430	 1	148,90	 50,01	  -9,9	  -3,9	   2,2	   2,4	  -2,4	  -9,0
*	    47,5296	 1	157,58	 49,56	  -9,1	  -3,1	   3,0	   3,2	  -1,6	  -8,2
*	    47,3269	 1	154,41	 50,37	  -9,1	  -3,1	   3,0	   3,2	  -1,6	  -8,2
*	    47,2659	 1	151,47	 51,24	  -9,1	  -3,2	   2,9	   3,2	  -1,6	  -8,2
*	    47,3452	 1	148,72	 52,11	  -9,2	  -3,2	   2,9	   3,1	  -1,7	  -8,3
*	    45,1379	 1	157,36	 51,86	  -8,4	  -2,4	   3,7	   3,9	  -0,9	  -7,5
*	    44,9388	 1	154,21	 52,65	  -8,4	  -2,4	   3,7	   3,9	  -0,9	  -7,5
*	    44,8829	 1	151,27	 53,48	  -8,5	  -2,5	   3,6	   3,8	  -0,9	  -7,5
*	    44,9684	 1	148,54	 54,34	  -8,5	  -2,5	   3,6	   3,8	  -1,0	  -7,6
*	    42,8763	 1	157,15	 54,29	  -7,7	  -1,8	   4,3	   4,6	  -0,2	  -6,8
*	    42,6812	 1	154,00	 55,06	  -7,8	  -1,8	   4,3	   4,5	  -0,2	  -6,8
*	    42,6305	 1	151,08	 55,87	  -7,8	  -1,8	   4,3	   4,5	  -0,3	  -6,8
*	    42,7223	 1	148,36	 56,69	  -7,9	  -1,9	   4,2	   4,4	  -0,3	  -6,9
*	    40,7553	 1	156,93	 56,89	  -7,1	  -1,1	   5,0	   5,2	   0,4	  -6,1
*	    40,5645	 1	153,80	 57,62	  -7,1	  -1,1	   5,0	   5,2	   0,4	  -6,1
*	    40,5191	 1	150,89	 58,37	  -7,2	  -1,2	   4,9	   5,1	   0,4	  -6,2
*	    40,6171	 1	148,18	 59,15	  -7,2	  -1,3	   4,8	   5,1	   0,3	  -6,3
*	    38,7857	 1	156,71	 59,64	  -6,5	  -0,5	   5,6	   5,8	   1,1	  -5,5
*	    38,5994	 1	153,60	 60,32	  -6,5	  -0,5	   5,6	   5,8	   1,0	  -5,5
*	    38,5593	 1	150,70	 61,02	  -6,6	  -0,6	   5,5	   5,7	   1,0	  -5,6
*	    38,6632	 1	148,00	 61,74	  -6,7	  -0,7	   5,4	   5,6	   0,9	  -5,7
s	    29,4167	 1	 29,71	 90,42	  26,6	  33,6	  41,0	  41,6	  36,7	  30,2
*	    35,6204	 1	 30,81	 66,18	  -8,1	  -1,1	   6,3	   6,9	   2,0	  -4,6
*	    35,5839	 1	 26,79	 65,33	  -8,0	  -1,0	   6,4	   7,0	   2,1	  -4,5
*	    35,8464	 1	 22,35	 64,51	  -7,9	  -0,9	   6,5	   7,0	   2,1	  -4,4
*	    33,5551	 1	 31,07	 70,43	  -7,4	  -0,4	   7,0	   7,5	   2,6	  -3,9
*	    33,5095	 1	 27,07	 69,75	  -7,3	  -0,3	   7,1	   7,7	   2,8	  -3,8
*	    33,7636	 1	 22,66	 69,11	  -7,2	  -0,2	   7,2	   7,7	   2,8	  -3,7
*	    31,8866	 1	 31,33	 74,90	  -6,9	   0,1	   7,5	   8,1	   3,2	  -3,3
*	    31,8349	 1	 27,36	 74,42	  -6,7	   0,3	   7,6	   8,2	   3,3	  -3,2
*	    32,0829	 1	 22,97	 73,98	  -6,7	   0,4	   7,7	   8,3	   3,4	  -3,1
*	    30,6406	 1	 31,59	 79,53	  -6,5	   0,6	   7,9	   8,5	   3,6	  -2,9
*	    30,5867	 1	 27,64	 79,28	  -6,3	   0,7	   8,1	   8,6	   3,7	  -2,8
*	    30,8323	 1	 23,28	 79,07	  -6,2	   0,8	   8,2	   8,7	   3,8	  -2,7
*	    29,8376	 1	 31,84	 84,29	  -6,2	   0,8	   8,2	   8,8	   3,9	  -2,6
*	    29,7862	 1	 27,92	 84,28	  -6,0	   1,0	   8,3	   8,9	   4,0	  -2,5
*	    30,0340	 1	 23,59	 84,32	  -6,0	   1,1	   8,4	   9,0	   4,1	  -2,4
*	    29,4915	 1	 32,10	 89,08	  -6,1	   0,9	   8,3	   8,9	   4,0	  -2,5
*	    29,4474	 1	 28,20	 89,35	  -5,9	   1,1	   8,4	   9,0	   4,1	  -2,4
*	    29,7023	 1	 23,89	 89,65	  -5,8	   1,2	   8,5	   9,1	   4,2	  -2,3
*	    49,8291	 1	 30,14	 49,71	  -9,9	  -3,9	   2,2	   2,4	  -2,4	  -9,0
*	    49,7833	 1	 27,33	 48,81	  -9,8	  -3,8	   2,3	   2,5	  -2,3	  -8,9
*	    49,8765	 1	 24,32	 47,94	  -9,8	  -3,8	   2,3	   2,5	  -2,3	  -8,9
*	    50,1102	 1	 21,08	 47,12	  -9,8	  -3,8	   2,3	   2,5	  -2,3	  -8,9
*	    47,3314	 1	 30,33	 51,82	  -9,2	  -3,2	   2,9	   3,1	  -1,7	  -8,3
*	    47,2794	 1	 27,53	 50,93	  -9,1	  -3,1	   2,9	   3,2	  -1,6	  -8,2
*	    47,3679	 1	 24,53	 50,08	  -9,1	  -3,1	   3,0	   3,2	  -1,6	  -8,2
*	    47,5984	 1	 21,30	 49,27	  -9,1	  -3,1	   3,0	   3,2	  -1,6	  -8,2
*	    44,9544	 1	 30,51	 54,05	  -8,5	  -2,5	   3,6	   3,8	  -1,0	  -7,6
*	    44,8960	 1	 27,73	 53,20	  -8,4	  -2,5	   3,6	   3,9	  -0,9	  -7,5
*	    44,9794	 1	 24,74	 52,36	  -8,4	  -2,4	   3,7	   3,9	  -0,9	  -7,5
*	    45,2064	 1	 21,52	 51,58	  -8,4	  -2,4	   3,7	   3,9	  -0,9	  -7,5
*	    42,7080	 1	 30,70	 56,40	  -7,9	  -1,9	   4,2	   4,4	  -0,3	  -6,9
*	    42,6431	 1	 27,92	 55,59	  -7,8	  -1,8	   4,3	   4,5	  -0,3	  -6,8
*	    42,7212	 1	 24,94	 54,79	  -7,7	  -1,8	   4,3	   4,5	  -0,2	  -6,8
*	    42,9441	 1	 21,74	 54,02	  -7,7	  -1,8	   4,3	   4,6	  -0,2	  -6,8
*	    40,6023	 1	 30,88	 58,88	  -7,2	  -1,3	   4,8	   5,1	   0,3	  -6,2
*	    40,5310	 1	 28,12	 58,11	  -7,2	  -1,2	   4,9	   5,1	   0,4	  -6,2
*	    40,6035	 1	 25,15	 57,35	  -7,1	  -1,1	   5,0	   5,2	   0,4	  -6,1
*	    40,8219	 1	 21,96	 56,63	  -7,1	  -1,1	   5,0	   5,2	   0,4	  -6,1
*	    38,6478	 1	 31,06	 61,49	  -6,6	  -0,7	   5,4	   5,7	   0,9	  -5,6
*	    38,5703	 1	 28,31	 60,77	  -6,6	  -0,6	   5,5	   5,7	   1,0	  -5,6
*	    38,6372	 1	 25,36	 60,07	  -6,5	  -0,5	   5,6	   5,8	   1,0	  -5,5
*	    38,8509	 1	 22,18	 59,39	  -6,5	  -0,5	   5,6	   5,8	   1,1	  -5,5
*	    35,5781	 1	329,98	 21,99	 -16,7	 -10,7	  -4,6	  -4,4	  -9,1	 -15,6
*	    35,0392	 1	326,32	 19,86	 -16,4	 -10,5	  -4,4	  -4,1	  -8,9	 -15,4
*	    34,5711	 1	321,72	 17,77	 -16,3	 -10,3	  -4,2	  -3,9	  -8,7	 -15,2
*	    33,9858	 1	330,36	 22,93	 -16,0	 -10,0	  -3,9	  -3,7	  -8,4	 -14,9
*	    33,4292	 1	326,72	 20,71	 -15,7	  -9,8	  -3,7	  -3,4	  -8,2	 -14,7
*	    32,9455	 1	322,15	 18,53	 -15,5	  -9,6	  -3,5	  -3,2	  -8,0	 -14,5
*	    32,4191	 1	330,74	 23,95	 -15,3	  -9,3	  -3,2	  -3,0	  -7,7	 -14,2
*	    31,8437	 1	327,13	 21,64	 -15,0	  -9,0	  -2,9	  -2,7	  -7,5	 -14,0
*	    31,3431	 1	322,59	 19,35	 -14,8	  -8,8	  -2,7	  -2,5	  -7,2	 -13,7
*	    30,8798	 1	331,12	 25,07	 -14,6	  -8,6	  -2,5	  -2,3	  -7,0	 -13,5
*	    30,2838	 1	327,55	 22,66	 -14,3	  -8,3	  -2,2	  -2,0	  -6,7	 -13,2
*	    29,7650	 1	323,03	 20,26	 -14,0	  -8,0	  -1,9	  -1,7	  -6,5	 -12,9
*	    34,7772	 1	216,07	 18,71	 -16,3	 -10,4	  -4,3	  -4,0	  -8,8	 -15,3
*	    35,2782	 1	211,93	 20,82	 -16,5	 -10,6	  -4,5	  -4,2	  -9,0	 -15,5
*	    33,1586	 1	215,65	 19,51	 -15,6	  -9,7	  -3,5	  -3,3	  -8,1	 -14,6
*	    33,6761	 1	211,54	 21,71	 -15,9	  -9,9	  -3,8	  -3,5	  -8,3	 -14,8
*	    34,2653	 1	208,26	 23,93	 -16,1	 -10,1	  -4,0	  -3,8	  -8,6	 -15,1
*	    31,5635	 1	215,23	 20,38	 -14,9	  -8,9	  -2,8	  -2,6	  -7,3	 -13,8
*	    32,0989	 1	211,14	 22,69	 -15,1	  -9,2	  -3,1	  -2,8	  -7,6	 -14,1
*	    32,7079	 1	207,89	 25,00	 -15,4	  -9,4	  -3,3	  -3,1	  -7,9	 -14,4
*	    29,9935	 1	214,80	 21,34	 -14,1	  -8,2	  -2,1	  -1,8	  -6,6	 -13,1
*	    30,5481	 1	210,74	 23,75	 -14,4	  -8,4	  -2,3	  -2,1	  -6,8	 -13,3
*	    31,1785	 1	207,52	 26,17	 -14,7	  -8,7	  -2,6	  -2,4	  -7,1	 -13,6
*	    35,0008	 1	334,57	 26,35	 -16,6	 -10,6	  -4,5	  -4,3	  -9,1	 -15,6
*	    34,3211	 1	332,02	 24,14	 -16,3	 -10,4	  -4,3	  -4,0	  -8,8	 -15,3
*	    34,2358	 1	336,98	 29,74	 -16,3	 -10,3	  -4,2	  -4,0	  -8,7	 -15,2
*	    33,4670	 1	334,90	 27,50	 -15,9	 -10,0	  -3,9	  -3,6	  -8,4	 -14,9
*	    32,7655	 1	332,39	 25,21	 -15,6	  -9,7	  -3,6	  -3,3	  -8,1	 -14,6
*	    32,7562	 1	337,30	 31,08	 -15,6	  -9,6	  -3,5	  -3,3	  -8,1	 -14,6
*	    31,9629	 1	335,24	 28,77	 -15,3	  -9,3	  -3,2	  -3,0	  -7,7	 -14,2
*	    31,2381	 1	332,75	 26,38	 -14,9	  -9,0	  -2,8	  -2,6	  -7,4	 -13,9
*	    34,6250	 1	206,77	 25,14	 -16,5	 -10,5	  -4,4	  -4,2	  -8,9	 -15,4
*	    33,0792	 1	206,42	 26,25	 -15,8	  -9,8	  -3,7	  -3,5	  -8,2	 -14,7
*	    33,8121	 1	204,12	 28,53	 -16,1	 -10,1	  -4,0	  -3,8	  -8,5	 -15,1
*	    34,6108	 1	202,22	 30,74	 -16,4	 -10,5	  -4,4	  -4,1	  -8,9	 -15,4
*	    31,5623	 1	206,07	 27,47	 -15,1	  -9,1	  -3,0	  -2,8	  -7,5	 -14,0
*	    32,3190	 1	203,80	 29,83	 -15,4	  -9,5	  -3,3	  -3,1	  -7,9	 -14,4
*	    33,1428	 1	201,91	 32,10	 -15,8	  -9,8	  -3,7	  -3,5	  -8,2	 -14,7
s	    32,9669	 3	269,89	 52,58	  22,6	  31,0	  39,7	  40,7	  35,9	  29,4
s	    33,0018	 3	270,22	 52,60	  22,6	  31,0	  39,7	  40,7	  35,9	  29,4
s	    33,0557	 3	 91,07	 38,97	  22,6	  31,0	  39,6	  40,7	  35,8	  29,3
s	    33,0871	 3	 88,86	 39,00	  22,6	  31,0	  39,6	  40,7	  35,8	  29,3
*	    34,1272	 1	339,76	 34,50	 -16,5	 -10,5	  -4,4	  -4,2	  -8,9	 -15,5
*	    33,2190	 1	338,27	 32,31	 -16,1	 -10,1	  -4,0	  -3,8	  -8,5	 -15,0
*	    33,6285	 1	201,05	 33,32	 -16,3	 -10,3	  -4,2	  -4,0	  -8,7	 -15,2
*	    34,5647	 1	199,65	 35,46	 -16,7	 -10,7	  -4,6	  -4,4	  -9,1	 -15,6
s	    34,1438	 2	 33,89	 90,07	  23,5	  31,5	  40,0	  40,8	  35,9	  29,4
s	    34,5401	 2	 15,47	 91,10	  23,4	  31,5	  39,9	  40,8	  35,9	  29,4
s	    34,5505	 2	164,01	 91,07	  23,4	  31,5	  39,9	  40,8	  35,9	  29,4
s	    35,4846	 2	161,14	 90,88	  23,3	  31,4	  39,8	  40,7	  35,8	  29,3
s	    35,5283	 2	 18,39	 90,90	  23,3	  31,4	  39,8	  40,7	  35,8	  29,3
*	    35,6096	 1	197,49	 46,09	 -13,7	  -7,8	  -1,7	  -1,4	  -6,2	 -12,7
*	    36,3821	 1	197,63	 44,95	 -14,1	  -8,1	  -2,0	  -1,8	  -6,5	 -13,0
*	    37,1722	 1	197,76	 43,84	 -14,4	  -8,4	  -2,3	  -2,1	  -6,9	 -13,4
*	    35,6720	 1	342,20	 46,10	 -13,7	  -7,8	  -1,7	  -1,4	  -6,2	 -12,7
*	    36,4444	 1	342,06	 44,96	 -14,1	  -8,1	  -2,0	  -1,8	  -6,5	 -13,0
*	    37,2343	 1	341,92	 43,85	 -14,4	  -8,4	  -2,3	  -2,1	  -6,8	 -13,4
s	    38,0156	 2	172,86	 91,53	  23,1	  31,1	  39,6	  40,4	  35,5	  29,0
s	    38,0710	 2	  7,17	 91,53	  23,1	  31,1	  39,6	  40,4	  35,5	  29,0
s	    45,0169	 2	  9,52	 54,59	  26,9	  33,1	  39,3	  39,7	  34,8	  27,9
s	    45,0541	 2	169,92	 54,57	  26,9	  33,1	  39,3	  39,7	  34,8	  27,9
s	    48,3455	 3	231,22	 59,40	  23,1	  30,4	  37,8	  38,5	  33,7	  27,2
s	    48,3723	 3	309,26	 59,39	  23,1	  30,3	  37,8	  38,5	  33,7	  27,2
s	    49,8554	 3	 13,10	 56,35	  23,4	  30,7	  38,2	  38,8	  34,1	  27,5
s	    49,8641	 3	166,37	 56,32	  23,4	  30,7	  38,2	  38,8	  34,1	  27,5
s	    50,6514	 3	163,44	 56,44	  23,4	  30,7	  38,1	  38,8	  34,0	  27,4
s	    50,6883	 3	 16,08	 56,49	  23,4	  30,7	  38,1	  38,8	  34,0	  27,4
s	    52,7973	 3	175,18	 57,94	  20,7	  29,0	  37,7	  38,7	  33,9	  27,2
s	    52,8445	 3	  4,86	 57,96	  20,7	  29,0	  37,7	  38,7	  33,9	  27,2
s	    53,5258	 3	 31,54	 51,78	  23,1	  30,4	  37,8	  38,5	  33,8	  27,2
s	    53,8690	 3	152,66	 47,41	  23,1	  30,4	  37,8	  38,5	  33,7	  27,1
s	    53,8746	 3	 26,83	 47,44	  23,1	  30,4	  37,8	  38,5	  33,7	  27,1
s	    76,8108	 2	 98,66	 87,82	  21,1	  27,7	  34,4	  33,0	  26,7	  19,7
s	    89,4474	 3	 98,79	 87,69	  18,2	  26,0	  33,9	  34,0	  28,6	  21,3
s	   107,5082	 3	 99,09	 87,55	  17,1	  24,9	  32,8	  32,9	  27,5	  20,1
s	   107,5896	 3	 80,16	 87,56	  17,1	  24,9	  32,8	  32,9	  27,5	  20,1
s	   113,4965	 3	128,87	 88,26	  16,2	  23,9	  31,7	  30,5	  24,1	  16,9
s	   113,5276	 3	 50,91	 88,27	  16,2	  23,9	  31,7	  30,5	  24,1	  16,9
#END
