#HEADER
CATT-Acoustic v8.0b    Copyright © CATT 1988-2003

 Project                : Auditorio

 GEOMETRICAL INFORMATION
 Src id and loc     [m] :   A1          -9,000        0,000        0,000
 Rec id and loc     [m] :   12           7,000        3,000        1,000

 12       47,5046

 VARIABLE SOURCE DATA
 Directivity
   Type (library)       :  OMNI.SD0
   Dir. Index (DI) [dB] :       0,0      0,0      0,0      0,0      0,0      0,0
 Level
   On axis 1m      [dB] :      58,0     64,0     70,3     70,7     65,9     59,9
   Total power     [dB] :      68,9     74,9     81,2     81,6     76,8     70,8
   Auxiliary delay [ms] :       0,0

 VARIABLE AIR DATA
 Temperature       [°C] :      20
 Relative humidity  [%] :      50
 Density        [kg/m³] :       1,2
 Sound speed      [m/s] :     343
 Impedance      [Ns/m³] :     412
 Diss. coeff. [0.001/m] :      0,10     0,30     0,63     1,07     2,28     6,83      (estimated)

#DATAFIELDS
 TYPE DELAY ORDER AZIMUTH ELEVATION SPL125 SPL250 SPL500 SPL1K SPL2K SPL4K
#DATA
d	     0,0000	 0	 90,00	 90,00	  33,7	  39,7	  46,0	  46,4	  41,5	  35,2
*	    20,8197	 1	112,08	 93,89	 -14,0	  -7,0	   0,4	   1,0	  -3,9	 -10,3
*	    14,8266	 1	107,80	 94,13	 -10,4	  -3,4	   4,0	   4,6	  -0,3	  -6,7
*	    17,5549	 1	105,56	 93,55	 -10,5	  -3,5	   3,8	   4,4	  -0,4	  -6,9
*	     9,3376	 1	103,14	 94,36	  -6,3	   0,7	   8,1	   8,7	   3,9	  -2,5
*	    11,8627	 1	101,18	 93,73	  -5,8	   1,3	   8,6	   9,2	   4,4	  -2,0
*	     4,6833	 1	 98,14	 94,56	  -1,6	   5,4	  12,8	  13,4	   8,5	   2,2
*	     6,7156	 1	 96,53	 93,89	   0,7	   7,7	  15,1	  15,7	  10,8	   4,5
*	    11,2339	 1	 95,17	 93,32	  -1,4	   5,6	  13,0	  13,6	   8,7	   2,3
*	     1,7022	 1	 92,81	 94,75	   2,0	   9,0	  16,4	  17,0	  12,1	   5,8
*	     2,9750	 1	 91,62	 94,04	   8,2	  15,2	  22,6	  23,2	  18,3	  12,0
*	     7,9094	 1	 90,62	 93,43	   4,3	  11,3	  18,7	  19,3	  14,4	   8,1
*	     1,5427	 1	 87,24	 94,91	   1,0	   8,1	  15,4	  16,1	  11,2	   4,9
*	     3,2595	 1	 86,53	 94,16	   5,3	  12,3	  19,7	  20,3	  15,4	   9,1
*	     8,0919	 1	 85,94	 93,53	   2,3	   9,3	  16,7	  17,3	  12,4	   6,0
*	     3,7759	 1	 81,52	 95,01	  -2,9	   4,1	  11,5	  12,1	   7,2	   0,9
*	     6,3358	 1	 81,32	 94,25	  -1,8	   5,2	  12,6	  13,2	   8,3	   2,0
*	     7,2791	 1	 75,75	 95,07	  -6,9	   0,1	   7,5	   8,0	   3,2	  -3,2
*	    10,2971	 1	 76,08	 94,30	  -7,0	   0,0	   7,4	   8,0	   3,1	  -3,3
*	    11,5352	 1	 70,06	 95,09	 -10,4	  -3,4	   4,0	   4,6	  -0,3	  -6,7
*	    14,7761	 1	 70,88	 94,31	 -10,9	  -3,9	   3,5	   4,0	  -0,8	  -7,2
*	    16,3473	 1	 64,53	 95,04	 -13,4	  -6,4	   1,0	   1,6	  -3,3	  -9,7
*	     6,6324	 1	 60,95	 96,28	 -17,6	 -11,7	  -5,8	  -3,5	  -7,8	 -14,7
*	    16,0657	 1	249,47	 20,50	  -7,1	  -0,1	   7,2	   7,8	   3,0	  -3,4
*	    16,0052	 1	228,50	 22,89	  -7,3	  -0,3	   7,1	   7,7	   2,8	  -3,6
*	    14,1364	 1	248,95	 23,31	  -5,1	   1,9	   9,2	   9,8	   5,0	  -1,4
*	    14,1065	 1	227,65	 26,10	  -5,4	   1,6	   9,0	   9,6	   4,7	  -1,7
*	    12,2870	 1	248,41	 27,16	  -2,9	   4,1	  11,5	  12,1	   7,2	   0,9
*	    12,2983	 1	226,76	 30,43	  -3,3	   3,8	  11,1	  11,7	   6,9	   0,5
*	    10,5397	 1	247,84	 32,68	  -0,3	   6,7	  14,1	  14,7	   9,8	   3,5
*	    10,6078	 1	225,85	 36,49	  -0,9	   6,2	  13,5	  14,1	   9,3	   2,9
*	     8,9382	 1	247,24	 41,05	   2,6	   9,7	  17,0	  17,6	  12,8	   6,4
*	     9,0850	 1	224,90	 45,33	   1,7	   8,8	  16,1	  16,7	  11,9	   5,5
*	     7,5752	 1	246,61	 54,38	   5,8	  12,8	  20,2	  20,8	  16,0	   9,6
*	     7,8246	 1	223,93	 58,47	   4,4	  11,4	  18,8	  19,4	  14,5	   8,2
*	     6,6429	 1	245,95	 75,35	   8,5	  15,5	  22,9	  23,5	  18,6	  12,3
*	     6,9925	 1	222,92	 77,32	   6,4	  13,4	  20,8	  21,4	  16,5	  10,2
*	    16,9121	 1	288,45	 23,60	  -7,6	  -0,5	   6,8	   7,4	   2,6	  -3,9
*	    15,0192	 1	288,85	 26,80	  -5,6	   1,4	   8,8	   9,3	   4,5	  -1,9
*	    14,3968	 1	268,28	 23,53	  -5,2	   1,8	   9,2	   9,8	   4,9	  -1,5
*	    13,2158	 1	289,27	 31,14	  -3,5	   3,5	  10,9	  11,5	   6,6	   0,2
*	    12,5486	 1	268,24	 27,38	  -3,0	   4,1	  11,4	  12,0	   7,2	   0,8
*	    11,5289	 1	289,70	 37,20	  -1,1	   5,9	  13,3	  13,9	   9,0	   2,6
*	    10,8021	 1	268,19	 32,89	  -0,4	   6,7	  14,0	  14,6	   9,8	   3,4
*	    10,0082	 1	290,16	 46,04	   1,5	   8,5	  15,9	  16,5	  11,6	   5,3
*	     9,2009	 1	268,14	 41,27	   2,6	   9,6	  17,0	  17,6	  12,7	   6,4
*	     8,7484	 1	290,63	 59,21	   4,2	  11,2	  18,6	  19,2	  14,3	   7,9
*	     7,8375	 1	268,09	 54,61	   5,8	  12,8	  20,1	  20,7	  15,9	   9,5
*	     7,9163	 1	291,13	 78,14	   6,2	  13,2	  20,6	  21,2	  16,3	  10,0
*	     6,9046	 1	268,03	 75,63	   8,4	  15,4	  22,8	  23,4	  18,6	  12,2
s	     7,0912	 1	 87,55	 89,55	  29,5	  36,5	  43,9	  44,5	  39,6	  33,3
*	    22,5058	 1	 87,41	 70,93	  -7,0	   0,0	   7,4	   8,0	   3,1	  -3,3
*	    22,2465	 1	 84,01	 70,72	  -7,1	  -0,1	   7,2	   7,8	   3,0	  -3,5
*	    22,6363	 1	 80,50	 70,58	  -7,7	  -0,6	   6,7	   7,3	   2,4	  -4,0
*	    18,8453	 1	 87,42	 74,15	  -4,4	   2,6	  10,0	  10,6	   5,7	  -0,7
*	    18,6640	 1	 84,03	 73,98	  -4,7	   2,3	   9,7	  10,3	   5,4	  -1,0
*	    19,2108	 1	 80,54	 73,87	  -5,5	   1,6	   8,9	   9,5	   4,6	  -1,8
*	    15,3998	 1	 87,43	 77,45	  -1,4	   5,7	  13,0	  13,6	   8,7	   2,3
*	    15,3377	 1	 84,06	 77,34	  -1,9	   5,1	  12,5	  13,1	   8,2	   1,8
*	    16,1021	 1	 80,58	 77,26	  -3,1	   3,9	  11,3	  11,9	   7,0	   0,6
*	    12,2209	 1	 87,44	 80,82	   2,3	   9,3	  16,7	  17,3	  12,4	   6,0
*	    12,3469	 1	 84,08	 80,74	   1,3	   8,3	  15,7	  16,3	  11,4	   5,0
*	    13,4140	 1	 80,61	 80,71	  -0,6	   6,4	  13,8	  14,4	   9,5	   3,1
*	     9,4379	 1	 87,45	 84,22	   6,8	  13,9	  21,2	  21,8	  17,0	  10,6
*	     9,8650	 1	 84,10	 84,20	   4,8	  11,8	  19,2	  19,8	  14,9	   8,6
*	    11,3287	 1	 80,65	 84,19	   1,8	   8,8	  16,2	  16,8	  11,9	   5,6
*	     7,4624	 1	 87,46	 87,63	  11,7	  18,7	  26,1	  26,7	  21,8	  15,5
*	     8,2878	 1	 84,12	 87,66	   7,9	  14,9	  22,3	  22,9	  18,0	  11,6
*	    10,1381	 1	 80,68	 87,71	   3,5	  10,6	  17,9	  18,5	  13,7	   7,3
*	     7,3353	 1	 87,47	 91,05	  12,5	  19,6	  26,9	  27,5	  22,7	  16,3
*	     8,2398	 1	 84,14	 91,12	   8,3	  15,3	  22,7	  23,3	  18,4	  12,1
*	    10,1515	 1	 80,72	 91,21	   3,7	  10,7	  18,1	  18,7	  13,8	   7,5
*	    26,1967	 1	 81,35	 67,42	  -7,3	  -1,3	   4,8	   5,0	   0,3	  -6,2
*	    26,0431	 1	 83,76	 67,55	  -7,1	  -1,1	   5,0	   5,3	   0,5	  -5,9
*	    26,1680	 1	 86,15	 67,70	  -7,0	  -1,0	   5,1	   5,4	   0,6	  -5,8
*	    26,5791	 1	 88,47	 67,89	  -7,0	  -1,0	   5,1	   5,3	   0,6	  -5,9
*	    28,8823	 1	 81,32	 65,29	  -8,6	  -2,6	   3,5	   3,7	  -1,0	  -7,5
*	    28,7694	 1	 83,75	 65,43	  -8,4	  -2,5	   3,6	   3,9	  -0,9	  -7,3
*	    28,9180	 1	 86,14	 65,60	  -8,4	  -2,4	   3,7	   3,9	  -0,8	  -7,3
*	    29,3334	 1	 88,46	 65,81	  -8,4	  -2,5	   3,7	   3,9	  -0,9	  -7,3
*	    31,6581	 1	 81,30	 63,23	  -9,9	  -3,9	   2,2	   2,4	  -2,3	  -8,8
*	    31,5786	 1	 83,73	 63,38	  -9,7	  -3,8	   2,3	   2,6	  -2,2	  -8,7
*	    31,7456	 1	 86,13	 63,56	  -9,7	  -3,7	   2,4	   2,6	  -2,1	  -8,6
*	    32,1630	 1	 88,46	 63,79	  -9,8	  -3,8	   2,3	   2,5	  -2,2	  -8,7
*	    34,5168	 1	 81,28	 61,22	 -11,1	  -5,1	   1,0	   1,2	  -3,5	 -10,0
*	    34,4650	 1	 83,71	 61,38	 -11,0	  -5,0	   1,1	   1,3	  -3,4	  -9,9
*	    34,6463	 1	 86,12	 61,58	 -10,9	  -5,0	   1,1	   1,4	  -3,4	  -9,9
*	    35,0638	 1	 88,46	 61,81	 -11,0	  -5,0	   1,1	   1,3	  -3,5	 -10,0
*	    37,4524	 1	 81,26	 59,27	 -12,2	  -6,2	  -0,1	   0,1	  -4,7	 -11,2
*	    37,4233	 1	 83,70	 59,45	 -12,1	  -6,2	  -0,1	   0,2	  -4,6	 -11,1
*	    37,6159	 1	 86,11	 59,66	 -12,1	  -6,1	  -0,0	   0,2	  -4,6	 -11,1
*	    38,0319	 1	 88,45	 59,91	 -12,2	  -6,2	  -0,1	   0,1	  -4,7	 -11,2
*	     7,1654	 1	 62,62	 96,29	 -16,2	 -10,3	  -4,4	  -2,1	  -6,4	 -13,3
s	     7,3533	 1	 89,55	 89,53	  29,4	  36,5	  43,8	  44,4	  39,6	  33,2
*	    24,4432	 1	 96,24	 71,25	  -7,7	  -0,7	   6,7	   7,3	   2,4	  -4,1
*	    23,3332	 1	 92,85	 71,12	  -7,1	  -0,1	   7,3	   7,9	   3,0	  -3,5
*	    22,8959	 1	 89,41	 71,05	  -6,9	   0,1	   7,5	   8,1	   3,2	  -3,3
*	    20,9648	 1	 96,22	 74,42	  -5,4	   1,6	   9,0	   9,6	   4,7	  -1,8
*	    19,7161	 1	 92,84	 74,31	  -4,6	   2,4	   9,8	  10,4	   5,5	  -0,9
*	    19,2337	 1	 89,41	 74,25	  -4,3	   2,7	  10,1	  10,7	   5,8	  -0,6
*	    17,7677	 1	 96,19	 77,65	  -2,8	   4,2	  11,5	  12,1	   7,3	   0,8
*	    16,3278	 1	 92,83	 77,56	  -1,7	   5,4	  12,7	  13,3	   8,5	   2,0
*	    15,7813	 1	 89,41	 77,52	  -1,2	   5,8	  13,1	  13,7	   8,9	   2,5
*	    14,9459	 1	 96,17	 80,95	  -0,0	   7,0	  14,4	  15,0	  10,1	   3,7
*	    13,2318	 1	 92,82	 80,89	   1,8	   8,8	  16,2	  16,8	  11,9	   5,5
*	    12,5869	 1	 89,41	 80,86	   2,5	   9,5	  16,9	  17,5	  12,6	   6,2
*	    12,6833	 1	 96,15	 84,28	   2,9	   9,9	  17,3	  17,9	  13,0	   6,6
*	    10,5798	 1	 92,81	 84,24	   5,9	  12,9	  20,3	  20,9	  16,0	   9,7
*	     9,7731	 1	 89,42	 84,23	   7,1	  14,2	  21,5	  22,1	  17,3	  10,9
*	    11,3257	 1	 96,13	 87,63	   5,1	  12,2	  19,5	  20,1	  15,3	   8,9
*	     8,7880	 1	 92,80	 87,61	   9,9	  16,9	  24,3	  24,9	  20,0	  13,7
*	     7,7459	 1	 89,42	 87,62	  12,2	  19,3	  26,6	  27,2	  22,4	  16,0
*	    11,3065	 1	 96,10	 90,96	   5,4	  12,4	  19,8	  20,4	  15,5	   9,2
*	     8,6957	 1	 92,79	 90,98	  10,5	  17,5	  24,9	  25,5	  20,6	  14,3
*	     7,6043	 1	 89,42	 91,00	  13,2	  20,2	  27,5	  28,1	  23,3	  16,9
*	    40,4270	 1	 96,86	 59,75	 -12,9	  -6,9	  -0,8	  -0,6	  -5,3	 -11,9
*	    39,7774	 1	 94,49	 59,60	 -12,6	  -6,7	  -0,6	  -0,3	  -5,1	 -11,6
*	    39,3460	 1	 92,11	 59,48	 -12,5	  -6,5	  -0,4	  -0,2	  -4,9	 -11,5
*	    39,1371	 1	 89,71	 59,41	 -12,4	  -6,4	  -0,3	  -0,1	  -4,9	 -11,4
*	    37,5001	 1	 96,85	 61,62	 -11,7	  -5,8	   0,3	   0,6	  -4,2	 -10,7
*	    36,8192	 1	 94,48	 61,47	 -11,5	  -5,5	   0,6	   0,8	  -3,9	 -10,5
*	    36,3680	 1	 92,11	 61,36	 -11,3	  -5,3	   0,8	   1,0	  -3,8	 -10,3
*	    36,1513	 1	 89,71	 61,30	 -11,3	  -5,3	   0,8	   1,0	  -3,7	 -10,2
*	    34,6462	 1	 96,83	 63,55	 -10,6	  -4,6	   1,5	   1,7	  -3,0	  -9,5
*	    33,9302	 1	 94,47	 63,41	 -10,3	  -4,3	   1,8	   2,0	  -2,7	  -9,2
*	    33,4567	 1	 92,10	 63,31	 -10,1	  -4,1	   2,0	   2,2	  -2,5	  -9,1
*	    33,2316	 1	 89,71	 63,23	 -10,0	  -4,1	   2,1	   2,3	  -2,5	  -9,0
*	    31,8711	 1	 96,81	 65,53	  -9,3	  -3,4	   2,7	   3,0	  -1,8	  -8,3
*	    31,1152	 1	 94,46	 65,40	  -9,0	  -3,0	   3,1	   3,3	  -1,5	  -8,0
*	    30,6162	 1	 92,10	 65,30	  -8,8	  -2,8	   3,3	   3,5	  -1,2	  -7,7
*	    30,3817	 1	 89,71	 65,24	  -8,7	  -2,7	   3,4	   3,6	  -1,2	  -7,7
*	    29,1811	 1	 96,79	 67,57	  -8,0	  -2,1	   4,0	   4,3	  -0,5	  -7,0
*	    28,3792	 1	 94,45	 67,45	  -7,7	  -1,7	   4,4	   4,6	  -0,1	  -6,6
*	    27,8508	 1	 92,09	 67,35	  -7,4	  -1,5	   4,6	   4,9	   0,1	  -6,3
*	    27,6055	 1	 89,71	 67,30	  -7,3	  -1,4	   4,7	   5,0	   0,2	  -6,2
*	    16,1645	 1	216,00	 26,27	  -7,7	  -0,7	   6,7	   7,3	   2,4	  -4,0
*	    16,5957	 1	205,28	 31,20	  -8,3	  -1,3	   6,1	   6,7	   1,8	  -4,6
*	    14,3126	 1	215,11	 29,94	  -5,9	   1,1	   8,5	   9,1	   4,2	  -2,2
*	    14,8208	 1	204,48	 35,35	  -6,7	   0,4	   7,7	   8,3	   3,5	  -2,9
*	    12,5652	 1	214,20	 34,76	  -3,9	   3,1	  10,5	  11,1	   6,2	  -0,2
*	    13,1689	 1	203,67	 40,64	  -4,9	   2,1	   9,4	  10,0	   5,2	  -1,2
*	    10,9542	 1	213,28	 41,30	  -1,8	   5,2	  12,6	  13,2	   8,3	   2,0
*	    11,6750	 1	202,84	 47,49	  -3,2	   3,9	  11,2	  11,8	   7,0	   0,6
*	     9,5334	 1	212,33	 50,37	   0,4	   7,5	  14,8	  15,4	  10,6	   4,2
*	    10,3919	 1	202,01	 56,37	  -1,4	   5,6	  13,0	  13,5	   8,7	   2,3
*	     8,3923	 1	211,36	 62,89	   2,5	   9,5	  16,9	  17,5	  12,6	   6,3
*	     9,3941	 1	201,16	 67,69	   0,1	   7,1	  14,5	  15,0	  10,2	   3,8
*	     7,6623	 1	210,37	 79,31	   4,0	  11,0	  18,4	  19,0	  14,1	   7,7
*	     8,7718	 1	200,31	 81,32	   1,0	   8,1	  15,4	  16,0	  11,2	   4,8
*	     7,8510	 1	 64,04	 96,28	 -15,0	  -9,1	  -3,2	  -0,9	  -5,2	 -12,1
*	     8,7100	 1	 65,24	 96,28	 -13,9	  -8,0	  -2,1	   0,2	  -4,1	 -11,1
*	     9,3905	 1	306,17	 82,93	   3,1	  10,1	  17,5	  18,1	  13,2	   6,9
*	    11,2117	 1	315,38	 84,58	  -0,0	   7,0	  14,4	  15,0	  10,1	   3,8
*	    10,0396	 1	305,52	 66,64	   1,8	   8,9	  16,2	  16,8	  12,0	   5,6
*	    11,7636	 1	314,76	 71,16	  -0,8	   6,2	  13,6	  14,2	   9,3	   2,9
*	    11,1083	 1	304,90	 53,86	  -0,1	   6,9	  14,3	  14,9	  10,0	   3,7
*	    12,6917	 1	314,15	 59,80	  -2,2	   4,8	  12,2	  12,8	   7,9	   1,5
*	    12,4703	 1	304,29	 44,44	  -2,2	   4,8	  12,2	  12,8	   7,9	   1,5
*	    13,9121	 1	313,56	 50,72	  -3,8	   3,2	  10,5	  11,1	   6,3	  -0,1
*	    14,0337	 1	303,71	 37,56	  -4,3	   2,7	  10,1	  10,7	   5,8	  -0,6
*	    15,3508	 1	312,98	 43,64	  -5,5	   1,5	   8,8	   9,4	   4,6	  -1,8
*	    15,7412	 1	303,14	 32,45	  -6,2	   0,8	   8,2	   8,8	   3,9	  -2,5
*	    16,9538	 1	312,41	 38,12	  -7,2	  -0,2	   7,2	   7,8	   2,9	  -3,5
*	    17,5581	 1	302,58	 28,57	  -8,0	  -1,0	   6,4	   7,0	   2,1	  -4,3
*	    18,6845	 1	311,85	 33,78	  -8,8	  -1,8	   5,6	   6,2	   1,3	  -5,1
*	    17,1194	 1	199,36	 35,24	  -9,0	  -2,0	   5,4	   6,0	   1,1	  -5,3
*	    17,9580	 1	194,13	 40,02	  -9,8	  -2,8	   4,5	   5,1	   0,3	  -6,2
*	    15,4152	 1	198,65	 39,67	  -7,5	  -0,5	   6,9	   7,5	   2,6	  -3,8
*	    16,3447	 1	193,52	 44,62	  -8,6	  -1,5	   5,8	   6,4	   1,6	  -4,9
*	    13,8468	 1	197,93	 45,16	  -6,0	   1,0	   8,4	   9,0	   4,1	  -2,3
*	    14,8790	 1	192,90	 50,14	  -7,3	  -0,2	   7,1	   7,7	   2,8	  -3,6
*	    12,4492	 1	197,20	 52,00	  -4,5	   2,5	   9,9	  10,5	   5,6	  -0,8
*	    13,5930	 1	192,28	 56,76	  -6,0	   1,0	   8,3	   8,9	   4,1	  -2,3
*	    11,2702	 1	196,47	 60,48	  -3,1	   3,9	  11,3	  11,9	   7,0	   0,7
*	    12,5268	 1	191,65	 64,60	  -4,9	   2,1	   9,4	  10,0	   5,2	  -1,2
*	    10,3706	 1	195,73	 70,74	  -1,9	   5,1	  12,5	  13,1	   8,2	   1,8
*	    11,7260	 1	191,02	 73,65	  -4,1	   3,0	  10,3	  10,9	   6,0	  -0,3
*	     9,8155	 1	194,98	 82,53	  -1,2	   5,8	  13,2	  13,8	   8,9	   2,6
*	    11,2345	 1	190,39	 83,65	  -3,6	   3,5	  10,8	  11,4	   6,6	   0,2
*	    14,1182	 1	 73,41	 94,07	  -1,5	   5,5	  12,9	  13,5	   8,6	   2,2
*	    12,4497	 1	 76,84	 93,88	   0,9	   7,9	  15,3	  15,9	  11,0	   4,6
*	    11,2031	 1	 80,11	 93,67	   3,6	  10,6	  18,0	  18,6	  13,7	   7,3
*	    13,4456	 1	 73,34	 90,44	  -1,1	   5,9	  13,3	  13,9	   9,0	   2,6
*	    11,6941	 1	 76,79	 90,31	   1,5	   8,5	  15,9	  16,5	  11,6	   5,3
*	    10,3270	 1	 80,08	 90,18	   4,5	  11,6	  18,9	  19,5	  14,7	   8,3
*	    13,6200	 1	 73,28	 86,78	  -1,3	   5,7	  13,1	  13,7	   8,8	   2,4
*	    11,9369	 1	 76,73	 86,72	   1,1	   8,2	  15,5	  16,1	  11,3	   4,9
*	    10,6677	 1	 80,04	 86,68	   3,9	  10,9	  18,3	  18,9	  14,0	   7,7
*	    14,6060	 1	 73,22	 83,12	  -2,2	   4,9	  12,2	  12,8	   8,0	   1,6
*	    13,1120	 1	 76,68	 83,13	  -0,1	   6,9	  14,3	  14,9	  10,0	   3,6
*	    12,0949	 1	 80,00	 83,17	   2,1	   9,1	  16,5	  17,0	  12,2	   5,8
*	    16,3008	 1	 73,15	 79,47	  -3,4	   3,6	  11,0	  11,6	   6,7	   0,3
*	    15,0477	 1	 76,63	 79,57	  -1,8	   5,2	  12,6	  13,2	   8,3	   1,9
*	    14,3157	 1	 79,96	 79,67	  -0,3	   6,8	  14,1	  14,7	   9,9	   3,5
*	    18,5805	 1	 73,08	 75,90	  -4,9	   2,1	   9,5	  10,1	   5,2	  -1,2
*	    17,5655	 1	 76,58	 76,05	  -3,7	   3,3	  10,7	  11,3	   6,4	   0,0
*	    17,0846	 1	 79,93	 76,24	  -2,6	   4,4	  11,8	  12,3	   7,5	   1,1
*	    21,3333	 1	 73,02	 72,40	  -6,5	   0,5	   7,9	   8,5	   3,6	  -2,9
*	    20,5283	 1	 76,53	 72,61	  -5,6	   1,4	   8,8	   9,4	   4,5	  -1,9
*	    20,2485	 1	 79,89	 72,88	  -4,9	   2,1	   9,5	  10,1	   5,2	  -1,2
*	    24,4712	 1	 72,95	 69,01	  -8,1	  -1,1	   6,2	   6,8	   1,9	  -4,5
*	    23,8415	 1	 76,48	 69,28	  -7,5	  -0,4	   6,9	   7,5	   2,6	  -3,8
*	    23,7171	 1	 79,85	 69,61	  -7,0	   0,0	   7,4	   8,0	   3,1	  -3,4
*	    38,3569	 1	 78,85	 58,43	 -11,3	  -5,3	   0,8	   1,0	  -3,7	 -10,3
*	    38,2550	 1	 76,48	 58,08	 -11,4	  -5,4	   0,7	   0,9	  -3,8	 -10,4
*	    38,3514	 1	 74,03	 57,77	 -11,5	  -5,5	   0,6	   0,8	  -4,0	 -10,5
*	    38,6406	 1	 71,51	 57,52	 -11,7	  -5,7	   0,4	   0,6	  -4,2	 -10,7
*	    35,4305	 1	 78,88	 60,35	 -10,2	  -4,2	   1,9	   2,1	  -2,6	  -9,2
*	    35,3552	 1	 76,52	 60,03	 -10,3	  -4,3	   1,8	   2,0	  -2,7	  -9,3
*	    35,4860	 1	 74,07	 59,74	 -10,5	  -4,5	   1,6	   1,8	  -2,9	  -9,5
*	    35,8156	 1	 71,56	 59,49	 -10,7	  -4,7	   1,4	   1,6	  -3,2	  -9,7
*	    32,5839	 1	 78,91	 62,35	  -9,0	  -3,1	   3,0	   3,3	  -1,5	  -8,0
*	    32,5408	 1	 76,55	 62,04	  -9,2	  -3,2	   2,9	   3,1	  -1,6	  -8,1
*	    32,7118	 1	 74,12	 61,77	  -9,4	  -3,4	   2,7	   2,9	  -1,9	  -8,4
*	    33,0878	 1	 71,61	 61,54	  -9,7	  -3,7	   2,4	   2,6	  -2,1	  -8,6
*	    29,8239	 1	 78,94	 64,41	  -7,9	  -1,9	   4,2	   4,5	  -0,3	  -6,8
*	    29,8198	 1	 76,59	 64,13	  -8,0	  -2,1	   4,0	   4,3	  -0,5	  -7,0
*	    30,0380	 1	 74,16	 63,88	  -8,3	  -2,3	   3,8	   4,0	  -0,7	  -7,2
*	    30,4673	 1	 71,66	 63,66	  -8,7	  -2,7	   3,4	   3,7	  -1,1	  -7,6
*	    27,1589	 1	 78,97	 66,54	  -6,6	  -0,6	   5,5	   5,7	   1,0	  -5,5
*	    27,2018	 1	 76,63	 66,27	  -6,9	  -0,9	   5,2	   5,5	   0,7	  -5,7
*	    27,4752	 1	 74,20	 66,05	  -7,2	  -1,2	   4,9	   5,1	   0,4	  -6,1
*	    27,9654	 1	 71,71	 65,85	  -7,6	  -1,6	   4,5	   4,7	  -0,0	  -6,5
*	    13,7186	 1	185,64	 85,83	  -6,9	   0,1	   7,5	   8,1	   3,2	  -3,2
*	    12,1250	 1	188,24	 85,28	  -5,0	   2,0	   9,4	  10,0	   5,1	  -1,2
*	    14,1067	 1	186,14	 77,84	  -7,2	  -0,2	   7,2	   7,8	   2,9	  -3,5
*	    12,5500	 1	188,81	 76,10	  -5,4	   1,6	   9,0	   9,6	   4,7	  -1,6
*	    14,7606	 1	186,64	 70,31	  -7,8	  -0,7	   6,6	   7,2	   2,3	  -4,1
*	    13,2687	 1	189,38	 67,61	  -6,1	   0,9	   8,3	   8,9	   4,0	  -2,4
*	    15,6566	 1	187,14	 63,44	  -8,5	  -1,5	   5,9	   6,5	   1,6	  -4,8
*	    14,2473	 1	189,96	 60,07	  -7,0	   0,0	   7,4	   8,0	   3,1	  -3,3
*	    16,7664	 1	187,64	 57,33	  -9,4	  -2,4	   5,0	   5,6	   0,7	  -5,7
*	    15,4477	 1	190,53	 53,53	  -8,1	  -1,1	   6,3	   6,9	   2,0	  -4,4
*	    18,0617	 1	188,13	 51,96	 -10,4	  -3,3	   4,0	   4,6	  -0,3	  -6,7
*	    16,8341	 1	191,09	 47,95	  -9,2	  -2,2	   5,1	   5,7	   0,9	  -5,6
*	    19,5165	 1	188,63	 47,27	 -11,4	  -4,4	   3,0	   3,6	  -1,3	  -7,7
*	    18,3759	 1	191,66	 43,23	 -10,4	  -3,4	   4,0	   4,5	  -0,3	  -6,7
*	    21,1584	 1	320,79	 41,32	 -10,7	  -3,7	   3,7	   4,3	  -0,6	  -7,0
*	    19,6911	 1	315,85	 36,47	  -9,7	  -2,7	   4,7	   5,3	   0,4	  -6,0
*	    19,5671	 1	321,27	 45,93	  -9,4	  -2,4	   5,0	   5,6	   0,7	  -5,7
*	    18,0043	 1	316,39	 40,89	  -8,2	  -1,2	   6,2	   6,8	   1,9	  -4,5
*	    18,1205	 1	321,76	 51,45	  -8,1	  -1,1	   6,3	   6,8	   2,0	  -4,5
*	    16,4508	 1	316,93	 46,39	  -6,7	   0,3	   7,7	   8,3	   3,4	  -3,0
*	    16,8508	 1	322,25	 58,09	  -6,9	   0,1	   7,5	   8,1	   3,2	  -3,2
*	    15,0656	 1	317,48	 53,24	  -5,2	   1,8	   9,2	   9,8	   4,9	  -1,5
*	    15,7981	 1	322,76	 65,95	  -5,8	   1,2	   8,6	   9,2	   4,3	  -2,1
*	    13,8966	 1	318,04	 61,74	  -3,8	   3,2	  10,6	  11,2	   6,3	  -0,1
*	    15,0081	 1	323,27	 75,02	  -4,9	   2,1	   9,4	  10,0	   5,2	  -1,2
*	    13,0048	 1	318,61	 72,03	  -2,6	   4,4	  11,8	  12,4	   7,5	   1,1
*	    14,5250	 1	323,78	 85,07	  -4,4	   2,6	  10,0	  10,6	   5,7	  -0,7
*	    12,4558	 1	319,19	 83,89	  -1,9	   5,1	  12,5	  13,1	   8,2	   1,8
*	    14,3791	 1	324,30	 95,56	  -4,3	   2,7	  10,1	  10,7	   5,8	  -0,6
*	    14,6533	 1	 99,38	 93,29	   2,4	   9,5	  16,8	  17,4	  12,6	   6,2
*	    17,0981	 1	102,70	 93,33	  -0,5	   6,6	  13,9	  14,5	   9,6	   3,2
*	    19,9202	 1	106,01	 93,36	  -3,1	   4,0	  11,3	  11,9	   7,0	   0,6
*	    13,8382	 1	 99,42	 89,98	   3,2	  10,3	  17,6	  18,2	  13,4	   7,0
*	    16,3966	 1	102,75	 90,02	   0,1	   7,1	  14,5	  15,0	  10,2	   3,8
*	    19,2985	 1	106,06	 90,06	  -2,7	   4,3	  11,7	  12,3	   7,4	   1,0
*	    14,1522	 1	 99,45	 86,65	   2,7	   9,7	  17,1	  17,7	  12,8	   6,4
*	    16,6246	 1	102,79	 86,69	  -0,3	   6,8	  14,1	  14,7	   9,8	   3,4
*	    19,4674	 1	106,12	 86,74	  -2,9	   4,1	  11,5	  12,1	   7,2	   0,8
*	    15,4904	 1	 99,48	 83,32	   1,1	   8,1	  15,5	  16,1	  11,2	   4,8
*	    17,7279	 1	102,84	 83,36	  -1,3	   5,7	  13,1	  13,7	   8,8	   2,4
*	    20,3970	 1	106,18	 83,41	  -3,6	   3,4	  10,8	  11,3	   6,5	   0,0
*	    17,6054	 1	 99,52	 80,01	  -1,0	   6,0	  13,4	  14,0	   9,1	   2,7
*	    19,5620	 1	102,88	 80,05	  -2,9	   4,2	  11,5	  12,1	   7,2	   0,8
*	    21,9996	 1	106,23	 80,12	  -4,8	   2,3	   9,6	  10,2	   5,3	  -1,1
*	    20,2738	 1	 99,55	 76,75	  -3,2	   3,8	  11,2	  11,8	   6,9	   0,5
*	    21,9685	 1	102,93	 76,78	  -4,6	   2,4	   9,8	  10,4	   5,5	  -0,9
*	    24,1664	 1	106,29	 76,86	  -6,1	   0,9	   8,3	   8,8	   4,0	  -2,5
*	    23,3464	 1	 99,59	 73,54	  -5,3	   1,7	   9,1	   9,7	   4,8	  -1,7
*	    24,8192	 1	102,97	 73,58	  -6,4	   0,6	   8,0	   8,6	   3,7	  -2,8
*	    26,7954	 1	106,35	 73,66	  -7,6	  -0,6	   6,8	   7,4	   2,5	  -4,0
*	    26,7310	 1	 99,62	 70,41	  -7,3	  -0,3	   7,1	   7,6	   2,8	  -3,7
*	    28,0220	 1	103,02	 70,45	  -8,1	  -1,1	   6,2	   6,8	   1,9	  -4,6
*	    29,8037	 1	106,41	 70,55	  -9,1	  -2,1	   5,3	   5,8	   0,9	  -5,6
*	    42,8881	 1	105,79	 59,94	 -12,1	  -6,1	  -0,0	   0,2	  -4,6	 -11,1
*	    42,0315	 1	103,41	 59,87	 -11,8	  -5,8	   0,3	   0,5	  -4,2	 -10,8
*	    41,3717	 1	101,03	 59,83	 -11,5	  -5,5	   0,6	   0,8	  -4,0	 -10,5
*	    40,9166	 1	 98,65	 59,84	 -11,3	  -5,3	   0,8	   1,0	  -3,7	 -10,3
*	    40,1168	 1	105,75	 61,80	 -11,1	  -5,1	   1,0	   1,2	  -3,6	 -10,1
*	    39,2099	 1	103,38	 61,72	 -10,7	  -4,8	   1,3	   1,6	  -3,2	  -9,7
*	    38,5067	 1	101,00	 61,69	 -10,4	  -4,4	   1,7	   1,9	  -2,9	  -9,4
*	    38,0165	 1	 98,63	 61,70	 -10,2	  -4,2	   1,9	   2,1	  -2,6	  -9,2
*	    37,4385	 1	105,71	 63,73	 -10,1	  -4,1	   2,0	   2,2	  -2,6	  -9,1
*	    36,4758	 1	103,34	 63,65	  -9,7	  -3,7	   2,4	   2,6	  -2,1	  -8,7
*	    35,7235	 1	100,97	 63,62	  -9,3	  -3,3	   2,8	   3,0	  -1,8	  -8,3
*	    35,1931	 1	 98,61	 63,63	  -9,0	  -3,1	   3,0	   3,3	  -1,5	  -8,0
*	    34,8624	 1	105,67	 65,70	  -9,1	  -3,1	   3,0	   3,2	  -1,5	  -8,0
*	    33,8373	 1	103,31	 65,63	  -8,6	  -2,6	   3,5	   3,7	  -1,0	  -7,5
*	    33,0295	 1	100,95	 65,60	  -8,2	  -2,2	   3,9	   4,1	  -0,6	  -7,1
*	    32,4529	 1	 98,58	 65,61	  -7,8	  -1,9	   4,2	   4,5	  -0,3	  -6,8
*	    32,3992	 1	105,63	 67,74	  -8,0	  -2,0	   4,1	   4,3	  -0,5	  -7,0
*	    31,3043	 1	103,28	 67,67	  -7,5	  -1,5	   4,6	   4,8	   0,1	  -6,4
*	    30,4333	 1	100,92	 67,64	  -7,0	  -1,0	   5,1	   5,3	   0,6	  -5,9
*	    29,8031	 1	 98,56	 67,64	  -6,6	  -0,6	   5,5	   5,7	   1,0	  -5,5
*	    26,1375	 1	326,59	 32,35	 -14,3	  -7,3	   0,0	   0,6	  -4,3	 -10,7
*	    24,2512	 1	327,08	 35,14	 -13,2	  -6,2	   1,2	   1,8	  -3,1	  -9,6
*	    22,4554	 1	327,58	 38,44	 -12,0	  -5,0	   2,4	   3,0	  -1,9	  -8,4
*	    20,7644	 1	328,09	 42,35	 -10,8	  -3,8	   3,6	   4,2	  -0,7	  -7,1
*	    19,1972	 1	328,60	 47,00	  -9,6	  -2,5	   4,8	   5,4	   0,5	  -5,9
*	    17,7784	 1	329,11	 52,54	  -8,3	  -1,3	   6,1	   6,6	   1,8	  -4,6
*	    16,5393	 1	329,63	 59,11	  -7,2	  -0,1	   7,2	   7,8	   2,9	  -3,5
*	    15,5182	 1	330,16	 66,84	  -6,1	   0,9	   8,2	   8,8	   4,0	  -2,4
*	    14,7574	 1	330,69	 75,63	  -5,4	   1,7	   9,0	   9,6	   4,8	  -1,6
*	    14,2965	 1	331,23	 85,29	  -4,9	   2,2	   9,5	  10,1	   5,2	  -1,2
*	    14,1617	 1	331,77	 95,33	  -4,8	   2,2	   9,6	  10,2	   5,3	  -1,1
*	    33,0217	 1	326,56	 24,94	 -16,7	 -10,7	  -4,6	  -4,4	  -9,1	 -15,6
*	    31,6972	 1	326,86	 25,96	 -16,0	 -10,1	  -4,0	  -3,7	  -8,5	 -15,0
*	    32,6924	 1	321,65	 27,00	 -16,3	 -10,3	  -4,2	  -4,0	  -8,8	 -15,3
*	    30,3947	 1	327,17	 27,05	 -15,4	  -9,4	  -3,3	  -3,1	  -7,8	 -14,3
*	    31,4016	 1	321,93	 28,11	 -15,7	  -9,7	  -3,6	  -3,4	  -8,1	 -14,6
*	    29,1157	 1	327,47	 28,23	 -14,8	  -8,8	  -2,7	  -2,4	  -7,2	 -13,7
*	    30,1346	 1	322,20	 29,33	 -15,1	  -9,1	  -3,0	  -2,7	  -7,5	 -14,0
*	    27,8616	 1	327,78	 29,53	 -14,1	  -8,1	  -2,0	  -1,8	  -6,5	 -13,0
*	    28,8927	 1	322,48	 30,65	 -14,4	  -8,4	  -2,3	  -2,1	  -6,8	 -13,3
*	    17,6551	 1	 64,52	 94,80	  -4,0	   3,0	  10,4	  10,9	   6,1	  -0,3
*	    16,2551	 1	 68,03	 94,50	  -2,6	   4,4	  11,8	  12,4	   7,5	   1,1
*	    15,1580	 1	 71,35	 94,20	  -1,1	   5,9	  13,3	  13,9	   9,0	   2,6
*	    17,0839	 1	 64,41	 90,91	  -3,8	   3,2	  10,6	  11,2	   6,3	  -0,1
*	    15,6554	 1	 67,94	 90,71	  -2,3	   4,7	  12,1	  12,6	   7,8	   1,4
*	    14,5204	 1	 71,28	 90,52	  -0,7	   6,3	  13,7	  14,2	   9,4	   3,0
*	    17,1608	 1	 64,31	 86,97	  -3,9	   3,2	  10,5	  11,1	   6,2	  -0,2
*	    15,7632	 1	 67,85	 86,88	  -2,5	   4,6	  11,9	  12,5	   7,7	   1,2
*	    14,6668	 1	 71,20	 86,81	  -0,9	   6,1	  13,5	  14,1	   9,2	   2,8
*	    17,8756	 1	 64,20	 83,04	  -4,3	   2,7	  10,1	  10,7	   5,8	  -0,6
*	    16,5624	 1	 67,76	 83,05	  -3,0	   4,0	  11,4	  12,0	   7,1	   0,7
*	    15,5713	 1	 71,13	 83,10	  -1,6	   5,4	  12,8	  13,4	   8,5	   2,1
*	    19,1912	 1	 64,10	 79,13	  -5,0	   2,1	   9,4	  10,0	   5,1	  -1,3
*	    18,0001	 1	 67,67	 79,26	  -3,8	   3,2	  10,6	  11,1	   6,3	  -0,2
*	    17,1556	 1	 71,05	 79,41	  -2,7	   4,4	  11,7	  12,3	   7,4	   1,0
*	    21,0531	 1	 63,99	 75,31	  -5,9	   1,1	   8,5	   9,1	   4,2	  -2,2
*	    20,0023	 1	 67,58	 75,53	  -4,9	   2,1	   9,5	  10,0	   5,2	  -1,3
*	    19,3189	 1	 70,98	 75,79	  -4,0	   3,0	  10,4	  11,0	   6,1	  -0,3
*	    23,3993	 1	 63,88	 71,59	  -7,0	   0,1	   7,4	   8,0	   3,1	  -3,3
*	    22,4916	 1	 67,49	 71,90	  -6,2	   0,9	   8,2	   8,8	   3,9	  -2,5
*	    21,9639	 1	 70,90	 72,25	  -5,4	   1,6	   8,9	   9,5	   4,7	  -1,8
*	    26,1687	 1	 63,77	 67,98	  -8,1	  -1,1	   6,2	   6,8	   1,9	  -4,5
*	    25,3961	 1	 67,40	 68,38	  -7,5	  -0,5	   6,9	   7,5	   2,6	  -3,9
*	    25,0085	 1	 70,83	 68,82	  -6,9	   0,1	   7,4	   8,0	   3,1	  -3,3
*	    42,1604	 1	 62,08	 53,96	 -11,6	  -5,6	   0,5	   0,7	  -4,1	 -10,6
*	    38,7057	 1	 69,68	 57,21	 -10,2	  -4,2	   1,9	   2,1	  -2,7	  -9,2
*	    38,7558	 1	 67,27	 56,75	 -10,3	  -4,4	   1,7	   2,0	  -2,8	  -9,3
*	    38,9779	 1	 64,76	 56,32	 -10,5	  -4,5	   1,6	   1,8	  -3,0	  -9,5
*	    39,3668	 1	 62,16	 55,93	 -10,7	  -4,8	   1,3	   1,6	  -3,2	  -9,7
*	    35,9078	 1	 69,74	 59,20	  -9,2	  -3,2	   2,9	   3,1	  -1,7	  -8,2
*	    35,9912	 1	 67,34	 58,76	  -9,4	  -3,4	   2,7	   2,9	  -1,8	  -8,4
*	    36,2500	 1	 64,84	 58,35	  -9,6	  -3,6	   2,5	   2,7	  -2,0	  -8,6
*	    36,6781	 1	 62,24	 57,98	  -9,8	  -3,9	   2,2	   2,5	  -2,3	  -8,8
*	    33,2111	 1	 69,80	 61,27	  -8,2	  -2,2	   3,9	   4,1	  -0,7	  -7,2
*	    33,3329	 1	 67,40	 60,85	  -8,4	  -2,5	   3,7	   3,9	  -0,9	  -7,4
*	    33,6332	 1	 64,91	 60,46	  -8,7	  -2,7	   3,4	   3,6	  -1,1	  -7,6
*	    34,1048	 1	 62,32	 60,12	  -9,0	  -3,0	   3,1	   3,3	  -1,4	  -7,9
*	    30,6262	 1	 69,85	 63,41	  -7,2	  -1,2	   4,9	   5,1	   0,3	  -6,1
*	    30,7921	 1	 67,46	 63,03	  -7,5	  -1,5	   4,6	   4,8	   0,1	  -6,4
*	    31,1389	 1	 64,98	 62,66	  -7,8	  -1,8	   4,3	   4,5	  -0,2	  -6,7
*	    31,6584	 1	 62,40	 62,34	  -8,1	  -2,1	   4,0	   4,2	  -0,5	  -7,0
*	    28,1652	 1	 69,91	 65,62	  -6,2	  -0,2	   5,9	   6,1	   1,4	  -5,1
*	    28,3812	 1	 67,53	 65,26	  -6,5	  -0,5	   5,6	   5,8	   1,1	  -5,4
*	    28,7799	 1	 65,05	 64,94	  -6,9	  -0,9	   5,2	   5,5	   0,7	  -5,8
*	    29,3517	 1	 62,48	 64,64	  -7,2	  -1,3	   4,8	   5,1	   0,3	  -6,2
*	    26,6057	 1	333,66	 35,33	 -16,7	  -9,7	  -2,4	  -1,8	  -6,7	 -13,1
*	    24,7710	 1	334,13	 38,27	 -15,7	  -8,6	  -1,3	  -0,7	  -5,6	 -12,0
*	    23,0334	 1	334,60	 41,70	 -14,6	  -7,5	  -0,2	   0,4	  -4,5	 -10,9
*	    21,4078	 1	335,08	 45,68	 -13,5	  -6,4	   0,9	   1,5	  -3,4	  -9,8
*	    19,9128	 1	335,56	 50,33	 -12,4	  -5,3	   2,0	   2,6	  -2,3	  -8,7
*	    18,5714	 1	336,05	 55,76	 -11,3	  -4,3	   3,1	   3,7	  -1,2	  -7,6
*	    17,4116	 1	336,54	 62,03	 -10,3	  -3,3	   4,1	   4,7	  -0,2	  -6,6
*	    16,4651	 1	337,03	 69,17	  -9,5	  -2,4	   4,9	   5,5	   0,6	  -5,8
*	    15,7651	 1	337,53	 77,14	  -8,8	  -1,8	   5,6	   6,1	   1,3	  -5,1
*	    15,3406	 1	338,03	 85,69	  -8,5	  -1,4	   5,9	   6,5	   1,7	  -4,7
*	    27,7370	 1	331,65	 30,51	 -15,0	  -9,0	  -2,9	  -2,7	  -7,4	 -13,9
*	    28,6773	 1	333,44	 33,18	 -15,4	  -9,5	  -3,3	  -3,1	  -7,9	 -14,3
*	    29,1550	 1	331,30	 29,00	 -15,7	  -9,7	  -3,6	  -3,4	  -8,1	 -14,6
*	    30,0659	 1	333,12	 31,58	 -16,1	 -10,2	  -4,1	  -3,8	  -8,6	 -15,1
*	    30,6058	 1	330,95	 27,62	 -16,4	 -10,5	  -4,4	  -4,1	  -8,9	 -15,4
*	    20,9760	 1	186,41	 50,35	 -12,7	  -5,7	   1,7	   2,3	  -2,6	  -9,1
*	    22,3878	 1	184,67	 53,47	 -13,7	  -6,7	   0,7	   1,3	  -3,6	 -10,1
*	    19,5842	 1	185,97	 54,82	 -11,8	  -4,8	   2,6	   3,1	  -1,7	  -8,2
*	    21,0691	 1	184,27	 57,80	 -12,9	  -5,9	   1,5	   2,1	  -2,8	  -9,3
*	    18,3502	 1	185,53	 59,88	 -11,0	  -4,0	   3,4	   4,0	  -0,9	  -7,3
*	    19,9073	 1	183,88	 62,60	 -12,2	  -5,2	   2,2	   2,8	  -2,1	  -8,5
*	    17,2956	 1	185,09	 65,52	 -10,2	  -3,2	   4,1	   4,7	  -0,1	  -6,6
*	    18,9201	 1	183,49	 67,85	 -11,6	  -4,5	   2,8	   3,4	  -1,5	  -7,9
*	    16,4429	 1	184,65	 71,72	  -9,6	  -2,6	   4,8	   5,4	   0,5	  -5,9
*	    18,1258	 1	183,10	 73,53	 -11,0	  -4,0	   3,4	   3,9	  -0,9	  -7,4
*	    15,8136	 1	184,21	 78,40	  -9,1	  -2,1	   5,2	   5,8	   1,0	  -5,4
*	    17,5406	 1	182,71	 79,57	 -10,6	  -3,6	   3,7	   4,3	  -0,5	  -7,0
*	    15,4252	 1	183,77	 85,43	  -8,9	  -1,8	   5,5	   6,1	   1,2	  -5,2
*	    17,1779	 1	182,31	 85,86	 -10,4	  -3,4	   4,0	   4,6	  -0,3	  -6,7
*	    26,5703	 1	  0,42	 49,80	  -5,7	   1,3	   8,7	   9,3	   4,4	  -2,1
*	    25,8281	 1	352,80	 45,84	  -4,8	   2,2	   9,5	  10,1	   5,2	  -1,2
*	    25,5844	 1	342,58	 41,95	  -4,2	   2,9	  10,2	  10,8	   5,9	  -0,6
*	    23,8029	 1	  1,07	 56,53	  -4,3	   2,7	  10,1	  10,7	   5,8	  -0,7
*	    22,8986	 1	353,55	 52,81	  -3,2	   3,8	  11,2	  11,7	   6,9	   0,4
*	    22,4998	 1	343,41	 48,99	  -2,3	   4,7	  12,1	  12,7	   7,8	   1,3
*	    21,5393	 1	  1,71	 64,51	  -3,1	   3,9	  11,3	  11,9	   7,0	   0,6
*	    20,4707	 1	354,30	 61,37	  -1,8	   5,3	  12,6	  13,2	   8,3	   1,9
*	    19,9033	 1	344,25	 58,00	  -0,6	   6,5	  13,8	  14,4	   9,5	   3,1
*	    19,8739	 1	  2,36	 73,69	  -2,1	   4,9	  12,2	  12,8	   8,0	   1,5
*	    18,6635	 1	355,05	 71,61	  -0,6	   6,4	  13,8	  14,4	   9,5	   3,1
*	    17,9406	 1	345,10	 69,30	   0,9	   7,9	  15,3	  15,9	  11,0	   4,6
*	    18,8947	 1	  3,01	 83,80	  -1,6	   5,4	  12,8	  13,4	   8,5	   2,1
*	    17,5988	 1	355,80	 83,24	   0,1	   7,1	  14,5	  15,1	  10,2	   3,8
*	    16,7763	 1	345,95	 82,66	   1,8	   8,8	  16,2	  16,8	  11,9	   5,5
*	    29,0928	 1	339,15	 35,76	  -3,0	   3,0	   9,1	   9,3	   4,6	  -1,9
*	    29,0440	 1	347,56	 38,39	  -3,3	   2,7	   8,8	   9,0	   4,3	  -2,2
*	    29,2763	 1	354,38	 41,29	  -3,7	   2,2	   8,3	   8,6	   3,8	  -2,7
*	    29,7672	 1	359,87	 44,22	  -4,2	   1,7	   7,8	   8,1	   3,3	  -3,2
*	    31,8799	 1	338,54	 32,50	  -4,4	   1,6	   7,7	   8,0	   3,2	  -3,3
*	    31,7757	 1	346,98	 35,01	  -4,6	   1,4	   7,5	   7,7	   3,0	  -3,5
*	    31,9418	 1	353,84	 37,80	  -4,9	   1,0	   7,2	   7,4	   2,6	  -3,9
*	    32,3603	 1	359,39	 40,67	  -5,3	   0,6	   6,7	   7,0	   2,2	  -4,3
*	    34,8080	 1	337,93	 29,75	  -5,7	   0,3	   6,4	   6,6	   1,9	  -4,6
*	    34,6575	 1	346,41	 32,12	  -5,8	   0,1	   6,2	   6,5	   1,7	  -4,8
*	    34,7667	 1	353,31	 34,78	  -6,1	  -0,1	   6,0	   6,2	   1,4	  -5,1
*	    35,1211	 1	358,91	 37,56	  -6,5	  -0,5	   5,6	   5,9	   1,1	  -5,4
*	    37,8593	 1	337,32	 27,43	  -6,9	  -0,9	   5,2	   5,4	   0,6	  -5,9
*	    37,6708	 1	345,83	 29,65	  -7,0	  -1,1	   5,0	   5,3	   0,5	  -6,0
*	    37,7312	 1	352,78	 32,17	  -7,3	  -1,3	   4,8	   5,0	   0,3	  -6,3
*	    38,0294	 1	358,43	 34,85	  -7,5	  -1,6	   4,5	   4,8	  -0,0	  -6,6
*	    41,0197	 1	336,72	 25,44	  -8,1	  -2,2	   3,9	   4,2	  -0,6	  -7,2
*	    40,8000	 1	345,26	 27,51	  -8,2	  -2,2	   3,9	   4,1	  -0,7	  -7,2
*	    40,8192	 1	352,25	 29,90	  -8,4	  -2,4	   3,7	   3,9	  -0,9	  -7,4
*	    41,0683	 1	357,95	 32,45	  -8,6	  -2,7	   3,4	   3,7	  -1,1	  -7,7
*	    17,2938	 1	210,51	 27,06	  -8,8	  -1,8	   5,6	   6,2	   1,3	  -5,1
*	    19,2417	 1	211,34	 24,30	 -10,3	  -3,3	   4,1	   4,7	  -0,2	  -6,6
*	    19,9834	 1	 55,33	 94,09	  -4,7	   2,3	   9,7	  10,3	   5,4	  -1,1
*	    18,9255	 1	 59,09	 93,70	  -3,9	   3,1	  10,5	  11,1	   6,2	  -0,2
*	    18,1651	 1	 62,56	 93,33	  -3,0	   4,0	  11,4	  12,0	   7,1	   0,7
*	    19,6748	 1	 55,17	 89,66	  -4,6	   2,4	   9,8	  10,4	   5,5	  -0,9
*	    18,6213	 1	 58,96	 89,43	  -3,8	   3,2	  10,6	  11,2	   6,3	  -0,1
*	    17,8647	 1	 62,44	 89,23	  -2,9	   4,1	  11,5	  12,1	   7,2	   0,8
*	    19,9656	 1	 55,01	 85,19	  -4,8	   2,3	   9,6	  10,2	   5,3	  -1,1
*	    18,9454	 1	 58,82	 85,13	  -4,0	   3,1	  10,4	  11,0	   6,1	  -0,3
*	    18,2275	 1	 62,33	 85,11	  -3,1	   3,9	  11,2	  11,8	   7,0	   0,5
*	    20,8446	 1	 54,86	 80,75	  -5,1	   1,9	   9,3	   9,8	   5,0	  -1,5
*	    19,8823	 1	 58,68	 80,86	  -4,4	   2,6	  10,0	  10,6	   5,7	  -0,7
*	    19,2322	 1	 62,21	 81,00	  -3,7	   3,4	  10,7	  11,3	   6,4	   0,0
*	    22,2843	 1	 54,70	 76,39	  -5,7	   1,3	   8,7	   9,2	   4,4	  -2,1
*	    21,3976	 1	 58,54	 76,65	  -5,1	   2,0	   9,3	   9,9	   5,0	  -1,4
*	    20,8346	 1	 62,09	 76,95	  -4,4	   2,6	  10,0	  10,5	   5,7	  -0,8
*	    24,2458	 1	 54,54	 72,14	  -6,5	   0,5	   7,9	   8,5	   3,6	  -2,9
*	    23,4443	 1	 58,40	 72,55	  -5,9	   1,1	   8,4	   9,0	   4,2	  -2,3
*	    22,9772	 1	 61,97	 73,00	  -5,4	   1,6	   9,0	   9,6	   4,7	  -1,8
*	    26,6830	 1	 54,37	 68,05	  -7,4	  -0,4	   7,0	   7,5	   2,7	  -3,8
*	    25,9693	 1	 58,26	 68,60	  -6,9	   0,1	   7,4	   8,0	   3,1	  -3,3
*	    25,5980	 1	 61,85	 69,19	  -6,5	   0,5	   7,9	   8,5	   3,6	  -2,9
*	    29,5472	 1	 54,21	 64,17	  -8,5	  -1,4	   5,9	   6,5	   1,6	  -4,9
*	    28,9186	 1	 58,12	 64,82	  -8,1	  -1,0	   6,3	   6,9	   2,0	  -4,5
*	    28,6369	 1	 61,72	 65,52	  -7,7	  -0,7	   6,7	   7,3	   2,4	  -4,1
*	    42,2556	 1	 60,17	 53,53	 -10,4	  -4,4	   1,7	   1,9	  -2,9	  -9,4
*	    42,3178	 1	 57,68	 52,88	 -10,5	  -4,5	   1,6	   1,8	  -3,0	  -9,5
*	    42,5309	 1	 55,07	 52,27	 -10,6	  -4,6	   1,5	   1,7	  -3,1	  -9,7
*	    42,8923	 1	 52,31	 51,69	 -10,8	  -4,8	   1,3	   1,5	  -3,2	  -9,8
*	    39,4760	 1	 60,26	 55,51	  -9,5	  -3,6	   2,5	   2,8	  -2,0	  -8,6
*	    39,5610	 1	 57,78	 54,89	  -9,7	  -3,7	   2,4	   2,6	  -2,1	  -8,7
*	    39,7987	 1	 55,18	 54,29	  -9,8	  -3,8	   2,3	   2,5	  -2,3	  -8,8
*	    40,1861	 1	 52,43	 53,74	 -10,0	  -4,0	   2,1	   2,3	  -2,4	  -9,0
*	    36,8044	 1	 60,34	 57,59	  -8,7	  -2,7	   3,4	   3,6	  -1,1	  -7,7
*	    36,9153	 1	 57,88	 56,99	  -8,8	  -2,8	   3,3	   3,5	  -1,3	  -7,8
*	    37,1802	 1	 55,28	 56,42	  -9,0	  -3,0	   3,1	   3,3	  -1,4	  -8,0
*	    37,5957	 1	 52,54	 55,89	  -9,2	  -3,2	   2,9	   3,1	  -1,6	  -8,2
*	    34,2515	 1	 60,43	 59,76	  -7,8	  -1,8	   4,3	   4,5	  -0,3	  -6,8
*	    34,3914	 1	 57,97	 59,19	  -8,0	  -2,0	   4,1	   4,3	  -0,4	  -6,9
*	    34,6861	 1	 55,39	 58,66	  -8,2	  -2,2	   3,9	   4,1	  -0,6	  -7,1
*	    35,1320	 1	 52,66	 58,14	  -8,4	  -2,4	   3,7	   3,9	  -0,8	  -7,4
*	    31,8290	 1	 60,52	 62,00	  -7,0	  -1,0	   5,1	   5,3	   0,6	  -5,9
*	    32,0010	 1	 58,07	 61,48	  -7,2	  -1,2	   4,9	   5,1	   0,4	  -6,1
*	    32,3283	 1	 55,49	 60,98	  -7,4	  -1,4	   4,7	   4,9	   0,2	  -6,3
*	    32,8067	 1	 52,78	 60,50	  -7,6	  -1,7	   4,5	   4,7	  -0,1	  -6,6
*	    29,5499	 1	 60,60	 64,35	  -6,1	  -0,2	   5,9	   6,2	   1,4	  -5,1
*	    29,7572	 1	 58,17	 63,86	  -6,4	  -0,4	   5,7	   5,9	   1,2	  -5,3
*	    30,1195	 1	 55,60	 63,40	  -6,6	  -0,6	   5,5	   5,7	   1,0	  -5,5
*	    30,6323	 1	 52,89	 62,96	  -6,9	  -0,9	   5,2	   5,4	   0,7	  -5,8
*	    18,3901	 1	196,85	 35,73	 -10,1	  -3,1	   4,3	   4,9	   0,0	  -6,4
*	    20,2174	 1	197,51	 32,32	 -11,4	  -4,4	   3,0	   3,6	  -1,3	  -7,7
*	    23,6144	 1	183,55	 55,71	 -14,8	  -7,8	  -0,4	   0,2	  -4,7	 -11,2
*	    25,2317	 1	182,43	 58,18	 -15,8	  -8,7	  -1,4	  -0,8	  -5,7	 -12,1
*	    22,3497	 1	183,19	 59,90	 -14,1	  -7,1	   0,3	   0,9	  -4,0	 -10,5
*	    24,0282	 1	182,10	 62,19	 -15,1	  -8,1	  -0,7	  -0,2	  -5,0	 -11,5
*	    21,2399	 1	182,83	 64,49	 -13,4	  -6,4	   0,9	   1,5	  -3,4	  -9,8
*	    22,9763	 1	181,77	 66,51	 -14,6	  -7,5	  -0,2	   0,4	  -4,5	 -10,9
*	    20,3004	 1	182,47	 69,45	 -12,9	  -5,9	   1,5	   2,1	  -2,8	  -9,2
*	    22,0890	 1	181,45	 71,16	 -14,1	  -7,0	   0,3	   0,9	  -4,0	 -10,4
*	    19,5464	 1	182,11	 74,77	 -12,4	  -5,4	   2,0	   2,5	  -2,3	  -8,8
*	    21,3785	 1	181,12	 76,06	 -13,7	  -6,7	   0,7	   1,3	  -3,6	 -10,0
*	    18,9914	 1	181,75	 80,36	 -12,1	  -5,1	   2,3	   2,9	  -2,0	  -8,4
*	    20,8555	 1	180,79	 81,19	 -13,4	  -6,4	   1,0	   1,6	  -3,3	  -9,7
*	    18,6459	 1	181,39	 86,15	 -11,9	  -4,9	   2,5	   3,1	  -1,8	  -8,2
*	    20,5284	 1	180,46	 86,46	 -13,2	  -6,2	   1,2	   1,8	  -3,1	  -9,6
*	    20,1774	 1	313,69	 33,06	 -10,0	  -3,0	   4,4	   5,0	   0,1	  -6,3
*	    22,0433	 1	313,16	 29,90	 -11,4	  -4,4	   3,0	   3,6	  -1,3	  -7,8
*	    19,0310	 1	305,49	 28,10	  -9,2	  -2,2	   5,1	   5,7	   0,9	  -5,6
*	    20,9650	 1	304,95	 25,34	 -10,8	  -3,8	   3,6	   4,2	  -0,7	  -7,1
*	    27,9021	 1	 16,64	 56,66	  -7,1	  -0,1	   7,3	   7,9	   3,0	  -3,5
*	    27,4214	 1	 11,40	 54,26	  -6,5	   0,5	   7,8	   8,4	   3,5	  -2,9
*	    27,2798	 1	  5,01	 51,81	  -6,0	   1,0	   8,3	   8,9	   4,0	  -2,4
*	    25,5376	 1	 17,07	 62,16	  -6,1	   0,9	   8,3	   8,8	   4,0	  -2,5
*	    24,9720	 1	 11,89	 60,04	  -5,5	   1,6	   8,9	   9,5	   4,6	  -1,8
*	    24,7430	 1	  5,56	 57,83	  -4,9	   2,2	   9,5	  10,1	   5,2	  -1,2
*	    23,5928	 1	 17,50	 68,26	  -5,3	   1,7	   9,1	   9,7	   4,8	  -1,7
*	    22,9480	 1	 12,38	 66,55	  -4,5	   2,5	   9,8	  10,4	   5,6	  -0,9
*	    22,6346	 1	  6,11	 64,73	  -3,8	   3,2	  10,6	  11,2	   6,3	  -0,2
*	    22,1147	 1	 17,93	 74,89	  -4,7	   2,4	   9,7	  10,3	   5,4	  -1,0
*	    21,4053	 1	 12,86	 73,74	  -3,8	   3,2	  10,6	  11,2	   6,3	  -0,2
*	    21,0207	 1	  6,65	 72,52	  -3,0	   4,0	  11,4	  12,0	   7,1	   0,7
*	    21,1440	 1	 18,36	 81,91	  -4,2	   2,8	  10,1	  10,7	   5,9	  -0,6
*	    20,3938	 1	 13,35	 81,46	  -3,3	   3,7	  11,1	  11,6	   6,8	   0,3
*	    19,9629	 1	  7,20	 81,01	  -2,4	   4,6	  12,0	  12,5	   7,7	   1,2
*	    20,7091	 1	 18,78	 89,17	  -4,1	   3,0	  10,3	  10,9	   6,0	  -0,4
*	    19,9491	 1	 13,83	 89,48	  -3,1	   3,9	  11,2	  11,8	   7,0	   0,5
*	    19,5065	 1	  7,75	 89,88	  -2,2	   4,8	  12,2	  12,8	   7,9	   1,5
*	    43,8108	 1	 15,20	 38,10	 -10,0	  -4,1	   2,0	   2,3	  -2,5	  -9,1
*	    43,6494	 1	 11,45	 36,28	  -9,9	  -3,9	   2,2	   2,4	  -2,3	  -8,9
*	    43,6483	 1	  7,14	 34,50	  -9,7	  -3,8	   2,3	   2,6	  -2,2	  -8,8
*	    43,8122	 1	  2,17	 32,79	  -9,6	  -3,7	   2,4	   2,6	  -2,1	  -8,7
*	    41,0749	 1	 15,51	 40,25	  -9,2	  -3,2	   2,9	   3,1	  -1,6	  -8,2
*	    40,8842	 1	 11,79	 38,40	  -9,0	  -3,0	   3,1	   3,3	  -1,4	  -8,0
*	    40,8564	 1	  7,51	 36,57	  -8,8	  -2,8	   3,3	   3,5	  -1,3	  -7,9
*	    40,9973	 1	  2,57	 34,82	  -8,7	  -2,7	   3,4	   3,6	  -1,2	  -7,7
*	    38,4501	 1	 15,83	 42,61	  -8,3	  -2,3	   3,8	   4,0	  -0,8	  -7,3
*	    38,2270	 1	 12,13	 40,73	  -8,1	  -2,1	   4,0	   4,2	  -0,5	  -7,1
*	    38,1693	 1	  7,88	 38,87	  -7,9	  -1,9	   4,2	   4,4	  -0,4	  -6,9
*	    38,2836	 1	  2,97	 37,08	  -7,8	  -1,8	   4,3	   4,5	  -0,2	  -6,8
*	    35,9479	 1	 16,14	 45,19	  -7,5	  -1,5	   4,6	   4,8	   0,1	  -6,4
*	    35,6894	 1	 12,47	 43,31	  -7,2	  -1,2	   4,9	   5,1	   0,3	  -6,2
*	    35,5982	 1	  8,25	 41,42	  -7,0	  -1,0	   5,1	   5,3	   0,6	  -6,0
*	    35,6822	 1	  3,37	 39,59	  -6,8	  -0,8	   5,3	   5,5	   0,7	  -5,8
*	    33,5810	 1	 16,45	 48,02	  -6,6	  -0,7	   5,4	   5,7	   0,9	  -5,6
*	    33,2840	 1	 12,81	 46,14	  -6,3	  -0,4	   5,7	   6,0	   1,2	  -5,3
*	    33,1560	 1	  8,62	 44,25	  -6,1	  -0,1	   6,0	   6,2	   1,5	  -5,0
*	    33,2057	 1	  3,77	 42,39	  -5,9	   0,1	   6,2	   6,4	   1,7	  -4,8
*	    31,3633	 1	 16,76	 51,10	  -5,8	   0,2	   6,3	   6,5	   1,7	  -4,8
*	    31,0254	 1	 13,15	 49,27	  -5,5	   0,5	   6,6	   6,8	   2,1	  -4,4
*	    30,8572	 1	  8,98	 47,39	  -5,2	   0,8	   6,9	   7,1	   2,4	  -4,1
*	    30,8688	 1	  4,17	 45,55	  -4,9	   1,1	   7,2	   7,4	   2,6	  -3,9
*	    32,2701	 1	113,82	 71,42	  -8,6	  -1,6	   5,7	   6,3	   1,4	  -5,1
*	    30,5249	 1	110,42	 71,42	  -7,7	  -0,6	   6,7	   7,3	   2,4	  -4,1
*	    29,1755	 1	107,04	 71,48	  -6,8	   0,2	   7,6	   8,2	   3,3	  -3,2
*	    29,7252	 1	113,74	 74,60	  -7,5	  -0,5	   6,9	   7,4	   2,5	  -4,0
*	    27,8227	 1	110,34	 74,58	  -6,4	   0,6	   8,0	   8,6	   3,7	  -2,8
*	    26,3096	 1	106,98	 74,62	  -5,3	   1,7	   9,0	   9,6	   4,7	  -1,7
*	    27,5980	 1	113,65	 77,86	  -6,5	   0,5	   7,9	   8,4	   3,5	  -2,9
*	    25,5360	 1	110,27	 77,83	  -5,2	   1,8	   9,2	   9,8	   4,9	  -1,6
*	    23,8486	 1	106,92	 77,83	  -3,9	   3,1	  10,5	  11,0	   6,2	  -0,3
*	    25,9481	 1	113,57	 81,17	  -5,7	   1,3	   8,7	   9,3	   4,4	  -2,1
*	    23,7372	 1	110,20	 81,13	  -4,2	   2,8	  10,2	  10,8	   5,9	  -0,6
*	    21,8787	 1	106,86	 81,11	  -2,7	   4,4	  11,7	  12,3	   7,4	   1,0
*	    24,8350	 1	113,49	 84,53	  -5,1	   1,9	   9,3	   9,9	   5,0	  -1,5
*	    22,5039	 1	110,13	 84,46	  -3,4	   3,6	  10,9	  11,5	   6,7	   0,2
*	    20,5004	 1	106,80	 84,42	  -1,7	   5,3	  12,7	  13,3	   8,4	   2,0
*	    24,3089	 1	113,40	 87,90	  -4,8	   2,3	   9,6	  10,2	   5,3	  -1,2
*	    21,9059	 1	110,06	 87,82	  -3,0	   4,0	  11,4	  11,9	   7,1	   0,6
*	    19,8123	 1	106,74	 87,75	  -1,1	   5,9	  13,2	  13,8	   9,0	   2,5
*	    24,4000	 1	113,32	 91,26	  -4,8	   2,3	   9,6	  10,2	   5,3	  -1,2
*	    21,9877	 1	109,99	 91,17	  -3,0	   4,0	  11,4	  12,0	   7,1	   0,6
*	    19,8820	 1	106,69	 91,07	  -1,1	   5,9	  13,3	  13,9	   9,0	   2,6
*	    45,7780	 1	114,71	 59,81	 -11,2	  -5,3	   0,8	   1,0	  -3,7	 -10,3
*	    44,8480	 1	112,31	 59,82	 -10,9	  -4,9	   1,2	   1,4	  -3,4	  -9,9
*	    44,0892	 1	109,93	 59,87	 -10,6	  -4,6	   1,5	   1,7	  -3,0	  -9,6
*	    43,5091	 1	107,57	 59,96	 -10,3	  -4,3	   1,8	   2,0	  -2,8	  -9,3
*	    43,1894	 1	114,65	 61,69	 -10,4	  -4,4	   1,7	   1,9	  -2,9	  -9,5
*	    42,2080	 1	112,25	 61,70	 -10,0	  -4,0	   2,1	   2,3	  -2,5	  -9,0
*	    41,4006	 1	109,88	 61,74	  -9,6	  -3,7	   2,4	   2,7	  -2,1	  -8,7
*	    40,7759	 1	107,53	 61,82	  -9,3	  -3,4	   2,7	   3,0	  -1,8	  -8,4
*	    40,7117	 1	114,58	 63,64	  -9,6	  -3,6	   2,5	   2,7	  -2,0	  -8,6
*	    39,6747	 1	112,20	 63,64	  -9,1	  -3,1	   2,9	   3,2	  -1,6	  -8,1
*	    38,8140	 1	109,83	 63,67	  -8,7	  -2,7	   3,4	   3,6	  -1,2	  -7,7
*	    38,1399	 1	107,49	 63,75	  -8,4	  -2,4	   3,7	   3,9	  -0,8	  -7,4
*	    38,3552	 1	114,52	 65,63	  -8,7	  -2,8	   3,3	   3,6	  -1,2	  -7,7
*	    37,2583	 1	112,14	 65,63	  -8,2	  -2,3	   3,8	   4,1	  -0,7	  -7,2
*	    36,3396	 1	109,78	 65,66	  -7,8	  -1,8	   4,3	   4,5	  -0,2	  -6,8
*	    35,6106	 1	107,44	 65,73	  -7,4	  -1,4	   4,7	   4,9	   0,2	  -6,4
*	    36,1318	 1	114,46	 67,68	  -7,9	  -1,9	   4,2	   4,4	  -0,4	  -6,9
*	    34,9708	 1	112,09	 67,67	  -7,4	  -1,4	   4,7	   4,9	   0,2	  -6,3
*	    33,9890	 1	109,73	 67,70	  -6,8	  -0,9	   5,2	   5,5	   0,7	  -5,8
*	    33,1993	 1	107,40	 67,76	  -6,4	  -0,4	   5,7	   5,9	   1,2	  -5,3
*	    20,1349	 1	189,79	 43,53	 -11,8	  -4,7	   2,6	   3,2	  -1,7	  -8,1
*	    21,8252	 1	190,30	 39,84	 -12,8	  -5,8	   1,5	   2,1	  -2,8	  -9,2
*	    27,3825	 1	 50,51	 67,10	  -7,0	  -0,0	   7,3	   7,9	   3,0	  -3,4
*	    27,6827	 1	 46,61	 66,28	  -7,2	  -0,2	   7,2	   7,7	   2,9	  -3,6
*	    28,2990	 1	 42,28	 65,51	  -7,5	  -0,4	   6,9	   7,5	   2,6	  -3,9
*	    24,9730	 1	 50,70	 71,33	  -6,2	   0,9	   8,2	   8,8	   3,9	  -2,5
*	    25,3141	 1	 46,82	 70,68	  -6,4	   0,6	   8,0	   8,6	   3,7	  -2,8
*	    25,9666	 1	 42,51	 70,07	  -6,6	   0,4	   7,7	   8,3	   3,4	  -3,0
*	    23,0354	 1	 50,88	 75,73	  -5,4	   1,6	   9,0	   9,5	   4,7	  -1,8
*	    23,4171	 1	 47,02	 75,29	  -5,7	   1,3	   8,7	   9,3	   4,4	  -2,1
*	    24,1049	 1	 42,75	 74,89	  -6,0	   1,1	   8,4	   9,0	   4,1	  -2,3
*	    21,6116	 1	 51,06	 80,29	  -4,9	   2,2	   9,5	  10,1	   5,2	  -1,2
*	    22,0308	 1	 47,23	 80,08	  -5,2	   1,9	   9,2	   9,8	   4,9	  -1,5
*	    22,7509	 1	 42,99	 79,89	  -5,5	   1,6	   8,9	   9,5	   4,6	  -1,8
*	    20,7362	 1	 51,24	 84,93	  -4,5	   2,5	   9,9	  10,5	   5,6	  -0,9
*	    21,1869	 1	 47,44	 84,96	  -4,8	   2,2	   9,5	  10,1	   5,3	  -1,2
*	    21,9343	 1	 43,22	 85,02	  -5,2	   1,9	   9,2	   9,8	   4,9	  -1,5
*	    20,4331	 1	 51,42	 89,60	  -4,4	   2,6	  10,0	  10,6	   5,7	  -0,7
*	    20,9063	 1	 47,64	 89,88	  -4,7	   2,3	   9,7	  10,2	   5,4	  -1,1
*	    21,6740	 1	 43,45	 90,18	  -5,1	   2,0	   9,3	   9,9	   5,0	  -1,4
*	    20,7119	 1	 51,60	 94,25	  -4,5	   2,5	   9,9	  10,5	   5,6	  -0,8
*	    21,1967	 1	 47,84	 94,77	  -4,8	   2,2	   9,6	  10,1	   5,3	  -1,2
*	    21,9763	 1	 43,68	 95,30	  -5,2	   1,8	   9,2	   9,8	   4,9	  -1,5
*	    30,8367	 1	 43,50	 61,50	  -6,4	  -0,4	   5,7	   6,0	   1,2	  -5,3
*	    30,4840	 1	 46,35	 62,12	  -6,2	  -0,3	   5,9	   6,1	   1,3	  -5,2
*	    30,2723	 1	 49,01	 62,76	  -6,1	  -0,1	   6,0	   6,2	   1,4	  -5,0
*	    30,2030	 1	 51,50	 63,41	  -6,0	  -0,1	   6,1	   6,3	   1,5	  -5,0
*	    32,8966	 1	 43,34	 58,84	  -7,0	  -1,1	   5,0	   5,3	   0,5	  -6,0
*	    32,5593	 1	 46,20	 59,51	  -6,9	  -0,9	   5,2	   5,4	   0,6	  -5,9
*	    32,3636	 1	 48,88	 60,19	  -6,8	  -0,8	   5,3	   5,5	   0,7	  -5,8
*	    32,3106	 1	 51,38	 60,90	  -6,7	  -0,8	   5,3	   5,6	   0,8	  -5,7
*	    35,1141	 1	 43,19	 56,30	  -7,7	  -1,8	   4,3	   4,6	  -0,2	  -6,7
*	    34,7916	 1	 46,06	 57,01	  -7,6	  -1,7	   4,4	   4,7	  -0,1	  -6,6
*	    34,6109	 1	 48,74	 57,74	  -7,5	  -1,6	   4,5	   4,8	   0,0	  -6,5
*	    34,5729	 1	 51,26	 58,49	  -7,5	  -1,5	   4,6	   4,8	   0,1	  -6,5
*	    37,4771	 1	 43,03	 53,89	  -8,5	  -2,5	   3,6	   3,8	  -0,9	  -7,5
*	    37,1686	 1	 45,92	 54,63	  -8,4	  -2,4	   3,7	   3,9	  -0,8	  -7,4
*	    37,0017	 1	 48,61	 55,41	  -8,3	  -2,3	   3,8	   4,0	  -0,8	  -7,3
*	    36,9774	 1	 51,14	 56,19	  -8,3	  -2,3	   3,8	   4,0	  -0,7	  -7,2
*	    39,9737	 1	 42,87	 51,62	  -9,2	  -3,3	   2,8	   3,1	  -1,7	  -8,3
*	    39,6785	 1	 45,77	 52,38	  -9,1	  -3,2	   2,9	   3,2	  -1,6	  -8,2
*	    39,5243	 1	 48,48	 53,19	  -9,1	  -3,1	   3,0	   3,2	  -1,5	  -8,1
*	    39,5121	 1	 51,02	 54,01	  -9,0	  -3,1	   3,0	   3,3	  -1,5	  -8,1
*	    42,5928	 1	 42,72	 49,46	 -10,0	  -4,0	   2,1	   2,3	  -2,5	  -9,1
*	    42,3101	 1	 45,63	 50,25	  -9,9	  -3,9	   2,2	   2,4	  -2,4	  -9,0
*	    42,1676	 1	 48,35	 51,07	  -9,9	  -3,9	   2,2	   2,4	  -2,3	  -8,9
*	    42,1660	 1	 50,90	 51,91	  -9,8	  -3,9	   2,2	   2,5	  -2,3	  -8,9
s	    21,1540	 1	 22,74	 91,08	  27,5	  34,5	  41,9	  42,5	  37,6	  31,1
*	    28,4097	 1	 29,35	 61,52	  -7,4	  -0,3	   7,0	   7,6	   2,7	  -3,8
*	    28,1289	 1	 24,91	 59,87	  -7,0	   0,0	   7,4	   7,9	   3,1	  -3,4
*	    28,1577	 1	 19,70	 58,20	  -6,7	   0,3	   7,7	   8,2	   3,4	  -3,1
*	    26,1335	 1	 29,68	 66,51	  -6,5	   0,5	   7,8	   8,4	   3,5	  -2,9
*	    25,8090	 1	 25,28	 65,12	  -6,1	   0,9	   8,2	   8,8	   3,9	  -2,5
*	    25,7913	 1	 20,12	 63,70	  -5,8	   1,2	   8,6	   9,2	   4,3	  -2,2
*	    24,2880	 1	 30,00	 71,88	  -5,8	   1,2	   8,5	   9,1	   4,2	  -2,2
*	    23,9261	 1	 25,64	 70,83	  -5,4	   1,6	   9,0	   9,6	   4,7	  -1,8
*	    23,8672	 1	 20,53	 69,73	  -5,0	   2,0	   9,4	  10,0	   5,1	  -1,4
*	    22,9098	 1	 30,32	 77,54	  -5,3	   1,7	   9,1	   9,7	   4,8	  -1,7
*	    22,5210	 1	 26,00	 76,91	  -4,8	   2,2	   9,5	  10,1	   5,2	  -1,2
*	    22,4312	 1	 20,93	 76,25	  -4,4	   2,6	  10,0	  10,6	   5,7	  -0,8
*	    22,0288	 1	 30,64	 83,43	  -5,0	   2,0	   9,4	  10,0	   5,1	  -1,3
*	    21,6272	 1	 26,36	 83,27	  -4,5	   2,5	   9,9	  10,5	   5,6	  -0,8
*	    21,5218	 1	 21,34	 83,12	  -4,0	   3,0	  10,4	  10,9	   6,1	  -0,4
*	    21,6646	 1	 30,96	 89,43	  -4,9	   2,2	   9,5	  10,1	   5,2	  -1,2
*	    21,2667	 1	 26,72	 89,76	  -4,4	   2,7	  10,0	  10,6	   5,7	  -0,7
*	    21,1643	 1	 21,74	 90,15	  -3,9	   3,1	  10,5	  11,1	   6,2	  -0,2
*	    43,7952	 1	 28,42	 43,63	  -9,9	  -4,0	   2,1	   2,4	  -2,4	  -9,0
*	    43,6758	 1	 25,32	 42,19	  -9,8	  -3,9	   2,2	   2,5	  -2,3	  -8,9
*	    43,7020	 1	 21,85	 40,76	  -9,7	  -3,8	   2,3	   2,6	  -2,2	  -8,8
*	    43,8770	 1	 18,00	 39,37	  -9,7	  -3,7	   2,4	   2,6	  -2,2	  -8,7
*	    41,1276	 1	 28,65	 45,82	  -9,1	  -3,2	   2,9	   3,1	  -1,6	  -8,2
*	    40,9903	 1	 25,57	 44,37	  -9,0	  -3,0	   3,1	   3,3	  -1,5	  -8,0
*	    41,0001	 1	 22,13	 42,94	  -8,9	  -2,9	   3,2	   3,4	  -1,4	  -7,9
*	    41,1605	 1	 18,30	 41,54	  -8,8	  -2,9	   3,2	   3,4	  -1,3	  -7,9
*	    38,5782	 1	 28,88	 48,16	  -8,4	  -2,4	   3,7	   3,9	  -0,8	  -7,4
*	    38,4216	 1	 25,82	 46,74	  -8,2	  -2,2	   3,9	   4,1	  -0,7	  -7,2
*	    38,4132	 1	 22,40	 45,30	  -8,1	  -2,1	   4,0	   4,2	  -0,6	  -7,1
*	    38,5569	 1	 18,59	 43,91	  -8,0	  -2,0	   4,1	   4,3	  -0,5	  -7,0
*	    36,1579	 1	 29,11	 50,69	  -7,6	  -1,6	   4,5	   4,7	  -0,1	  -6,6
*	    35,9808	 1	 26,07	 49,28	  -7,4	  -1,5	   4,6	   4,9	   0,1	  -6,4
*	    35,9526	 1	 22,67	 47,87	  -7,3	  -1,3	   4,8	   5,0	   0,3	  -6,3
*	    36,0779	 1	 18,89	 46,49	  -7,2	  -1,2	   4,9	   5,1	   0,4	  -6,2
*	    33,8790	 1	 29,33	 53,38	  -6,9	  -0,9	   5,2	   5,4	   0,7	  -5,8
*	    33,6803	 1	 26,32	 52,03	  -6,7	  -0,7	   5,4	   5,6	   0,9	  -5,6
*	    33,6309	 1	 22,94	 50,65	  -6,5	  -0,5	   5,6	   5,8	   1,0	  -5,5
*	    33,7358	 1	 19,18	 49,29	  -6,4	  -0,4	   5,7	   5,9	   1,2	  -5,3
*	    31,7541	 1	 29,56	 56,29	  -6,1	  -0,2	   5,9	   6,2	   1,4	  -5,1
*	    31,5332	 1	 26,57	 54,98	  -5,9	   0,0	   6,1	   6,4	   1,6	  -4,9
*	    31,4615	 1	 23,21	 53,67	  -5,8	   0,2	   6,3	   6,6	   1,8	  -4,7
*	    31,5445	 1	 19,47	 52,35	  -5,6	   0,4	   6,5	   6,7	   2,0	  -4,5
*	    22,7752	 1	322,48	 41,54	 -11,8	  -4,8	   2,6	   3,2	  -1,7	  -8,2
*	    24,4989	 1	322,03	 37,93	 -13,0	  -6,0	   1,4	   2,0	  -2,9	  -9,4
*	    21,2665	 1	318,28	 36,99	 -10,9	  -3,8	   3,5	   4,1	  -0,8	  -7,2
*	    23,0706	 1	317,79	 33,58	 -12,2	  -5,1	   2,2	   2,8	  -2,1	  -8,5
s	    21,5603	 1	 40,05	 90,16	  27,4	  34,5	  41,8	  42,4	  37,5	  31,1
*	    28,2547	 1	 40,38	 64,82	  -7,3	  -0,3	   7,1	   7,7	   2,8	  -3,7
*	    28,2543	 1	 36,30	 63,67	  -7,2	  -0,2	   7,2	   7,7	   2,8	  -3,6
*	    28,5586	 1	 31,67	 62,53	  -7,2	  -0,2	   7,2	   7,8	   2,9	  -3,6
*	    25,9627	 1	 40,63	 69,39	  -6,5	   0,5	   7,9	   8,5	   3,6	  -2,9
*	    25,9589	 1	 36,58	 68,46	  -6,4	   0,6	   8,0	   8,5	   3,7	  -2,8
*	    26,2570	 1	 31,99	 67,53	  -6,4	   0,7	   8,0	   8,6	   3,7	  -2,8
*	    24,1187	 1	 40,87	 74,20	  -5,9	   1,2	   8,5	   9,1	   4,2	  -2,2
*	    24,1148	 1	 36,85	 73,54	  -5,8	   1,3	   8,6	   9,2	   4,3	  -2,1
*	    24,4095	 1	 32,30	 72,88	  -5,7	   1,3	   8,7	   9,3	   4,4	  -2,1
*	    22,7577	 1	 41,12	 79,22	  -5,4	   1,7	   9,0	   9,6	   4,7	  -1,7
*	    22,7580	 1	 37,13	 78,86	  -5,3	   1,8	   9,1	   9,7	   4,8	  -1,6
*	    23,0535	 1	 32,61	 78,51	  -5,2	   1,9	   9,2	   9,8	   4,9	  -1,5
*	    21,9079	 1	 41,36	 84,37	  -5,0	   2,0	   9,3	   9,9	   5,1	  -1,4
*	    21,9169	 1	 37,40	 84,34	  -4,9	   2,1	   9,4	  10,0	   5,2	  -1,3
*	    22,2189	 1	 32,91	 84,34	  -4,9	   2,2	   9,5	  10,1	   5,2	  -1,2
*	    21,5878	 1	 41,60	 89,58	  -4,9	   2,1	   9,5	  10,1	   5,2	  -1,3
*	    21,6101	 1	 37,67	 89,89	  -4,8	   2,2	   9,6	  10,1	   5,3	  -1,2
*	    21,9243	 1	 33,22	 90,24	  -4,8	   2,3	   9,6	  10,2	   5,3	  -1,1
*	    21,8045	 1	 41,84	 94,74	  -5,0	   2,0	   9,4	  10,0	   5,1	  -1,4
*	    43,5313	 1	 39,85	 47,88	  -9,9	  -4,0	   2,1	   2,3	  -2,4	  -9,0
*	    43,4883	 1	 37,08	 46,77	  -9,9	  -3,9	   2,2	   2,4	  -2,4	  -9,0
*	    43,5844	 1	 34,06	 45,68	  -9,9	  -3,9	   2,2	   2,4	  -2,4	  -8,9
*	    43,8206	 1	 30,78	 44,63	  -9,9	  -3,9	   2,2	   2,4	  -2,4	  -9,0
*	    40,8817	 1	 40,02	 50,02	  -9,2	  -3,2	   2,9	   3,1	  -1,6	  -8,2
*	    40,8349	 1	 37,26	 48,93	  -9,1	  -3,2	   2,9	   3,2	  -1,6	  -8,2
*	    40,9280	 1	 34,26	 47,85	  -9,1	  -3,1	   3,0	   3,2	  -1,6	  -8,1
*	    41,1626	 1	 30,99	 46,81	  -9,1	  -3,1	   3,0	   3,2	  -1,6	  -8,2
*	    38,3517	 1	 40,19	 52,29	  -8,4	  -2,4	   3,7	   3,9	  -0,9	  -7,4
*	    38,3011	 1	 37,45	 51,22	  -8,4	  -2,4	   3,7	   3,9	  -0,8	  -7,4
*	    38,3911	 1	 34,47	 50,17	  -8,3	  -2,4	   3,7	   4,0	  -0,8	  -7,3
*	    38,6234	 1	 31,21	 49,14	  -8,3	  -2,4	   3,7	   4,0	  -0,8	  -7,4
*	    35,9523	 1	 40,36	 54,69	  -7,7	  -1,7	   4,4	   4,6	  -0,1	  -6,7
*	    35,8979	 1	 37,63	 53,66	  -7,6	  -1,6	   4,5	   4,7	  -0,1	  -6,6
*	    35,9846	 1	 34,66	 52,64	  -7,6	  -1,6	   4,5	   4,7	  -0,0	  -6,6
*	    36,2141	 1	 31,43	 51,63	  -7,6	  -1,6	   4,5	   4,7	  -0,0	  -6,6
*	    33,6951	 1	 40,53	 57,23	  -7,0	  -1,0	   5,1	   5,3	   0,6	  -5,9
*	    33,6371	 1	 37,81	 56,25	  -6,9	  -0,9	   5,2	   5,4	   0,7	  -5,9
*	    33,7203	 1	 34,86	 55,27	  -6,9	  -0,9	   5,2	   5,4	   0,7	  -5,8
*	    33,9466	 1	 31,64	 54,31	  -6,9	  -0,9	   5,2	   5,4	   0,7	  -5,8
*	    31,5921	 1	 40,69	 59,91	  -6,3	  -0,3	   5,8	   6,0	   1,3	  -5,2
*	    31,5310	 1	 37,99	 58,99	  -6,2	  -0,2	   5,9	   6,1	   1,3	  -5,2
*	    31,6107	 1	 35,06	 58,06	  -6,2	  -0,2	   5,9	   6,1	   1,4	  -5,1
*	    31,8335	 1	 31,85	 57,16	  -6,2	  -0,2	   5,9	   6,1	   1,4	  -5,1
*	    23,6817	 1	179,33	 87,39	 -15,6	  -8,6	  -1,2	  -0,6	  -5,5	 -12,0
*	    21,6889	 1	179,96	 87,21	 -14,4	  -7,4	  -0,0	   0,6	  -4,3	 -10,8
*	    23,9636	 1	179,61	 82,78	 -15,7	  -8,7	  -1,3	  -0,8	  -5,6	 -12,1
*	    21,9838	 1	180,27	 82,20	 -14,5	  -7,5	  -0,2	   0,4	  -4,5	 -10,9
*	    24,4236	 1	179,90	 78,26	 -15,9	  -8,9	  -1,6	  -1,0	  -5,9	 -12,3
*	    22,4678	 1	180,58	 77,31	 -14,8	  -7,8	  -0,4	   0,2	  -4,7	 -11,2
*	    25,0562	 1	180,18	 73,89	 -16,2	  -9,2	  -1,9	  -1,3	  -6,2	 -12,6
*	    23,1339	 1	180,89	 72,60	 -15,1	  -8,1	  -0,8	  -0,2	  -5,1	 -11,5
*	    25,8539	 1	180,47	 69,69	 -16,6	  -9,6	  -2,3	  -1,7	  -6,6	 -13,0
*	    23,9731	 1	181,20	 68,12	 -15,6	  -8,6	  -1,2	  -0,6	  -5,5	 -12,0
*	    26,8078	 1	180,75	 65,73	 -17,1	 -10,1	  -2,7	  -2,1	  -7,0	 -13,5
*	    24,9746	 1	181,51	 63,91	 -16,1	  -9,1	  -1,7	  -1,1	  -6,0	 -12,5
*	    27,9082	 1	181,04	 61,99	 -17,6	 -10,6	  -3,2	  -2,6	  -7,5	 -14,0
*	    26,1268	 1	181,82	 59,99	 -16,7	  -9,7	  -2,3	  -1,7	  -6,6	 -13,1
s	    23,0609	 1	 90,00	 38,70	  29,3	  35,5	  41,8	  42,4	  37,3	  30,6
*	    30,4212	 1	 20,87	 19,03	  -2,4	   2,3	  15,4	  16,8	  13,7	   8,9
*	    26,9320	 1	 51,83	 31,87	  -2,2	   2,6	  15,7	  17,0	  13,9	   9,2
*	    26,7704	 1	 62,13	 43,49	  -2,6	   2,2	  15,3	  16,6	  13,5	   8,8
*	    29,6031	 1	 66,91	 51,90	  -3,4	   1,3	  14,5	  15,8	  12,7	   8,0
*	    27,5037	 1	106,04	 11,34	  -1,4	   3,3	  16,4	  17,7	  14,7	   9,9
*	    23,7658	 1	 88,48	 29,06	  -1,1	   3,6	  16,8	  18,1	  15,0	  10,3
*	    23,3119	 1	 84,81	 42,19	  -1,3	   3,4	  16,5	  17,8	  14,8	  10,0
*	    25,8398	 1	 83,26	 51,18	  -1,9	   2,8	  15,9	  17,3	  14,2	   9,5
*	    31,6433	 1	 82,39	 57,44	  -3,2	   1,6	  14,7	  16,0	  12,9	   8,1
*	    29,8470	 1	148,65	 26,72	  -2,6	   2,1	  15,2	  16,5	  13,4	   8,7
*	    25,7495	 1	119,49	 35,54	  -2,0	   2,7	  15,9	  17,2	  14,1	   9,4
*	    24,8644	 1	105,99	 45,13	  -1,9	   2,8	  16,0	  17,3	  14,2	   9,5
*	    27,0116	 1	 99,01	 52,66	  -2,2	   2,5	  15,6	  17,0	  13,9	   9,2
*	    32,5286	 1	 94,85	 58,25	  -3,3	   1,4	  14,6	  15,9	  12,8	   8,0
*	    36,6791	 1	157,58	 40,92	  -5,3	  -0,6	  12,6	  13,9	  10,8	   6,0
*	    32,3573	 1	136,13	 44,77	  -4,4	   0,3	  13,5	  14,8	  11,7	   6,9
*	    31,1492	 1	121,59	 50,37	  -4,0	   0,7	  13,8	  15,1	  12,0	   7,3
*	    33,0190	 1	112,23	 55,66	  -4,2	   0,5	  13,6	  14,9	  11,8	   7,1
*	    42,5217	 1	145,02	 52,70	  -7,6	  -2,8	  10,3	  11,6	   8,5	   3,6
*	    41,2003	 1	132,10	 55,77	  -7,2	  -2,4	  10,7	  12,0	   8,9	   4,0
s	    25,3469	 2	  6,70	 91,88	  24,4	  32,4	  40,9	  41,7	  36,9	  30,4
*	    36,1065	 1	122,57	 71,28	  -8,7	  -1,7	   5,7	   6,2	   1,3	  -5,2
*	    34,5078	 1	119,03	 71,36	  -7,9	  -0,9	   6,4	   7,0	   2,1	  -4,4
*	    33,2594	 1	115,59	 71,49	  -7,2	  -0,2	   7,2	   7,8	   2,9	  -3,7
*	    33,8149	 1	122,45	 74,63	  -7,9	  -0,8	   6,5	   7,1	   2,2	  -4,3
*	    32,1050	 1	118,93	 74,67	  -7,0	   0,0	   7,4	   8,0	   3,1	  -3,4
*	    30,7389	 1	115,50	 74,76	  -6,1	   0,9	   8,2	   8,8	   3,9	  -2,6
*	    31,9531	 1	122,33	 78,06	  -7,2	  -0,1	   7,2	   7,8	   2,9	  -3,6
*	    30,1386	 1	118,82	 78,06	  -6,2	   0,8	   8,2	   8,8	   3,9	  -2,6
*	    28,6584	 1	115,41	 78,10	  -5,2	   1,8	   9,2	   9,7	   4,9	  -1,6
*	    30,5620	 1	122,21	 81,57	  -6,6	   0,4	   7,8	   8,4	   3,5	  -3,0
*	    28,6572	 1	118,72	 81,53	  -5,5	   1,5	   8,9	   9,4	   4,5	  -1,9
*	    27,0759	 1	115,31	 81,51	  -4,5	   2,6	   9,9	  10,5	   5,6	  -0,9
*	    29,6771	 1	122,10	 85,11	  -6,2	   0,8	   8,2	   8,7	   3,8	  -2,7
*	    27,7053	 1	118,61	 85,02	  -5,1	   1,9	   9,3	   9,9	   5,0	  -1,5
*	    26,0470	 1	115,22	 84,96	  -3,9	   3,1	  10,5	  11,0	   6,2	  -0,3
*	    29,3251	 1	121,98	 88,67	  -6,1	   1,0	   8,3	   8,9	   4,0	  -2,5
*	    27,3168	 1	118,51	 88,54	  -4,9	   2,1	   9,5	  10,1	   5,2	  -1,3
*	    25,6160	 1	115,13	 88,42	  -3,7	   3,3	  10,7	  11,3	   6,4	  -0,1
*	    29,5192	 1	121,87	 92,21	  -6,1	   0,9	   8,3	   8,9	   4,0	  -2,5
*	    27,5096	 1	118,41	 92,04	  -4,9	   2,1	   9,4	  10,0	   5,1	  -1,3
*	    25,8070	 1	115,04	 91,87	  -3,7	   3,3	  10,7	  11,2	   6,4	  -0,1
*	    38,5634	 1	116,84	 66,22	  -7,2	  -1,3	   4,8	   5,1	   0,3	  -6,3
*	    39,3136	 1	119,18	 66,10	  -7,6	  -1,7	   4,4	   4,7	  -0,1	  -6,6
*	    40,2226	 1	121,55	 66,01	  -8,0	  -2,1	   4,0	   4,3	  -0,5	  -7,1
*	    41,2832	 1	123,95	 65,95	  -8,5	  -2,5	   3,6	   3,8	  -0,9	  -7,5
*	    40,8162	 1	116,91	 64,20	  -8,0	  -2,1	   4,0	   4,3	  -0,5	  -7,1
*	    41,5199	 1	119,25	 64,07	  -8,4	  -2,4	   3,7	   3,9	  -0,8	  -7,4
*	    42,3818	 1	121,63	 63,96	  -8,7	  -2,8	   3,3	   3,5	  -1,2	  -7,8
*	    43,3952	 1	124,04	 63,90	  -9,1	  -3,2	   2,9	   3,1	  -1,6	  -8,2
*	    43,1964	 1	116,97	 62,24	  -8,8	  -2,8	   3,3	   3,5	  -1,3	  -7,9
*	    43,8564	 1	119,32	 62,09	  -9,1	  -3,2	   2,9	   3,2	  -1,6	  -8,2
*	    44,6735	 1	121,70	 61,98	  -9,5	  -3,5	   2,6	   2,8	  -1,9	  -8,5
*	    45,6415	 1	124,12	 61,91	  -9,8	  -3,9	   2,2	   2,5	  -2,3	  -8,9
*	    45,6934	 1	117,04	 60,35	  -9,6	  -3,6	   2,5	   2,7	  -2,1	  -8,7
*	    46,3125	 1	119,39	 60,18	  -9,9	  -3,9	   2,2	   2,4	  -2,4	  -9,0
*	    47,0873	 1	121,78	 60,06	 -10,2	  -4,2	   1,9	   2,1	  -2,7	  -9,3
*	    48,0119	 1	124,20	 59,97	 -10,5	  -4,6	   1,5	   1,7	  -3,0	  -9,6
*	    28,8366	 1	180,16	 66,89	 -18,7	 -11,6	  -4,3	  -3,7	  -8,6	 -15,1
*	    27,9082	 1	179,90	 70,62	 -18,2	 -11,2	  -3,9	  -3,3	  -8,2	 -14,7
*	    27,1294	 1	179,63	 74,54	 -17,9	 -10,9	  -3,5	  -2,9	  -7,8	 -14,3
*	    29,1842	 1	179,17	 75,53	 -18,9	 -11,9	  -4,5	  -3,9	  -8,8	 -15,3
*	    26,5075	 1	179,37	 78,60	 -17,6	 -10,6	  -3,2	  -2,6	  -7,5	 -14,0
*	    28,5894	 1	178,92	 79,35	 -18,6	 -11,6	  -4,3	  -3,7	  -8,6	 -15,1
*	    26,0491	 1	179,11	 82,78	 -17,4	 -10,4	  -3,0	  -2,4	  -7,3	 -13,8
*	    28,1505	 1	178,68	 83,25	 -18,5	 -11,4	  -4,1	  -3,5	  -8,4	 -14,9
*	    25,7587	 1	178,84	 87,05	 -17,3	 -10,3	  -2,9	  -2,3	  -7,2	 -13,7
*	    27,8713	 1	178,43	 87,23	 -18,3	 -11,3	  -4,0	  -3,4	  -8,3	 -14,8
s	    26,2406	 2	 27,08	 90,67	  24,3	  32,3	  40,8	  41,6	  36,8	  30,3
s	    26,6655	 2	 30,38	 90,47	  24,2	  32,3	  40,7	  41,6	  36,7	  30,3
s	    27,5152	 2	247,65	 49,08	  26,1	  33,4	  40,9	  41,6	  36,6	  29,8
s	    27,8302	 2	 15,82	 91,26	  24,1	  32,2	  40,6	  41,4	  36,6	  30,1
s	    27,9935	 2	 90,00	 35,39	  25,7	  33,0	  40,6	  41,4	  36,5	  30,0
*	    28,3606	 1	220,38	 20,24	 -10,5	  -5,8	   7,3	   8,6	   5,6	   0,8
*	    27,9963	 1	250,44	 15,60	 -10,2	  -5,5	   7,7	   9,0	   5,9	   1,1
*	    28,5071	 1	288,20	 16,83	 -10,4	  -5,6	   7,5	   8,8	   5,7	   1,0
*	    29,8791	 1	312,23	 22,84	 -11,0	  -6,3	   6,9	   8,2	   5,1	   0,3
s	    28,0169	 2	 87,39	 42,70	  25,7	  33,0	  40,6	  41,4	  36,5	  30,0
s	    28,2067	 2	 89,52	 42,83	  25,7	  33,0	  40,6	  41,4	  36,5	  30,0
*	    35,0876	 1	255,92	 10,95	 -16,3	 -10,3	  -4,2	  -4,0	  -8,7	 -15,2
*	    34,9498	 1	242,47	 11,31	 -16,3	 -10,3	  -4,2	  -3,9	  -8,7	 -15,2
*	    34,8863	 1	230,50	 12,23	 -16,3	 -10,3	  -4,2	  -4,0	  -8,7	 -15,2
*	    33,4125	 1	255,71	 11,31	 -15,5	  -9,6	  -3,5	  -3,2	  -8,0	 -14,5
*	    33,2751	 1	242,09	 11,71	 -15,5	  -9,6	  -3,4	  -3,2	  -8,0	 -14,5
*	    33,2148	 1	230,00	 12,69	 -15,5	  -9,6	  -3,5	  -3,2	  -8,0	 -14,5
*	    31,7564	 1	255,49	 11,71	 -14,8	  -8,8	  -2,7	  -2,5	  -7,2	 -13,7
*	    31,6198	 1	241,69	 12,15	 -14,8	  -8,8	  -2,7	  -2,5	  -7,2	 -13,7
*	    31,5631	 1	229,51	 13,18	 -14,8	  -8,8	  -2,7	  -2,5	  -7,2	 -13,7
*	    30,1201	 1	255,27	 12,16	 -14,0	  -8,0	  -1,9	  -1,7	  -6,4	 -12,9
*	    29,9845	 1	241,29	 12,62	 -14,0	  -8,0	  -1,9	  -1,7	  -6,4	 -12,9
*	    29,9319	 1	229,01	 13,73	 -14,0	  -8,0	  -1,9	  -1,7	  -6,5	 -12,9
*	    28,5042	 1	255,04	 12,63	 -13,2	  -7,2	  -1,1	  -0,9	  -5,6	 -12,1
*	    28,3699	 1	240,87	 13,15	 -13,2	  -7,2	  -1,1	  -0,9	  -5,6	 -12,1
*	    28,3221	 1	228,49	 14,35	 -13,2	  -7,2	  -1,1	  -0,9	  -5,6	 -12,1
*	    34,8908	 1	224,85	 12,94	 -16,3	 -10,4	  -4,3	  -4,0	  -8,8	 -15,3
*	    34,9572	 1	216,19	 14,47	 -16,4	 -10,4	  -4,3	  -4,1	  -8,9	 -15,4
*	    35,0962	 1	209,38	 16,24	 -16,5	 -10,5	  -4,4	  -4,2	  -8,9	 -15,5
*	    33,2223	 1	224,34	 13,43	 -15,6	  -9,6	  -3,5	  -3,3	  -8,1	 -14,6
*	    33,2959	 1	215,68	 15,05	 -15,7	  -9,7	  -3,6	  -3,4	  -8,1	 -14,6
*	    33,4445	 1	208,89	 16,90	 -15,8	  -9,8	  -3,7	  -3,5	  -8,2	 -14,8
*	    31,5738	 1	223,82	 13,98	 -14,9	  -8,9	  -2,8	  -2,6	  -7,3	 -13,8
*	    31,6555	 1	215,15	 15,69	 -15,0	  -9,0	  -2,9	  -2,6	  -7,4	 -13,9
*	    31,8147	 1	208,39	 17,64	 -15,1	  -9,1	  -3,0	  -2,8	  -7,5	 -14,0
*	    29,9463	 1	223,30	 14,57	 -14,1	  -8,1	  -2,0	  -1,8	  -6,5	 -13,0
*	    30,0370	 1	214,62	 16,40	 -14,2	  -8,2	  -2,1	  -1,9	  -6,6	 -13,1
*	    30,2078	 1	207,90	 18,44	 -14,3	  -8,4	  -2,3	  -2,0	  -6,8	 -13,3
*	    28,3407	 1	222,76	 15,25	 -13,3	  -7,3	  -1,2	  -1,0	  -5,7	 -12,2
*	    28,4414	 1	214,09	 17,17	 -13,4	  -7,4	  -1,3	  -1,1	  -5,8	 -12,3
*	    28,6252	 1	207,39	 19,35	 -13,6	  -7,6	  -1,5	  -1,2	  -6,0	 -12,5
s	    28,4588	 3	 87,68	130,62	  24,9	  32,0	  39,0	  39,1	  33,9	  27,0
*	    28,4905	 1	276,35	 17,85	 -13,7	  -6,6	   0,7	   1,3	  -3,6	 -10,1
s	    28,6020	 2	357,40	 92,36	  24,0	  32,1	  40,5	  41,3	  36,5	  30,0
*	    35,8057	 1	287,71	 12,73	 -16,5	 -10,5	  -4,4	  -4,2	  -8,9	 -15,5
*	    35,4636	 1	276,49	 11,62	 -16,4	 -10,4	  -4,3	  -4,1	  -8,8	 -15,4
*	    35,1952	 1	263,46	 11,01	 -16,3	 -10,3	  -4,2	  -4,0	  -8,8	 -15,3
*	    34,1419	 1	287,93	 13,18	 -15,8	  -9,8	  -3,7	  -3,5	  -8,2	 -14,7
*	    33,7932	 1	276,58	 12,01	 -15,7	  -9,7	  -3,6	  -3,3	  -8,1	 -14,6
*	    33,5210	 1	263,36	 11,38	 -15,6	  -9,6	  -3,5	  -3,3	  -8,0	 -14,5
*	    32,4976	 1	288,16	 13,67	 -15,0	  -9,0	  -2,9	  -2,7	  -7,5	 -14,0
*	    32,1420	 1	276,67	 12,43	 -14,9	  -8,9	  -2,8	  -2,6	  -7,3	 -13,8
*	    31,8657	 1	263,26	 11,77	 -14,8	  -8,9	  -2,7	  -2,5	  -7,3	 -13,8
*	    30,8736	 1	288,39	 14,20	 -14,2	  -8,3	  -2,2	  -1,9	  -6,7	 -13,2
*	    30,5107	 1	276,77	 12,90	 -14,1	  -8,1	  -2,0	  -1,8	  -6,6	 -13,1
*	    30,2302	 1	263,16	 12,21	 -14,0	  -8,1	  -2,0	  -1,7	  -6,5	 -13,0
*	    29,2706	 1	288,63	 14,81	 -13,4	  -7,5	  -1,4	  -1,1	  -5,9	 -12,4
*	    28,8999	 1	276,87	 13,43	 -13,3	  -7,3	  -1,2	  -1,0	  -5,7	 -12,2
*	    28,6150	 1	263,05	 12,69	 -13,2	  -7,3	  -1,1	  -0,9	  -5,7	 -12,1
s	    28,6475	 3	 89,57	130,48	  24,9	  31,9	  39,0	  39,1	  33,8	  26,9
*	    35,2105	 1	206,33	 17,28	 -16,7	 -10,7	  -4,6	  -4,4	  -9,1	 -15,6
*	    33,5651	 1	205,86	 18,00	 -16,0	 -10,0	  -3,9	  -3,7	  -8,4	 -14,9
*	    33,8427	 1	201,27	 20,04	 -16,1	 -10,2	  -4,1	  -3,8	  -8,6	 -15,1
*	    34,1912	 1	197,60	 22,13	 -16,3	 -10,3	  -4,2	  -4,0	  -8,8	 -15,3
*	    31,9422	 1	205,38	 18,78	 -15,3	  -9,3	  -3,2	  -3,0	  -7,7	 -14,2
*	    32,2340	 1	200,83	 20,92	 -15,4	  -9,5	  -3,4	  -3,1	  -7,9	 -14,4
*	    32,5987	 1	197,19	 23,10	 -15,6	  -9,7	  -3,6	  -3,3	  -8,1	 -14,6
*	    30,3429	 1	204,90	 19,65	 -14,5	  -8,5	  -2,4	  -2,2	  -7,0	 -13,5
*	    30,6504	 1	200,39	 21,89	 -14,7	  -8,7	  -2,6	  -2,4	  -7,2	 -13,6
*	    31,0326	 1	196,79	 24,15	 -14,9	  -9,0	  -2,9	  -2,6	  -7,4	 -13,9
*	    28,7687	 1	204,42	 20,60	 -13,8	  -7,8	  -1,7	  -1,5	  -6,2	 -12,7
*	    29,0932	 1	199,95	 22,95	 -14,0	  -8,0	  -1,9	  -1,7	  -6,4	 -12,9
*	    29,4945	 1	196,38	 25,32	 -14,2	  -8,2	  -2,1	  -1,9	  -6,7	 -13,1
*	    36,0246	 1	292,94	 13,51	 -16,6	 -10,7	  -4,6	  -4,3	  -9,1	 -15,6
*	    35,3993	 1	307,39	 17,68	 -16,3	 -10,3	  -4,2	  -4,0	  -8,7	 -15,2
*	    34,8458	 1	301,17	 15,74	 -16,1	 -10,1	  -4,0	  -3,8	  -8,5	 -15,0
*	    34,3655	 1	293,21	 14,00	 -15,9	  -9,9	  -3,8	  -3,6	  -8,4	 -14,9
*	    33,7852	 1	307,72	 18,41	 -15,6	  -9,6	  -3,5	  -3,2	  -8,0	 -14,5
*	    33,2178	 1	301,48	 16,36	 -15,3	  -9,4	  -3,3	  -3,0	  -7,8	 -14,3
*	    32,7261	 1	293,49	 14,53	 -15,2	  -9,2	  -3,1	  -2,9	  -7,6	 -14,1
*	    32,1935	 1	308,06	 19,20	 -14,8	  -8,8	  -2,7	  -2,5	  -7,3	 -13,8
*	    31,6112	 1	301,81	 17,06	 -14,6	  -8,6	  -2,5	  -2,3	  -7,0	 -13,5
*	    31,1074	 1	293,77	 15,12	 -14,4	  -8,4	  -2,3	  -2,1	  -6,8	 -13,3
*	    30,6253	 1	308,40	 20,08	 -14,1	  -8,1	  -2,0	  -1,7	  -6,5	 -13,0
*	    30,0271	 1	302,14	 17,82	 -13,8	  -7,8	  -1,7	  -1,5	  -6,2	 -12,7
*	    29,5101	 1	294,05	 15,77	 -13,6	  -7,6	  -1,5	  -1,3	  -6,0	 -12,5
*	    29,8733	 1	178,36	 83,58	 -19,0	 -12,0	  -4,6	  -4,0	  -8,9	 -15,4
*	    29,6022	 1	178,12	 87,35	 -18,9	 -11,9	  -4,5	  -3,9	  -8,8	 -15,3
*	    34,4192	 1	195,94	 23,28	 -16,6	 -10,6	  -4,5	  -4,3	  -9,0	 -15,6
*	    32,8363	 1	195,56	 24,30	 -15,9	 -10,0	  -3,9	  -3,6	  -8,4	 -14,9
*	    33,3250	 1	193,00	 26,47	 -16,2	 -10,2	  -4,1	  -3,9	  -8,6	 -15,1
*	    33,8802	 1	190,88	 28,58	 -16,5	 -10,5	  -4,4	  -4,1	  -8,9	 -15,4
*	    31,2807	 1	195,18	 25,40	 -15,2	  -9,3	  -3,2	  -2,9	  -7,7	 -14,2
*	    31,7896	 1	192,65	 27,65	 -15,5	  -9,5	  -3,4	  -3,2	  -8,0	 -14,5
*	    32,3663	 1	190,55	 29,84	 -15,8	  -9,8	  -3,7	  -3,5	  -8,2	 -14,8
*	    29,7539	 1	194,79	 26,61	 -14,5	  -8,6	  -2,5	  -2,2	  -7,0	 -13,5
*	    30,2846	 1	192,30	 28,93	 -14,8	  -8,9	  -2,8	  -2,5	  -7,3	 -13,8
*	    30,8844	 1	190,23	 31,19	 -15,2	  -9,2	  -3,1	  -2,8	  -7,6	 -14,1
*	    29,9091	 1	316,81	 30,48	 -13,3	  -7,3	  -1,2	  -1,0	  -5,7	 -12,2
*	    30,8055	 1	316,63	 29,53	 -13,8	  -7,8	  -1,7	  -1,5	  -6,2	 -12,7
*	    31,7149	 1	316,45	 28,65	 -14,2	  -8,2	  -2,1	  -1,9	  -6,7	 -13,2
*	    32,0624	 1	312,39	 28,64	 -14,3	  -8,3	  -2,2	  -2,0	  -6,7	 -13,2
s	    30,8504	 3	244,76	139,82	  24,8	  32,4	  39,9	  40,8	  35,9	  29,2
*	    35,7334	 1	310,20	 18,80	 -16,5	 -10,6	  -4,4	  -4,2	  -9,0	 -15,5
*	    35,5888	 1	318,11	 24,01	 -16,4	 -10,4	  -4,3	  -4,1	  -8,8	 -15,3
*	    34,8235	 1	314,75	 21,78	 -16,1	 -10,1	  -4,0	  -3,8	  -8,5	 -15,0
*	    34,1278	 1	310,53	 19,58	 -15,8	  -9,8	  -3,7	  -3,5	  -8,3	 -14,8
*	    34,0457	 1	318,42	 25,05	 -15,7	  -9,7	  -3,6	  -3,4	  -8,1	 -14,6
*	    33,2596	 1	315,07	 22,72	 -15,4	  -9,4	  -3,3	  -3,1	  -7,8	 -14,3
*	    32,5452	 1	310,87	 20,43	 -15,1	  -9,1	  -3,0	  -2,8	  -7,5	 -14,0
*	    32,5296	 1	318,73	 26,19	 -15,0	  -9,0	  -2,9	  -2,7	  -7,4	 -13,9
*	    31,7214	 1	315,40	 23,77	 -14,6	  -8,7	  -2,6	  -2,3	  -7,1	 -13,6
*	    30,9869	 1	311,20	 21,36	 -14,3	  -8,4	  -2,3	  -2,0	  -6,8	 -13,3
*	    31,2452	 1	125,28	 92,82	  -5,7	   1,3	   8,7	   9,3	   4,4	  -2,1
*	    32,6040	 1	128,76	 93,07	  -6,4	   0,6	   7,9	   8,5	   3,6	  -2,9
*	    34,2665	 1	132,37	 93,32	  -7,2	  -0,2	   7,2	   7,8	   2,9	  -3,7
*	    30,9901	 1	125,41	 89,18	  -5,6	   1,4	   8,8	   9,3	   4,4	  -2,1
*	    32,3476	 1	128,90	 89,35	  -6,4	   0,7	   8,0	   8,6	   3,7	  -2,8
*	    34,0091	 1	132,53	 89,54	  -7,1	  -0,1	   7,2	   7,8	   2,9	  -3,6
*	    31,2669	 1	125,54	 85,52	  -5,7	   1,3	   8,6	   9,2	   4,3	  -2,2
*	    32,6025	 1	129,05	 85,62	  -6,5	   0,6	   7,9	   8,5	   3,6	  -2,9
*	    34,2444	 1	132,69	 85,73	  -7,2	  -0,2	   7,2	   7,7	   2,8	  -3,7
*	    32,0662	 1	125,67	 81,88	  -6,1	   1,0	   8,3	   8,9	   4,0	  -2,5
*	    33,3614	 1	129,19	 81,90	  -6,8	   0,3	   7,6	   8,2	   3,3	  -3,2
*	    34,9664	 1	132,85	 81,94	  -7,5	  -0,4	   6,9	   7,5	   2,6	  -4,0
*	    33,3669	 1	125,81	 78,27	  -6,6	   0,5	   7,8	   8,4	   3,5	  -3,0
*	    34,6067	 1	129,34	 78,22	  -7,2	  -0,2	   7,2	   7,8	   2,9	  -3,7
*	    36,1604	 1	133,01	 78,20	  -7,9	  -0,8	   6,5	   7,1	   2,2	  -4,4
*	    35,1387	 1	125,94	 74,75	  -7,2	  -0,2	   7,2	   7,8	   2,9	  -3,7
*	    36,3124	 1	129,49	 74,61	  -7,8	  -0,8	   6,6	   7,2	   2,3	  -4,3
*	    37,8042	 1	133,17	 74,53	  -8,4	  -1,4	   6,0	   6,5	   1,6	  -4,9
*	    37,3457	 1	126,07	 71,30	  -8,0	  -0,9	   6,4	   7,0	   2,1	  -4,5
*	    38,4472	 1	129,63	 71,11	  -8,5	  -1,5	   5,9	   6,5	   1,6	  -5,0
*	    39,8698	 1	133,33	 70,97	  -9,1	  -2,0	   5,3	   5,9	   1,0	  -5,6
*	    39,9492	 1	126,21	 67,98	  -8,8	  -1,8	   5,5	   6,1	   1,2	  -5,4
*	    40,9764	 1	129,78	 67,72	  -9,3	  -2,3	   5,1	   5,7	   0,7	  -5,8
*	    42,3262	 1	133,49	 67,55	  -9,8	  -2,8	   4,6	   5,1	   0,2	  -6,4
*	    50,9361	 1	132,76	 58,52	 -10,3	  -4,3	   1,8	   2,0	  -2,8	  -9,4
*	    50,2073	 1	130,28	 58,74	 -10,0	  -4,1	   2,0	   2,3	  -2,5	  -9,2
*	    49,6194	 1	127,85	 58,98	  -9,8	  -3,8	   2,3	   2,5	  -2,3	  -8,9
*	    49,1758	 1	125,50	 59,25	  -9,6	  -3,6	   2,4	   2,7	  -2,1	  -8,7
*	    48,6235	 1	132,66	 60,49	  -9,6	  -3,7	   2,4	   2,6	  -2,1	  -8,8
*	    47,8642	 1	130,18	 60,68	  -9,4	  -3,4	   2,7	   2,9	  -1,9	  -8,5
*	    47,2467	 1	127,75	 60,91	  -9,1	  -3,2	   2,9	   3,2	  -1,6	  -8,2
*	    46,7749	 1	125,41	 61,17	  -8,9	  -2,9	   3,1	   3,4	  -1,4	  -8,0
*	    46,4377	 1	132,55	 62,54	  -9,0	  -3,1	   3,0	   3,3	  -1,5	  -8,1
*	    45,6468	 1	130,08	 62,71	  -8,7	  -2,8	   3,3	   3,6	  -1,2	  -7,8
*	    44,9986	 1	127,66	 62,92	  -8,5	  -2,5	   3,6	   3,8	  -1,0	  -7,5
*	    44,4968	 1	125,32	 63,17	  -8,2	  -2,3	   3,8	   4,1	  -0,7	  -7,3
*	    44,3878	 1	132,44	 64,65	  -8,4	  -2,5	   3,6	   3,9	  -0,9	  -7,5
*	    43,5647	 1	129,98	 64,80	  -8,1	  -2,1	   4,0	   4,2	  -0,6	  -7,2
*	    42,8846	 1	127,57	 64,99	  -7,8	  -1,9	   4,2	   4,5	  -0,3	  -6,9
*	    42,3516	 1	125,24	 65,21	  -7,6	  -1,6	   4,5	   4,7	  -0,0	  -6,6
*	    42,4836	 1	132,34	 66,82	  -7,9	  -1,9	   4,2	   4,4	  -0,3	  -6,9
*	    41,6278	 1	129,88	 66,96	  -7,5	  -1,6	   4,5	   4,8	   0,0	  -6,6
*	    40,9150	 1	127,47	 67,13	  -7,2	  -1,2	   4,9	   5,1	   0,3	  -6,3
*	    40,3497	 1	125,15	 67,32	  -6,9	  -1,0	   5,1	   5,4	   0,6	  -6,0
*	    32,7177	 1	189,59	 31,02	 -16,2	 -10,2	  -4,1	  -3,9	  -8,7	 -15,2
*	    33,4096	 1	188,05	 33,10	 -16,5	 -10,6	  -4,5	  -4,2	  -9,0	 -15,5
*	    31,2489	 1	189,28	 32,40	 -15,6	  -9,6	  -3,5	  -3,3	  -8,0	 -14,5
*	    31,9652	 1	187,76	 34,55	 -15,9	 -10,0	  -3,9	  -3,6	  -8,4	 -14,9
*	    32,7426	 1	186,47	 36,60	 -16,3	 -10,3	  -4,2	  -4,0	  -8,7	 -15,3
*	    31,3103	 1	175,37	 91,29	 -13,7	  -6,7	   0,6	   1,2	  -3,7	 -10,2
*	    31,4073	 1	175,58	 87,79	 -13,8	  -6,7	   0,6	   1,2	  -3,7	 -10,2
*	    31,6523	 1	175,80	 84,30	 -13,9	  -6,8	   0,5	   1,1	  -3,8	 -10,3
*	    32,0438	 1	176,01	 80,86	 -14,0	  -7,0	   0,4	   1,0	  -3,9	 -10,5
*	    32,5790	 1	176,23	 77,47	 -14,2	  -7,2	   0,2	   0,8	  -4,1	 -10,7
*	    33,2543	 1	176,44	 74,18	 -14,5	  -7,4	  -0,1	   0,5	  -4,4	 -10,9
*	    34,0649	 1	176,66	 70,98	 -14,8	  -7,7	  -0,4	   0,2	  -4,7	 -11,2
*	    35,0056	 1	176,87	 67,90	 -15,1	  -8,1	  -0,7	  -0,2	  -5,1	 -11,6
*	    36,0706	 1	177,09	 64,95	 -15,5	  -8,5	  -1,1	  -0,6	  -5,5	 -12,0
*	    37,2537	 1	177,30	 62,13	 -15,9	  -8,9	  -1,6	  -1,0	  -5,9	 -12,5
*	    38,5485	 1	177,52	 59,45	 -16,4	  -9,4	  -2,0	  -1,5	  -6,4	 -12,9
*	    39,9488	 1	177,73	 56,91	 -16,9	  -9,9	  -2,5	  -1,9	  -6,9	 -13,4
*	    42,5792	 1	177,06	 52,10	 -16,6	 -10,6	  -4,5	  -4,3	  -9,0	 -15,6
*	    42,5307	 1	179,05	 53,71	 -16,5	 -10,5	  -4,4	  -4,2	  -8,9	 -15,5
*	    41,5884	 1	176,93	 53,48	 -16,2	 -10,3	  -4,2	  -4,0	  -8,7	 -15,3
*	    41,5813	 1	178,92	 55,13	 -16,2	 -10,2	  -4,1	  -3,9	  -8,6	 -15,2
*	    40,6317	 1	176,80	 54,89	 -15,9	 -10,0	  -3,9	  -3,6	  -8,4	 -15,0
*	    40,6672	 1	178,78	 56,60	 -15,9	  -9,9	  -3,8	  -3,6	  -8,3	 -14,9
*	    39,7106	 1	176,66	 56,37	 -15,6	  -9,6	  -3,5	  -3,3	  -8,1	 -14,6
s	    31,3188	 3	299,67	 95,17	  21,1	  30,2	  39,7	  40,8	  36,0	  29,5
s	    31,7125	 3	  3,78	 91,88	  21,1	  30,2	  39,7	  40,8	  36,0	  29,5
s	    31,8251	 3	294,00	 95,32	  21,0	  30,2	  39,7	  40,7	  35,9	  29,5
s	    32,1725	 3	247,80	 45,73	  22,6	  31,0	  39,7	  40,7	  35,9	  29,4
s	    32,6451	 3	 87,37	 39,35	  22,6	  30,9	  39,6	  40,7	  35,8	  29,3
s	    32,7993	 3	249,43	 52,68	  22,6	  30,9	  39,6	  40,6	  35,8	  29,3
s	    32,8239	 3	 89,52	 39,48	  22,6	  30,9	  39,6	  40,6	  35,8	  29,3
s	    32,9688	 3	247,71	 52,74	  22,5	  30,9	  39,6	  40,6	  35,8	  29,3
*	    35,8900	 1	162,21	 89,82	  -6,9	   0,1	   7,5	   8,1	   3,2	  -3,4
*	    34,7631	 1	165,99	 90,10	  -6,3	   0,7	   8,1	   8,7	   3,8	  -2,8
*	    33,9615	 1	170,32	 90,43	  -5,7	   1,3	   8,6	   9,2	   4,3	  -2,2
*	    36,2323	 1	162,52	 84,59	  -7,0	   0,0	   7,4	   8,0	   3,1	  -3,5
*	    35,1065	 1	166,33	 84,52	  -6,4	   0,6	   8,0	   8,6	   3,7	  -2,9
*	    34,3059	 1	170,69	 84,46	  -5,8	   1,2	   8,5	   9,1	   4,2	  -2,3
*	    37,0507	 1	162,82	 79,44	  -7,2	  -0,2	   7,1	   7,7	   2,8	  -3,7
*	    35,9412	 1	166,66	 79,02	  -6,7	   0,4	   7,7	   8,3	   3,4	  -3,2
*	    35,1574	 1	171,05	 78,59	  -6,1	   0,9	   8,2	   8,8	   3,9	  -2,6
*	    38,3309	 1	163,13	 74,43	  -7,6	  -0,6	   6,7	   7,3	   2,4	  -4,2
*	    37,2514	 1	167,00	 73,70	  -7,1	  -0,1	   7,3	   7,9	   3,0	  -3,6
*	    36,4983	 1	171,41	 72,94	  -6,6	   0,4	   7,8	   8,4	   3,5	  -3,1
*	    40,0515	 1	163,44	 69,65	  -8,2	  -1,2	   6,2	   6,8	   1,9	  -4,7
*	    39,0128	 1	167,33	 68,64	  -7,7	  -0,6	   6,7	   7,3	   2,4	  -4,2
*	    38,3013	 1	171,78	 67,61	  -7,2	  -0,2	   7,2	   7,7	   2,8	  -3,7
*	    42,1850	 1	163,75	 65,14	  -8,8	  -1,8	   5,5	   6,1	   1,2	  -5,4
*	    41,1950	 1	167,67	 63,90	  -8,4	  -1,3	   6,0	   6,6	   1,7	  -4,9
*	    40,5323	 1	172,14	 62,65	  -7,9	  -0,9	   6,4	   7,0	   2,1	  -4,5
*	    50,9958	 1	174,64	 48,13	  -8,2	  -2,2	   3,9	   4,1	  -0,7	  -7,3
*	    51,2609	 1	171,08	 49,32	  -8,4	  -2,4	   3,7	   3,9	  -0,9	  -7,5
*	    51,7050	 1	167,85	 50,54	  -8,6	  -2,6	   3,5	   3,7	  -1,1	  -7,7
*	    52,3228	 1	164,91	 51,77	  -8,8	  -2,9	   3,2	   3,5	  -1,3	  -8,0
*	    48,4160	 1	174,36	 50,77	  -7,4	  -1,5	   4,6	   4,8	   0,1	  -6,5
*	    48,7082	 1	170,82	 51,93	  -7,6	  -1,7	   4,4	   4,6	  -0,1	  -6,7
*	    49,1814	 1	167,60	 53,12	  -7,9	  -1,9	   4,2	   4,4	  -0,4	  -7,0
*	    49,8299	 1	164,68	 54,30	  -8,1	  -2,2	   3,9	   4,1	  -0,6	  -7,3
*	    45,9959	 1	174,09	 53,61	  -6,7	  -0,7	   5,4	   5,6	   0,8	  -5,8
*	    46,3162	 1	170,56	 54,73	  -6,9	  -1,0	   5,1	   5,4	   0,6	  -6,0
*	    46,8193	 1	167,35	 55,87	  -7,2	  -1,2	   4,9	   5,1	   0,3	  -6,3
*	    47,4989	 1	164,44	 57,01	  -7,5	  -1,5	   4,6	   4,8	   0,0	  -6,6
*	    43,7498	 1	173,81	 56,69	  -6,0	  -0,0	   6,1	   6,3	   1,5	  -5,1
*	    44,0989	 1	170,30	 57,75	  -6,3	  -0,3	   5,8	   6,0	   1,3	  -5,3
*	    44,6322	 1	167,10	 58,83	  -6,5	  -0,6	   5,5	   5,7	   1,0	  -5,6
*	    45,3428	 1	164,21	 59,90	  -6,9	  -0,9	   5,2	   5,4	   0,7	  -5,9
*	    34,4654	 1	134,10	 92,52	  -6,8	   0,2	   7,6	   8,2	   3,3	  -3,3
*	    35,2596	 1	137,51	 92,82	  -7,2	  -0,1	   7,2	   7,8	   2,9	  -3,6
*	    34,3256	 1	134,26	 88,78	  -6,7	   0,3	   7,6	   8,2	   3,3	  -3,2
*	    35,1133	 1	137,69	 88,96	  -7,1	  -0,1	   7,3	   7,8	   2,9	  -3,6
*	    36,1956	 1	141,33	 89,17	  -7,5	  -0,5	   6,8	   7,4	   2,5	  -4,0
*	    34,6471	 1	134,42	 85,01	  -6,9	   0,2	   7,5	   8,1	   3,2	  -3,3
*	    35,4195	 1	137,87	 85,09	  -7,2	  -0,2	   7,1	   7,7	   2,8	  -3,7
*	    36,4873	 1	141,52	 85,20	  -7,6	  -0,6	   6,7	   7,3	   2,4	  -4,1
*	    35,4230	 1	134,58	 81,28	  -7,1	  -0,1	   7,3	   7,8	   2,9	  -3,6
*	    36,1724	 1	138,04	 81,25	  -7,5	  -0,4	   6,9	   7,5	   2,6	  -4,0
*	    37,2182	 1	141,71	 81,26	  -7,9	  -0,8	   6,5	   7,1	   2,2	  -4,4
*	    36,6392	 1	134,74	 77,59	  -7,5	  -0,5	   6,9	   7,4	   2,5	  -4,0
*	    37,3592	 1	138,22	 77,46	  -7,8	  -0,8	   6,5	   7,1	   2,2	  -4,4
*	    38,3766	 1	141,90	 77,38	  -8,2	  -1,2	   6,2	   6,7	   1,8	  -4,7
*	    38,2753	 1	134,91	 73,99	  -8,0	  -1,0	   6,3	   6,9	   2,0	  -4,6
*	    38,9613	 1	138,40	 73,76	  -8,3	  -1,3	   6,0	   6,6	   1,7	  -4,9
*	    39,9453	 1	142,10	 73,59	  -8,7	  -1,7	   5,7	   6,3	   1,3	  -5,2
*	    40,3062	 1	135,07	 70,49	  -8,7	  -1,7	   5,7	   6,3	   1,4	  -5,2
*	    40,9553	 1	138,58	 70,18	  -8,9	  -1,9	   5,4	   6,0	   1,1	  -5,5
*	    41,9024	 1	142,29	 69,93	  -9,3	  -2,3	   5,1	   5,7	   0,8	  -5,8
*	    44,3827	 1	134,81	 65,07	  -7,7	  -1,7	   4,4	   4,6	  -0,2	  -6,8
*	    44,7169	 1	137,17	 64,76	  -7,9	  -1,9	   4,2	   4,4	  -0,3	  -6,9
*	    45,1901	 1	139,63	 64,48	  -8,0	  -2,1	   4,0	   4,3	  -0,5	  -7,1
*	    45,8004	 1	142,17	 64,23	  -8,2	  -2,3	   3,8	   4,1	  -0,7	  -7,3
*	    46,3564	 1	134,92	 62,93	  -8,3	  -2,3	   3,8	   4,0	  -0,8	  -7,4
*	    46,6735	 1	137,29	 62,58	  -8,4	  -2,4	   3,7	   3,9	  -0,9	  -7,5
*	    47,1288	 1	139,76	 62,28	  -8,6	  -2,6	   3,5	   3,7	  -1,1	  -7,7
*	    47,7205	 1	142,30	 62,01	  -8,8	  -2,8	   3,3	   3,5	  -1,2	  -7,9
*	    48,4683	 1	135,03	 60,86	  -8,9	  -2,9	   3,2	   3,4	  -1,4	  -8,0
*	    48,7688	 1	137,41	 60,49	  -9,0	  -3,0	   3,1	   3,3	  -1,5	  -8,1
*	    49,2065	 1	139,89	 60,15	  -9,1	  -3,2	   2,9	   3,1	  -1,6	  -8,3
*	    49,7799	 1	142,44	 59,86	  -9,3	  -3,3	   2,7	   3,0	  -1,8	  -8,4
*	    50,7095	 1	135,15	 58,85	  -9,5	  -3,5	   2,6	   2,8	  -2,0	  -8,6
*	    50,9939	 1	137,53	 58,46	  -9,6	  -3,6	   2,5	   2,7	  -2,1	  -8,7
*	    51,4145	 1	140,01	 58,12	  -9,7	  -3,8	   2,3	   2,5	  -2,2	  -8,9
*	    51,9698	 1	142,57	 57,80	  -9,9	  -3,9	   2,2	   2,4	  -2,4	  -9,0
*	    53,0710	 1	135,26	 56,93	 -10,1	  -4,1	   1,9	   2,2	  -2,6	  -9,3
*	    53,3402	 1	137,66	 56,52	 -10,2	  -4,2	   1,8	   2,1	  -2,7	  -9,4
*	    53,7443	 1	140,14	 56,15	 -10,3	  -4,4	   1,7	   1,9	  -2,9	  -9,5
*	    54,2819	 1	142,71	 55,82	 -10,5	  -4,5	   1,6	   1,8	  -3,0	  -9,7
s	    36,2653	 1	142,20	 89,84	  25,8	  32,8	  40,1	  40,7	  35,8	  29,3
*	    36,3226	 1	143,06	 91,70	  -7,4	  -0,4	   7,0	   7,5	   2,6	  -3,9
*	    36,5538	 1	146,47	 92,02	  -7,5	  -0,5	   6,9	   7,5	   2,6	  -4,0
*	    36,3388	 1	143,26	 87,76	  -7,4	  -0,4	   7,0	   7,5	   2,6	  -3,9
*	    36,5617	 1	146,68	 87,92	  -7,5	  -0,5	   6,9	   7,5	   2,5	  -4,0
*	    37,0706	 1	150,36	 88,11	  -7,6	  -0,6	   6,8	   7,3	   2,4	  -4,1
*	    36,7743	 1	143,45	 83,81	  -7,6	  -0,5	   6,8	   7,4	   2,5	  -4,1
*	    36,9878	 1	146,89	 83,83	  -7,6	  -0,6	   6,7	   7,3	   2,4	  -4,1
*	    37,4873	 1	150,58	 83,88	  -7,7	  -0,7	   6,6	   7,2	   2,3	  -4,3
*	    37,6226	 1	143,65	 79,91	  -7,8	  -0,8	   6,6	   7,1	   2,2	  -4,3
*	    37,8258	 1	147,10	 79,78	  -7,9	  -0,9	   6,5	   7,1	   2,2	  -4,4
*	    38,3150	 1	150,81	 79,69	  -8,0	  -1,0	   6,4	   7,0	   2,0	  -4,5
*	    38,8714	 1	143,84	 76,07	  -8,2	  -1,2	   6,2	   6,7	   1,8	  -4,7
*	    39,0640	 1	147,32	 75,82	  -8,3	  -1,2	   6,1	   6,7	   1,8	  -4,8
*	    39,5422	 1	151,04	 75,59	  -8,4	  -1,3	   6,0	   6,6	   1,7	  -4,9
*	    40,5036	 1	144,04	 72,35	  -8,7	  -1,7	   5,7	   6,3	   1,3	  -5,2
*	    40,6856	 1	147,53	 71,97	  -8,7	  -1,7	   5,6	   6,2	   1,3	  -5,3
*	    41,1524	 1	151,27	 71,63	  -8,8	  -1,8	   5,5	   6,1	   1,2	  -5,4
*	    42,4982	 1	144,24	 68,76	  -9,3	  -2,3	   5,1	   5,7	   0,8	  -5,8
*	    42,6699	 1	147,74	 68,27	  -9,3	  -2,3	   5,0	   5,6	   0,7	  -5,9
*	    43,1252	 1	151,50	 67,82	  -9,4	  -2,4	   4,9	   5,5	   0,6	  -6,0
*	    55,6041	 1	151,72	 53,32	 -10,4	  -4,4	   1,7	   1,9	  -2,9	  -9,6
*	    55,3322	 1	149,06	 53,83	 -10,3	  -4,4	   1,7	   1,9	  -2,9	  -9,5
*	    55,1929	 1	146,52	 54,38	 -10,3	  -4,3	   1,7	   2,0	  -2,8	  -9,5
*	    55,1863	 1	144,09	 54,96	 -10,3	  -4,3	   1,7	   2,0	  -2,8	  -9,5
*	    53,2702	 1	151,56	 55,35	  -9,8	  -3,8	   2,3	   2,5	  -2,3	  -9,0
*	    52,9930	 1	148,91	 55,84	  -9,7	  -3,8	   2,3	   2,5	  -2,3	  -8,9
*	    52,8497	 1	146,37	 56,37	  -9,7	  -3,7	   2,3	   2,6	  -2,2	  -8,9
*	    52,8404	 1	143,95	 56,92	  -9,7	  -3,7	   2,3	   2,6	  -2,2	  -8,9
*	    51,0568	 1	151,40	 57,48	  -9,2	  -3,2	   2,8	   3,1	  -1,7	  -8,4
*	    50,7742	 1	148,75	 57,95	  -9,2	  -3,2	   2,9	   3,1	  -1,7	  -8,3
*	    50,6267	 1	146,22	 58,45	  -9,1	  -3,2	   2,9	   3,1	  -1,6	  -8,3
*	    50,6145	 1	143,81	 58,98	  -9,1	  -3,2	   2,9	   3,2	  -1,6	  -8,3
*	    48,9723	 1	151,24	 59,69	  -8,7	  -2,7	   3,4	   3,6	  -1,2	  -7,8
*	    48,6842	 1	148,60	 60,14	  -8,6	  -2,6	   3,5	   3,7	  -1,1	  -7,7
*	    48,5323	 1	146,08	 60,61	  -8,6	  -2,6	   3,5	   3,7	  -1,1	  -7,7
*	    48,5168	 1	143,67	 61,11	  -8,6	  -2,6	   3,5	   3,7	  -1,1	  -7,7
*	    47,0252	 1	151,07	 62,02	  -8,1	  -2,2	   3,9	   4,2	  -0,6	  -7,2
*	    46,7315	 1	148,45	 62,43	  -8,1	  -2,1	   4,0	   4,2	  -0,6	  -7,2
*	    46,5751	 1	145,93	 62,86	  -8,0	  -2,1	   4,0	   4,3	  -0,5	  -7,1
*	    46,5559	 1	143,53	 63,33	  -8,0	  -2,1	   4,0	   4,3	  -0,5	  -7,1
*	    45,2242	 1	150,91	 64,44	  -7,6	  -1,7	   4,4	   4,7	  -0,1	  -6,7
*	    44,9249	 1	148,29	 64,81	  -7,6	  -1,6	   4,5	   4,7	  -0,0	  -6,6
*	    44,7637	 1	145,79	 65,21	  -7,5	  -1,6	   4,5	   4,8	  -0,0	  -6,6
*	    44,7405	 1	143,39	 65,63	  -7,5	  -1,5	   4,6	   4,8	   0,0	  -6,6
s	    36,5053	 1	158,06	 90,68	  25,7	  32,8	  40,1	  40,7	  35,8	  29,2
*	    36,8628	 1	152,36	 90,78	  -7,7	  -0,7	   6,6	   7,2	   2,3	  -4,2
*	    36,5592	 1	155,79	 91,08	  -7,5	  -0,5	   6,8	   7,4	   2,5	  -4,0
*	    37,0201	 1	152,59	 86,54	  -7,8	  -0,8	   6,6	   7,2	   2,3	  -4,3
*	    36,7106	 1	156,04	 86,65	  -7,6	  -0,6	   6,8	   7,4	   2,5	  -4,1
*	    36,6766	 1	159,81	 86,78	  -7,4	  -0,4	   6,9	   7,5	   2,6	  -3,9
*	    37,5714	 1	152,82	 82,33	  -7,9	  -0,9	   6,4	   7,0	   2,1	  -4,5
*	    37,2604	 1	156,29	 82,24	  -7,8	  -0,7	   6,6	   7,2	   2,3	  -4,3
*	    37,2247	 1	160,08	 82,17	  -7,6	  -0,6	   6,8	   7,3	   2,4	  -4,1
*	    38,5093	 1	153,05	 78,18	  -8,2	  -1,2	   6,1	   6,7	   1,8	  -4,8
*	    38,2012	 1	156,54	 77,90	  -8,0	  -1,0	   6,3	   6,9	   2,0	  -4,6
*	    38,1681	 1	160,35	 77,65	  -7,9	  -0,9	   6,5	   7,0	   2,1	  -4,4
*	    39,8215	 1	153,29	 74,14	  -8,6	  -1,6	   5,7	   6,3	   1,4	  -5,2
*	    39,5203	 1	156,79	 73,68	  -8,4	  -1,4	   5,9	   6,5	   1,6	  -5,0
*	    39,4935	 1	160,62	 73,26	  -8,3	  -1,3	   6,1	   6,6	   1,7	  -4,8
*	    41,4913	 1	153,52	 70,23	  -9,1	  -2,1	   5,2	   5,8	   0,9	  -5,7
*	    41,2005	 1	157,05	 69,63	  -8,9	  -1,9	   5,4	   6,0	   1,1	  -5,5
*	    41,1831	 1	160,89	 69,06	  -8,8	  -1,8	   5,5	   6,1	   1,2	  -5,4
*	    43,4990	 1	153,76	 66,50	  -9,7	  -2,7	   4,7	   5,2	   0,3	  -6,3
*	    43,2212	 1	157,30	 65,77	  -9,5	  -2,5	   4,8	   5,4	   0,5	  -6,1
*	    43,2153	 1	161,16	 65,06	  -9,4	  -2,4	   4,9	   5,5	   0,6	  -6,0
*	    44,7388	 1	153,41	 64,72	  -7,4	  -1,4	   4,6	   4,9	   0,1	  -6,5
*	    44,4903	 1	155,90	 64,15	  -7,3	  -1,3	   4,8	   5,0	   0,2	  -6,4
*	    44,3810	 1	158,56	 63,59	  -7,2	  -1,2	   4,9	   5,1	   0,3	  -6,3
*	    44,4133	 1	161,39	 63,04	  -7,1	  -1,2	   4,9	   5,2	   0,4	  -6,2
*	    46,4942	 1	153,58	 62,23	  -7,9	  -1,9	   4,2	   4,4	  -0,4	  -7,0
*	    46,2540	 1	156,08	 61,60	  -7,8	  -1,8	   4,3	   4,5	  -0,3	  -6,9
*	    46,1523	 1	158,75	 60,98	  -7,7	  -1,7	   4,4	   4,6	  -0,2	  -6,8
*	    46,1912	 1	161,58	 60,39	  -7,6	  -1,7	   4,4	   4,6	  -0,1	  -6,7
*	    48,3984	 1	153,75	 59,84	  -8,4	  -2,5	   3,6	   3,8	  -0,9	  -7,5
*	    48,1669	 1	156,26	 59,16	  -8,3	  -2,4	   3,7	   4,0	  -0,8	  -7,4
*	    48,0729	 1	158,94	 58,51	  -8,3	  -2,3	   3,8	   4,0	  -0,7	  -7,4
*	    48,1186	 1	161,78	 57,87	  -8,2	  -2,2	   3,9	   4,1	  -0,7	  -7,3
*	    50,4425	 1	153,92	 57,55	  -9,0	  -3,0	   3,1	   3,3	  -1,5	  -8,1
*	    50,2200	 1	156,44	 56,84	  -8,9	  -2,9	   3,2	   3,4	  -1,4	  -8,0
*	    50,1340	 1	159,13	 56,14	  -8,8	  -2,8	   3,2	   3,5	  -1,3	  -7,9
*	    50,1864	 1	161,98	 55,48	  -8,8	  -2,8	   3,3	   3,5	  -1,3	  -7,9
*	    52,6181	 1	154,09	 55,38	  -9,6	  -3,6	   2,5	   2,7	  -2,1	  -8,7
*	    52,4046	 1	156,62	 54,62	  -9,5	  -3,5	   2,6	   2,8	  -2,0	  -8,6
*	    52,3265	 1	159,32	 53,90	  -9,4	  -3,4	   2,7	   2,9	  -1,9	  -8,6
*	    52,3853	 1	162,18	 53,21	  -9,4	  -3,4	   2,7	   2,9	  -1,9	  -8,5
*	    54,9165	 1	154,26	 53,30	 -10,2	  -4,2	   1,9	   2,1	  -2,7	  -9,3
*	    54,7121	 1	156,80	 52,52	 -10,1	  -4,1	   2,0	   2,2	  -2,6	  -9,2
*	    54,6417	 1	159,51	 51,78	 -10,0	  -4,0	   2,0	   2,3	  -2,5	  -9,2
*	    54,7067	 1	162,38	 51,07	 -10,0	  -4,0	   2,1	   2,3	  -2,5	  -9,1
s	    38,7323	 2	 20,08	 51,42	  27,4	  33,7	  39,8	  40,2	  35,3	  28,5
s	    40,0910	 3	337,31	 54,66	  21,8	  30,1	  38,8	  39,9	  35,0	  28,5
*	    41,4502	 1	181,18	 56,17	 -15,3	  -9,3	  -3,2	  -3,0	  -7,7	 -14,3
*	    42,1160	 1	181,28	 55,10	 -15,5	  -9,5	  -3,4	  -3,2	  -8,0	 -14,5
*	    42,8005	 1	181,37	 54,06	 -15,7	  -9,8	  -3,7	  -3,4	  -8,2	 -14,8
s	    42,1065	 3	  4,05	 54,00	  21,6	  29,9	  38,6	  39,7	  34,8	  28,2
s	    42,1710	 2	154,96	 90,37	  22,6	  30,6	  39,1	  39,9	  35,0	  28,5
s	    42,8345	 3	 24,69	 53,12	  24,0	  31,3	  38,7	  39,4	  34,7	  28,2
s	    42,9863	 2	152,33	 90,21	  22,5	  30,6	  39,0	  39,8	  34,9	  28,4
s	    43,4856	 2	 37,54	 47,12	  26,9	  33,2	  39,3	  39,8	  34,8	  28,0
s	    44,1368	 3	 13,31	 54,35	  21,4	  29,7	  38,4	  39,5	  34,6	  28,0
s	    44,7723	 3	354,86	 55,75	  21,4	  29,7	  38,4	  39,4	  34,5	  28,0
s	    46,6478	 3	 91,35	 92,22	  20,8	  28,6	  36,4	  35,2	  29,0	  22,2
s	    47,6053	 3	289,41	 54,73	  23,1	  30,3	  37,8	  38,5	  33,7	  27,2
s	    54,7728	 3	144,30	 52,84	  22,9	  30,2	  37,7	  38,3	  33,6	  27,0
s	    59,1672	 3	160,77	 50,68	  22,6	  29,9	  37,3	  38,0	  33,2	  26,5
s	    59,4687	 3	164,94	 59,78	  22,6	  29,8	  37,3	  37,9	  33,2	  26,5
s	    77,6138	 2	 92,00	 87,82	  20,9	  27,6	  34,3	  32,9	  26,6	  19,5
s	    83,9557	 3	243,52	 94,42	  17,9	  25,6	  33,4	  32,2	  25,9	  18,9
s	    90,1377	 3	 92,56	 87,70	  18,1	  25,9	  33,8	  33,9	  28,5	  21,2
s	    90,2417	 3	 91,76	 87,70	  18,1	  25,9	  33,8	  33,9	  28,5	  21,2
s	   110,5345	 3	111,80	 87,79	  16,9	  24,7	  32,5	  32,6	  27,3	  19,8
#END
