Settings = C:\Users\CUA\Desktop\Restaurante\GEO.PRD
PROJECT  = Restaurante
MASTER   = MASTER.GEO

The absorption is used as follows:
-----------------------------------------------------------------------------------
                                          Relative absorption area [%]
Key name        Area [m²] Area [%] <  125  250  500   1k   2k   4k   8k  16k> Used
-----------------------------------------------------------------------------------
PARED_LAB           121,6     29,5 <  9,8 13,9 15,4  1,1  7,3  7,9  7,9  7,9>   14
TECHO_LAB            82,0     19,9 < 21,9 25,6 34,6 44,5 49,2 50,6 53,5 53,5>    1
SUELO_LAB            78,5     19,1 <  1,1  0,8  1,3  1,4  1,2  1,1  1,1  1,1>    1
SILLAS               52,1     12,7 < 47,5 40,8 36,1 40,1 33,6 32,6 34,0 34,0>  224
VIDRIO_LAB           27,3      6,6 <  2,2  1,4  1,8  1,7  1,6  1,4  1,4  1,4>   21
MADERA_MESA          18,7      4,5 <  6,8  6,4  4,7  5,6  3,4  3,3  1,0  1,0>   96
MADERA_LAB           18,1      4,4 <  6,0  6,4  2,7  1,6  1,4  0,8  0,3  0,3>    3
BARRA                13,3      3,2 <  4,8  4,6  3,4  4,0  2,4  2,3  0,7  0,7>    4
-----------------------------------------------------------------------------------
                    411,6
