10.00       64.25       5.18
11.22       64.06       2.95
12.59       63.66       -2.39
14.13       63.32       -7.60
15.85       62.67       -12.70
17.78       61.87       -20.76
19.95       61.79       -27.86
22.39       61.19       -27.84
25.12       58.94       -41.70
28.18       56.12       -24.42
31.62       60.61       44.77
35.48       67.45       62.36
39.81       72.22       38.71
44.67       77.23       21.11
50.12       79.61       -21.21
56.23       79.27       -54.33
63.10       79.55       -62.59
70.79       82.24       -82.66
79.43       82.97       -114.79
89.13       82.94       -135.81
100.00      84.03       -156.09
112.20      84.54       177.11
125.89      86.34       152.47
141.25      88.13       120.68
158.49      88.04       87.67
177.83      87.48       53.47
199.53      87.10       21.79
223.87      87.25       0.50
251.19      88.53       -39.91
281.84      88.18       -87.86
316.23      86.53       -120.74
354.81      88.48       -159.70
398.11      89.91       142.26
446.68      88.67       79.58
501.19      88.88       23.46
562.34      91.44       -46.84
630.96      91.32       -133.27
707.95      89.96       131.93
794.33      89.84       31.16
891.25      89.05       -80.19
1000.00     88.20       158.17
1122.02     88.05       30.26
1258.93     87.31       -119.81
1412.54     85.70       70.78
1584.89     84.90       -26.70
1778.28     85.99       60.17
1995.26     88.86       -163.42
2238.72     92.25       -88.37
2511.89     92.38       -49.40
2818.38     90.49       -17.56
3162.28     90.34       -37.57
3548.13     90.14       -117.53
3981.07     89.45       103.98
4466.84     87.43       13.81
5011.87     84.32       67.82
5623.41     83.57       107.49
6309.57     81.07       116.26
7079.46     73.64       -176.14
7943.28     63.29       -135.72
8912.51     66.42       -138.15
10000.00    68.53       -162.60
11220.19    66.25       -161.14
12589.26    55.80       -161.14
14125.38    49.72       147.86
15848.94    51.46       119.14
17782.80    52.35       101.53
19952.63    52.43       20.23
22387.22    52.23       -38.05
