10.00       62.30       -6.26
11.22       61.75       -15.59
12.59       60.61       -36.00
14.13       60.12       -62.11
15.85       62.28       -99.82
17.78       67.85       -133.78
19.95       73.69       -156.95
22.39       79.13       -174.60
25.12       84.19       171.03
28.18       89.24       155.99
31.62       93.99       139.28
35.48       98.62       120.66
39.81       102.88      101.92
44.67       106.77      81.09
50.12       109.95      58.97
56.23       112.52      36.64
63.10       114.69      11.95
70.79       116.28      -12.67
79.43       117.46      -36.14
89.13       118.27      -57.10
100.00      118.70      -75.13
112.20      118.87      -91.37
125.89      118.88      -105.60
141.25      118.80      -118.76
158.49      118.66      -130.00
177.83      118.49      -140.77
199.53      118.33      -150.92
223.87      118.15      -159.81
251.19      117.98      -167.83
281.84      117.91      -175.09
316.23      117.80      177.76
354.81      117.56      170.64
398.11      117.47      163.94
446.68      117.25      154.82
501.19      117.18      147.05
562.34      118.00      142.69
630.96      118.10      131.87
707.95      117.15      117.78
794.33      116.33      106.37
891.25      114.80      88.82
1000.00     112.22      91.87
1122.02     114.36      119.95
1258.93     117.62      114.81
1412.54     118.72      82.57
1584.89     118.82      57.54
1778.28     118.30      38.43
1995.26     118.25      27.52
2238.72     120.78      8.35
2511.89     122.75      -34.75
2818.38     122.89      -99.26
3162.28     120.89      -161.93
3548.13     116.73      134.68
3981.07     111.32      108.21
4466.84     106.01      129.35
5011.87     102.59      108.98
5623.41     108.38      60.06
6309.57     109.70      -45.31
7079.46     104.93      165.82
7943.28     93.69       138.58
8912.51     90.56       -134.25
10000.00    83.41       -88.12
11220.19    77.86       -81.97
12589.26    74.12       -54.52
14125.38    76.54       -55.39
15848.94    75.36       -49.31
17782.80    73.40       3.25
19952.63    73.44       17.08
22387.22    73.09       0.20
