#HEADER
CATT-Acoustic v8.0b    Copyright © CATT 1988-2003

 Project                : Auditorio

 GEOMETRICAL INFORMATION
 Src id and loc     [m] :   A1          -9,000        0,000        0,000
 Rec id and loc     [m] :   72          -1,050        0,000       -0,350

 72       23,1784

 VARIABLE SOURCE DATA
 Directivity
   Type (library)       :  OMNI.SD0
   Dir. Index (DI) [dB] :       0,0      0,0      0,0      0,0      0,0      0,0
 Level
   On axis 1m      [dB] :      58,0     64,0     70,3     70,7     65,9     59,9
   Total power     [dB] :      68,9     74,9     81,2     81,6     76,8     70,8
   Auxiliary delay [ms] :       0,0

 VARIABLE AIR DATA
 Temperature       [°C] :      20
 Relative humidity  [%] :      50
 Density        [kg/m³] :       1,2
 Sound speed      [m/s] :     343
 Impedance      [Ns/m³] :     412
 Diss. coeff. [0.001/m] :      0,10     0,30     0,63     1,07     2,28     6,83      (estimated)

#DATAFIELDS
 TYPE DELAY ORDER AZIMUTH ELEVATION SPL125 SPL250 SPL500 SPL1K SPL2K SPL4K
#DATA
d	     0,0000	 0	 90,00	 90,00	  40,0	  46,0	  52,3	  52,6	  47,8	  41,6
s	     0,3744	 1	 90,00	103,05	  38,1	  43,7	  49,4	  47,8	  41,6	  35,2
*	    20,9994	 1	135,34	 96,83	  -9,7	  -2,6	   4,7	   5,4	   0,5	  -5,8
*	    14,3666	 1	127,77	 97,67	  -5,2	   1,9	   9,2	   9,9	   5,0	  -1,2
*	    16,8362	 1	122,05	 97,05	  -6,2	   0,9	   8,3	   8,9	   4,0	  -2,2
*	     8,4451	 1	118,26	 98,52	  -0,2	   6,9	  14,3	  14,9	  10,1	   3,9
*	    10,8998	 1	113,49	 97,63	  -0,8	   6,2	  13,6	  14,2	   9,4	   3,2
*	     3,7104	 1	106,72	 99,27	   5,1	  12,2	  19,5	  20,2	  15,4	   9,2
*	     5,8162	 1	103,65	 98,08	   6,0	  13,1	  20,4	  21,0	  16,2	  10,1
*	    10,4216	 1	101,52	 97,24	   2,8	   9,8	  17,2	  17,8	  13,0	   6,8
*	     1,1472	 1	 93,62	 99,64	   8,9	  16,0	  23,3	  24,0	  19,2	  13,0
*	     2,5304	 1	 92,93	 98,30	  13,6	  20,6	  28,0	  28,6	  23,8	  17,6
*	     7,5625	 1	 92,45	 97,38	   8,5	  15,5	  22,9	  23,5	  18,7	  12,5
*	     1,9787	 1	 80,14	 99,52	   7,6	  14,6	  22,0	  22,6	  17,8	  11,7
*	     3,6968	 1	 81,99	 98,24	  10,3	  17,4	  24,8	  25,4	  20,6	  14,4
*	     8,5416	 1	 83,27	 97,34	   6,2	  13,3	  20,7	  21,3	  16,5	  10,3
*	     5,7210	 1	 67,65	 98,96	   2,7	   9,7	  17,1	  17,7	  12,9	   6,7
*	     8,0473	 1	 71,62	 97,89	   2,6	   9,7	  17,0	  17,6	  12,8	   6,6
*	    11,0908	 1	 57,05	 98,13	  -2,5	   4,5	  11,9	  12,5	   7,7	   1,5
*	    13,5796	 1	 62,34	 97,37	  -3,4	   3,6	  11,0	  11,6	   6,8	   0,5
*	    17,3849	 1	 48,47	 97,26	  -7,3	  -0,3	   7,1	   7,7	   2,9	  -3,4
*	    19,8057	 1	 54,40	 96,77	  -8,3	  -1,3	   6,1	   6,7	   1,8	  -4,4
*	    24,2544	 1	 41,69	 96,46	 -11,6	  -4,5	   2,8	   3,4	  -1,4	  -7,7
s	     3,1101	 1	270,00	 85,26	  37,1	  42,8	  48,4	  46,8	  40,6	  34,2
*	    18,6206	 1	353,41	 90,09	  -0,9	   5,0	  10,9	  13,2	   8,9	   2,0
*	    15,8384	 1	352,33	 90,10	   1,4	   7,4	  13,2	  15,6	  11,3	   4,5
*	    13,1733	 1	350,83	 90,13	   4,1	  10,0	  15,9	  18,3	  14,0	   7,2
*	    10,6392	 1	348,62	 90,16	   7,2	  13,2	  19,0	  21,4	  17,1	  10,3
*	     8,2548	 1	344,99	 90,21	  11,0	  16,9	  22,8	  25,2	  20,9	  14,1
*	     6,0540	 1	338,16	 90,29	  15,9	  21,9	  27,8	  30,1	  25,8	  19,1
*	     4,1447	 1	321,57	 90,50	  22,7	  28,7	  34,6	  36,9	  32,6	  25,9
*	     3,1184	 1	271,42	 90,80	  29,0	  34,9	  40,8	  43,1	  38,9	  32,1
*	     4,0784	 1	219,56	 90,50	  23,1	  29,0	  34,9	  37,2	  33,0	  26,2
*	     5,9701	 1	202,23	 90,30	  16,2	  22,1	  28,0	  30,3	  26,1	  19,3
*	     8,1622	 1	195,20	 90,21	  11,2	  17,1	  23,0	  25,4	  21,1	  14,3
*	    10,5401	 1	191,49	 90,15	   7,4	  13,3	  19,2	  21,5	  17,3	  10,5
*	    13,0685	 1	189,23	 90,12	   4,2	  10,2	  16,0	  18,4	  14,1	   7,3
*	    15,7286	 1	187,70	 90,10	   1,5	   7,5	  13,3	  15,7	  11,4	   4,6
*	    18,5064	 1	186,61	 90,09	  -0,9	   5,1	  10,9	  13,3	   9,0	   2,1
s	     7,3260	 1	 91,75	 90,60	  35,8	  36,6	  28,9	  29,3	  24,4	  31,4
*	    26,6428	 1	102,44	 59,23	   2,7	   3,4	  -4,3	  -3,9	  -8,8	  -1,9
*	    25,7964	 1	 95,12	 59,18	   3,3	   4,0	  -3,7	  -3,3	  -8,2	  -1,3
*	    21,6643	 1	102,51	 64,80	   6,0	   6,8	  -0,9	  -0,6	  -5,4	   1,5
*	    20,6369	 1	 95,15	 64,76	   6,9	   7,7	  -0,0	   0,3	  -4,5	   2,4
*	    17,1868	 1	102,58	 71,00	   9,6	  10,4	   2,7	   3,1	  -1,8	   5,2
*	    15,8874	 1	 95,18	 70,97	  11,1	  11,9	   4,2	   4,6	  -0,3	   6,7
*	    13,4464	 1	102,66	 77,78	  13,5	  14,3	   6,6	   7,0	   2,1	   9,1
*	    11,7212	 1	 95,21	 77,77	  16,2	  17,0	   9,3	   9,6	   4,8	  11,8
*	    10,9128	 1	102,73	 85,00	  16,9	  17,7	  10,0	  10,4	   5,5	  12,5
*	     8,6022	 1	 95,23	 85,02	  21,8	  22,6	  14,9	  15,3	  10,4	  17,4
*	    10,3114	 1	102,80	 92,46	  17,7	  18,5	  10,8	  11,2	   6,3	  13,3
*	     7,8137	 1	 95,27	 92,51	  23,5	  24,3	  16,6	  17,0	  12,1	  19,1
*	    38,5245	 1	102,30	 49,29	  -3,5	  -2,8	 -10,5	 -10,1	 -15,0	  -8,2
*	    37,9127	 1	 95,06	 49,23	  -3,2	  -2,5	 -10,2	  -9,8	 -14,7	  -7,9
*	    32,8560	 1	102,37	 53,57	  -0,8	  -0,0	  -7,7	  -7,4	 -12,3	  -5,4
*	    32,1538	 1	 95,08	 53,50	  -0,4	   0,4	  -7,3	  -7,0	 -11,9	  -5,0
s	     7,3733	 1	 88,13	 90,61	  35,8	  36,6	  28,9	  29,3	  24,4	  31,4
*	    25,7763	 1	 86,12	 59,21	   3,3	   4,1	  -3,6	  -3,2	  -8,1	  -1,2
*	    26,4118	 1	 78,79	 59,18	   2,8	   3,6	  -4,1	  -3,7	  -8,6	  -1,7
*	    20,6050	 1	 86,10	 64,80	   7,0	   7,7	   0,0	   0,4	  -4,5	   2,5
*	    21,3906	 1	 78,73	 64,75	   6,2	   7,0	  -0,7	  -0,3	  -5,2	   1,7
*	    15,8350	 1	 86,08	 71,01	  11,2	  12,0	   4,3	   4,7	  -0,2	   6,8
*	    16,8521	 1	 78,67	 70,96	  10,0	  10,8	   3,1	   3,5	  -1,4	   5,6
*	    11,6308	 1	 86,05	 77,80	  16,4	  17,2	   9,5	   9,9	   5,0	  12,0
*	    13,0244	 1	 78,60	 77,76	  14,1	  14,9	   7,2	   7,6	   2,7	   9,7
*	     8,4442	 1	 86,03	 85,03	  22,4	  23,1	  15,4	  15,8	  11,0	  18,0
*	    10,3885	 1	 78,54	 84,99	  17,8	  18,6	  10,9	  11,3	   6,4	  13,4
*	     7,6287	 1	 86,01	 92,51	  24,2	  25,0	  17,3	  17,7	  12,8	  19,8
*	     9,7589	 1	 78,47	 92,47	  18,8	  19,5	  11,8	  12,2	   7,4	  14,4
*	    32,0531	 1	 77,14	 54,29	  -0,4	   0,4	  -7,3	  -6,9	 -11,8	  -5,0
*	    31,2986	 1	 84,41	 54,22	   0,1	   0,9	  -6,9	  -6,5	 -11,4	  -4,5
*	    37,6749	 1	 77,21	 49,93	  -3,1	  -2,4	 -10,1	  -9,7	 -14,6	  -7,8
*	    37,0193	 1	 84,44	 49,87	  -2,8	  -2,0	  -9,7	  -9,4	 -14,3	  -7,5
*	    21,4882	 1	342,86	 87,85	   2,2	   8,2	  14,0	  16,4	  12,1	   5,2
*	    18,8593	 1	340,23	 87,53	   4,4	  10,3	  16,2	  18,5	  14,2	   7,4
*	    16,3719	 1	336,67	 87,11	   6,7	  12,7	  18,5	  20,9	  16,6	   9,8
*	    14,0555	 1	331,70	 86,55	   9,3	  15,3	  21,2	  23,5	  19,2	  12,4
*	    11,9590	 1	324,37	 85,76	  12,2	  18,2	  24,0	  26,4	  22,1	  15,3
*	    10,1737	 1	313,02	 84,68	  15,3	  21,3	  27,1	  29,5	  25,2	  18,4
*	     8,8810	 1	295,23	 83,43	  18,2	  24,1	  30,0	  32,3	  28,1	  21,3
*	     8,3741	 1	270,53	 82,75	  19,5	  25,4	  31,3	  33,6	  29,4	  22,6
*	     8,8432	 1	245,63	 83,38	  18,3	  24,2	  30,1	  32,4	  28,2	  21,4
*	    10,1105	 1	227,54	 84,63	  15,5	  21,4	  27,3	  29,6	  25,3	  18,5
*	    11,8801	 1	215,98	 85,72	  12,4	  18,3	  24,2	  26,5	  22,2	  15,4
*	    13,9663	 1	208,53	 86,51	   9,5	  15,4	  21,3	  23,6	  19,3	  12,5
*	    16,2750	 1	203,49	 87,09	   6,8	  12,8	  18,6	  21,0	  16,7	   9,9
*	    18,7562	 1	199,89	 87,51	   4,5	  10,4	  16,3	  18,6	  14,3	   7,5
*	    21,3798	 1	197,22	 87,83	   2,3	   8,2	  14,1	  16,5	  12,2	   5,3
s	    10,4359	 2	268,41	 85,74	  34,3	  34,8	  26,5	  26,2	  21,0	  27,6
s	    10,4829	 2	271,70	 85,74	  34,3	  34,8	  26,5	  26,2	  21,0	  27,5
*	    13,8646	 1	110,30	 97,09	  14,1	  14,8	   7,1	   7,5	   2,6	   9,6
*	    16,8857	 1	117,81	 96,94	  10,7	  11,5	   3,8	   4,1	  -0,7	   6,2
*	    13,2693	 1	110,19	 89,63	  14,8	  15,6	   7,9	   8,2	   3,4	  10,4
*	    16,4152	 1	117,65	 89,51	  11,1	  11,9	   4,2	   4,6	  -0,3	   6,7
*	    14,3792	 1	110,08	 82,26	  13,7	  14,4	   6,7	   7,1	   2,2	   9,2
*	    17,3585	 1	117,50	 82,16	  10,4	  11,2	   3,5	   3,8	  -1,0	   5,9
*	    16,9531	 1	109,97	 75,20	  11,2	  12,0	   4,3	   4,7	  -0,2	   6,7
*	    19,5878	 1	117,35	 75,14	   8,7	   9,4	   1,7	   2,1	  -2,8	   4,2
*	    20,5846	 1	109,86	 68,65	   8,3	   9,1	   1,4	   1,7	  -3,2	   3,8
*	    22,8513	 1	117,20	 68,60	   6,4	   7,2	  -0,5	  -0,2	  -5,0	   1,9
*	    24,9520	 1	109,75	 62,69	   5,3	   6,1	  -1,6	  -1,3	  -6,2	   0,7
*	    26,8985	 1	117,06	 62,65	   3,9	   4,7	  -3,0	  -2,6	  -7,5	  -0,7
*	    29,8460	 1	109,64	 57,36	   2,4	   3,2	  -4,5	  -4,2	  -9,0	  -2,2
*	    31,5322	 1	116,91	 57,34	   1,4	   2,2	  -5,5	  -5,2	 -10,1	  -3,2
*	    45,5143	 1	111,03	 45,54	  -4,8	  -4,1	 -11,8	 -11,4	 -16,3	  -9,6
*	    41,2874	 1	118,34	 49,37	  -3,2	  -2,4	 -10,1	  -9,7	 -14,7	  -7,9
*	    39,7718	 1	111,15	 49,28	  -2,4	  -1,7	  -9,4	  -9,0	 -13,9	  -7,1
*	    35,9848	 1	118,49	 53,62	  -0,8	  -0,0	  -7,8	  -7,4	 -12,3	  -5,5
*	    34,2813	 1	111,26	 53,54	   0,1	   0,9	  -6,8	  -6,5	 -11,4	  -4,6
*	    17,8978	 1	 60,01	 96,87	   9,8	  10,6	   2,9	   3,3	  -1,6	   5,3
*	    14,6887	 1	 67,48	 97,05	  13,1	  13,9	   6,2	   6,5	   1,7	   8,6
*	    17,4550	 1	 60,17	 89,47	  10,2	  11,0	   3,3	   3,7	  -1,2	   5,7
*	    14,1360	 1	 67,60	 89,59	  13,7	  14,5	   6,8	   7,2	   2,3	   9,3
*	    18,3602	 1	 60,33	 82,15	   9,5	  10,3	   2,6	   3,0	  -1,9	   5,0
*	    15,1896	 1	 67,73	 82,21	  12,7	  13,5	   5,8	   6,2	   1,3	   8,3
*	    20,5045	 1	 60,49	 75,15	   8,0	   8,7	   1,0	   1,4	  -3,5	   3,5
*	    17,6521	 1	 67,85	 75,17	  10,5	  11,3	   3,6	   4,0	  -0,9	   6,1
*	    23,6679	 1	 60,65	 68,63	   5,9	   6,6	  -1,1	  -0,7	  -5,6	   1,3
*	    21,1715	 1	 67,97	 68,61	   7,8	   8,6	   0,9	   1,3	  -3,6	   3,3
*	    27,6199	 1	 60,81	 62,71	   3,5	   4,3	  -3,4	  -3,1	  -7,9	  -1,1
*	    25,4462	 1	 68,09	 62,66	   5,0	   5,8	  -2,0	  -1,6	  -6,5	   0,4
*	    32,1708	 1	 60,96	 57,39	   1,1	   1,9	  -5,8	  -5,5	 -10,4	  -3,5
*	    30,2677	 1	 68,21	 57,33	   2,2	   3,0	  -4,7	  -4,4	  -9,3	  -2,4
*	    45,3663	 1	 70,16	 45,59	  -4,7	  -3,9	 -11,6	 -11,3	 -16,2	  -9,5
*	    39,6041	 1	 70,06	 49,32	  -2,3	  -1,5	  -9,2	  -8,9	 -13,8	  -7,0
*	    40,9734	 1	 62,86	 49,32	  -3,0	  -2,2	  -9,9	  -9,5	 -14,5	  -7,7
*	    34,0886	 1	 69,95	 53,59	   0,3	   1,0	  -6,7	  -6,3	 -11,2	  -4,4
*	    35,6350	 1	 62,71	 53,58	  -0,6	   0,2	  -7,5	  -7,2	 -12,1	  -5,2
*	    14,9719	 1	 12,72	 93,72	 -13,7	  -7,8	  -1,9	   0,4	  -3,9	 -10,7
*	    18,4458	 1	 27,45	 96,05	 -11,9	  -6,0	  -0,1	   2,2	  -2,0	  -8,9
*	    19,0571	 1	 20,14	 94,66	 -14,2	  -8,3	  -2,4	  -0,1	  -4,4	 -11,2
*	    20,1733	 1	 12,05	 93,05	 -17,5	 -11,6	  -5,7	  -3,4	  -7,7	 -14,6
*	    20,3921	 1	169,78	 93,01	 -17,6	 -11,7	  -5,8	  -3,5	  -7,8	 -14,6
*	    35,5882	 1	134,69	 59,33	   1,3	   2,1	  -5,6	  -5,3	 -10,2	  -3,3
*	    33,0285	 1	127,53	 59,26	   2,6	   3,4	  -4,3	  -3,9	  -8,8	  -2,0
*	    31,7790	 1	134,91	 64,83	   3,1	   3,9	  -3,8	  -3,5	  -8,4	  -1,5
*	    28,9838	 1	127,73	 64,78	   4,7	   5,4	  -2,3	  -1,9	  -6,8	   0,1
*	    28,6493	 1	135,14	 70,90	   4,7	   5,5	  -2,2	  -1,9	  -6,8	   0,1
*	    25,6217	 1	127,92	 70,91	   6,5	   7,3	  -0,4	  -0,0	  -4,9	   2,0
*	    26,3350	 1	135,36	 77,51	   5,9	   6,7	  -1,0	  -0,6	  -5,5	   1,4
*	    23,1076	 1	128,12	 77,57	   8,0	   8,8	   1,1	   1,5	  -3,4	   3,5
*	    24,9617	 1	135,59	 84,53	   6,7	   7,4	  -0,3	   0,1	  -4,8	   2,1
*	    21,6056	 1	128,32	 84,66	   8,9	   9,7	   2,0	   2,4	  -2,5	   4,4
*	    24,6154	 1	135,82	 91,77	   6,9	   7,6	  -0,1	   0,3	  -4,6	   2,3
*	    21,2345	 1	128,52	 91,98	   9,2	   9,9	   2,2	   2,6	  -2,3	   4,6
*	    50,7679	 1	134,00	 45,74	  -4,8	  -4,0	 -11,7	 -11,4	 -16,3	  -9,6
*	    48,8353	 1	126,93	 45,63	  -4,0	  -3,3	 -11,0	 -10,6	 -15,5	  -8,8
*	    45,5561	 1	134,22	 49,48	  -2,8	  -2,1	  -9,8	  -9,4	 -14,3	  -7,6
*	    43,4488	 1	127,12	 49,38	  -1,9	  -1,2	  -8,9	  -8,5	 -13,5	  -6,7
*	    40,6879	 1	134,44	 53,72	  -0,9	  -0,1	  -7,8	  -7,5	 -12,4	  -5,6
*	    38,3834	 1	127,31	 53,62	   0,2	   0,9	  -6,8	  -6,4	 -11,3	  -4,5
*	    25,1242	 1	 43,63	 96,34	   6,6	   7,4	  -0,3	   0,0	  -4,8	   2,1
*	    21,7856	 1	 50,94	 96,61	   8,8	   9,6	   1,9	   2,3	  -2,6	   4,3
*	    24,8089	 1	 43,87	 89,08	   6,8	   7,6	  -0,1	   0,2	  -4,6	   2,2
*	    21,4248	 1	 51,14	 89,27	   9,1	   9,9	   2,2	   2,5	  -2,4	   4,6
*	    25,5373	 1	 44,10	 81,90	   6,4	   7,2	  -0,5	  -0,2	  -5,0	   1,8
*	    22,2177	 1	 51,35	 82,01	   8,6	   9,4	   1,7	   2,0	  -2,8	   4,1
*	    27,2630	 1	 44,32	 75,01	   5,5	   6,2	  -1,5	  -1,1	  -6,0	   0,9
*	    24,1004	 1	 51,55	 75,05	   7,5	   8,2	   0,5	   0,9	  -4,0	   2,9
*	    29,8832	 1	 44,55	 68,60	   4,1	   4,9	  -2,8	  -2,5	  -7,4	  -0,5
*	    26,9340	 1	 51,74	 68,58	   5,8	   6,6	  -1,1	  -0,7	  -5,6	   1,3
*	    33,2674	 1	 44,77	 62,73	   2,4	   3,2	  -4,5	  -4,1	  -9,0	  -2,2
*	    30,5521	 1	 51,94	 62,68	   3,9	   4,7	  -3,0	  -2,7	  -7,6	  -0,7
*	    37,2823	 1	 45,00	 57,48	   0,6	   1,4	  -6,3	  -6,0	 -10,9	  -4,1
*	    34,7973	 1	 52,14	 57,39	   1,8	   2,6	  -5,1	  -4,7	  -9,6	  -2,8
*	    48,5726	 1	 54,33	 45,68	  -3,9	  -3,1	 -10,8	 -10,4	 -15,4	  -8,6
*	    50,3778	 1	 47,24	 45,68	  -4,6	  -3,8	 -11,5	 -11,2	 -16,1	  -9,4
*	    43,1595	 1	 54,15	 49,42	  -1,8	  -1,0	  -8,7	  -8,4	 -13,3	  -6,5
*	    45,1328	 1	 47,02	 49,42	  -2,6	  -1,8	  -9,5	  -9,2	 -14,1	  -7,4
*	    38,0632	 1	 53,96	 53,67	   0,4	   1,2	  -6,6	  -6,2	 -11,1	  -4,3
*	    40,2276	 1	 46,81	 53,67	  -0,6	   0,1	  -7,6	  -7,2	 -12,1	  -5,3
*	    23,5460	 1	183,95	 94,05	  -6,1	  -0,1	   5,7	   8,1	   3,8	  -3,1
*	    23,6219	 1	356,08	 93,36	 -17,1	 -11,1	  -5,3	  -2,9	  -7,2	 -14,1
*	    23,7908	 1	355,94	 96,57	  -6,2	  -0,3	   5,6	   7,9	   3,6	  -3,3
*	    23,8269	 1	185,25	 90,07	  -4,7	   1,2	   7,1	   9,5	   5,2	  -1,7
*	    26,8743	 1	184,72	 90,06	  -6,5	  -0,6	   5,3	   7,6	   3,3	  -3,6
*	    29,9985	 1	184,28	 90,05	  -8,3	  -2,4	   3,5	   5,8	   1,5	  -5,4
*	    33,1910	 1	183,91	 90,05	  -9,9	  -4,0	   1,8	   4,2	  -0,1	  -7,1
*	    36,4442	 1	183,62	 90,05	 -11,5	  -5,6	   0,3	   2,6	  -1,7	  -8,7
*	    39,7514	 1	183,35	 90,04	 -13,0	  -7,1	  -1,2	   1,1	  -3,2	 -10,2
*	    43,1065	 1	183,12	 90,03	 -14,4	  -8,5	  -2,6	  -0,3	  -4,6	 -11,7
*	    23,9102	 1	185,39	 93,31	 -17,2	 -11,3	  -5,4	  -3,0	  -7,3	 -14,2
*	    23,9895	 1	354,64	 92,61	  -4,8	   1,1	   7,0	   9,4	   5,1	  -1,8
*	    26,4585	 1	193,80	 88,25	  -1,2	   4,7	  10,6	  12,9	   8,6	   1,7
*	    29,3879	 1	192,45	 88,42	  -2,9	   3,0	   8,9	  11,2	   6,9	  -0,0
*	    32,4021	 1	191,33	 88,56	  -4,6	   1,3	   7,2	   9,5	   5,2	  -1,7
*	    35,4916	 1	190,38	 88,69	  -6,1	  -0,2	   5,6	   8,0	   3,7	  -3,3
*	    38,6482	 1	189,59	 88,78	  -7,6	  -1,7	   4,2	   6,5	   2,2	  -4,8
*	    41,8646	 1	188,91	 88,86	  -9,0	  -3,1	   2,7	   5,1	   0,7	  -6,3
*	    45,1345	 1	188,32	 88,94	 -10,4	  -4,5	   1,4	   3,7	  -0,6	  -7,7
*	    41,5529	 1	150,35	 59,35	   0,6	   1,4	  -6,3	  -6,0	 -10,9	  -4,1
*	    38,7768	 1	143,31	 59,28	   1,8	   2,6	  -5,1	  -4,8	  -9,7	  -2,9
*	    38,1441	 1	150,62	 64,77	   2,0	   2,8	  -4,9	  -4,5	  -9,5	  -2,6
*	    35,1973	 1	143,56	 64,73	   3,4	   4,1	  -3,6	  -3,2	  -8,1	  -1,3
*	    35,3824	 1	150,89	 70,73	   3,2	   4,0	  -3,7	  -3,3	  -8,2	  -1,4
*	    32,2813	 1	143,81	 70,76	   4,7	   5,5	  -2,2	  -1,9	  -6,7	   0,1
*	    33,3627	 1	151,16	 77,21	   4,2	   4,9	  -2,8	  -2,4	  -7,3	  -0,5
*	    30,1394	 1	144,07	 77,30	   5,8	   6,5	  -1,2	  -0,8	  -5,7	   1,2
*	    32,1663	 1	151,43	 84,07	   4,7	   5,5	  -2,2	  -1,9	  -6,8	   0,1
*	    28,8686	 1	144,32	 84,25	   6,4	   7,2	  -0,5	  -0,2	  -5,1	   1,8
*	    31,8467	 1	151,71	 91,14	   4,9	   5,6	  -2,1	  -1,7	  -6,6	   0,2
*	    28,5339	 1	144,58	 91,40	   6,6	   7,3	  -0,4	  -0,0	  -4,9	   2,0
*	    46,9883	 1	141,25	 50,18	  -1,4	  -0,7	  -8,4	  -8,0	 -13,0	  -6,2
*	    49,2970	 1	148,27	 50,20	  -2,3	  -1,6	  -9,3	  -8,9	 -13,8	  -7,1
*	    51,9821	 1	141,01	 46,37	  -3,2	  -2,5	 -10,2	  -9,8	 -14,8	  -8,1
*	    54,1338	 1	148,01	 46,39	  -4,0	  -3,2	 -11,0	 -10,6	 -15,5	  -8,8
*	    32,1235	 1	 27,69	 92,34	   4,8	   5,6	  -2,1	  -1,8	  -6,7	   0,2
*	    28,8185	 1	 34,80	 92,62	   6,5	   7,2	  -0,5	  -0,1	  -5,0	   1,9
*	    32,2889	 1	 27,96	 85,27	   4,7	   5,5	  -2,2	  -1,9	  -6,8	   0,1
*	    28,9882	 1	 35,06	 85,45	   6,4	   7,2	  -0,6	  -0,2	  -5,1	   1,8
*	    33,3327	 1	 28,24	 78,36	   4,2	   5,0	  -2,7	  -2,3	  -7,2	  -0,4
*	    30,0956	 1	 35,32	 78,47	   5,8	   6,6	  -1,1	  -0,7	  -5,6	   1,2
*	    35,2080	 1	 28,51	 71,81	   3,4	   4,1	  -3,6	  -3,2	  -8,1	  -1,3
*	    32,0841	 1	 35,57	 71,85	   4,9	   5,6	  -2,1	  -1,7	  -6,6	   0,2
*	    37,8382	 1	 28,78	 65,75	   2,2	   3,0	  -4,7	  -4,4	  -9,3	  -2,5
*	    34,8623	 1	 35,83	 65,72	   3,6	   4,4	  -3,4	  -3,0	  -7,9	  -1,1
*	    41,1308	 1	 29,05	 60,25	   0,9	   1,6	  -6,1	  -5,7	 -10,6	  -3,9
*	    38,3219	 1	 36,08	 60,18	   2,1	   2,8	  -4,9	  -4,5	  -9,4	  -2,6
*	    44,9898	 1	 29,32	 55,30	  -0,7	   0,1	  -7,6	  -7,3	 -12,2	  -5,4
*	    42,3541	 1	 36,33	 55,21	   0,4	   1,2	  -6,5	  -6,2	 -11,1	  -4,3
*	    52,9221	 1	 38,64	 45,81	  -3,5	  -2,7	 -10,5	 -10,1	 -15,0	  -8,3
*	    55,0442	 1	 31,64	 45,81	  -4,2	  -3,5	 -11,2	 -10,9	 -15,8	  -9,1
*	    47,8847	 1	 38,40	 49,54	  -1,7	  -0,9	  -8,7	  -8,3	 -13,2	  -6,5
*	    50,1608	 1	 31,38	 49,55	  -2,6	  -1,8	  -9,5	  -9,2	 -14,1	  -7,4
*	    43,2075	 1	 38,16	 53,77	   0,1	   0,8	  -6,9	  -6,5	 -11,4	  -4,7
*	    45,6478	 1	 31,12	 53,78	  -0,9	  -0,1	  -7,9	  -7,5	 -12,4	  -5,7
*	    34,1689	 1	160,95	 93,98	  -2,9	   6,2	  13,7	  17,4	  11,9	   5,1
*	    34,0345	 1	160,74	 88,84	  -2,9	   6,2	  13,7	  17,5	  12,0	   5,2
*	    34,3292	 1	160,53	 83,73	  -3,0	   6,1	  13,6	  17,3	  11,9	   5,0
*	    35,0463	 1	160,32	 78,74	  -3,3	   5,8	  13,3	  17,0	  11,5	   4,7
*	    36,1703	 1	160,10	 73,92	  -3,8	   5,3	  12,8	  16,5	  11,0	   4,2
*	    37,6786	 1	159,89	 69,33	  -4,5	   4,6	  12,1	  15,8	  10,4	   3,5
*	    39,5433	 1	159,68	 65,02	  -5,3	   3,8	  11,3	  15,0	   9,6	   2,7
*	    41,7336	 1	159,47	 60,99	  -6,2	   2,9	  10,4	  14,1	   8,7	   1,8
*	    44,2178	 1	159,26	 57,29	  -7,1	   1,9	   9,4	  13,2	   7,7	   0,8
*	    46,9647	 1	159,05	 53,85	  -8,2	   0,9	   8,4	  12,1	   6,6	  -0,3
*	    49,9446	 1	158,84	 50,72	  -9,3	  -0,2	   7,3	  11,0	   5,5	  -1,4
*	    53,1303	 1	158,63	 47,85	 -10,4	  -1,3	   6,2	   9,9	   4,4	  -2,5
*	    56,4972	 1	158,42	 45,21	 -11,5	  -2,4	   5,1	   8,8	   3,3	  -3,7
*	    60,0231	 1	158,22	 42,81	 -12,6	  -3,6	   3,9	   7,6	   2,1	  -4,9
*	    34,2697	 1	 20,23	 93,99	  -2,9	   6,2	  13,6	  17,4	  11,9	   5,1
*	    34,1348	 1	 20,44	 88,91	  -2,9	   6,2	  13,7	  17,4	  12,0	   5,2
*	    34,4280	 1	 20,65	 83,86	  -3,0	   6,1	  13,6	  17,3	  11,9	   5,0
*	    35,1427	 1	 20,86	 78,91	  -3,3	   5,8	  13,2	  17,0	  11,5	   4,7
*	    36,2637	 1	 21,06	 74,14	  -3,8	   5,3	  12,7	  16,5	  11,0	   4,2
*	    37,7684	 1	 21,27	 69,61	  -4,5	   4,6	  12,1	  15,8	  10,4	   3,5
*	    39,6292	 1	 21,48	 65,32	  -5,3	   3,8	  11,3	  15,0	   9,6	   2,7
*	    41,8155	 1	 21,69	 61,33	  -6,2	   2,9	  10,4	  14,1	   8,7	   1,8
*	    44,2957	 1	 21,89	 57,63	  -7,1	   2,0	   9,4	  13,2	   7,7	   0,8
*	    47,0386	 1	 22,10	 54,22	  -8,2	   0,9	   8,4	  12,1	   6,6	  -0,3
*	    50,0147	 1	 22,30	 51,09	  -9,3	  -0,2	   7,3	  11,0	   5,6	  -1,4
*	    53,1968	 1	 22,51	 48,21	 -10,4	  -1,3	   6,2	   9,9	   4,4	  -2,5
*	    56,5603	 1	 22,71	 45,58	 -11,5	  -2,4	   5,1	   8,8	   3,3	  -3,7
*	    60,0831	 1	 22,91	 43,18	 -12,6	  -3,5	   3,9	   7,7	   2,2	  -4,8
s	    35,1626	 2	207,10	 87,85	  28,5	  32,4	  37,3	  36,1	  31,1	  24,9
s	    35,3554	 2	333,39	 87,87	  28,5	  32,4	  37,3	  36,0	  31,1	  24,9
*	    36,9507	 1	165,97	 92,81	  -3,7	   5,4	  12,9	  16,6	  11,2	   4,3
*	    36,8967	 1	165,75	 87,79	  -3,7	   5,4	  12,9	  16,6	  11,2	   4,3
*	    37,2520	 1	165,54	 82,81	  -3,8	   5,3	  12,7	  16,5	  11,0	   4,2
*	    38,0093	 1	165,32	 77,93	  -4,2	   4,9	  12,4	  16,1	  10,7	   3,8
*	    39,1536	 1	165,11	 73,25	  -4,7	   4,4	  11,9	  15,7	  10,2	   3,3
*	    40,6637	 1	164,90	 68,78	  -5,3	   3,8	  11,3	  15,0	   9,6	   2,7
*	    42,5141	 1	164,69	 64,59	  -6,0	   3,1	  10,5	  14,3	   8,8	   1,9
*	    44,6767	 1	164,47	 60,67	  -6,9	   2,2	   9,7	  13,4	   7,9	   1,1
*	    47,1227	 1	164,26	 57,04	  -7,8	   1,3	   8,8	  12,5	   7,0	   0,1
*	    49,8233	 1	164,05	 53,70	  -8,8	   0,3	   7,8	  11,5	   6,0	  -0,9
*	    52,7515	 1	163,84	 50,62	  -9,8	  -0,7	   6,7	  10,5	   5,0	  -2,0
*	    55,8818	 1	163,63	 47,80	 -10,9	  -1,8	   5,7	   9,4	   3,9	  -3,1
*	    59,1914	 1	163,42	 45,21	 -11,9	  -2,9	   4,6	   8,3	   2,8	  -4,2
*	    62,6594	 1	163,21	 42,84	 -13,0	  -3,9	   3,5	   7,3	   1,7	  -5,3
*	    37,0618	 1	 14,32	 92,81	  -3,7	   5,4	  12,9	  16,6	  11,1	   4,3
*	    37,0078	 1	 14,53	 87,81	  -3,7	   5,4	  12,9	  16,6	  11,2	   4,3
*	    37,3622	 1	 14,75	 82,85	  -3,9	   5,2	  12,7	  16,5	  11,0	   4,2
*	    38,1178	 1	 14,96	 78,00	  -4,2	   4,9	  12,4	  16,1	  10,7	   3,8
*	    39,2596	 1	 15,17	 73,33	  -4,7	   4,4	  11,9	  15,6	  10,2	   3,3
*	    40,7667	 1	 15,38	 68,89	  -5,3	   3,8	  11,3	  15,0	   9,6	   2,7
*	    42,6137	 1	 15,60	 64,70	  -6,0	   3,1	  10,5	  14,3	   8,8	   1,9
*	    44,7727	 1	 15,81	 60,80	  -6,9	   2,2	   9,7	  13,4	   7,9	   1,0
*	    47,2148	 1	 16,02	 57,17	  -7,8	   1,3	   8,8	  12,5	   7,0	   0,1
*	    49,9117	 1	 16,23	 53,83	  -8,8	   0,3	   7,8	  11,5	   6,0	  -0,9
*	    52,8361	 1	 16,44	 50,76	  -9,8	  -0,7	   6,7	  10,5	   5,0	  -2,0
*	    55,9628	 1	 16,65	 47,93	 -10,9	  -1,8	   5,7	   9,4	   3,9	  -3,0
*	    59,2688	 1	 16,85	 45,35	 -11,9	  -2,8	   4,6	   8,3	   2,8	  -4,2
*	    62,7334	 1	 17,06	 42,98	 -13,0	  -3,9	   3,5	   7,3	   1,8	  -5,3
s	    37,5995	 1	 90,00	 24,92	  29,5	  32,8	  22,9	  23,2	  26,8	  24,2
*	    65,4437	 1	314,28	 37,60	   4,3	   7,7	  -2,3	  -2,0	   1,5	  -1,2
*	    54,8536	 1	337,26	 30,61	   7,6	  10,9	   0,9	   1,3	   4,8	   2,1
*	    47,8826	 1	 10,62	 29,38	   9,8	  13,2	   3,2	   3,6	   7,1	   4,5
*	    45,3116	 1	 38,45	 35,65	  10,7	  14,1	   4,1	   4,4	   8,0	   5,4
*	    60,3997	 1	290,96	 30,57	   6,0	   9,3	  -0,7	  -0,3	   3,2	   0,5
*	    49,1223	 1	313,14	 17,41	   9,6	  13,0	   3,0	   3,4	   6,9	   4,3
*	    41,6364	 1	 25,49	 13,54	  12,3	  15,6	   5,6	   6,0	   9,5	   7,0
*	    38,8578	 1	 63,68	 26,46	  13,3	  16,6	   6,7	   7,0	  10,6	   8,0
*	    41,1330	 1	 74,33	 39,68	  12,5	  15,9	   5,9	   6,3	   9,8	   7,2
*	    59,7286	 1	258,21	 29,40	   6,2	   9,5	  -0,4	  -0,1	   3,4	   0,7
*	    48,3519	 1	242,95	 14,40	   9,9	  13,3	   3,3	   3,7	   7,2	   4,6
*	    40,7911	 1	138,85	  8,95	  12,6	  16,0	   6,0	   6,4	   9,9	   7,3
*	    37,9825	 1	105,11	 24,79	  13,7	  17,0	   7,0	   7,4	  10,9	   8,4
*	    40,2771	 1	 98,71	 38,94	  12,9	  16,2	   6,3	   6,6	  10,2	   7,6
*	    63,5451	 1	231,32	 35,25	   4,9	   8,3	  -1,7	  -1,4	   2,1	  -0,6
*	    52,7079	 1	207,06	 26,71	   8,3	  11,7	   1,7	   2,0	   5,6	   2,9
*	    45,5527	 1	167,16	 25,00	  10,7	  14,1	   4,1	   4,4	   8,0	   5,4
*	    42,9078	 1	135,98	 32,69	  11,6	  15,0	   5,0	   5,4	   8,9	   6,3
*	    61,3427	 1	196,37	 39,08	   5,4	   8,7	  -1,2	  -0,9	   2,6	  -0,1
*	    54,8773	 1	172,54	 38,58	   7,4	  10,7	   0,7	   1,1	   4,6	   1,9
*	    38,1508	 1	196,54	 87,38	  -4,7	   1,2	   7,1	   9,4	   5,1	  -1,9
*	    40,4836	 1	  9,00	 91,66	  -4,7	   4,4	  11,9	  15,6	  10,2	   3,3
*	    40,5025	 1	  9,21	 86,81	  -4,7	   4,4	  11,9	  15,6	  10,2	   3,3
*	    40,9083	 1	  9,42	 82,03	  -4,8	   4,2	  11,7	  15,5	  10,0	   3,1
*	    41,6934	 1	  9,63	 77,35	  -5,2	   3,9	  11,4	  15,1	   9,7	   2,8
*	    42,8437	 1	  9,84	 72,85	  -5,6	   3,5	  10,9	  14,7	   9,2	   2,3
*	    44,3401	 1	 10,05	 68,55	  -6,2	   2,9	  10,3	  14,1	   8,6	   1,7
*	    46,1597	 1	 10,26	 64,50	  -6,9	   2,2	   9,6	  13,4	   7,9	   1,0
*	    48,2775	 1	 10,47	 60,71	  -7,7	   1,4	   8,8	  12,6	   7,1	   0,2
*	    50,6676	 1	 10,68	 57,19	  -8,6	   0,5	   8,0	  11,7	   6,2	  -0,7
*	    53,3042	 1	 10,89	 53,93	  -9,5	  -0,4	   7,1	  10,8	   5,3	  -1,7
*	    56,1626	 1	 11,10	 50,93	 -10,5	  -1,4	   6,1	   9,8	   4,3	  -2,6
*	    59,2197	 1	 11,30	 48,16	 -11,5	  -2,4	   5,1	   8,8	   3,3	  -3,7
*	    62,4542	 1	 11,51	 45,62	 -12,5	  -3,4	   4,1	   7,8	   2,3	  -4,7
*	    65,8468	 1	 11,72	 43,28	 -13,5	  -4,4	   3,1	   6,8	   1,3	  -5,8
*	    40,7197	 1	172,65	 91,60	  -4,8	   4,3	  11,8	  15,5	  10,1	   3,2
*	    40,7393	 1	172,44	 86,72	  -4,8	   4,3	  11,8	  15,5	  10,1	   3,2
*	    41,1450	 1	172,22	 81,90	  -5,0	   4,1	  11,6	  15,3	   9,9	   3,0
*	    41,9290	 1	172,01	 77,19	  -5,3	   3,8	  11,3	  15,0	   9,6	   2,7
*	    43,0774	 1	171,80	 72,66	  -5,7	   3,3	  10,8	  14,6	   9,1	   2,2
*	    44,5711	 1	171,59	 68,36	  -6,3	   2,8	  10,2	  14,0	   8,5	   1,6
*	    46,3872	 1	171,37	 64,28	  -7,0	   2,1	   9,5	  13,3	   7,8	   0,9
*	    48,5009	 1	171,16	 60,48	  -7,8	   1,3	   8,7	  12,5	   7,0	   0,1
*	    50,8862	 1	170,95	 56,95	  -8,7	   0,4	   7,9	  11,6	   6,1	  -0,8
*	    53,5176	 1	170,74	 53,69	  -9,6	  -0,5	   7,0	  10,7	   5,2	  -1,8
*	    56,3705	 1	170,53	 50,68	 -10,6	  -1,5	   6,0	   9,7	   4,2	  -2,7
*	    59,4219	 1	170,32	 47,91	 -11,5	  -2,5	   5,0	   8,7	   3,2	  -3,8
*	    62,6505	 1	170,11	 45,37	 -12,6	  -3,5	   4,0	   7,7	   2,2	  -4,8
*	    66,0372	 1	169,90	 43,02	 -13,6	  -4,5	   3,0	   6,7	   1,2	  -5,8
s	    40,7531	 2	 91,62	 31,00	  28,2	  26,4	   2,4	   2,8	   6,3	  17,0
s	    40,7757	 2	 88,27	 31,04	  28,2	  26,4	   2,4	   2,8	   6,3	  17,0
*	    41,7560	 1	174,08	 89,69	   3,7	   4,5	  -3,2	  -2,9	  -7,8	  -1,0
*	    42,1008	 1	173,78	 82,90	   3,6	   4,3	  -3,4	  -3,0	  -7,9	  -1,2
*	    43,1956	 1	173,48	 76,30	   3,1	   3,9	  -3,8	  -3,5	  -8,4	  -1,6
*	    45,0025	 1	173,18	 70,08	   2,4	   3,2	  -4,5	  -4,2	  -9,1	  -2,3
*	    47,4652	 1	172,89	 64,30	   1,5	   2,2	  -5,5	  -5,1	 -10,0	  -3,3
*	    50,5166	 1	172,59	 59,04	   0,4	   1,1	  -6,6	  -6,2	 -11,2	  -4,4
*	    57,7825	 1	172,02	 50,40	  -2,1	  -1,3	  -9,1	  -8,7	 -13,7	  -7,0
*	    62,1590	 1	171,72	 46,62	  -3,5	  -2,7	 -10,5	 -10,1	 -15,1	  -8,4
*	    50,4612	 1	  6,93	 59,39	   0,4	   1,2	  -6,5	  -6,2	 -11,1	  -4,4
*	    47,4546	 1	  6,64	 64,68	   1,5	   2,3	  -5,4	  -5,1	 -10,0	  -3,3
*	    45,0405	 1	  6,34	 70,48	   2,4	   3,2	  -4,5	  -4,1	  -9,1	  -2,3
*	    43,2852	 1	  6,04	 76,74	   3,1	   3,9	  -3,8	  -3,5	  -8,4	  -1,6
*	    42,2436	 1	  5,74	 83,35	   3,6	   4,3	  -3,4	  -3,0	  -7,9	  -1,2
*	    41,9519	 1	  5,44	 90,14	   3,7	   4,5	  -3,3	  -2,9	  -7,8	  -1,0
*	    62,9901	 1	  7,87	 46,08	  -3,7	  -2,9	 -10,7	 -10,3	 -15,3	  -8,6
*	    58,5679	 1	  7,57	 49,81	  -2,3	  -1,6	  -9,3	  -8,9	 -13,9	  -7,2
*	    54,5270	 1	  7,27	 54,00	  -1,0	  -0,2	  -7,9	  -7,6	 -12,5	  -5,8
*	    42,0799	 1	  3,89	 90,58	  -5,2	   3,9	  11,4	  15,1	   9,7	   2,8
*	    42,1674	 1	  4,10	 85,73	  -5,2	   3,9	  11,4	  15,1	   9,6	   2,7
*	    42,6330	 1	  4,31	 80,94	  -5,4	   3,7	  11,2	  14,9	   9,4	   2,5
*	    43,4684	 1	  4,53	 76,29	  -5,8	   3,3	  10,8	  14,6	   9,1	   2,2
*	    44,6590	 1	  4,74	 71,81	  -6,2	   2,9	  10,3	  14,1	   8,6	   1,7
*	    46,1859	 1	  4,95	 67,55	  -6,8	   2,3	   9,8	  13,5	   8,0	   1,1
*	    48,0266	 1	  5,16	 63,55	  -7,5	   1,6	   9,1	  12,8	   7,3	   0,4
*	    50,1570	 1	  5,38	 59,80	  -8,3	   0,8	   8,3	  12,0	   6,5	  -0,4
*	    52,5522	 1	  5,59	 56,32	  -9,1	  -0,0	   7,4	  11,2	   5,7	  -1,3
*	    55,1874	 1	  5,80	 53,11	 -10,0	  -1,0	   6,5	  10,2	   4,8	  -2,2
*	    58,0391	 1	  6,01	 50,15	 -11,0	  -1,9	   5,6	   9,3	   3,8	  -3,2
*	    61,0853	 1	  6,23	 47,41	 -11,9	  -2,9	   4,6	   8,3	   2,8	  -4,2
*	    64,3055	 1	  6,44	 44,91	 -12,9	  -3,8	   3,6	   7,3	   1,8	  -5,2
*	    42,3114	 1	177,26	 90,53	  -5,3	   3,8	  11,3	  15,0	   9,5	   2,7
*	    42,3991	 1	177,05	 85,67	  -5,3	   3,8	  11,2	  15,0	   9,5	   2,6
*	    42,8641	 1	176,83	 80,87	  -5,5	   3,6	  11,0	  14,8	   9,3	   2,4
*	    43,6979	 1	176,62	 76,20	  -5,9	   3,2	  10,7	  14,4	   9,0	   2,1
*	    44,8862	 1	176,40	 71,71	  -6,3	   2,8	  10,2	  14,0	   8,5	   1,6
*	    46,4099	 1	176,19	 67,44	  -6,9	   2,2	   9,6	  13,4	   7,9	   1,0
*	    48,2468	 1	175,98	 63,43	  -7,6	   1,5	   9,0	  12,7	   7,2	   0,3
*	    50,3728	 1	175,76	 59,68	  -8,4	   0,7	   8,2	  11,9	   6,4	  -0,5
*	    52,7631	 1	175,55	 56,19	  -9,2	  -0,1	   7,3	  11,1	   5,6	  -1,4
*	    55,3930	 1	175,34	 52,98	 -10,1	  -1,0	   6,4	  10,1	   4,7	  -2,3
*	    58,2393	 1	175,12	 50,02	 -11,1	  -2,0	   5,5	   9,2	   3,7	  -3,3
*	    61,2797	 1	174,91	 47,28	 -12,0	  -3,0	   4,5	   8,2	   2,7	  -4,3
*	    64,4942	 1	174,70	 44,78	 -13,0	  -3,9	   3,5	   7,3	   1,7	  -5,3
s	    42,7839	 3	270,00	154,84	  27,1	  30,5	  20,1	  19,8	  23,2	  20,3
*	    43,6448	 1	358,66	 89,49	  -5,7	   3,4	  10,8	  14,6	   9,1	   2,2
*	    43,7982	 1	358,87	 84,64	  -5,8	   3,3	  10,8	  14,5	   9,0	   2,1
*	    44,3219	 1	359,09	 79,87	  -6,0	   3,1	  10,6	  14,3	   8,8	   1,9
*	    45,2064	 1	359,30	 75,23	  -6,4	   2,7	  10,2	  13,9	   8,5	   1,6
*	    46,4371	 1	359,51	 70,78	  -6,8	   2,2	   9,7	  13,5	   8,0	   1,1
*	    47,9950	 1	359,73	 66,55	  -7,4	   1,7	   9,1	  12,9	   7,4	   0,5
*	    49,8581	 1	359,94	 62,58	  -8,1	   1,0	   8,4	  12,2	   6,7	  -0,2
*	    52,0028	 1	  0,16	 58,88	  -8,9	   0,2	   7,7	  11,4	   5,9	  -1,0
*	    54,4052	 1	  0,37	 55,45	  -9,7	  -0,6	   6,8	  10,6	   5,1	  -1,9
*	    57,0414	 1	  0,59	 52,28	 -10,6	  -1,5	   5,9	   9,7	   4,2	  -2,8
*	    59,8891	 1	  0,80	 49,35	 -11,5	  -2,5	   5,0	   8,7	   3,2	  -3,8
*	    62,9268	 1	  1,02	 46,67	 -12,5	  -3,4	   4,1	   7,8	   2,3	  -4,7
*	    66,1353	 1	  1,23	 44,21	 -13,5	  -4,4	   3,1	   6,8	   1,3	  -5,7
s	    43,6457	 2	 90,00	 22,80	  26,6	  31,0	  22,1	  22,7	  26,3	  23,7
*	    43,8556	 1	182,10	 89,46	  -5,8	   3,3	  10,7	  14,5	   9,0	   2,1
*	    44,0089	 1	181,88	 84,61	  -5,9	   3,2	  10,7	  14,4	   8,9	   2,0
*	    44,5316	 1	181,67	 79,82	  -6,1	   3,0	  10,5	  14,2	   8,7	   1,8
*	    45,4144	 1	181,46	 75,19	  -6,5	   2,6	  10,1	  13,8	   8,4	   1,5
*	    46,6426	 1	181,24	 70,73	  -6,9	   2,1	   9,6	  13,4	   7,9	   1,0
*	    48,1972	 1	181,03	 66,51	  -7,5	   1,6	   9,0	  12,8	   7,3	   0,4
*	    50,0565	 1	180,81	 62,54	  -8,2	   0,9	   8,3	  12,1	   6,6	  -0,3
*	    52,1970	 1	180,60	 58,84	  -9,0	   0,1	   7,6	  11,3	   5,8	  -1,1
*	    54,5947	 1	180,38	 55,40	  -9,8	  -0,7	   6,7	  10,5	   5,0	  -2,0
*	    57,2260	 1	180,17	 52,23	 -10,7	  -1,6	   5,9	   9,6	   4,1	  -2,9
*	    60,0685	 1	179,95	 49,31	 -11,6	  -2,5	   4,9	   8,7	   3,2	  -3,9
*	    63,1011	 1	179,74	 46,62	 -12,6	  -3,5	   4,0	   7,7	   2,2	  -4,8
*	    66,3043	 1	179,53	 44,15	 -13,5	  -4,4	   3,0	   6,7	   1,2	  -5,8
s	    44,8782	 3	 44,07	 96,37	  25,4	  26,9	  19,7	  18,3	  12,1	  18,6
s	    44,8912	 3	135,50	 96,38	  25,4	  26,9	  19,7	  18,3	  12,1	  18,6
*	    45,5618	 1	353,52	 88,42	  -6,4	   2,7	  10,2	  13,9	   8,4	   1,5
*	    45,7773	 1	353,73	 83,60	  -6,5	   2,6	  10,1	  13,8	   8,3	   1,4
*	    46,3535	 1	353,94	 78,87	  -6,7	   2,4	   9,9	  13,6	   8,1	   1,2
*	    47,2806	 1	354,16	 74,29	  -7,1	   2,0	   9,5	  13,2	   7,7	   0,8
*	    48,5437	 1	354,37	 69,90	  -7,6	   1,5	   9,0	  12,7	   7,3	   0,3
*	    50,1242	 1	354,58	 65,74	  -8,2	   0,9	   8,4	  12,1	   6,7	  -0,3
*	    52,0007	 1	354,79	 61,84	  -8,8	   0,3	   7,7	  11,5	   6,0	  -1,0
*	    54,1506	 1	355,01	 58,19	  -9,6	  -0,5	   7,0	  10,7	   5,2	  -1,8
*	    56,5509	 1	355,22	 54,81	 -10,4	  -1,3	   6,2	   9,9	   4,4	  -2,6
*	    59,1791	 1	355,43	 51,69	 -11,3	  -2,2	   5,3	   9,0	   3,5	  -3,5
*	    62,0137	 1	355,64	 48,82	 -12,2	  -3,1	   4,4	   8,1	   2,6	  -4,4
*	    65,0344	 1	355,86	 46,17	 -13,1	  -4,0	   3,5	   7,2	   1,7	  -5,4
*	    68,2226	 1	356,07	 43,74	 -14,0	  -4,9	   2,5	   6,2	   0,7	  -6,3
*	    45,8806	 1	187,29	 88,38	  -6,5	   2,5	  10,0	  13,8	   8,3	   1,4
*	    46,0955	 1	187,08	 83,58	  -6,6	   2,5	   9,9	  13,7	   8,2	   1,3
*	    46,6698	 1	186,87	 78,86	  -6,9	   2,2	   9,7	  13,4	   8,0	   1,1
*	    47,5937	 1	186,66	 74,28	  -7,2	   1,9	   9,3	  13,1	   7,6	   0,7
*	    48,8524	 1	186,45	 69,90	  -7,7	   1,4	   8,9	  12,6	   7,1	   0,2
*	    50,4275	 1	186,24	 65,74	  -8,3	   0,8	   8,3	  12,0	   6,5	  -0,4
*	    52,2978	 1	186,03	 61,84	  -9,0	   0,1	   7,6	  11,3	   5,8	  -1,1
*	    54,4409	 1	185,81	 58,19	  -9,7	  -0,6	   6,8	  10,6	   5,1	  -1,9
*	    56,8339	 1	185,60	 54,81	 -10,5	  -1,4	   6,0	   9,8	   4,3	  -2,7
*	    59,4544	 1	185,39	 51,70	 -11,4	  -2,3	   5,2	   8,9	   3,4	  -3,6
*	    62,2811	 1	185,18	 48,82	 -12,3	  -3,2	   4,3	   8,0	   2,5	  -4,5
*	    65,2939	 1	184,96	 46,17	 -13,2	  -4,1	   3,4	   7,1	   1,6	  -5,5
*	    68,4742	 1	184,75	 43,74	 -14,1	  -5,1	   2,4	   6,1	   0,6	  -6,4
s	    46,5263	 3	 91,61	 28,46	  25,4	  24,6	   1,7	   2,3	   5,9	  16,5
s	    46,5470	 3	 88,28	 28,49	  25,4	  24,6	   1,7	   2,3	   5,9	  16,5
*	    47,4809	 1	348,35	 87,36	  -7,1	   2,0	   9,5	  13,2	   7,7	   0,8
*	    47,7557	 1	348,55	 82,58	  -7,2	   1,9	   9,3	  13,1	   7,6	   0,7
*	    48,3821	 1	348,76	 77,91	  -7,5	   1,6	   9,1	  12,8	   7,3	   0,4
*	    49,3499	 1	348,97	 73,39	  -7,8	   1,3	   8,7	  12,5	   7,0	   0,0
*	    50,6441	 1	349,18	 69,06	  -8,3	   0,8	   8,2	  12,0	   6,5	  -0,5
*	    52,2465	 1	349,39	 64,97	  -8,9	   0,2	   7,7	  11,4	   5,9	  -1,1
*	    54,1363	 1	349,59	 61,12	  -9,6	  -0,5	   7,0	  10,7	   5,2	  -1,7
*	    56,2918	 1	349,80	 57,54	 -10,3	  -1,2	   6,2	  10,0	   4,5	  -2,5
*	    58,6909	 1	350,01	 54,21	 -11,1	  -2,0	   5,4	   9,2	   3,7	  -3,3
*	    61,3121	 1	350,22	 51,14	 -12,0	  -2,9	   4,6	   8,3	   2,8	  -4,2
*	    64,1348	 1	350,43	 48,30	 -12,8	  -3,8	   3,7	   7,4	   1,9	  -5,1
*	    67,1398	 1	350,64	 45,71	 -13,7	  -4,7	   2,8	   6,5	   1,0	  -6,0
*	    70,3093	 1	350,85	 43,31	 -14,7	  -5,6	   1,9	   5,6	   0,1	  -7,0
*	    47,8317	 1	192,34	 87,33	  -7,3	   1,8	   9,3	  13,0	   7,6	   0,6
*	    48,1054	 1	192,14	 82,58	  -7,4	   1,7	   9,2	  12,9	   7,4	   0,5
*	    48,7292	 1	191,93	 77,92	  -7,6	   1,5	   8,9	  12,7	   7,2	   0,3
*	    49,6931	 1	191,72	 73,40	  -8,0	   1,1	   8,6	  12,3	   6,8	  -0,1
*	    50,9822	 1	191,52	 69,08	  -8,5	   0,6	   8,1	  11,8	   6,3	  -0,6
*	    52,5783	 1	191,31	 64,99	  -9,1	   0,0	   7,5	  11,2	   5,7	  -1,2
*	    54,4610	 1	191,10	 61,16	  -9,7	  -0,6	   6,8	  10,6	   5,1	  -1,9
*	    56,6088	 1	190,89	 57,58	 -10,5	  -1,4	   6,1	   9,8	   4,3	  -2,6
*	    58,9997	 1	190,68	 54,26	 -11,3	  -2,2	   5,3	   9,0	   3,5	  -3,5
*	    61,6124	 1	190,48	 51,19	 -12,1	  -3,0	   4,5	   8,2	   2,7	  -4,3
*	    64,4265	 1	190,27	 48,35	 -13,0	  -3,9	   3,6	   7,3	   1,8	  -5,2
*	    67,4228	 1	190,06	 45,76	 -13,9	  -4,8	   2,7	   6,4	   0,9	  -6,2
*	    70,5836	 1	189,85	 43,36	 -14,8	  -5,7	   1,8	   5,5	  -0,0	  -7,1
*	    49,7822	 1	 74,59	 40,85	   1,3	   6,1	  19,2	  20,5	  17,4	  12,7
*	    48,9044	 1	 99,58	 40,23	   1,7	   6,4	  19,5	  20,8	  17,8	  13,0
*	    49,5603	 1	344,38	 86,38	  -7,8	   1,3	   8,7	  12,5	   7,0	   0,1
*	    49,8899	 1	344,58	 81,71	  -8,0	   1,1	   8,6	  12,3	   6,9	  -0,1
*	    50,5611	 1	344,78	 77,13	  -8,2	   0,9	   8,4	  12,1	   6,6	  -0,3
*	    51,5636	 1	344,99	 72,70	  -8,6	   0,5	   8,0	  11,7	   6,2	  -0,7
*	    52,8825	 1	345,19	 68,48	  -9,1	   0,0	   7,5	  11,2	   5,7	  -1,2
*	    54,5002	 1	345,39	 64,47	  -9,6	  -0,6	   6,9	  10,6	   5,2	  -1,8
*	    56,3969	 1	345,59	 60,71	 -10,3	  -1,2	   6,3	  10,0	   4,5	  -2,5
*	    58,5517	 1	345,79	 57,21	 -11,0	  -1,9	   5,5	   9,3	   3,8	  -3,2
*	    60,9438	 1	346,00	 53,94	 -11,8	  -2,7	   4,7	   8,5	   3,0	  -4,0
*	    63,5525	 1	346,20	 50,92	 -12,6	  -3,5	   3,9	   7,6	   2,1	  -4,9
*	    66,3584	 1	346,40	 48,14	 -13,5	  -4,4	   3,1	   6,8	   1,3	  -5,8
*	    69,3432	 1	346,61	 45,58	 -14,4	  -5,3	   2,2	   5,9	   0,4	  -6,7
*	    72,4897	 1	346,81	 43,22	 -15,2	  -6,2	   1,3	   5,0	  -0,5	  -7,6
*	    50,3318	 1	196,90	 86,35	  -8,1	   1,0	   8,4	  12,2	   6,7	  -0,2
*	    50,6584	 1	196,70	 81,72	  -8,3	   0,8	   8,3	  12,0	   6,6	  -0,4
*	    51,3235	 1	196,51	 77,17	  -8,5	   0,6	   8,1	  11,8	   6,3	  -0,6
*	    52,3168	 1	196,31	 72,78	  -8,9	   0,2	   7,7	  11,4	   5,9	  -1,0
*	    53,6242	 1	196,11	 68,56	  -9,3	  -0,3	   7,2	  10,9	   5,5	  -1,5
*	    55,2281	 1	195,91	 64,58	  -9,9	  -0,8	   6,6	  10,4	   4,9	  -2,1
*	    57,1092	 1	195,71	 60,84	 -10,6	  -1,5	   6,0	   9,7	   4,2	  -2,8
*	    59,2471	 1	195,51	 57,33	 -11,3	  -2,2	   5,3	   9,0	   3,5	  -3,5
*	    61,6214	 1	195,31	 54,10	 -12,0	  -3,0	   4,5	   8,2	   2,7	  -4,3
*	    64,2117	 1	195,11	 51,09	 -12,9	  -3,8	   3,7	   7,4	   1,9	  -5,1
*	    66,9989	 1	194,91	 48,31	 -13,7	  -4,6	   2,9	   6,6	   1,1	  -6,0
*	    69,9648	 1	194,71	 45,74	 -14,6	  -5,5	   2,0	   5,7	   0,2	  -6,9
*	    73,0926	 1	194,50	 43,39	 -15,4	  -6,4	   1,1	   4,8	  -0,7	  -7,8
*	    51,9936	 1	338,12	 85,34	  -8,8	   0,3	   7,7	  11,5	   6,0	  -1,0
*	    52,3749	 1	338,31	 80,74	  -9,0	   0,1	   7,6	  11,3	   5,8	  -1,1
*	    53,0877	 1	338,51	 76,24	  -9,2	  -0,1	   7,3	  11,1	   5,6	  -1,4
*	    54,1213	 1	338,70	 71,89	  -9,6	  -0,5	   7,0	  10,7	   5,2	  -1,8
*	    55,4613	 1	338,89	 67,75	 -10,1	  -1,0	   6,5	  10,2	   4,7	  -2,3
*	    57,0906	 1	339,08	 63,82	 -10,7	  -1,6	   5,9	   9,6	   4,1	  -2,8
*	    58,9901	 1	339,28	 60,12	 -11,3	  -2,2	   5,3	   9,0	   3,5	  -3,5
*	    61,1400	 1	339,47	 56,68	 -12,0	  -2,9	   4,6	   8,3	   2,8	  -4,2
*	    63,5205	 1	339,66	 53,49	 -12,8	  -3,7	   3,8	   7,5	   2,0	  -5,0
*	    66,1121	 1	339,86	 50,52	 -13,6	  -4,5	   3,0	   6,7	   1,2	  -5,8
*	    68,8962	 1	340,05	 47,79	 -14,4	  -5,3	   2,2	   5,9	   0,4	  -6,7
*	    71,8555	 1	340,25	 45,26	 -15,2	  -6,2	   1,3	   5,0	  -0,5	  -7,6
*	    74,9737	 1	340,45	 42,94	 -16,1	  -7,0	   0,4	   4,2	  -1,4	  -8,5
*	    52,2212	 1	202,07	 85,35	  -8,9	   0,2	   7,6	  11,4	   5,9	  -1,1
*	    52,6013	 1	201,88	 80,76	  -9,1	   0,0	   7,5	  11,2	   5,7	  -1,2
*	    53,3119	 1	201,69	 76,27	  -9,3	  -0,3	   7,2	  10,9	   5,5	  -1,5
*	    54,3426	 1	201,50	 71,94	  -9,7	  -0,6	   6,8	  10,6	   5,1	  -1,9
*	    55,6789	 1	201,31	 67,80	 -10,2	  -1,1	   6,4	  10,1	   4,6	  -2,4
*	    57,3038	 1	201,12	 63,87	 -10,8	  -1,7	   5,8	   9,5	   4,0	  -3,0
*	    59,1985	 1	200,92	 60,20	 -11,4	  -2,3	   5,2	   8,9	   3,4	  -3,6
*	    61,3433	 1	200,73	 56,75	 -12,1	  -3,0	   4,5	   8,2	   2,7	  -4,3
*	    63,7184	 1	200,54	 53,56	 -12,9	  -3,8	   3,7	   7,4	   1,9	  -5,1
*	    66,3044	 1	200,34	 50,59	 -13,7	  -4,6	   2,9	   6,6	   1,1	  -5,9
*	    69,0829	 1	200,15	 47,86	 -14,5	  -5,4	   2,1	   5,8	   0,3	  -6,8
*	    72,0366	 1	199,95	 45,34	 -15,3	  -6,2	   1,2	   4,9	  -0,6	  -7,7
*	    75,1493	 1	199,76	 43,01	 -16,2	  -7,1	   0,4	   4,1	  -1,5	  -8,6
*	    53,1484	 1	334,06	 84,37	  -9,4	  -0,3	   7,1	  10,9	   5,4	  -1,6
*	    53,5849	 1	334,25	 79,79	  -9,6	  -0,5	   7,0	  10,7	   5,2	  -1,8
*	    54,3478	 1	334,43	 75,32	  -9,9	  -0,8	   6,7	  10,4	   4,9	  -2,0
*	    55,4262	 1	334,62	 71,02	 -10,3	  -1,2	   6,3	  10,0	   4,5	  -2,4
*	    56,8052	 1	334,81	 66,91	 -10,8	  -1,7	   5,8	   9,5	   4,0	  -2,9
*	    58,4677	 1	334,99	 63,01	 -11,3	  -2,2	   5,2	   9,0	   3,5	  -3,5
*	    60,3947	 1	335,18	 59,37	 -12,0	  -2,9	   4,6	   8,3	   2,8	  -4,2
*	    62,5669	 1	335,37	 55,97	 -12,7	  -3,6	   3,9	   7,6	   2,1	  -4,9
*	    64,9647	 1	335,56	 52,83	 -13,4	  -4,3	   3,1	   6,8	   1,3	  -5,7
*	    67,5692	 1	335,75	 49,90	 -14,2	  -5,1	   2,3	   6,0	   0,5	  -6,5
*	    70,3623	 1	335,94	 47,21	 -15,0	  -6,0	   1,5	   5,2	  -0,3	  -7,4
*	    73,3271	 1	336,13	 44,71	 -15,9	  -6,8	   0,7	   4,4	  -1,1	  -8,2
*	    53,7727	 1	267,47	 76,62	   2,7	   3,5	  -4,3	  -3,9	  -8,8	  -2,1
*	    55,0561	 1	267,45	 69,53	   2,2	   2,9	  -4,8	  -4,4	  -9,4	  -2,7
*	    56,9766	 1	267,44	 62,97	   1,4	   2,2	  -5,5	  -5,2	 -10,1	  -3,4
*	    54,1497	 1	207,09	 84,38	  -9,8	  -0,7	   6,8	  10,5	   5,0	  -2,0
*	    54,5806	 1	206,91	 79,86	 -10,0	  -0,9	   6,6	  10,3	   4,8	  -2,1
*	    55,3342	 1	206,73	 75,44	 -10,2	  -1,2	   6,3	  10,0	   4,6	  -2,4
*	    56,3995	 1	206,54	 71,18	 -10,6	  -1,5	   5,9	   9,7	   4,2	  -2,8
*	    57,7625	 1	206,36	 67,10	 -11,1	  -2,0	   5,5	   9,2	   3,7	  -3,3
*	    59,4063	 1	206,18	 63,25	 -11,7	  -2,6	   4,9	   8,6	   3,1	  -3,9
*	    61,3128	 1	205,99	 59,64	 -12,3	  -3,2	   4,3	   8,0	   2,5	  -4,5
*	    63,4629	 1	205,81	 56,26	 -13,0	  -3,9	   3,6	   7,3	   1,8	  -5,2
*	    65,8377	 1	205,63	 53,11	 -13,7	  -4,6	   2,8	   6,6	   1,0	  -6,0
*	    68,4185	 1	205,44	 50,21	 -14,5	  -5,4	   2,1	   5,8	   0,3	  -6,8
*	    71,1877	 1	205,25	 47,52	 -15,3	  -6,2	   1,2	   5,0	  -0,6	  -7,6
*	    74,1286	 1	205,07	 45,02	 -16,1	  -7,0	   0,4	   4,1	  -1,4	  -8,5
*	    58,7598	 1	272,56	 58,54	   0,8	   1,5	  -6,2	  -5,8	 -10,8	  -4,1
*	    56,4076	 1	272,55	 64,64	   1,6	   2,4	  -5,3	  -5,0	  -9,9	  -3,2
*	    54,6506	 1	272,53	 71,36	   2,3	   3,1	  -4,6	  -4,3	  -9,2	  -2,5
*	    56,8876	 1	278,88	 64,92	   1,5	   2,2	  -5,5	  -5,1	 -10,1	  -3,4
*	    55,1451	 1	278,83	 71,57	   2,1	   2,9	  -4,8	  -4,5	  -9,4	  -2,7
*	    59,3830	 1	259,78	 58,96	   0,5	   1,3	  -6,4	  -6,1	 -11,0	  -4,4
*	    57,0546	 1	259,84	 65,01	   1,4	   2,2	  -5,6	  -5,2	 -10,2	  -3,5
*	    55,3171	 1	259,90	 71,64	   2,1	   2,8	  -4,9	  -4,5	  -9,5	  -2,8
*	    55,3893	 1	327,79	 83,38	 -10,5	  -1,5	   6,0	   9,7	   4,3	  -2,7
*	    55,8736	 1	327,96	 78,87	 -10,7	  -1,6	   5,8	   9,6	   4,1	  -2,9
*	    56,6757	 1	328,14	 74,47	 -11,0	  -1,9	   5,6	   9,3	   3,8	  -3,2
*	    57,7843	 1	328,31	 70,25	 -11,4	  -2,3	   5,2	   8,9	   3,4	  -3,6
*	    59,1850	 1	328,48	 66,22	 -11,9	  -2,8	   4,7	   8,4	   2,9	  -4,1
*	    60,8609	 1	328,66	 62,40	 -12,5	  -3,4	   4,1	   7,8	   2,3	  -4,7
*	    62,7940	 1	328,83	 58,82	 -13,1	  -4,0	   3,5	   7,2	   1,7	  -5,3
*	    64,9655	 1	329,01	 55,49	 -13,8	  -4,7	   2,8	   6,5	   1,0	  -6,1
*	    67,3568	 1	329,19	 52,39	 -14,5	  -5,4	   2,0	   5,8	   0,2	  -6,8
*	    69,9498	 1	329,36	 49,51	 -15,3	  -6,2	   1,3	   5,0	  -0,5	  -7,6
*	    72,7273	 1	329,54	 46,86	 -16,1	  -7,0	   0,5	   4,2	  -1,3	  -8,4
*	    75,6732	 1	329,72	 44,41	 -16,9	  -7,8	  -0,4	   3,4	  -2,2	  -9,3
*	    55,5787	 1	209,77	 83,42	   1,1	   1,9	  -5,8	  -5,5	 -10,4	  -3,7
*	    56,3659	 1	209,53	 77,13	   0,9	   1,6	  -6,1	  -5,7	 -10,7	  -4,0
*	    57,7774	 1	209,28	 71,13	   0,4	   1,1	  -6,6	  -6,2	 -11,2	  -4,5
*	    59,7760	 1	209,03	 65,50	  -0,3	   0,4	  -7,3	  -6,9	 -11,9	  -5,2
*	    62,3151	 1	208,78	 60,30	  -1,2	  -0,4	  -8,1	  -7,8	 -12,7	  -6,1
*	    65,3432	 1	208,53	 55,56	  -2,1	  -1,4	  -9,1	  -8,7	 -13,7	  -7,1
*	    65,9524	 1	208,48	 54,75	  -2,3	  -1,6	  -9,3	  -8,9	 -13,9	  -7,3
*	    69,4926	 1	208,23	 50,56	  -3,4	  -2,6	 -10,3	 -10,0	 -15,0	  -8,4
*	    73,4108	 1	207,97	 46,80	  -4,5	  -3,7	 -11,5	 -11,1	 -16,1	  -9,5
*	    55,7286	 1	216,15	 82,38	 -10,1	  -1,0	   6,5	  10,2	   4,7	  -2,3
*	    56,2709	 1	215,98	 77,84	 -10,3	  -1,2	   6,2	  10,0	   4,5	  -2,5
*	    57,1294	 1	215,82	 73,43	 -10,6	  -1,5	   5,9	   9,7	   4,2	  -2,8
*	    58,2921	 1	215,65	 69,20	 -11,0	  -1,9	   5,5	   9,2	   3,7	  -3,2
*	    59,7438	 1	215,48	 65,18	 -11,5	  -2,5	   5,0	   8,7	   3,2	  -3,8
*	    61,4673	 1	215,31	 61,38	 -12,1	  -3,0	   4,4	   8,2	   2,7	  -4,4
*	    63,4442	 1	215,14	 57,83	 -12,8	  -3,7	   3,8	   7,5	   2,0	  -5,0
*	    65,6557	 1	214,97	 54,52	 -13,5	  -4,4	   3,1	   6,8	   1,3	  -5,7
*	    68,0831	 1	214,80	 51,45	 -14,2	  -5,1	   2,3	   6,1	   0,5	  -6,5
*	    70,7085	 1	214,63	 48,61	 -15,0	  -5,9	   1,6	   5,3	  -0,2	  -7,3
*	    73,5149	 1	214,46	 45,99	 -15,8	  -6,7	   0,8	   4,5	  -1,1	  -8,2
*	    76,4863	 1	214,29	 43,58	 -16,6	  -7,5	  -0,1	   3,6	  -1,9	  -9,0
*	    62,9649	 1	330,83	 59,39	  -1,3	  -0,6	  -8,3	  -8,0	 -12,9	  -6,3
*	    60,3351	 1	330,58	 64,49	  -0,5	   0,3	  -7,4	  -7,1	 -12,0	  -5,4
*	    58,2359	 1	330,33	 70,05	   0,2	   1,0	  -6,7	  -6,4	 -11,3	  -4,7
*	    56,7153	 1	330,08	 75,99	   0,8	   1,5	  -6,2	  -5,8	 -10,8	  -4,1
*	    55,8121	 1	329,84	 82,23	   1,1	   1,9	  -5,9	  -5,5	 -10,5	  -3,8
*	    74,1049	 1	331,62	 46,31	  -4,7	  -3,9	 -11,6	 -11,3	 -16,3	  -9,7
*	    70,1414	 1	331,37	 50,00	  -3,5	  -2,8	 -10,5	 -10,2	 -15,1	  -8,5
*	    66,5490	 1	331,11	 54,12	  -2,5	  -1,7	  -9,4	  -9,1	 -14,0	  -7,4
*	    55,9521	 1	212,63	 83,41	 -10,8	  -1,7	   5,8	   9,5	   4,0	  -3,0
*	    56,4328	 1	212,46	 78,93	 -10,9	  -1,9	   5,6	   9,3	   3,8	  -3,1
*	    57,2292	 1	212,29	 74,57	 -11,2	  -2,1	   5,3	   9,1	   3,6	  -3,4
*	    58,3301	 1	212,12	 70,37	 -11,6	  -2,5	   4,9	   8,7	   3,2	  -3,8
*	    59,7213	 1	211,95	 66,36	 -12,1	  -3,0	   4,5	   8,2	   2,7	  -4,3
*	    61,3865	 1	211,78	 62,56	 -12,7	  -3,6	   3,9	   7,6	   2,1	  -4,9
*	    63,3078	 1	211,61	 59,01	 -13,3	  -4,2	   3,3	   7,0	   1,5	  -5,5
*	    65,4667	 1	211,43	 55,68	 -14,0	  -4,9	   2,6	   6,3	   0,8	  -6,2
*	    67,8450	 1	211,26	 52,59	 -14,7	  -5,6	   1,9	   5,6	   0,1	  -7,0
*	    70,4247	 1	211,08	 49,73	 -15,5	  -6,4	   1,1	   4,8	  -0,7	  -7,8
*	    73,1888	 1	210,91	 47,07	 -16,3	  -7,2	   0,3	   4,0	  -1,5	  -8,6
*	    76,1213	 1	210,73	 44,62	 -17,1	  -8,0	  -0,5	   3,2	  -2,3	  -9,4
*	    57,8916	 1	284,97	 65,47	   1,1	   1,8	  -5,9	  -5,5	 -10,5	  -3,8
*	    56,1786	 1	284,88	 71,99	   1,7	   2,5	  -5,2	  -4,9	  -9,8	  -3,1
*	    56,4581	 1	321,66	 82,34	 -11,5	  -2,4	   5,0	   8,8	   3,3	  -3,7
*	    56,9965	 1	321,82	 77,81	 -11,7	  -2,6	   4,8	   8,6	   3,1	  -3,9
*	    57,8489	 1	321,98	 73,43	 -12,0	  -2,9	   4,5	   8,3	   2,8	  -4,2
*	    59,0034	 1	322,14	 69,21	 -12,4	  -3,4	   4,1	   7,8	   2,3	  -4,6
*	    60,4450	 1	322,30	 65,20	 -12,9	  -3,8	   3,6	   7,3	   1,8	  -5,2
*	    62,1569	 1	322,46	 61,41	 -13,5	  -4,4	   3,0	   6,8	   1,3	  -5,8
*	    64,1210	 1	322,63	 57,88	 -14,1	  -5,1	   2,4	   6,1	   0,6	  -6,4
*	    66,3186	 1	322,79	 54,57	 -14,8	  -5,8	   1,7	   5,4	  -0,1	  -7,1
*	    68,7315	 1	322,96	 51,51	 -15,6	  -6,5	   1,0	   4,7	  -0,8	  -7,9
*	    71,3418	 1	323,12	 48,67	 -16,3	  -7,3	   0,2	   3,9	  -1,6	  -8,7
*	    74,1327	 1	323,29	 46,05	 -17,1	  -8,1	  -0,6	   3,1	  -2,4	  -9,5
*	    77,0886	 1	323,46	 43,63	 -18,0	  -8,9	  -1,4	   2,3	  -3,2	 -10,3
*	    58,1654	 1	253,83	 65,61	   1,0	   1,7	  -6,0	  -5,6	 -10,6	  -3,9
*	    56,4601	 1	253,92	 72,10	   1,6	   2,4	  -5,3	  -5,0	  -9,9	  -3,3
*	    56,8960	 1	324,21	 82,52	 -10,5	  -1,4	   6,1	   9,8	   4,3	  -2,7
*	    57,4290	 1	324,38	 78,07	 -10,7	  -1,6	   5,9	   9,6	   4,1	  -2,9
*	    58,2733	 1	324,54	 73,75	 -11,0	  -1,9	   5,6	   9,3	   3,8	  -3,2
*	    59,4176	 1	324,71	 69,59	 -11,4	  -2,3	   5,2	   8,9	   3,4	  -3,6
*	    60,8473	 1	324,87	 65,63	 -11,9	  -2,8	   4,7	   8,4	   2,9	  -4,1
*	    62,5461	 1	325,04	 61,88	 -12,5	  -3,4	   4,1	   7,8	   2,3	  -4,7
*	    64,4963	 1	325,20	 58,37	 -13,1	  -4,0	   3,5	   7,2	   1,7	  -5,3
*	    66,6796	 1	325,37	 55,09	 -13,8	  -4,7	   2,8	   6,5	   1,0	  -6,1
*	    69,0780	 1	325,54	 52,05	 -14,5	  -5,4	   2,1	   5,8	   0,3	  -6,8
*	    71,6741	 1	325,71	 49,22	 -15,3	  -6,2	   1,3	   5,0	  -0,5	  -7,6
*	    74,4512	 1	325,88	 46,60	 -16,0	  -7,0	   0,5	   4,2	  -1,3	  -8,4
*	    77,3937	 1	326,04	 44,18	 -16,8	  -7,8	  -0,3	   3,4	  -2,1	  -9,2
*	    56,9008	 1	249,52	 77,51	   1,4	   2,2	  -5,5	  -5,2	 -10,1	  -3,5
*	    58,1178	 1	249,41	 70,85	   1,0	   1,7	  -6,0	  -5,7	 -10,6	  -3,9
*	    59,9464	 1	249,30	 64,64	   0,3	   1,0	  -6,7	  -6,3	 -11,3	  -4,6
*	    56,9197	 1	218,55	 82,36	 -11,7	  -2,6	   4,8	   8,6	   3,1	  -3,9
*	    57,4547	 1	218,39	 77,87	 -11,9	  -2,8	   4,6	   8,4	   2,9	  -4,1
*	    58,3019	 1	218,24	 73,52	 -12,2	  -3,1	   4,3	   8,1	   2,6	  -4,4
*	    59,4496	 1	218,08	 69,33	 -12,6	  -3,5	   3,9	   7,7	   2,2	  -4,8
*	    60,8832	 1	217,91	 65,33	 -13,1	  -4,0	   3,4	   7,2	   1,7	  -5,3
*	    62,5860	 1	217,75	 61,58	 -13,7	  -4,6	   2,9	   6,6	   1,1	  -5,9
*	    64,5401	 1	217,59	 58,04	 -14,3	  -5,2	   2,2	   6,0	   0,4	  -6,6
*	    66,7272	 1	217,43	 54,75	 -15,0	  -5,9	   1,5	   5,3	  -0,2	  -7,3
*	    69,1292	 1	217,26	 51,70	 -15,7	  -6,7	   0,8	   4,5	  -1,0	  -8,0
*	    71,7284	 1	217,10	 48,86	 -16,5	  -7,4	   0,1	   3,8	  -1,8	  -8,8
*	    74,5083	 1	216,94	 46,25	 -17,3	  -8,2	  -0,7	   3,0	  -2,6	  -9,7
*	    77,4531	 1	216,77	 43,82	 -18,1	  -9,0	  -1,5	   2,2	  -3,4	 -10,5
*	    57,0244	 1	222,68	 81,34	  -9,6	  -0,5	   7,0	  10,7	   5,2	  -1,8
*	    57,6183	 1	222,53	 76,82	  -9,8	  -0,7	   6,7	  10,5	   5,0	  -2,0
*	    58,5237	 1	222,38	 72,43	 -10,2	  -1,1	   6,4	  10,1	   4,6	  -2,4
*	    59,7280	 1	222,23	 68,23	 -10,6	  -1,5	   6,0	   9,7	   4,2	  -2,8
*	    61,2159	 1	222,08	 64,24	 -11,1	  -2,0	   5,5	   9,2	   3,7	  -3,3
*	    62,9701	 1	221,92	 60,49	 -11,7	  -2,6	   4,9	   8,6	   3,1	  -3,9
*	    64,9723	 1	221,77	 56,98	 -12,3	  -3,2	   4,2	   8,0	   2,4	  -4,6
*	    67,2041	 1	221,61	 53,71	 -13,0	  -3,9	   3,5	   7,2	   1,7	  -5,3
*	    69,6471	 1	221,45	 50,69	 -13,8	  -4,7	   2,8	   6,5	   1,0	  -6,1
*	    72,2839	 1	221,30	 47,88	 -14,5	  -5,5	   2,0	   5,7	   0,2	  -6,9
*	    75,0978	 1	221,14	 45,29	 -15,3	  -6,2	   1,2	   4,9	  -0,6	  -7,7
*	    78,0735	 1	220,98	 42,91	 -16,1	  -7,1	   0,4	   4,1	  -1,4	  -8,5
*	    57,6187	 1	316,30	 81,36	 -12,5	  -3,5	   4,0	   7,7	   2,2	  -4,7
*	    58,2085	 1	316,45	 76,87	 -12,8	  -3,7	   3,8	   7,5	   2,0	  -5,0
*	    59,1076	 1	316,60	 72,50	 -13,1	  -4,0	   3,5	   7,2	   1,7	  -5,3
*	    60,3039	 1	316,75	 68,33	 -13,5	  -4,4	   3,1	   6,8	   1,3	  -5,7
*	    61,7821	 1	316,90	 64,36	 -14,0	  -4,9	   2,5	   6,3	   0,8	  -6,2
*	    63,5254	 1	317,05	 60,63	 -14,6	  -5,5	   2,0	   5,7	   0,2	  -6,8
*	    65,5158	 1	317,20	 57,12	 -15,2	  -6,1	   1,3	   5,0	  -0,5	  -7,5
*	    67,7350	 1	317,35	 53,87	 -15,9	  -6,8	   0,6	   4,3	  -1,2	  -8,2
*	    70,1650	 1	317,50	 50,85	 -16,7	  -7,6	  -0,1	   3,6	  -1,9	  -9,0
*	    72,7885	 1	317,66	 48,04	 -17,4	  -8,3	  -0,9	   2,8	  -2,7	  -9,8
*	    75,5890	 1	317,81	 45,47	 -18,2	  -9,1	  -1,7	   2,0	  -3,5	 -10,6
*	    78,5514	 1	317,97	 43,07	 -19,0	  -9,9	  -2,5	   1,2	  -4,3	 -11,4
*	    61,6427	 1	290,77	 60,39	  -0,3	   0,4	  -7,3	  -6,9	 -11,9	  -5,2
*	    59,3958	 1	290,66	 66,23	   0,5	   1,2	  -6,5	  -6,1	 -11,1	  -4,4
*	    57,7245	 1	290,55	 72,58	   1,1	   1,9	  -5,8	  -5,5	 -10,4	  -3,8
*	    58,5637	 1	318,31	 81,57	 -10,1	  -1,0	   6,4	  10,1	   4,7	  -2,3
*	    59,1441	 1	318,46	 77,17	 -10,3	  -1,3	   6,2	   9,9	   4,4	  -2,6
*	    60,0297	 1	318,61	 72,90	 -10,7	  -1,6	   5,9	   9,6	   4,1	  -2,9
*	    61,2087	 1	318,76	 68,79	 -11,1	  -2,0	   5,5	   9,2	   3,7	  -3,3
*	    62,6668	 1	318,91	 64,88	 -11,5	  -2,5	   5,0	   8,7	   3,2	  -3,8
*	    64,3878	 1	319,06	 61,20	 -12,1	  -3,0	   4,4	   8,2	   2,7	  -4,4
*	    66,3543	 1	319,22	 57,74	 -12,7	  -3,6	   3,8	   7,5	   2,0	  -5,0
*	    68,5487	 1	319,37	 54,51	 -13,4	  -4,3	   3,1	   6,9	   1,3	  -5,7
*	    70,9534	 1	319,52	 51,51	 -14,1	  -5,0	   2,4	   6,1	   0,6	  -6,5
*	    73,5515	 1	319,68	 48,73	 -14,9	  -5,8	   1,7	   5,4	  -0,1	  -7,2
*	    76,3270	 1	319,83	 46,15	 -15,7	  -6,6	   0,9	   4,6	  -0,9	  -8,0
*	    79,2647	 1	319,99	 43,77	 -16,4	  -7,4	   0,1	   3,8	  -1,7	  -8,9
*	    58,8735	 1	224,47	 81,46	 -13,0	  -3,9	   3,5	   7,3	   1,8	  -5,2
*	    59,4536	 1	224,33	 77,05	 -13,2	  -4,1	   3,3	   7,1	   1,6	  -5,4
*	    60,3384	 1	224,19	 72,75	 -13,5	  -4,4	   3,0	   6,7	   1,2	  -5,8
*	    61,5162	 1	224,04	 68,64	 -13,9	  -4,8	   2,6	   6,3	   0,8	  -6,2
*	    62,9727	 1	223,90	 64,73	 -14,4	  -5,3	   2,1	   5,9	   0,3	  -6,7
*	    64,6915	 1	223,75	 61,04	 -15,0	  -5,9	   1,6	   5,3	  -0,2	  -7,3
*	    66,6553	 1	223,60	 57,57	 -15,6	  -6,5	   0,9	   4,7	  -0,9	  -7,9
*	    68,8465	 1	223,46	 54,34	 -16,3	  -7,2	   0,3	   4,0	  -1,5	  -8,6
*	    71,2476	 1	223,31	 51,33	 -17,0	  -7,9	  -0,5	   3,3	  -2,3	  -9,3
*	    73,8417	 1	223,16	 48,54	 -17,8	  -8,7	  -1,2	   2,5	  -3,0	 -10,1
*	    76,6128	 1	223,01	 45,97	 -18,5	  -9,4	  -2,0	   1,7	  -3,8	 -10,9
*	    79,5459	 1	222,86	 43,59	 -19,3	 -10,2	  -2,8	   0,9	  -4,6	 -11,7
*	    59,4128	 1	296,65	 78,13	   0,5	   1,2	  -6,5	  -6,2	 -11,1	  -4,4
*	    60,5822	 1	296,78	 71,78	   0,0	   0,8	  -6,9	  -6,6	 -11,5	  -4,9
*	    62,3442	 1	296,92	 65,83	  -0,6	   0,2	  -7,5	  -7,2	 -12,2	  -5,5
*	    59,5802	 1	309,83	 80,46	 -14,1	  -5,0	   2,5	   6,2	   0,7	  -6,3
*	    60,2136	 1	309,96	 76,04	 -14,3	  -5,2	   2,3	   6,0	   0,5	  -6,5
*	    61,1489	 1	310,09	 71,77	 -14,6	  -5,5	   1,9	   5,7	   0,1	  -6,9
*	    62,3740	 1	310,22	 67,67	 -15,0	  -6,0	   1,5	   5,2	  -0,3	  -7,3
*	    63,8738	 1	310,36	 63,77	 -15,6	  -6,5	   1,0	   4,7	  -0,8	  -7,8
*	    65,6321	 1	310,49	 60,11	 -16,1	  -7,0	   0,4	   4,1	  -1,4	  -8,4
*	    67,6313	 1	310,62	 56,67	 -16,8	  -7,7	  -0,2	   3,5	  -2,0	  -9,1
*	    69,8538	 1	310,75	 53,48	 -17,4	  -8,4	  -0,9	   2,8	  -2,7	  -9,8
*	    72,2823	 1	310,89	 50,50	 -18,2	  -9,1	  -1,6	   2,1	  -3,4	 -10,5
*	    74,9003	 1	311,02	 47,75	 -18,9	  -9,8	  -2,4	   1,4	  -4,2	 -11,3
*	    77,6918	 1	311,16	 45,21	 -19,7	 -10,6	  -3,1	   0,6	  -5,0	 -12,1
*	    59,8463	 1	270,01	 56,15	  -1,3	  -0,5	  -8,2	  -7,9	 -12,8	  -6,2
*	    60,1002	 1	276,45	 56,34	  -1,4	  -0,6	  -8,3	  -8,0	 -12,9	  -6,3
*	    60,1008	 1	263,57	 56,34	  -1,3	  -0,6	  -8,3	  -8,0	 -12,9	  -6,2
*	    64,0031	 1	242,98	 61,74	  -1,2	  -0,4	  -8,1	  -7,8	 -12,7	  -6,1
*	    61,8340	 1	243,12	 67,36	  -0,4	   0,3	  -7,4	  -7,0	 -12,0	  -5,3
*	    60,2254	 1	243,25	 73,43	   0,2	   0,9	  -6,8	  -6,5	 -11,4	  -4,7
*	    60,4181	 1	234,36	 78,65	  -0,1	   0,6	  -7,1	  -6,8	 -11,7	  -5,1
*	    61,5626	 1	234,19	 72,51	  -0,5	   0,2	  -7,5	  -7,2	 -12,1	  -5,5
*	    63,2900	 1	234,02	 66,72	  -1,1	  -0,4	  -8,1	  -7,8	 -12,7	  -6,1
*	    65,5588	 1	233,85	 61,33	  -1,9	  -1,1	  -8,8	  -8,5	 -13,5	  -6,8
*	    68,3215	 1	233,68	 56,42	  -2,8	  -2,0	  -9,7	  -9,4	 -14,4	  -7,8
*	    70,0735	 1	233,59	 53,86	  -3,3	  -2,5	 -10,3	  -9,9	 -14,9	  -8,3
*	    73,5093	 1	233,41	 49,66	  -4,3	  -3,6	 -11,3	 -10,9	 -15,9	  -9,4
*	    60,8570	 1	282,70	 56,89	  -1,6	  -0,9	  -8,6	  -8,3	 -13,2	  -6,6
*	    67,0859	 1	306,21	 58,53	  -2,4	  -1,6	  -9,3	  -9,0	 -14,0	  -7,3
*	    64,5347	 1	306,04	 63,65	  -1,6	  -0,8	  -8,5	  -8,2	 -13,1	  -6,5
*	    62,4985	 1	305,87	 69,21	  -0,9	  -0,1	  -7,8	  -7,5	 -12,4	  -5,8
*	    61,0228	 1	305,70	 75,17	  -0,4	   0,4	  -7,3	  -7,0	 -11,9	  -5,3
*	    71,0769	 1	308,13	 54,51	  -3,6	  -2,8	 -10,6	 -10,2	 -15,2	  -8,6
*	    74,4720	 1	308,30	 50,35	  -4,6	  -3,8	 -11,6	 -11,2	 -16,2	  -9,6
*	    61,3308	 1	231,06	 80,63	 -14,7	  -5,6	   1,9	   5,6	   0,1	  -6,9
*	    61,9498	 1	230,94	 76,33	 -14,9	  -5,8	   1,6	   5,4	  -0,1	  -7,2
*	    62,8646	 1	230,81	 72,15	 -15,2	  -6,1	   1,3	   5,1	  -0,5	  -7,5
*	    64,0638	 1	230,69	 68,13	 -15,6	  -6,5	   0,9	   4,6	  -0,9	  -7,9
*	    65,5333	 1	230,56	 64,31	 -16,1	  -7,0	   0,4	   4,2	  -1,3	  -8,4
*	    67,2576	 1	230,43	 60,70	 -16,7	  -7,6	  -0,1	   3,6	  -1,9	  -9,0
*	    69,2201	 1	230,31	 57,31	 -17,3	  -8,2	  -0,7	   3,0	  -2,5	  -9,6
*	    71,4042	 1	230,18	 54,14	 -17,9	  -8,8	  -1,4	   2,3	  -3,2	 -10,3
*	    73,7930	 1	230,05	 51,20	 -18,6	  -9,5	  -2,1	   1,6	  -3,9	 -11,0
*	    76,3707	 1	229,92	 48,46	 -19,3	 -10,3	  -2,8	   0,9	  -4,6	 -11,7
*	    79,1218	 1	229,79	 45,93	 -20,1	 -11,0	  -3,6	   0,2	  -5,4	 -12,5
*	    82,0322	 1	229,66	 43,58	 -20,9	 -11,8	  -4,3	  -0,6	  -6,2	 -13,3
*	    62,1019	 1	251,41	 57,72	  -2,1	  -1,3	  -9,0	  -8,7	 -13,6	  -7,0
*	    65,8793	 1	300,73	 62,71	  -1,8	  -1,1	  -8,8	  -8,4	 -13,4	  -6,8
*	    63,7677	 1	300,59	 68,18	  -1,1	  -0,4	  -8,1	  -7,7	 -12,7	  -6,1
*	    62,2048	 1	300,44	 74,06	  -0,6	   0,2	  -7,5	  -7,2	 -12,2	  -5,5
*	    64,2609	 1	238,49	 68,39	  -1,2	  -0,4	  -8,2	  -7,8	 -12,8	  -6,1
*	    62,7093	 1	238,64	 74,21	  -0,7	   0,1	  -7,6	  -7,3	 -12,2	  -5,6
s	    65,6496	 2	 58,21	 91,49	  25,7	  26,2	  17,8	  16,1	   9,8	  16,2
s	    65,6822	 2	121,25	 91,50	  25,7	  26,1	  17,8	  16,1	   9,8	  16,2
*	    65,9351	 1	298,97	 60,05	  -3,4	  -2,7	 -10,4	 -10,0	 -15,0	  -8,4
*	    68,4650	 1	303,38	 61,37	  -4,3	  -3,5	 -11,2	 -10,9	 -15,9	  -9,3
*	    65,9403	 1	298,98	 60,05	  -3,5	  -2,7	 -10,4	 -10,1	 -15,1	  -8,4
s	    66,6999	 2	 79,15	 91,83	  25,6	  26,0	  17,7	  16,0	   9,7	  16,1
s	    66,7155	 2	100,23	 91,83	  25,6	  26,0	  17,7	  16,0	   9,7	  16,1
*	    67,7201	 1	249,95	 54,30	 -13,4	  -6,4	   1,0	   1,6	  -3,4	 -10,0
*	    69,1934	 1	249,90	 52,18	 -13,8	  -6,8	   0,5	   1,1	  -3,8	 -10,4
*	    70,7548	 1	249,85	 50,17	 -14,3	  -7,3	   0,0	   0,6	  -4,3	 -10,9
*	    67,8802	 1	290,71	 54,42	 -13,4	  -6,4	   0,9	   1,5	  -3,4	 -10,0
*	    69,3505	 1	290,76	 52,30	 -13,9	  -6,9	   0,5	   1,0	  -3,9	 -10,5
*	    70,9088	 1	290,81	 50,29	 -14,4	  -7,4	  -0,0	   0,6	  -4,4	 -11,0
*	    67,9676	 1	288,67	 54,35	 -16,3	  -9,3	  -1,9	  -1,3	  -6,2	 -12,8
*	    69,4374	 1	288,72	 52,25	 -16,7	  -9,7	  -2,4	  -1,8	  -6,7	 -13,3
*	    70,9951	 1	288,76	 50,23	 -17,2	 -10,2	  -2,8	  -2,3	  -7,2	 -13,8
*	    68,3798	 1	236,57	 61,34	  -4,2	  -3,4	 -11,1	 -10,8	 -15,8	  -9,2
*	    68,5902	 1	251,82	 54,65	 -16,4	  -9,4	  -2,1	  -1,5	  -6,4	 -13,0
*	    70,0496	 1	251,77	 52,54	 -16,9	  -9,9	  -2,5	  -1,9	  -6,9	 -13,5
*	    71,5969	 1	251,73	 50,53	 -17,4	 -10,3	  -3,0	  -2,4	  -7,3	 -14,0
*	    72,7487	 1	272,62	 40,35	  -3,8	  -3,0	 -10,8	 -10,4	 -15,4	  -8,8
*	    68,6371	 1	272,61	 44,10	  -2,6	  -1,8	  -9,5	  -9,2	 -14,1	  -7,5
*	    72,7935	 1	266,03	 40,40	  -3,8	  -3,0	 -10,8	 -10,4	 -15,4	  -8,8
*	    68,6842	 1	266,05	 44,15	  -2,6	  -1,8	  -9,5	  -9,2	 -14,2	  -7,6
*	    74,3697	 1	243,57	 51,79	 -19,0	 -14,3	  -1,1	   0,2	  -3,0	  -7,9
*	    70,4901	 1	256,36	 49,07	 -17,8	 -13,1	  -0,0	   1,3	  -1,8	  -6,7
*	    76,5169	 1	258,27	 52,13	 -19,5	 -14,8	  -1,7	  -0,4	  -3,5	  -8,4
*	    69,3584	 1	263,59	 48,22	 -17,5	 -12,8	   0,3	   1,6	  -1,5	  -6,3
*	    75,4570	 1	264,72	 51,49	 -19,2	 -14,5	  -1,4	  -0,1	  -3,2	  -8,1
*	    68,7991	 1	271,14	 47,84	 -17,3	 -12,6	   0,5	   1,8	  -1,3	  -6,2
*	    74,9335	 1	271,40	 51,20	 -19,1	 -14,3	  -1,2	   0,1	  -3,0	  -8,0
*	    68,8238	 1	278,77	 47,96	 -17,4	 -12,6	   0,5	   1,8	  -1,3	  -6,2
*	    74,9557	 1	278,13	 51,29	 -19,1	 -14,4	  -1,2	   0,0	  -3,1	  -8,0
*	    81,2351	 1	277,63	 54,17	 -20,7	 -16,0	  -2,9	  -1,6	  -4,7	  -9,7
*	    69,4311	 1	286,22	 48,57	 -17,5	 -12,8	   0,3	   1,6	  -1,5	  -6,4
*	    75,5226	 1	284,74	 51,76	 -19,3	 -14,5	  -1,4	  -0,1	  -3,2	  -8,1
*	    81,7655	 1	283,58	 54,53	 -20,9	 -16,2	  -3,1	  -1,8	  -4,9	  -9,8
*	    70,6069	 1	293,24	 49,60	 -17,9	 -13,2	  -0,1	   1,2	  -1,9	  -6,7
*	    72,3261	 1	299,70	 50,97	 -18,4	 -13,7	  -0,6	   0,7	  -2,4	  -7,3
*	    73,1320	 1	279,14	 40,72	  -3,9	  -3,2	 -10,9	 -10,5	 -15,5	  -8,9
*	    69,0401	 1	279,09	 44,47	  -2,7	  -1,9	  -9,7	  -9,3	 -14,3	  -7,7
*	    73,2658	 1	259,54	 40,85	  -3,9	  -3,2	 -10,9	 -10,6	 -15,6	  -9,0
*	    69,1806	 1	259,60	 44,59	  -2,7	  -2,0	  -9,7	  -9,4	 -14,3	  -7,7
s	    69,7587	 3	280,50	 86,89	  24,6	  24,8	  15,8	  13,5	   6,8	  12,8
s	    69,7803	 3	260,10	 86,89	  24,6	  24,8	  15,8	  13,5	   6,8	  12,8
*	    73,9379	 1	285,40	 41,48	  -4,2	  -3,4	 -11,1	 -10,8	 -15,8	  -9,2
*	    69,8865	 1	285,31	 45,22	  -3,0	  -2,2	  -9,9	  -9,6	 -14,6	  -8,0
*	    74,1586	 1	253,37	 41,67	  -4,2	  -3,5	 -11,2	 -10,9	 -15,8	  -9,3
*	    70,1182	 1	253,47	 45,42	  -3,0	  -2,3	 -10,0	  -9,7	 -14,6	  -8,0
*	    75,1548	 1	291,23	 42,56	  -4,5	  -3,8	 -11,5	 -11,2	 -16,2	  -9,6
*	    71,1629	 1	291,11	 46,30	  -3,4	  -2,6	 -10,3	 -10,0	 -15,0	  -8,4
*	    75,4593	 1	247,63	 42,82	  -4,6	  -3,9	 -11,6	 -11,3	 -16,2	  -9,7
*	    71,4820	 1	247,75	 46,56	  -3,5	  -2,7	 -10,4	 -10,1	 -15,1	  -8,5
*	    73,4266	 1	240,94	 57,53	 -15,4	  -8,4	  -1,0	  -0,5	  -5,4	 -12,0
*	    71,9626	 1	238,31	 57,08	 -15,0	  -8,0	  -0,6	  -0,1	  -5,0	 -11,6
*	    73,5367	 1	299,01	 57,48	 -15,4	  -8,4	  -1,1	  -0,5	  -5,4	 -12,0
*	    72,0783	 1	301,64	 57,04	 -15,0	  -8,0	  -0,7	  -0,1	  -5,0	 -11,6
s	    72,6148	 3	 56,60	 91,50	  24,4	  19,6	  -2,6	  -3,0	  -8,3	  11,0
s	    72,6260	 3	122,80	 91,51	  24,4	  19,6	  -2,6	  -3,0	  -8,3	  11,0
*	    72,8498	 1	296,41	 47,63	  -3,9	  -3,2	 -10,9	 -10,6	 -15,5	  -9,0
s	    72,9855	 3	 57,74	 91,52	  24,3	  19,6	  -2,7	  -3,0	  -8,4	  11,0
s	    73,0794	 3	121,68	 91,54	  24,3	  19,6	  -2,7	  -3,0	  -8,4	  11,0
*	    73,2517	 1	242,57	 47,93	  -4,0	  -3,3	 -11,0	 -10,7	 -15,6	  -9,1
s	    73,9530	 3	101,10	 91,87	  24,2	  19,5	  -2,8	  -3,1	  -8,5	  10,9
s	    73,9721	 3	 78,21	 91,87	  24,2	  19,5	  -2,8	  -3,1	  -8,5	  10,9
s	    74,0682	 3	 79,35	 91,88	  24,2	  19,5	  -2,8	  -3,1	  -8,5	  10,9
s	    74,1325	 3	 99,97	 91,88	  24,2	  19,5	  -2,8	  -3,1	  -8,5	  10,9
*	    74,9237	 1	301,17	 49,13	  -4,6	  -3,8	 -11,5	 -11,2	 -16,2	  -9,6
*	    75,3518	 1	237,89	 49,44	  -4,6	  -3,9	 -11,6	 -11,2	 -16,2	  -9,7
s	   100,5935	 3	 90,00	 13,30	  21,2	  22,2	  -3,9	  -3,5	   8,6	   9,5
s	   122,1837	 3	344,97	 66,58	  18,7	  15,5	  -8,7	  -7,7	  -4,4	   5,8
s	   122,2589	 3	194,54	 66,62	  18,7	  15,5	  -8,8	  -7,7	  -4,5	   5,8
s	   124,7047	 3	356,61	 67,50	  20,1	  13,0	 -24,9	 -24,6	 -21,2	   2,1
s	   124,8062	 3	182,78	 67,54	  20,1	  13,0	 -24,9	 -24,6	 -21,2	   2,1
#END
