#HEADER
CATT-Acoustic v8.0b    Copyright © CATT 1988-2003

 Project                : Auditorio

 GEOMETRICAL INFORMATION
 Src id and loc     [m] :   A1          -9,000        0,000        0,000
 Rec id and loc     [m] :   11           7,000        7,000        1,000

 11       50,9514

 VARIABLE SOURCE DATA
 Directivity
   Type (library)       :  OMNI.SD0
   Dir. Index (DI) [dB] :       0,0      0,0      0,0      0,0      0,0      0,0
 Level
   On axis 1m      [dB] :      58,0     64,0     70,3     70,7     65,9     59,9
   Total power     [dB] :      68,9     74,9     81,2     81,6     76,8     70,8
   Auxiliary delay [ms] :       0,0

 VARIABLE AIR DATA
 Temperature       [°C] :      20
 Relative humidity  [%] :      50
 Density        [kg/m³] :       1,2
 Sound speed      [m/s] :     343
 Impedance      [Ns/m³] :     412
 Diss. coeff. [0.001/m] :      0,10     0,30     0,63     1,07     2,28     6,83      (estimated)

#DATAFIELDS
 TYPE DELAY ORDER AZIMUTH ELEVATION SPL125 SPL250 SPL500 SPL1K SPL2K SPL4K
#DATA
d	     0,0000	 0	 90,00	 90,00	  33,1	  39,1	  45,4	  45,8	  40,9	  34,5
*	     0,7399	 1	 82,44	 96,47	 -16,4	 -10,5	  -4,6	  -2,3	  -6,6	 -13,5
s	     0,8827	 1	222,99	 95,46	  30,2	  34,4	  39,9	  39,3	  34,7	  29,0
*	     1,1220	 1	 80,95	 96,49	 -14,9	  -9,0	  -3,1	  -0,8	  -5,1	 -12,0
*	    24,5002	 1	109,14	 93,15	 -15,7	  -8,7	  -1,4	  -0,8	  -5,7	 -12,2
*	    17,8858	 1	105,86	 93,41	 -12,1	  -5,1	   2,3	   2,9	  -2,0	  -8,5
*	    20,1957	 1	103,19	 93,00	 -12,0	  -5,0	   2,4	   2,9	  -1,9	  -8,4
*	    11,6838	 1	102,24	 93,70	  -7,8	  -0,8	   6,5	   7,1	   2,3	  -4,1
*	    13,8057	 1	 99,67	 93,23	  -7,1	  -0,1	   7,3	   7,9	   3,0	  -3,4
*	     6,2194	 1	 98,27	 93,98	  -3,0	   4,0	  11,4	  12,0	   7,1	   0,7
*	     7,8790	 1	 95,85	 93,47	  -0,5	   6,5	  13,9	  14,5	   9,6	   3,2
*	    12,0717	 1	 93,75	 93,02	  -2,5	   4,6	  11,9	  12,5	   7,7	   1,3
*	     2,3304	 1	 93,92	 94,27	   0,8	   7,8	  15,2	  15,8	  11,0	   4,6
*	     3,2790	 1	 91,72	 93,71	   7,2	  14,2	  21,6	  22,2	  17,3	  11,0
*	     7,9340	 1	 89,83	 93,22	   3,4	  10,5	  17,8	  18,4	  13,5	   7,2
*	     1,1714	 1	 89,18	 94,56	   0,1	   7,2	  14,5	  15,1	  10,3	   3,9
*	     2,6310	 1	 87,28	 93,95	   4,5	  11,5	  18,9	  19,5	  14,6	   8,3
*	     7,2444	 1	 85,66	 93,41	   1,6	   8,6	  16,0	  16,6	  11,7	   5,4
*	     2,3279	 1	 84,10	 94,84	  -3,5	   3,5	  10,9	  11,5	   6,6	   0,3
*	     4,7145	 1	 82,57	 94,18	  -2,3	   4,7	  12,1	  12,6	   7,8	   1,4
*	     4,6999	 1	 78,72	 95,09	  -7,2	  -0,2	   7,2	   7,8	   2,9	  -3,4
*	     7,6412	 1	 77,62	 94,37	  -7,2	  -0,2	   7,2	   7,8	   2,9	  -3,5
*	     7,8003	 1	 73,11	 95,31	 -10,3	  -3,3	   4,1	   4,7	  -0,2	  -6,6
*	    11,0669	 1	 72,49	 94,55	 -10,9	  -3,8	   3,5	   4,1	  -0,7	  -7,1
*	    11,4650	 1	 67,36	 95,47	 -13,0	  -5,9	   1,4	   2,0	  -2,9	  -9,3
s	     1,5522	 1	321,10	 95,24	  31,1	  31,9	  24,2	  24,5	  19,6	  26,5
*	     1,5952	 1	 26,27	 92,99	   8,0	  17,1	  24,6	  28,4	  22,9	  16,1
*	     2,5981	 1	 23,56	 49,04	   4,6	  13,7	  21,2	  25,0	  19,5	  12,7
*	     4,8385	 1	 20,73	 28,71	  -1,1	   8,0	  15,5	  19,2	  13,8	   7,0
*	     7,5215	 1	 17,79	 19,55	  -5,7	   3,4	  10,9	  14,7	   9,2	   2,4
*	    10,4302	 1	 14,75	 14,62	  -9,3	  -0,2	   7,3	  11,0	   5,6	  -1,3
*	    13,4991	 1	 11,62	 11,61	 -12,2	  -3,1	   4,4	   8,1	   2,6	  -4,3
*	    16,7009	 1	  8,43	  9,60	 -14,7	  -5,6	   1,8	   5,6	   0,1	  -6,8
*	    20,0205	 1	  5,18	  8,19	 -16,9	  -7,8	  -0,4	   3,4	  -2,1	  -9,0
*	    23,4477	 1	  1,89	  7,14	 -18,9	  -9,8	  -2,3	   1,4	  -4,1	 -11,0
*	    26,9743	 1	358,60	  6,35	 -20,7	 -11,6	  -4,1	  -0,4	  -5,9	 -12,8
*	    30,5933	 1	355,29	  5,73	 -22,3	 -13,2	  -5,7	  -2,0	  -7,5	 -14,5
*	     1,6263	 1	 79,70	 96,51	 -13,6	  -7,7	  -1,8	   0,6	  -3,7	 -10,7
*	     2,0730	 1	 74,34	 96,62	 -17,0	 -11,1	  -5,3	  -2,9	  -7,2	 -14,2
*	     2,7074	 1	 73,59	 96,61	 -15,7	  -9,8	  -3,9	  -1,6	  -5,9	 -12,9
*	     3,4785	 1	 72,97	 96,60	 -14,6	  -8,7	  -2,8	  -0,5	  -4,8	 -11,7
*	     4,4095	 1	 72,46	 96,59	 -13,6	  -7,7	  -1,8	   0,5	  -3,8	 -10,7
*	    17,4962	 1	209,72	 14,01	  -1,2	  -0,4	  -8,1	  -7,8	 -12,7	  -5,9
*	    13,1368	 1	206,69	 18,09	   2,7	   3,5	  -4,3	  -3,9	  -8,8	  -2,0
*	     9,1020	 1	203,49	 25,99	   7,7	   8,5	   0,8	   1,1	  -3,8	   3,0
*	     5,6509	 1	200,13	 45,51	  14,5	  15,3	   7,5	   7,9	   3,0	   9,8
s	     6,4667	 1	 86,14	 89,64	  30,3	  31,1	  23,4	  23,7	  18,8	  25,7
*	    21,1660	 1	 86,61	 72,43	  -1,3	  -0,5	  -8,3	  -7,9	 -12,8	  -6,1
*	    20,2938	 1	 83,12	 72,03	  -1,4	  -0,7	  -8,4	  -8,0	 -12,9	  -6,2
*	    17,0179	 1	 86,62	 76,01	   1,8	   2,5	  -5,2	  -4,8	  -9,7	  -3,0
*	    16,2739	 1	 83,15	 75,72	   1,4	   2,2	  -5,5	  -5,2	 -10,1	  -3,3
*	    13,1698	 1	 86,64	 79,68	   5,5	   6,3	  -1,4	  -1,0	  -6,0	   0,8
*	    12,6414	 1	 83,18	 79,49	   4,7	   5,5	  -2,3	  -1,9	  -6,8	  -0,0
*	     9,7418	 1	 86,65	 83,42	  10,3	  11,1	   3,4	   3,7	  -1,2	   5,6
*	     9,5804	 1	 83,20	 83,34	   8,4	   9,1	   1,4	   1,8	  -3,1	   3,7
*	     7,1446	 1	 86,66	 87,18	  15,9	  16,7	   9,0	   9,3	   4,4	  11,3
*	     7,5312	 1	 83,23	 87,22	  11,8	  12,6	   4,8	   5,2	   0,3	   7,1
*	     6,7012	 1	 86,67	 90,93	  17,6	  18,4	  10,7	  11,1	   6,2	  13,0
*	     7,2780	 1	 83,26	 91,08	  12,6	  13,3	   5,6	   6,0	   1,1	   7,9
*	    24,5017	 1	 82,24	 68,36	  -4,0	  -3,2	 -10,9	 -10,6	 -15,5	  -8,8
*	    25,2701	 1	 85,79	 68,83	  -3,9	  -3,1	 -10,8	 -10,5	 -15,4	  -8,7
*	     7,0840	 1	 31,71	 95,39	  -3,5	   5,6	  13,1	  16,8	  11,4	   4,5
*	     7,1690	 1	 31,15	 83,82	  -3,5	   5,6	  13,1	  16,9	  11,4	   4,6
*	     7,8805	 1	 30,57	 72,60	  -4,0	   5,1	  12,6	  16,3	  10,9	   4,0
*	     9,1688	 1	 29,99	 62,49	  -5,0	   4,1	  11,6	  15,3	   9,9	   3,0
*	    10,9509	 1	 29,40	 53,84	  -6,3	   2,8	  10,3	  14,0	   8,6	   1,7
*	    13,1387	 1	 28,81	 46,68	  -7,7	   1,3	   8,8	  12,6	   7,1	   0,2
*	    15,6556	 1	 28,21	 40,81	  -9,3	  -0,2	   7,3	  11,0	   5,6	  -1,3
*	    18,4409	 1	 27,60	 36,03	 -10,8	  -1,7	   5,8	   9,5	   4,0	  -2,9
*	    21,4483	 1	 26,98	 32,10	 -12,3	  -3,2	   4,2	   8,0	   2,5	  -4,4
*	    24,6427	 1	 26,36	 28,85	 -13,8	  -4,7	   2,8	   6,5	   1,0	  -5,9
*	    27,9971	 1	 25,74	 26,13	 -15,2	  -6,1	   1,4	   5,1	  -0,4	  -7,4
*	    31,4901	 1	 25,10	 23,82	 -16,6	  -7,5	  -0,0	   3,7	  -1,8	  -8,8
s	     7,3732	 2	226,77	 95,25	  27,7	  27,3	  19,3	  20,3	  15,3	  22,3
s	     7,9662	 2	324,95	 94,72	  29,3	  24,8	   3,2	   3,5	  -1,4	  18,7
*	     8,1846	 1	 33,57	 95,96	  -4,7	   4,4	  11,9	  15,6	  10,2	   3,3
*	     8,1822	 1	 33,10	 86,13	  -4,6	   4,5	  12,0	  15,7	  10,3	   3,4
*	     8,7405	 1	 32,62	 76,42	  -4,9	   4,2	  11,6	  15,4	   9,9	   3,1
*	     9,8321	 1	 32,14	 67,34	  -5,7	   3,4	  10,9	  14,7	   9,2	   2,3
*	    11,4027	 1	 31,65	 59,23	  -6,7	   2,4	   9,9	  13,6	   8,2	   1,3
*	    13,3862	 1	 31,16	 52,23	  -7,9	   1,2	   8,7	  12,4	   7,0	   0,1
*	    15,7181	 1	 30,66	 46,28	  -9,2	  -0,1	   7,4	  11,1	   5,6	  -1,2
*	    18,3419	 1	 30,16	 41,26	 -10,5	  -1,5	   6,0	   9,8	   4,3	  -2,6
*	    21,2114	 1	 29,65	 37,04	 -11,9	  -2,8	   4,6	   8,4	   2,9	  -4,0
*	    24,2891	 1	 29,14	 33,48	 -13,3	  -4,2	   3,3	   7,0	   1,5	  -5,4
*	    27,5453	 1	 28,62	 30,46	 -14,6	  -5,5	   1,9	   5,6	   0,2	  -6,8
*	    30,9558	 1	 28,09	 27,88	 -15,9	  -6,9	   0,6	   4,3	  -1,2	  -8,2
*	    34,5012	 1	 27,56	 25,65	 -17,2	  -8,1	  -0,7	   3,1	  -2,5	  -9,5
*	    24,5992	 1	 94,40	 73,10	  -2,1	  -1,3	  -9,0	  -8,7	 -13,6	  -6,9
*	    22,7336	 1	 90,92	 72,81	  -1,3	  -0,5	  -8,2	  -7,9	 -12,8	  -6,1
*	    20,6757	 1	 94,38	 76,52	   0,7	   1,4	  -6,3	  -5,9	 -10,9	  -4,1
*	    18,6200	 1	 90,92	 76,31	   1,8	   2,5	  -5,2	  -4,8	  -9,7	  -3,0
*	    17,1425	 1	 94,37	 80,03	   3,8	   4,6	  -3,1	  -2,8	  -7,7	  -1,0
*	    14,8093	 1	 90,91	 79,88	   5,5	   6,3	  -1,5	  -1,1	  -6,0	   0,8
*	    14,1910	 1	 94,35	 83,58	   7,2	   8,0	   0,3	   0,7	  -4,3	   2,5
*	    11,4298	 1	 90,91	 83,50	  10,1	  10,9	   3,2	   3,5	  -1,4	   5,4
*	    12,2495	 1	 94,34	 87,16	  10,3	  11,1	   3,4	   3,7	  -1,2	   5,6
*	     8,9037	 1	 90,91	 87,16	  15,4	  16,2	   8,5	   8,9	   3,9	  10,8
*	    12,0128	 1	 94,32	 90,73	  11,0	  11,7	   4,0	   4,4	  -0,5	   6,3
*	     8,4837	 1	 90,90	 90,81	  17,0	  17,8	  10,0	  10,4	   5,5	  12,3
*	    29,5093	 1	 94,42	 69,25	  -4,9	  -4,1	 -11,8	 -11,5	 -16,4	  -9,7
*	    27,8026	 1	 90,92	 68,89	  -4,2	  -3,5	 -11,2	 -10,8	 -15,8	  -9,1
*	    10,7839	 1	 74,80	 94,23	   4,2	   5,0	  -2,7	  -2,3	  -7,2	  -0,4
*	     9,6726	 1	 78,28	 93,90	   6,9	   7,7	  -0,0	   0,3	  -4,6	   2,2
*	    10,0779	 1	 74,74	 90,02	   4,7	   5,5	  -2,2	  -1,9	  -6,8	   0,0
*	     8,8696	 1	 78,24	 89,86	   7,6	   8,4	   0,7	   1,0	  -3,9	   2,9
*	    10,5268	 1	 74,67	 85,80	   4,2	   5,0	  -2,7	  -2,4	  -7,3	  -0,5
*	     9,4665	 1	 78,19	 85,78	   6,8	   7,6	  -0,1	   0,2	  -4,7	   2,1
*	    12,0416	 1	 74,61	 81,57	   3,0	   3,8	  -3,9	  -3,6	  -8,5	  -1,7
*	    11,2858	 1	 78,14	 81,73	   5,0	   5,7	  -2,0	  -1,6	  -6,5	   0,3
*	    14,4350	 1	 74,54	 77,41	   1,3	   2,1	  -5,6	  -5,3	 -10,2	  -3,4
*	    14,0096	 1	 78,09	 77,72	   2,7	   3,5	  -4,3	  -3,9	  -8,8	  -2,0
*	    17,5161	 1	 74,48	 73,34	  -0,5	   0,2	  -7,5	  -7,1	 -12,1	  -5,3
*	    17,3776	 1	 78,04	 73,80	   0,4	   1,1	  -6,6	  -6,2	 -11,2	  -4,4
*	    21,1344	 1	 74,41	 69,40	  -2,5	  -1,7	  -9,4	  -9,1	 -14,0	  -7,3
*	    21,2223	 1	 78,00	 69,99	  -1,9	  -1,1	  -8,8	  -8,5	 -13,4	  -6,7
*	    24,6654	 1	 78,73	 67,25	  -3,5	  -2,7	 -10,4	 -10,1	 -15,0	  -8,3
*	    24,3015	 1	 75,21	 66,56	  -3,8	  -3,1	 -10,8	 -10,4	 -15,4	  -8,7
*	     8,9985	 1	183,61	 81,69	   9,9	  10,6	   2,9	   3,3	  -1,6	   5,2
*	    10,5957	 1	185,08	 59,34	   7,9	   8,7	   1,0	   1,3	  -3,6	   3,2
*	    13,4269	 1	186,53	 43,95	   4,9	   5,7	  -2,0	  -1,7	  -6,6	   0,2
*	     9,3609	 1	 37,47	 95,81	  -6,2	   2,9	  10,4	  14,1	   8,7	   1,8
*	     9,2996	 1	 37,10	 87,75	  -6,1	   3,0	  10,5	  14,2	   8,8	   1,9
*	     9,7305	 1	 36,73	 79,70	  -6,3	   2,8	  10,3	  14,0	   8,5	   1,7
*	    10,6405	 1	 36,36	 71,97	  -6,8	   2,3	   9,8	  13,5	   8,0	   1,2
*	    11,9978	 1	 35,98	 64,81	  -7,5	   1,5	   9,0	  12,8	   7,3	   0,4
*	    13,7591	 1	 35,59	 58,33	  -8,5	   0,6	   8,1	  11,8	   6,4	  -0,5
*	    15,8768	 1	 35,21	 52,59	  -9,5	  -0,4	   7,0	  10,8	   5,3	  -1,6
*	    18,3043	 1	 34,82	 47,57	 -10,7	  -1,6	   5,9	   9,6	   4,1	  -2,8
*	    20,9997	 1	 34,42	 43,20	 -11,9	  -2,8	   4,7	   8,4	   2,9	  -4,0
*	    23,9264	 1	 34,03	 39,41	 -13,1	  -4,0	   3,5	   7,2	   1,7	  -5,3
*	    27,0533	 1	 33,62	 36,12	 -14,3	  -5,3	   2,2	   5,9	   0,5	  -6,5
*	    30,3543	 1	 33,22	 33,26	 -15,6	  -6,5	   1,0	   4,7	  -0,8	  -7,8
*	    33,8072	 1	 32,81	 30,74	 -16,8	  -7,7	  -0,2	   3,5	  -2,0	  -9,0
*	     9,7507	 1	 40,57	 96,17	  -7,1	   2,0	   9,5	  13,3	   7,8	   0,9
*	     9,6275	 1	 40,25	 88,92	  -6,9	   2,1	   9,6	  13,4	   7,9	   1,1
*	     9,9681	 1	 39,93	 81,64	  -7,1	   2,0	   9,5	  13,2	   7,8	   0,9
*	    10,7647	 1	 39,61	 74,55	  -7,5	   1,6	   9,1	  12,8	   7,4	   0,5
*	    11,9943	 1	 39,28	 67,85	  -8,1	   1,0	   8,5	  12,2	   6,7	  -0,1
*	    13,6232	 1	 38,95	 61,68	  -8,9	   0,2	   7,7	  11,4	   5,9	  -0,9
*	    15,6116	 1	 38,62	 56,10	  -9,9	  -0,8	   6,7	  10,5	   5,0	  -1,9
*	    17,9185	 1	 38,28	 51,12	 -10,9	  -1,8	   5,7	   9,4	   3,9	  -3,0
*	    20,5050	 1	 37,94	 46,71	 -12,0	  -2,9	   4,6	   8,3	   2,8	  -4,1
*	    23,3357	 1	 37,60	 42,84	 -13,2	  -4,1	   3,4	   7,1	   1,7	  -5,3
*	    26,3793	 1	 37,26	 39,42	 -14,3	  -5,2	   2,2	   6,0	   0,5	  -6,5
*	    29,6089	 1	 36,91	 36,41	 -15,5	  -6,4	   1,1	   4,8	  -0,7	  -7,7
*	    33,0012	 1	 36,55	 33,75	 -16,7	  -7,6	  -0,1	   3,6	  -1,9	  -8,9
*	    10,6151	 1	 43,13	 96,25	  -8,0	   1,1	   8,6	  12,3	   6,9	   0,0
*	    10,4422	 1	 42,86	 89,83	  -7,9	   1,2	   8,7	  12,5	   7,0	   0,1
*	    10,7032	 1	 42,59	 83,38	  -7,9	   1,1	   8,6	  12,4	   6,9	   0,0
*	    11,3939	 1	 42,32	 77,02	  -8,3	   0,8	   8,3	  12,0	   6,6	  -0,3
*	    12,4982	 1	 42,04	 70,92	  -8,8	   0,3	   7,8	  11,5	   6,1	  -0,8
*	    13,9907	 1	 41,76	 65,20	  -9,4	  -0,4	   7,1	  10,9	   5,4	  -1,5
*	    15,8400	 1	 41,48	 59,91	 -10,3	  -1,2	   6,3	  10,0	   4,6	  -2,3
*	    18,0117	 1	 41,19	 55,09	 -11,2	  -2,1	   5,4	   9,1	   3,6	  -3,3
*	    20,4713	 1	 40,90	 50,75	 -12,2	  -3,1	   4,4	   8,1	   2,6	  -4,3
*	    23,1859	 1	 40,61	 46,85	 -13,2	  -4,2	   3,3	   7,0	   1,6	  -5,4
*	    26,1253	 1	 40,32	 43,36	 -14,3	  -5,2	   2,2	   6,0	   0,5	  -6,5
*	    29,2627	 1	 40,03	 40,25	 -15,4	  -6,4	   1,1	   4,8	  -0,7	  -7,6
*	    32,5742	 1	 39,73	 37,46	 -16,6	  -7,5	  -0,0	   3,7	  -1,8	  -8,8
*	    17,1504	 1	177,20	 45,36	   0,9	   1,7	  -6,0	  -5,7	 -10,6	  -3,9
*	    14,1369	 1	176,15	 56,30	   3,1	   3,9	  -3,8	  -3,5	  -8,4	  -1,6
*	    12,0080	 1	175,11	 70,87	   4,9	   5,7	  -2,0	  -1,7	  -6,6	   0,2
*	    11,0536	 1	174,06	 88,42	   5,7	   6,5	  -1,2	  -0,9	  -5,8	   1,0
*	    11,3817	 1	 45,62	 96,30	  -8,8	   0,3	   7,8	  11,5	   6,1	  -0,8
*	    11,1616	 1	 45,39	 90,54	  -8,6	   0,4	   7,9	  11,7	   6,2	  -0,7
*	    11,3544	 1	 45,15	 84,73	  -8,7	   0,4	   7,9	  11,6	   6,1	  -0,7
*	    11,9576	 1	 44,92	 78,98	  -9,0	   0,1	   7,6	  11,3	   5,9	  -1,0
*	    12,9594	 1	 44,68	 73,39	  -9,4	  -0,3	   7,2	  10,9	   5,4	  -1,4
*	    14,3399	 1	 44,44	 68,08	 -10,0	  -0,9	   6,6	  10,3	   4,8	  -2,0
*	    16,0731	 1	 44,20	 63,09	 -10,7	  -1,6	   5,9	   9,6	   4,1	  -2,8
*	    18,1297	 1	 43,95	 58,46	 -11,5	  -2,5	   5,0	   8,8	   3,3	  -3,6
*	    20,4790	 1	 43,71	 54,23	 -12,5	  -3,4	   4,1	   7,8	   2,4	  -4,6
*	    23,0907	 1	 43,46	 50,36	 -13,4	  -4,4	   3,1	   6,8	   1,4	  -5,6
*	    25,9360	 1	 43,21	 46,86	 -14,5	  -5,4	   2,1	   5,8	   0,3	  -6,6
*	    28,9886	 1	 42,96	 43,70	 -15,5	  -6,4	   1,0	   4,8	  -0,7	  -7,7
*	    32,2244	 1	 42,70	 40,84	 -16,6	  -7,5	  -0,0	   3,7	  -1,8	  -8,8
*	    12,6550	 1	 67,13	 95,21	   1,8	   2,5	  -5,2	  -4,8	  -9,7	  -2,9
*	    11,8522	 1	 70,63	 94,72	   3,2	   3,9	  -3,8	  -3,4	  -8,3	  -1,5
*	    12,0387	 1	 67,02	 90,54	   2,0	   2,8	  -4,9	  -4,6	  -9,5	  -2,7
*	    11,2090	 1	 70,54	 90,29	   3,5	   4,3	  -3,4	  -3,1	  -8,0	  -1,2
*	    12,3105	 1	 66,92	 85,82	   1,8	   2,6	  -5,1	  -4,7	  -9,7	  -2,9
*	    11,5448	 1	 70,46	 85,80	   3,2	   4,0	  -3,7	  -3,4	  -8,3	  -1,5
*	    13,4431	 1	 66,81	 81,12	   1,2	   2,0	  -5,7	  -5,4	 -10,3	  -3,5
*	    12,8153	 1	 70,37	 81,34	   2,4	   3,2	  -4,5	  -4,2	  -9,1	  -2,3
*	    15,3640	 1	 66,70	 76,49	   0,2	   1,0	  -6,7	  -6,4	 -11,3	  -4,5
*	    14,9131	 1	 70,28	 76,93	   1,2	   1,9	  -5,8	  -5,4	 -10,3	  -3,6
*	    17,9770	 1	 66,60	 72,00	  -1,0	  -0,2	  -8,0	  -7,6	 -12,5	  -5,8
*	    17,7092	 1	 70,20	 72,65	  -0,3	   0,5	  -7,2	  -6,9	 -11,8	  -5,0
*	    21,1831	 1	 66,49	 67,69	  -2,4	  -1,6	  -9,4	  -9,0	 -13,9	  -7,2
*	    21,0830	 1	 70,11	 68,52	  -1,9	  -1,1	  -8,8	  -8,5	 -13,4	  -6,7
*	    28,3582	 1	 70,74	 61,87	  -4,8	  -4,0	 -11,7	 -11,4	 -16,3	  -9,7
*	    24,1608	 1	 70,83	 65,61	  -3,1	  -2,3	 -10,1	  -9,7	 -14,6	  -7,9
*	    24,0390	 1	 67,29	 64,66	  -3,5	  -2,7	 -10,4	 -10,1	 -15,0	  -8,3
*	    12,3130	 1	 47,67	 96,34	  -9,5	  -0,4	   7,1	  10,8	   5,4	  -1,5
*	    12,0476	 1	 47,46	 91,13	  -9,4	  -0,3	   7,2	  11,0	   5,5	  -1,4
*	    12,1789	 1	 47,26	 85,85	  -9,4	  -0,3	   7,2	  10,9	   5,4	  -1,4
*	    12,7056	 1	 47,05	 80,62	  -9,6	  -0,5	   7,0	  10,7	   5,2	  -1,6
*	    13,6183	 1	 46,84	 75,49	 -10,0	  -0,9	   6,6	  10,3	   4,9	  -2,0
*	    14,9007	 1	 46,63	 70,55	 -10,5	  -1,4	   6,1	   9,8	   4,3	  -2,6
*	    16,5311	 1	 46,42	 65,86	 -11,2	  -2,1	   5,4	   9,1	   3,7	  -3,2
*	    18,4840	 1	 46,21	 61,46	 -11,9	  -2,8	   4,7	   8,4	   2,9	  -4,0
*	    20,7317	 1	 46,00	 57,36	 -12,8	  -3,7	   3,8	   7,5	   2,0	  -4,9
*	    23,2464	 1	 45,78	 53,59	 -13,7	  -4,6	   2,9	   6,6	   1,1	  -5,8
*	    26,0009	 1	 45,56	 50,12	 -14,7	  -5,6	   1,9	   5,6	   0,1	  -6,8
*	    28,9697	 1	 45,34	 46,95	 -15,7	  -6,6	   0,9	   4,6	  -0,9	  -7,9
*	    32,1291	 1	 45,12	 44,05	 -16,7	  -7,6	  -0,1	   3,6	  -1,9	  -8,9
*	    12,6586	 1	 56,76	 96,46	 -12,1	  -3,0	   4,5	   8,2	   2,7	  -4,1
*	    12,2410	 1	 56,63	 92,31	 -11,9	  -2,8	   4,6	   8,4	   2,9	  -4,0
*	    12,2123	 1	 56,50	 88,10	 -11,9	  -2,8	   4,6	   8,4	   2,9	  -4,0
*	    12,5724	 1	 56,37	 83,90	 -12,1	  -3,0	   4,5	   8,2	   2,8	  -4,1
*	    13,3141	 1	 56,23	 79,72	 -12,4	  -3,3	   4,2	   7,9	   2,4	  -4,4
*	    14,4240	 1	 56,10	 75,62	 -12,9	  -3,8	   3,7	   7,5	   2,0	  -4,9
*	    15,8833	 1	 55,96	 71,63	 -13,4	  -4,3	   3,1	   6,9	   1,4	  -5,5
*	    17,6693	 1	 55,82	 67,81	 -14,1	  -5,0	   2,4	   6,2	   0,7	  -6,2
*	    19,7571	 1	 55,68	 64,14	 -14,9	  -5,8	   1,7	   5,4	  -0,1	  -7,0
*	    22,1208	 1	 55,54	 60,67	 -15,8	  -6,7	   0,8	   4,5	  -1,0	  -7,9
*	    24,7346	 1	 55,40	 57,41	 -16,7	  -7,6	  -0,1	   3,6	  -1,9	  -8,8
*	    27,5735	 1	 55,26	 54,34	 -17,7	  -8,6	  -1,1	   2,6	  -2,9	  -9,8
*	    30,6142	 1	 55,12	 51,47	 -18,6	  -9,6	  -2,1	   1,6	  -3,9	 -10,9
*	    33,8350	 1	 54,98	 48,79	 -19,7	 -10,6	  -3,1	   0,6	  -4,9	 -11,9
*	    12,6459	 1	 53,61	 96,46	 -11,1	  -2,0	   5,5	   9,2	   3,8	  -3,1
*	    12,2817	 1	 53,46	 92,00	 -10,9	  -1,8	   5,6	   9,4	   3,9	  -2,9
*	    12,3043	 1	 53,30	 87,47	 -10,9	  -1,8	   5,6	   9,4	   3,9	  -3,0
*	    12,7135	 1	 53,14	 82,95	 -11,1	  -2,0	   5,5	   9,2	   3,7	  -3,1
*	    13,5018	 1	 52,99	 78,48	 -11,4	  -2,3	   5,2	   8,9	   3,4	  -3,5
*	    14,6559	 1	 52,83	 74,12	 -11,9	  -2,8	   4,7	   8,4	   3,0	  -3,9
*	    16,1571	 1	 52,67	 69,91	 -12,5	  -3,4	   4,1	   7,8	   2,4	  -4,5
*	    17,9827	 1	 52,51	 65,88	 -13,2	  -4,1	   3,4	   7,1	   1,7	  -5,2
*	    20,1080	 1	 52,35	 62,06	 -14,0	  -4,9	   2,6	   6,3	   0,9	  -6,1
*	    22,5070	 1	 52,19	 58,48	 -14,8	  -5,7	   1,7	   5,5	  -0,0	  -6,9
*	    25,1539	 1	 52,02	 55,12	 -15,7	  -6,7	   0,8	   4,5	  -0,9	  -7,9
*	    28,0239	 1	 51,86	 52,00	 -16,7	  -7,6	  -0,1	   3,6	  -1,9	  -8,9
*	    31,0935	 1	 51,69	 49,09	 -17,7	  -8,6	  -1,1	   2,6	  -2,9	  -9,9
*	    34,3412	 1	 51,52	 46,41	 -18,7	  -9,6	  -2,2	   1,6	  -3,9	 -11,0
s	    12,5474	 1	 64,91	 89,66	  29,4	  30,2	  22,5	  22,9	  17,9	  24,7
*	    13,2434	 1	 59,29	 94,15	   0,9	   1,7	  -6,0	  -5,7	 -10,6	  -3,8
*	    12,8660	 1	 62,84	 93,59	   1,5	   2,3	  -5,4	  -5,0	 -10,0	  -3,2
*	    13,0023	 1	 59,13	 88,73	   1,0	   1,8	  -6,0	  -5,6	 -10,5	  -3,7
*	    12,6443	 1	 62,70	 88,53	   1,6	   2,4	  -5,3	  -5,0	  -9,9	  -3,1
*	    13,5454	 1	 58,97	 83,30	   0,7	   1,5	  -6,2	  -5,8	 -10,8	  -4,0
*	    13,2390	 1	 62,57	 83,46	   1,3	   2,1	  -5,6	  -5,3	 -10,2	  -3,4
*	    14,8481	 1	 58,81	 77,93	   0,2	   0,9	  -6,8	  -6,4	 -11,3	  -4,6
*	    14,6173	 1	 62,43	 78,43	   0,7	   1,4	  -6,3	  -5,9	 -10,8	  -4,1
*	    16,8611	 1	 58,65	 72,72	  -0,7	   0,1	  -7,6	  -7,2	 -12,2	  -5,4
*	    16,7179	 1	 62,30	 73,53	  -0,3	   0,5	  -7,2	  -6,9	 -11,8	  -5,0
*	    19,5183	 1	 58,48	 67,75	  -1,7	  -0,9	  -8,6	  -8,3	 -13,2	  -6,5
*	    19,4637	 1	 62,16	 68,83	  -1,4	  -0,6	  -8,3	  -8,0	 -12,9	  -6,2
*	    22,7465	 1	 58,32	 63,05	  -2,9	  -2,1	  -9,8	  -9,5	 -14,4	  -7,7
*	    22,7733	 1	 62,02	 64,36	  -2,7	  -1,9	  -9,6	  -9,3	 -14,2	  -7,5
*	    27,9688	 1	 62,69	 59,25	  -4,5	  -3,7	 -11,5	 -11,1	 -16,1	  -9,4
*	    27,7566	 1	 59,07	 57,74	  -4,6	  -3,9	 -11,6	 -11,2	 -16,2	  -9,5
*	    24,0153	 1	 62,82	 63,32	  -3,1	  -2,3	 -10,0	  -9,7	 -14,6	  -7,9
*	    23,8706	 1	 59,23	 61,96	  -3,3	  -2,5	 -10,2	  -9,9	 -14,8	  -8,1
*	    13,1135	 1	 49,76	 96,37	 -10,2	  -1,1	   6,4	  10,2	   4,7	  -2,2
*	    12,8021	 1	 49,59	 91,60	 -10,0	  -0,9	   6,6	  10,3	   4,8	  -2,0
*	    12,8768	 1	 49,41	 86,77	 -10,0	  -0,9	   6,5	  10,3	   4,8	  -2,1
*	    13,3369	 1	 49,23	 81,94	 -10,2	  -1,1	   6,4	  10,1	   4,6	  -2,3
*	    14,1746	 1	 49,04	 77,20	 -10,6	  -1,5	   6,0	   9,7	   4,3	  -2,6
*	    15,3760	 1	 48,86	 72,60	 -11,0	  -1,9	   5,5	   9,3	   3,8	  -3,1
*	    16,9217	 1	 48,67	 68,18	 -11,6	  -2,5	   4,9	   8,7	   3,2	  -3,7
*	    18,7888	 1	 48,49	 63,99	 -12,3	  -3,3	   4,2	   8,0	   2,5	  -4,4
*	    20,9520	 1	 48,30	 60,05	 -13,1	  -4,1	   3,4	   7,2	   1,7	  -5,3
*	    23,3851	 1	 48,11	 56,38	 -14,0	  -4,9	   2,5	   6,3	   0,8	  -6,2
*	    26,0623	 1	 47,92	 52,97	 -14,9	  -5,9	   1,6	   5,3	  -0,1	  -7,1
*	    28,9588	 1	 47,73	 49,81	 -15,9	  -6,8	   0,6	   4,4	  -1,1	  -8,1
*	    32,0513	 1	 47,53	 46,91	 -16,9	  -7,8	  -0,4	   3,4	  -2,1	  -9,1
*	    35,3186	 1	 47,34	 44,23	 -17,9	  -8,8	  -1,4	   2,4	  -3,2	 -10,2
s	    13,1737	 2	 65,05	 95,46	  27,3	  29,1	  22,5	  23,1	  18,2	  25,0
*	    18,6654	 1	172,41	 51,48	  -0,8	  -0,0	  -7,7	  -7,4	 -12,3	  -5,6
*	    15,9434	 1	171,58	 61,69	   0,9	   1,7	  -6,0	  -5,7	 -10,6	  -3,8
*	    14,0714	 1	170,75	 74,23	   2,2	   3,0	  -4,7	  -4,4	  -9,3	  -2,5
*	    13,2328	 1	169,93	 88,43	   2,8	   3,5	  -4,2	  -3,8	  -8,7	  -2,0
s	    13,4761	 2	 33,43	 90,79	  26,9	  26,4	  18,4	  19,5	  14,4	  21,4
s	    13,5096	 2	247,75	 95,62	  26,9	  26,4	  18,4	  19,4	  14,4	  21,4
s	    13,6441	 2	345,83	 93,39	  28,5	  24,0	   2,4	   2,7	  -2,2	  17,8
s	    14,1266	 3	247,62	101,34	  24,2	  24,8	  17,9	  19,1	  14,2	  21,2
s	    14,2598	 3	346,15	 99,09	  26,3	  22,9	   2,3	   2,9	  -2,0	  18,1
s	    14,9017	 2	 36,10	 90,61	  26,7	  26,2	  18,2	  19,3	  14,2	  21,2
s	    15,6309	 2	 42,50	 90,29	  26,6	  26,1	  18,1	  19,2	  14,2	  21,1
*	    16,4572	 1	 97,70	 92,91	   7,4	   8,2	   0,5	   0,8	  -4,1	   2,7
*	    20,0309	 1	101,13	 92,87	   4,0	   4,7	  -3,0	  -2,6	  -7,6	  -0,8
*	    15,6532	 1	 97,73	 89,41	   8,2	   9,0	   1,3	   1,6	  -3,3	   3,5
*	    19,3545	 1	101,17	 89,41	   4,4	   5,2	  -2,5	  -2,1	  -7,1	  -0,3
*	    16,3149	 1	 97,75	 85,88	   7,3	   8,0	   0,3	   0,7	  -4,2	   2,5
*	    19,8518	 1	101,21	 85,93	   3,9	   4,7	  -3,0	  -2,7	  -7,6	  -0,9
*	    18,2208	 1	 97,78	 82,36	   5,2	   6,0	  -1,8	  -1,4	  -6,3	   0,4
*	    21,4143	 1	101,25	 82,44	   2,5	   3,3	  -4,4	  -4,1	  -9,0	  -2,3
*	    20,9997	 1	 97,81	 78,88	   2,7	   3,5	  -4,2	  -3,9	  -8,8	  -2,1
*	    23,8251	 1	101,29	 79,01	   0,7	   1,5	  -6,2	  -5,9	 -10,8	  -4,1
*	    24,3730	 1	 97,84	 75,45	   0,3	   1,0	  -6,7	  -6,3	 -11,3	  -4,5
*	    26,8766	 1	101,33	 75,61	  -1,2	  -0,4	  -8,2	  -7,8	 -12,7	  -6,0
*	    28,1757	 1	 97,86	 72,11	  -2,0	  -1,2	  -9,0	  -8,6	 -13,5	  -6,9
*	    30,4157	 1	101,37	 72,30	  -3,1	  -2,4	 -10,1	  -9,7	 -14,7	  -8,0
*	    31,8511	 1	 98,73	 69,57	  -3,9	  -3,1	 -10,8	 -10,5	 -15,4	  -8,8
*	    20,5932	 1	169,36	 56,39	  -2,5	  -1,8	  -9,5	  -9,1	 -14,1	  -7,3
*	    18,1107	 1	168,68	 65,71	  -1,2	  -0,4	  -8,1	  -7,8	 -12,7	  -6,0
*	    16,4294	 1	168,00	 76,58	  -0,2	   0,5	  -7,2	  -6,8	 -11,7	  -5,0
*	    15,6708	 1	167,32	 88,45	   0,2	   1,0	  -6,8	  -6,4	 -11,3	  -4,6
s	    16,2284	 3	 42,74	 95,83	  23,9	  24,5	  17,6	  18,9	  13,9	  20,9
s	    16,5119	 3	269,97	 95,75	  24,0	  22,4	  14,0	  15,8	  10,7	  17,8
*	    17,4643	 1	193,75	 29,83	   0,3	   1,0	  -6,7	  -6,3	 -11,2	  -4,5
*	    17,4646	 1	193,72	 29,85	   0,2	   1,0	  -6,7	  -6,4	 -11,3	  -4,6
*	    22,8707	 1	167,33	 60,30	  -4,3	  -3,6	 -11,3	 -10,9	 -15,9	  -9,1
*	    20,5834	 1	166,75	 68,77	  -3,2	  -2,5	 -10,2	  -9,8	 -14,8	  -8,0
*	    19,0477	 1	166,17	 78,30	  -2,5	  -1,7	  -9,4	  -9,1	 -14,0	  -7,2
*	    18,3478	 1	165,60	 88,48	  -2,1	  -1,4	  -9,1	  -8,7	 -13,7	  -6,9
*	    20,6686	 1	171,35	 50,06	  -3,7	  -3,0	 -10,7	 -10,3	 -15,3	  -8,5
*	    20,7412	 1	164,76	 86,06	  -4,0	  -3,3	 -11,0	 -10,6	 -15,5	  -8,8
*	    21,6153	 1	165,27	 77,02	  -4,4	  -3,6	 -11,4	 -11,0	 -15,9	  -9,2
s	    21,9791	 1	 90,00	 40,95	  27,9	  31,3	  21,3	  21,6	  25,2	  22,5
*	    26,4281	 1	107,10	 13,85	   8,4	  11,8	   1,8	   2,1	   5,6	   3,0
*	    23,0078	 1	 82,14	 30,09	   8,6	  11,9	   2,0	   2,3	   5,8	   3,2
*	    22,9265	 1	 75,95	 42,82	   8,1	  11,5	   1,5	   1,8	   5,4	   2,7
*	    25,8271	 1	 73,23	 51,70	   7,3	  10,6	   0,6	   1,0	   4,5	   1,8
*	    27,6243	 1	137,42	 29,66	   7,4	  10,7	   0,8	   1,1	   4,6	   1,9
*	    23,4755	 1	110,06	 37,38	   8,1	  11,5	   1,5	   1,8	   5,4	   2,7
*	    22,5238	 1	 96,11	 46,22	   8,2	  11,6	   1,6	   2,0	   5,5	   2,8
*	    24,6189	 1	 88,53	 53,39	   8,0	  11,3	   1,3	   1,7	   5,2	   2,5
*	    30,0816	 1	 83,93	 58,79	   6,9	  10,2	   0,3	   0,6	   4,1	   1,4
*	    33,0455	 1	144,99	 42,85	   5,1	   8,5	  -1,5	  -1,2	   2,3	  -0,4
*	    28,3431	 1	124,82	 46,30	   6,3	   9,6	  -0,4	  -0,0	   3,5	   0,8
*	    26,6608	 1	110,61	 51,42	   6,9	  10,3	   0,3	   0,6	   4,2	   1,5
*	    28,0581	 1	101,15	 56,39	   7,1	  10,4	   0,4	   0,8	   4,3	   1,6
*	    32,9491	 1	 94,72	 60,60	   6,3	   9,7	  -0,3	   0,0	   3,5	   0,8
*	    41,7481	 1	148,27	 52,15	   2,3	   5,6	  -4,3	  -4,0	  -0,5	  -3,3
*	    36,8616	 1	132,90	 53,72	   3,6	   6,9	  -3,0	  -2,7	   0,8	  -2,0
*	    34,8383	 1	120,38	 56,57	   4,4	   7,8	  -2,2	  -1,9	   1,6	  -1,1
*	    35,8667	 1	110,84	 59,80	   4,7	   8,0	  -1,9	  -1,6	   1,9	  -0,8
*	    48,2076	 1	137,80	 59,37	   0,4	   3,8	  -6,2	  -5,9	  -2,4	  -5,2
*	    46,1775	 1	127,04	 60,99	   1,2	   4,6	  -5,4	  -5,1	  -1,6	  -4,4
s	    22,5985	 2	225,45	 47,01	  25,4	  27,5	  17,2	  18,3	  21,7	  19,3
s	    23,0718	 2	318,51	 47,21	  27,0	  25,1	   1,2	   1,5	   5,0	  15,6
*	    35,2945	 1	109,92	 73,84	  -3,3	  -2,6	 -10,3	  -9,9	 -14,9	  -8,3
*	    32,7312	 1	106,43	 73,72	  -2,1	  -1,3	  -9,0	  -8,7	 -13,6	  -7,0
*	    32,5302	 1	109,85	 77,14	  -2,1	  -1,3	  -9,1	  -8,7	 -13,7	  -7,0
*	    29,7428	 1	106,38	 77,03	  -0,6	   0,2	  -7,6	  -7,2	 -12,1	  -5,5
*	    30,3302	 1	109,78	 80,50	  -1,0	  -0,3	  -8,0	  -7,6	 -12,6	  -5,9
*	    27,3213	 1	106,32	 80,41	   0,7	   1,5	  -6,2	  -5,9	 -10,8	  -4,1
*	    28,7880	 1	109,72	 83,90	  -0,2	   0,5	  -7,2	  -6,8	 -11,8	  -5,1
*	    25,5886	 1	106,27	 83,83	   1,8	   2,6	  -5,1	  -4,8	  -9,7	  -3,0
*	    27,9905	 1	109,65	 87,33	   0,3	   1,0	  -6,7	  -6,4	 -11,3	  -4,6
*	    24,6691	 1	106,21	 87,28	   2,4	   3,2	  -4,5	  -4,2	  -9,1	  -2,4
*	    27,9959	 1	109,59	 90,75	   0,3	   1,1	  -6,6	  -6,3	 -11,2	  -4,6
*	    24,6527	 1	106,16	 90,71	   2,5	   3,3	  -4,4	  -4,1	  -9,0	  -2,3
*	    36,7712	 1	106,50	 70,00	  -3,8	  -3,1	 -10,8	 -10,5	 -15,4	  -8,8
*	    30,2324	 1	174,87	 40,81	 -13,6	  -8,8	   4,3	   5,6	   2,5	  -2,3
*	    28,2640	 1	178,92	 34,55	 -12,5	  -7,7	   5,4	   6,7	   3,6	  -1,1
*	    26,9083	 1	185,71	 27,38	 -11,5	  -6,8	   6,3	   7,6	   4,6	  -0,2
*	    26,2609	 1	198,86	 19,84	 -10,9	  -6,1	   7,0	   8,3	   5,2	   0,5
s	    26,6350	 2	 85,92	 44,39	  26,6	  24,7	   0,7	   1,1	   4,6	  15,2
s	    26,7617	 2	 90,00	 37,61	  25,3	  29,7	  20,8	  21,4	  24,9	  22,3
s	    27,0652	 3	 86,32	129,42	  25,8	  23,7	  -0,8	  -1,2	   2,0	  12,1
s	    27,0951	 3	323,88	139,80	  25,5	  23,9	   0,1	   0,6	   4,3	  14,9
s	    27,3082	 3	228,82	 50,53	  24,0	  21,0	  -3,3	  -2,3	   1,2	  11,9
s	    27,3433	 3	225,72	 43,67	  22,8	  25,9	  16,7	  18,0	  21,5	  19,0
*	    27,4671	 1	186,22	 30,71	 -15,2	  -8,2	  -0,8	  -0,2	  -5,1	 -11,6
s	    27,7512	 3	322,50	 50,33	  25,6	  18,6	 -19,4	 -19,0	 -15,5	   8,2
s	    27,7881	 3	318,22	 43,87	  24,4	  23,5	   0,7	   1,3	   4,8	  15,4
s	    31,1468	 3	 85,89	 41,04	  24,0	  23,2	   0,3	   0,9	   4,4	  15,0
s	    31,2369	 2	 63,65	 47,56	  26,1	  24,2	   0,2	   0,6	   4,1	  14,6
*	    40,4472	 1	117,61	 73,94	  -3,8	  -3,1	 -10,8	 -10,5	 -15,4	  -8,8
*	    38,1610	 1	114,14	 73,88	  -2,8	  -2,0	  -9,8	  -9,4	 -14,4	  -7,8
*	    38,0501	 1	117,52	 77,25	  -3,0	  -2,2	  -9,9	  -9,6	 -14,5	  -7,9
*	    35,6123	 1	114,06	 77,18	  -1,8	  -1,0	  -8,8	  -8,4	 -13,4	  -6,7
*	    36,1890	 1	117,42	 80,61	  -2,2	  -1,5	  -9,2	  -8,9	 -13,8	  -7,2
*	    33,6138	 1	113,97	 80,55	  -0,9	  -0,2	  -7,9	  -7,6	 -12,5	  -5,9
*	    34,9189	 1	117,33	 84,03	  -1,7	  -1,0	  -8,7	  -8,3	 -13,3	  -6,6
*	    32,2349	 1	113,89	 83,95	  -0,3	   0,4	  -7,3	  -6,9	 -11,9	  -5,2
*	    34,2851	 1	117,24	 87,48	  -1,4	  -0,7	  -8,4	  -8,0	 -13,0	  -6,4
*	    31,5352	 1	113,81	 87,38	   0,0	   0,8	  -6,9	  -6,6	 -11,5	  -4,9
*	    34,3148	 1	117,15	 90,91	  -1,4	  -0,6	  -8,4	  -8,0	 -13,0	  -6,3
*	    31,5522	 1	113,74	 90,82	   0,1	   0,8	  -6,9	  -6,5	 -11,5	  -4,8
s	    31,9564	 3	 31,03	 49,18	  23,5	  20,5	  -3,8	  -2,8	   0,6	  11,3
s	    31,9825	 3	248,77	 53,98	  23,5	  20,5	  -3,8	  -2,8	   0,6	  11,3
s	    32,0871	 3	343,15	 51,88	  25,2	  18,1	 -19,8	 -19,5	 -16,0	   7,7
s	    33,0691	 3	 33,82	 49,66	  23,4	  20,3	  -3,9	  -2,9	   0,5	  11,2
*	    35,7231	 1	121,24	 92,69	  -9,8	  -0,7	   6,7	  10,4	   4,9	  -2,1
*	    35,4304	 1	121,32	 90,20	  -9,7	  -0,7	   6,8	  10,5	   5,0	  -2,0
*	    35,4527	 1	121,39	 87,69	  -9,8	  -0,7	   6,8	  10,5	   5,0	  -2,0
*	    35,7885	 1	121,47	 85,20	  -9,9	  -0,8	   6,7	  10,4	   4,9	  -2,2
*	    36,4314	 1	121,54	 82,70	 -10,2	  -1,1	   6,4	  10,1	   4,6	  -2,4
*	    37,3710	 1	121,62	 80,22	 -10,5	  -1,4	   6,1	   9,8	   4,3	  -2,8
*	    38,5937	 1	121,69	 77,76	 -10,9	  -1,9	   5,6	   9,3	   3,8	  -3,2
*	    40,0836	 1	121,77	 75,35	 -11,5	  -2,4	   5,1	   8,8	   3,3	  -3,8
*	    41,8235	 1	121,84	 72,98	 -12,0	  -3,0	   4,5	   8,2	   2,7	  -4,4
*	    43,7959	 1	121,92	 70,65	 -12,7	  -3,6	   3,9	   7,6	   2,1	  -5,0
*	    45,9831	 1	122,00	 68,37	 -13,4	  -4,3	   3,2	   6,9	   1,4	  -5,7
*	    48,3684	 1	122,08	 66,16	 -14,1	  -5,0	   2,5	   6,2	   0,7	  -6,5
*	    50,9357	 1	122,15	 64,01	 -14,8	  -5,7	   1,7	   5,4	  -0,1	  -7,2
s	    35,5089	 3	 63,49	 44,24	  23,5	  22,7	  -0,1	   0,4	   4,0	  14,5
s	    37,4905	 1	124,24	 89,18	  25,6	  29,7	  35,2	  34,6	  30,0	  24,0
*	    37,7368	 1	123,81	 92,34	 -10,4	  -1,3	   6,2	   9,9	   4,4	  -2,7
*	    37,5042	 1	123,89	 89,85	 -10,3	  -1,2	   6,2	  10,0	   4,4	  -2,6
*	    37,5726	 1	123,97	 87,34	 -10,4	  -1,3	   6,2	   9,9	   4,4	  -2,6
*	    37,9400	 1	124,05	 84,83	 -10,5	  -1,4	   6,1	   9,8	   4,3	  -2,8
*	    38,6007	 1	124,13	 82,33	 -10,7	  -1,6	   5,8	   9,5	   4,0	  -3,0
*	    39,5455	 1	124,21	 79,85	 -11,1	  -2,0	   5,5	   9,2	   3,7	  -3,4
*	    40,7623	 1	124,30	 77,40	 -11,5	  -2,4	   5,1	   8,8	   3,3	  -3,8
*	    42,2373	 1	124,38	 74,98	 -12,0	  -2,9	   4,6	   8,3	   2,8	  -4,3
*	    43,9551	 1	124,46	 72,61	 -12,5	  -3,4	   4,1	   7,8	   2,2	  -4,8
*	    45,9001	 1	124,54	 70,29	 -13,1	  -4,0	   3,5	   7,2	   1,6	  -5,5
*	    48,0562	 1	124,63	 68,02	 -13,7	  -4,6	   2,8	   6,5	   1,0	  -6,1
*	    50,4081	 1	124,71	 65,82	 -14,4	  -5,3	   2,1	   5,8	   0,3	  -6,8
*	    52,9407	 1	124,79	 63,68	 -15,1	  -6,0	   1,4	   5,1	  -0,4	  -7,5
s	    38,1691	 3	 40,16	 46,11	  23,1	  22,9	  15,1	  16,4	  11,3	  18,1
*	    40,2840	 1	127,33	 92,05	 -11,1	  -2,0	   5,5	   9,2	   3,7	  -3,4
*	    40,1064	 1	127,42	 89,53	 -11,0	  -1,9	   5,5	   9,2	   3,7	  -3,3
*	    40,2142	 1	127,51	 87,01	 -11,1	  -2,0	   5,5	   9,2	   3,7	  -3,4
*	    40,6053	 1	127,60	 84,49	 -11,2	  -2,1	   5,3	   9,1	   3,5	  -3,5
*	    41,2747	 1	127,68	 81,98	 -11,4	  -2,4	   5,1	   8,8	   3,3	  -3,7
*	    42,2146	 1	127,77	 79,49	 -11,7	  -2,7	   4,8	   8,5	   3,0	  -4,1
*	    43,4147	 1	127,86	 77,03	 -12,1	  -3,0	   4,4	   8,1	   2,6	  -4,4
*	    44,8631	 1	127,95	 74,61	 -12,6	  -3,5	   4,0	   7,7	   2,2	  -4,9
*	    46,5466	 1	128,04	 72,24	 -13,1	  -4,0	   3,5	   7,2	   1,7	  -5,4
*	    48,4514	 1	128,13	 69,91	 -13,6	  -4,5	   2,9	   6,6	   1,1	  -6,0
*	    50,5634	 1	128,22	 67,64	 -14,2	  -5,1	   2,3	   6,1	   0,5	  -6,6
*	    52,8685	 1	128,31	 65,45	 -14,8	  -5,7	   1,7	   5,4	  -0,1	  -7,3
*	    55,3531	 1	128,41	 63,30	 -15,5	  -6,4	   1,1	   4,8	  -0,8	  -7,9
s	    40,5114	 2	  7,39	 91,41	  22,8	  25,8	  30,9	  31,0	  26,3	  20,5
*	    40,9355	 1	129,60	 91,75	 -11,4	  -2,3	   5,2	   8,9	   3,4	  -3,7
*	    40,8062	 1	129,69	 89,20	 -11,4	  -2,3	   5,2	   8,9	   3,4	  -3,7
*	    40,9562	 1	129,78	 86,63	 -11,4	  -2,3	   5,1	   8,9	   3,3	  -3,7
*	    41,3834	 1	129,88	 84,08	 -11,5	  -2,5	   5,0	   8,7	   3,2	  -3,9
*	    42,0828	 1	129,97	 81,52	 -11,8	  -2,7	   4,8	   8,5	   3,0	  -4,1
*	    43,0468	 1	130,07	 79,01	 -12,1	  -3,0	   4,5	   8,2	   2,7	  -4,4
*	    44,2658	 1	130,16	 76,52	 -12,4	  -3,4	   4,1	   7,8	   2,3	  -4,8
*	    45,7284	 1	130,26	 74,07	 -12,9	  -3,8	   3,7	   7,4	   1,9	  -5,2
*	    47,4223	 1	130,35	 71,67	 -13,4	  -4,3	   3,2	   6,9	   1,4	  -5,7
*	    49,3342	 1	130,45	 69,33	 -13,9	  -4,8	   2,7	   6,4	   0,8	  -6,3
*	    51,4508	 1	130,55	 67,04	 -14,5	  -5,4	   2,1	   5,8	   0,2	  -6,9
*	    53,7587	 1	130,64	 64,83	 -15,1	  -6,0	   1,5	   5,2	  -0,4	  -7,5
*	    56,2445	 1	130,74	 62,68	 -15,7	  -6,6	   0,8	   4,5	  -1,0	  -8,2
*	    40,9475	 1	128,21	 91,12	  -2,2	  -1,5	  -9,2	  -8,8	 -13,8	  -7,2
*	    40,9316	 1	128,34	 87,55	  -2,2	  -1,5	  -9,2	  -8,9	 -13,8	  -7,2
*	    41,4771	 1	128,46	 83,98	  -2,4	  -1,7	  -9,4	  -9,0	 -14,0	  -7,4
*	    42,5706	 1	128,59	 80,44	  -2,8	  -2,0	  -9,7	  -9,4	 -14,4	  -7,8
*	    44,1880	 1	128,72	 76,96	  -3,3	  -2,5	 -10,2	  -9,9	 -14,9	  -8,3
*	    46,2979	 1	128,85	 73,55	  -3,9	  -3,1	 -10,9	 -10,5	 -15,5	  -8,9
*	    41,3940	 1	131,95	 91,46	 -11,7	  -2,6	   4,9	   8,6	   3,1	  -4,0
*	    41,3105	 1	132,05	 88,86	 -11,6	  -2,6	   4,9	   8,6	   3,1	  -4,0
*	    41,5016	 1	132,15	 86,24	 -11,7	  -2,6	   4,8	   8,6	   3,0	  -4,0
*	    41,9648	 1	132,25	 83,64	 -11,9	  -2,8	   4,7	   8,4	   2,9	  -4,2
*	    42,6951	 1	132,35	 81,05	 -12,1	  -3,0	   4,5	   8,2	   2,7	  -4,4
*	    43,6852	 1	132,46	 78,49	 -12,4	  -3,3	   4,2	   7,9	   2,4	  -4,7
*	    44,9259	 1	132,56	 75,96	 -12,7	  -3,7	   3,8	   7,5	   2,0	  -5,1
*	    46,4064	 1	132,66	 73,47	 -13,2	  -4,1	   3,4	   7,1	   1,6	  -5,5
*	    48,1148	 1	132,76	 71,04	 -13,6	  -4,6	   2,9	   6,6	   1,1	  -6,0
*	    50,0386	 1	132,87	 68,67	 -14,2	  -5,1	   2,4	   6,1	   0,5	  -6,6
*	    52,1648	 1	132,97	 66,37	 -14,7	  -5,7	   1,8	   5,5	  -0,0	  -7,2
*	    54,4805	 1	133,07	 64,13	 -15,3	  -6,3	   1,2	   4,9	  -0,6	  -7,8
*	    56,9729	 1	133,18	 61,98	 -16,0	  -6,9	   0,6	   4,3	  -1,3	  -8,4
*	    41,7107	 1	158,59	 88,48	 -14,5	  -5,5	   2,0	   5,7	   0,2	  -6,9
*	    42,0077	 1	158,77	 84,98	 -14,6	  -5,5	   1,9	   5,6	   0,1	  -6,9
*	    42,5712	 1	158,96	 81,50	 -14,8	  -5,7	   1,8	   5,5	  -0,0	  -7,1
*	    43,3966	 1	159,15	 78,08	 -15,0	  -5,9	   1,5	   5,3	  -0,3	  -7,3
*	    44,4770	 1	159,34	 74,74	 -15,3	  -6,2	   1,2	   5,0	  -0,6	  -7,7
*	    45,8035	 1	159,53	 71,49	 -15,7	  -6,6	   0,9	   4,6	  -0,9	  -8,0
*	    47,3658	 1	159,72	 68,35	 -16,1	  -7,0	   0,4	   4,2	  -1,4	  -8,5
*	    49,1526	 1	159,91	 65,33	 -16,6	  -7,5	  -0,0	   3,7	  -1,9	  -9,0
*	    51,1516	 1	160,10	 62,45	 -17,1	  -8,0	  -0,6	   3,1	  -2,4	  -9,5
*	    53,3502	 1	160,29	 59,71	 -17,7	  -8,6	  -1,1	   2,6	  -3,0	 -10,1
*	    55,7356	 1	160,48	 57,10	 -18,3	  -9,2	  -1,7	   2,0	  -3,6	 -10,7
*	    58,2953	 1	160,67	 54,64	 -18,9	  -9,8	  -2,4	   1,3	  -4,2	 -11,4
*	    42,1142	 1	134,60	 91,17	 -12,0	  -2,9	   4,5	   8,3	   2,7	  -4,3
*	    42,0748	 1	134,70	 88,52	 -12,0	  -2,9	   4,5	   8,3	   2,7	  -4,3
*	    42,3047	 1	134,81	 85,85	 -12,1	  -3,0	   4,5	   8,2	   2,7	  -4,4
*	    42,8014	 1	134,92	 83,19	 -12,2	  -3,1	   4,3	   8,0	   2,5	  -4,6
*	    43,5599	 1	135,03	 80,56	 -12,5	  -3,4	   4,1	   7,8	   2,3	  -4,8
*	    44,5733	 1	135,14	 77,96	 -12,7	  -3,7	   3,8	   7,5	   2,0	  -5,1
*	    45,8327	 1	135,24	 75,40	 -13,1	  -4,0	   3,4	   7,2	   1,6	  -5,5
*	    47,3279	 1	135,35	 72,88	 -13,5	  -4,4	   3,0	   6,7	   1,2	  -5,9
*	    49,0475	 1	135,46	 70,42	 -14,0	  -4,9	   2,6	   6,3	   0,7	  -6,4
*	    50,9795	 1	135,57	 68,02	 -14,5	  -5,4	   2,0	   5,7	   0,2	  -6,9
*	    53,1117	 1	135,68	 65,70	 -15,1	  -6,0	   1,5	   5,2	  -0,4	  -7,5
*	    55,4313	 1	135,80	 63,44	 -15,7	  -6,6	   0,9	   4,6	  -0,9	  -8,1
*	    57,9262	 1	135,91	 61,27	 -16,3	  -7,2	   0,3	   4,0	  -1,6	  -8,8
*	    42,2181	 1	154,53	 88,86	 -14,1	  -5,0	   2,5	   6,2	   0,7	  -6,4
*	    42,4708	 1	154,70	 85,55	 -14,2	  -5,1	   2,4	   6,1	   0,6	  -6,5
*	    42,9866	 1	154,87	 82,25	 -14,3	  -5,2	   2,3	   6,0	   0,4	  -6,6
*	    43,7613	 1	155,04	 78,99	 -14,5	  -5,4	   2,0	   5,8	   0,2	  -6,8
*	    44,7888	 1	155,22	 75,80	 -14,8	  -5,7	   1,8	   5,5	  -0,1	  -7,1
*	    46,0609	 1	155,39	 72,68	 -15,1	  -6,1	   1,4	   5,1	  -0,4	  -7,5
*	    47,5681	 1	155,56	 69,65	 -15,5	  -6,5	   1,0	   4,7	  -0,8	  -7,9
*	    49,2996	 1	155,74	 66,75	 -16,0	  -6,9	   0,5	   4,3	  -1,3	  -8,4
*	    51,2439	 1	155,91	 63,94	 -16,5	  -7,4	   0,0	   3,7	  -1,8	  -8,9
*	    53,3889	 1	156,09	 61,25	 -17,1	  -8,0	  -0,5	   3,2	  -2,3	  -9,5
*	    55,7223	 1	156,27	 58,70	 -17,6	  -8,6	  -1,1	   2,6	  -2,9	 -10,1
*	    58,2320	 1	156,44	 56,27	 -18,2	  -9,2	  -1,7	   2,0	  -3,5	 -10,7
*	    42,6744	 1	137,21	 90,88	 -12,3	  -3,2	   4,2	   7,9	   2,4	  -4,6
*	    42,6777	 1	137,32	 88,17	 -12,3	  -3,2	   4,2	   7,9	   2,4	  -4,7
*	    42,9462	 1	137,44	 85,44	 -12,4	  -3,3	   4,1	   7,9	   2,3	  -4,7
*	    43,4773	 1	137,55	 82,74	 -12,6	  -3,5	   4,0	   7,7	   2,2	  -4,9
*	    44,2662	 1	137,67	 80,05	 -12,8	  -3,7	   3,8	   7,5	   1,9	  -5,1
*	    45,3059	 1	137,78	 77,41	 -13,1	  -4,0	   3,5	   7,2	   1,7	  -5,4
*	    46,5880	 1	137,90	 74,80	 -13,4	  -4,4	   3,1	   6,8	   1,3	  -5,8
*	    48,1024	 1	138,02	 72,24	 -13,9	  -4,8	   2,7	   6,4	   0,9	  -6,2
*	    49,8384	 1	138,13	 69,75	 -14,3	  -5,2	   2,2	   5,9	   0,4	  -6,7
*	    51,7842	 1	138,25	 67,33	 -14,8	  -5,7	   1,7	   5,4	  -0,1	  -7,2
*	    53,9279	 1	138,37	 64,98	 -15,4	  -6,3	   1,2	   4,9	  -0,7	  -7,8
*	    56,2574	 1	138,49	 62,71	 -16,0	  -6,9	   0,6	   4,3	  -1,3	  -8,4
*	    58,7605	 1	138,61	 60,52	 -16,6	  -7,5	  -0,0	   3,7	  -1,9	  -9,1
*	    42,7211	 1	151,17	 89,24	 -13,8	  -4,7	   2,8	   6,5	   1,0	  -6,1
*	    42,9308	 1	151,33	 86,07	 -13,8	  -4,7	   2,7	   6,5	   0,9	  -6,1
*	    43,4013	 1	151,49	 82,92	 -13,9	  -4,9	   2,6	   6,3	   0,8	  -6,3
*	    44,1288	 1	151,65	 79,79	 -14,1	  -5,1	   2,4	   6,1	   0,6	  -6,5
*	    45,1077	 1	151,81	 76,71	 -14,4	  -5,3	   2,1	   5,9	   0,3	  -6,8
*	    46,3302	 1	151,97	 73,71	 -14,7	  -5,7	   1,8	   5,5	   0,0	  -7,1
*	    47,7874	 1	152,13	 70,79	 -15,1	  -6,0	   1,4	   5,1	  -0,4	  -7,5
*	    49,4691	 1	152,29	 67,95	 -15,6	  -6,5	   1,0	   4,7	  -0,8	  -8,0
*	    51,3642	 1	152,46	 65,22	 -16,1	  -7,0	   0,5	   4,2	  -1,3	  -8,5
*	    53,4610	 1	152,62	 62,59	 -16,6	  -7,5	  -0,0	   3,7	  -1,9	  -9,0
*	    55,7477	 1	152,78	 60,09	 -17,1	  -8,1	  -0,6	   3,1	  -2,4	  -9,6
*	    58,2122	 1	152,95	 57,68	 -17,7	  -8,7	  -1,2	   2,5	  -3,0	 -10,2
*	    43,7395	 1	139,85	 90,55	 -12,7	  -3,6	   3,9	   7,6	   2,0	  -5,0
*	    43,7844	 1	139,97	 87,80	 -12,7	  -3,6	   3,8	   7,6	   2,0	  -5,0
*	    44,0898	 1	140,09	 85,04	 -12,8	  -3,7	   3,7	   7,5	   1,9	  -5,1
*	    44,6530	 1	140,21	 82,29	 -13,0	  -3,9	   3,6	   7,3	   1,8	  -5,3
*	    45,4691	 1	140,33	 79,58	 -13,2	  -4,1	   3,4	   7,1	   1,5	  -5,5
*	    46,5314	 1	140,45	 76,90	 -13,5	  -4,4	   3,1	   6,8	   1,3	  -5,8
*	    47,8318	 1	140,58	 74,27	 -13,8	  -4,7	   2,7	   6,4	   0,9	  -6,2
*	    49,3607	 1	140,70	 71,69	 -14,2	  -5,2	   2,3	   6,0	   0,5	  -6,6
*	    51,1076	 1	140,82	 69,19	 -14,7	  -5,6	   1,8	   5,6	   0,0	  -7,1
*	    53,0612	 1	140,95	 66,75	 -15,2	  -6,1	   1,3	   5,1	  -0,5	  -7,6
*	    55,2100	 1	141,07	 64,39	 -15,7	  -6,7	   0,8	   4,5	  -1,0	  -8,2
*	    57,5423	 1	141,20	 62,11	 -16,3	  -7,2	   0,2	   3,9	  -1,6	  -8,8
*	    43,9301	 1	148,33	 89,60	 -13,6	  -4,5	   3,0	   6,7	   1,2	  -5,9
*	    44,0967	 1	148,47	 86,58	 -13,6	  -4,5	   2,9	   6,7	   1,1	  -5,9
*	    44,5206	 1	148,62	 83,58	 -13,7	  -4,6	   2,8	   6,5	   1,0	  -6,1
*	    45,1984	 1	148,77	 80,59	 -13,9	  -4,8	   2,6	   6,4	   0,8	  -6,3
*	    46,1249	 1	148,92	 77,65	 -14,2	  -5,1	   2,4	   6,1	   0,6	  -6,5
*	    47,2930	 1	149,07	 74,76	 -14,5	  -5,4	   2,1	   5,8	   0,3	  -6,8
*	    48,6944	 1	149,22	 71,95	 -14,8	  -5,8	   1,7	   5,4	  -0,1	  -7,2
*	    50,3193	 1	149,37	 69,21	 -15,3	  -6,2	   1,3	   5,0	  -0,5	  -7,7
*	    52,1572	 1	149,52	 66,56	 -15,7	  -6,6	   0,8	   4,5	  -1,0	  -8,1
*	    54,1969	 1	149,67	 64,01	 -16,2	  -7,2	   0,3	   4,0	  -1,5	  -8,7
*	    56,4271	 1	149,82	 61,55	 -16,8	  -7,7	  -0,2	   3,5	  -2,1	  -9,2
*	    58,8360	 1	149,97	 59,19	 -17,4	  -8,3	  -0,8	   2,9	  -2,7	  -9,8
*	    43,9660	 1	142,59	 90,24	 -13,0	  -3,9	   3,6	   7,3	   1,8	  -5,3
*	    44,0514	 1	142,72	 87,42	 -13,0	  -3,9	   3,5	   7,2	   1,7	  -5,4
*	    44,3954	 1	142,84	 84,59	 -13,1	  -4,0	   3,4	   7,2	   1,6	  -5,5
*	    44,9950	 1	142,97	 81,77	 -13,3	  -4,2	   3,3	   7,0	   1,5	  -5,6
*	    45,8453	 1	143,10	 78,99	 -13,5	  -4,4	   3,0	   6,8	   1,2	  -5,9
*	    46,9395	 1	143,24	 76,26	 -13,8	  -4,7	   2,7	   6,5	   0,9	  -6,2
*	    48,2695	 1	143,37	 73,57	 -14,2	  -5,1	   2,4	   6,1	   0,6	  -6,5
*	    49,8259	 1	143,50	 70,95	 -14,6	  -5,5	   2,0	   5,7	   0,2	  -7,0
*	    51,5981	 1	143,63	 68,39	 -15,0	  -5,9	   1,5	   5,2	  -0,3	  -7,4
*	    53,5753	 1	143,76	 65,92	 -15,5	  -6,4	   1,0	   4,7	  -0,8	  -8,0
*	    55,7459	 1	143,90	 63,53	 -16,1	  -7,0	   0,5	   4,2	  -1,4	  -8,5
*	    58,0983	 1	144,03	 61,23	 -16,6	  -7,6	  -0,1	   3,6	  -1,9	  -9,1
*	    44,1491	 1	145,34	 89,92	 -13,3	  -4,2	   3,3	   7,0	   1,5	  -5,6
*	    44,2751	 1	145,48	 87,01	 -13,3	  -4,2	   3,2	   6,9	   1,4	  -5,7
*	    44,6582	 1	145,62	 84,11	 -13,4	  -4,3	   3,1	   6,8	   1,3	  -5,8
*	    45,2952	 1	145,75	 81,23	 -13,6	  -4,5	   3,0	   6,7	   1,1	  -5,9
*	    46,1813	 1	145,89	 78,38	 -13,8	  -4,8	   2,7	   6,4	   0,9	  -6,2
*	    47,3095	 1	146,03	 75,57	 -14,1	  -5,1	   2,4	   6,1	   0,6	  -6,5
*	    48,6717	 1	146,17	 72,82	 -14,5	  -5,4	   2,1	   5,8	   0,2	  -6,9
*	    50,2583	 1	146,31	 70,16	 -14,9	  -5,8	   1,6	   5,3	  -0,2	  -7,3
*	    52,0590	 1	146,45	 67,57	 -15,4	  -6,3	   1,2	   4,9	  -0,7	  -7,8
*	    54,0629	 1	146,59	 65,05	 -15,9	  -6,8	   0,7	   4,4	  -1,2	  -8,3
*	    56,2584	 1	146,73	 62,64	 -16,4	  -7,3	   0,1	   3,8	  -1,7	  -8,9
*	    58,6342	 1	146,88	 60,32	 -17,0	  -7,9	  -0,4	   3,3	  -2,3	  -9,5
s	    44,5067	 1	146,45	 89,94	  25,9	  26,7	  18,9	  19,3	  14,3	  20,9
s	    48,5918	 3	 97,86	 92,17	  22,1	  23,6	  16,3	  14,9	   8,6	  15,0
s	    51,7363	 2	125,43	 56,72	  23,1	  24,7	  13,9	  13,3	  17,1	  14,9
s	    54,3494	 3	  5,42	 59,88	  20,5	  20,8	   9,7	   9,8	  13,5	  11,4
s	    55,1865	 3	125,57	 53,70	  20,1	  23,3	  14,1	  15,3	  18,8	  16,1
s	    61,1000	 3	148,25	 56,61	  21,3	  20,5	  -2,4	  -1,9	   1,6	  12,0
s	    78,9968	 2	101,00	 88,07	  22,4	  22,8	  14,4	  12,8	   6,4	  12,5
s	    79,7906	 3	211,88	 93,01	  19,9	  19,1	  10,4	   9,4	   3,0	   9,3
s	    80,6612	 3	310,64	 93,76	  21,5	  16,7	  -5,7	  -7,3	 -13,7	   5,6
s	    91,2410	 3	102,24	 87,97	  20,9	  16,2	  -6,1	  -6,5	 -11,9	   7,1
s	    91,5871	 3	101,47	 87,96	  20,9	  16,2	  -6,1	  -6,5	 -11,9	   7,1
s	   116,1830	 3	102,30	 68,57	  19,1	  12,0	 -26,0	 -25,7	 -22,4	   0,8
s	   124,8607	 3	149,58	 89,29	  19,0	  14,2	  -8,2	  -9,9	 -16,4	   2,7
#END
