#HEADER
CATT-Acoustic v8.0b    Copyright © CATT 1988-2003

 Project                : Auditorio

 GEOMETRICAL INFORMATION
 Src id and loc     [m] :   A1          -9,000        0,000        0,000
 Rec id and loc     [m] :   82           7,000        0,000        1,000

 82       46,6941

 VARIABLE SOURCE DATA
 Directivity
   Type (library)       :  OMNI.SD0
   Dir. Index (DI) [dB] :       0,0      0,0      0,0      0,0      0,0      0,0
 Level
   On axis 1m      [dB] :      58,0     64,0     70,3     70,7     65,9     59,9
   Total power     [dB] :      68,9     74,9     81,2     81,6     76,8     70,8
   Auxiliary delay [ms] :       0,0

 VARIABLE AIR DATA
 Temperature       [°C] :      20
 Relative humidity  [%] :      50
 Density        [kg/m³] :       1,2
 Sound speed      [m/s] :     343
 Impedance      [Ns/m³] :     412
 Diss. coeff. [0.001/m] :      0,10     0,30     0,63     1,07     2,28     6,83      (estimated)

#DATAFIELDS
 TYPE DELAY ORDER AZIMUTH ELEVATION SPL125 SPL250 SPL500 SPL1K SPL2K SPL4K
#DATA
d	     0,0000	 0	 90,00	 90,00	  33,9	  39,9	  46,2	  46,5	  41,6	  35,3
*	    17,5325	 1	113,26	 94,52	 -12,9	  -5,8	   1,5	   2,1	  -2,7	  -9,2
*	    12,1795	 1	108,21	 94,67	  -9,4	  -2,4	   5,0	   5,6	   0,7	  -5,7
*	    15,1750	 1	106,65	 93,98	  -9,7	  -2,7	   4,7	   5,3	   0,4	  -6,0
*	     7,4035	 1	102,86	 94,80	  -5,5	   1,6	   8,9	   9,5	   4,7	  -1,7
*	    10,1534	 1	101,72	 94,06	  -5,1	   2,0	   9,3	   9,9	   5,1	  -1,3
*	     3,5279	 1	 97,27	 94,89	  -1,0	   6,0	  13,4	  14,0	   9,1	   2,8
*	     5,7286	 1	 96,62	 94,13	   1,2	   8,2	  15,6	  16,2	  11,3	   5,0
*	    10,3895	 1	 96,06	 93,48	  -1,0	   6,0	  13,4	  14,0	   9,1	   2,8
*	     1,3776	 1	 91,54	 94,92	   2,3	   9,4	  16,7	  17,3	  12,5	   6,2
*	     2,7505	 1	 91,40	 94,15	   8,5	  15,5	  22,9	  23,5	  18,6	  12,3
*	     7,7691	 1	 91,28	 93,51	   4,5	  11,6	  18,9	  19,5	  14,7	   8,3
*	     2,0809	 1	 85,77	 94,90	   1,1	   8,2	  15,5	  16,1	  11,3	   5,0
*	     3,8220	 1	 86,15	 94,13	   5,3	  12,4	  19,7	  20,3	  15,5	   9,2
*	     8,6749	 1	 86,48	 93,50	   2,3	   9,4	  16,7	  17,3	  12,5	   6,1
*	     5,1849	 1	 80,09	 94,84	  -3,1	   3,9	  11,3	  11,9	   7,0	   0,7
*	     7,6915	 1	 80,98	 94,10	  -2,0	   5,0	  12,4	  13,0	   8,2	   1,8
*	     9,5415	 1	 74,60	 94,75	  -7,4	  -0,4	   7,0	   7,6	   2,7	  -3,6
*	    12,4326	 1	 75,95	 94,03	  -7,4	  -0,4	   7,0	   7,6	   2,7	  -3,6
*	    14,6109	 1	 69,39	 94,61	 -11,1	  -4,1	   3,3	   3,9	  -1,0	  -7,4
*	    17,6608	 1	 71,13	 93,93	 -11,5	  -4,5	   2,9	   3,5	  -1,4	  -7,8
*	    20,1783	 1	 64,50	 94,44	 -14,3	  -7,3	   0,1	   0,7	  -4,2	 -10,6
*	    16,1377	 1	287,11	 20,50	   4,4	   5,1	  -2,6	  -2,2	  -7,1	  -0,3
*	    12,0331	 1	288,10	 27,92	   9,1	   9,8	   2,1	   2,5	  -2,4	   4,4
*	     8,4731	 1	289,21	 44,86	  15,3	  16,1	   8,4	   8,7	   3,8	  10,7
*	     6,4494	 1	290,45	 89,25	  20,7	  21,5	  13,8	  14,1	   9,3	  16,1
*	     6,7091	 1	249,89	 73,95	  20,0	  20,7	  13,0	  13,4	   8,5	  15,4
*	     9,3357	 1	251,09	 38,70	  13,5	  14,3	   6,6	   6,9	   2,0	   8,9
*	    13,0827	 1	252,16	 25,41	   7,7	   8,5	   0,8	   1,1	  -3,8	   3,0
s	     7,3129	 1	 90,99	 89,52	  30,9	  31,6	  23,9	  24,3	  19,4	  26,2
*	    22,8513	 1	 96,95	 71,19	  -0,9	  -0,1	  -7,8	  -7,5	 -12,4	  -5,6
*	    22,2403	 1	 92,85	 71,21	  -0,3	   0,4	  -7,3	  -6,9	 -11,9	  -5,1
*	    18,8423	 1	 96,92	 75,00	   1,9	   2,7	  -5,0	  -4,7	  -9,6	  -2,8
*	    18,0580	 1	 92,84	 75,01	   2,7	   3,5	  -4,2	  -3,8	  -8,8	  -2,0
*	    15,2468	 1	 96,89	 78,92	   5,1	   5,8	  -1,9	  -1,5	  -6,4	   0,4
*	    14,1971	 1	 92,83	 78,92	   6,5	   7,2	  -0,5	  -0,1	  -5,0	   1,8
*	    12,2582	 1	 96,86	 82,91	   8,6	   9,3	   1,6	   2,0	  -2,9	   3,9
*	    10,7877	 1	 92,81	 82,90	  11,1	  11,9	   4,2	   4,5	  -0,4	   6,5
*	    10,3063	 1	 96,83	 86,93	  11,6	  12,4	   4,7	   5,0	   0,1	   7,0
*	     8,2533	 1	 92,80	 86,91	  16,4	  17,2	   9,5	   9,9	   5,0	  11,8
*	    10,0865	 1	 96,80	 90,95	  12,3	  13,0	   5,3	   5,7	   0,8	   7,6
*	     7,8468	 1	 92,79	 90,92	  18,0	  18,8	  11,0	  11,4	   6,5	  13,4
*	    27,8850	 1	 96,99	 66,95	  -3,7	  -2,9	 -10,7	 -10,3	 -15,2	  -8,5
*	    27,4087	 1	 92,87	 66,98	  -3,4	  -2,6	 -10,3	 -10,0	 -14,9	  -8,2
s	     7,3592	 1	 88,94	 89,51	  30,8	  31,6	  23,9	  24,3	  19,4	  26,2
*	    22,2476	 1	 87,83	 71,23	  -0,3	   0,5	  -7,2	  -6,9	 -11,8	  -5,0
*	    22,6695	 1	 83,74	 71,18	  -0,7	   0,1	  -7,7	  -7,3	 -12,2	  -5,5
*	    18,0523	 1	 87,84	 75,02	   2,8	   3,6	  -4,1	  -3,8	  -8,7	  -1,9
*	    18,6208	 1	 83,77	 75,00	   2,1	   2,9	  -4,8	  -4,4	  -9,4	  -2,6
*	    14,1697	 1	 87,85	 78,93	   6,6	   7,4	  -0,3	   0,0	  -4,9	   1,9
*	    14,9671	 1	 83,80	 78,92	   5,4	   6,2	  -1,5	  -1,2	  -6,1	   0,7
*	    10,7211	 1	 87,86	 82,90	  11,4	  12,1	   4,4	   4,8	  -0,1	   6,7
*	    11,8935	 1	 83,82	 82,90	   9,1	   9,9	   2,2	   2,5	  -2,4	   4,5
*	     8,1183	 1	 87,87	 86,91	  17,0	  17,8	  10,1	  10,4	   5,5	  12,4
*	     9,8408	 1	 83,85	 86,93	  12,5	  13,3	   5,6	   6,0	   1,0	   7,9
*	     7,6842	 1	 87,88	 90,91	  18,7	  19,5	  11,8	  12,1	   7,2	  14,1
*	     9,5933	 1	 83,88	 90,95	  13,3	  14,1	   6,4	   6,7	   1,8	   8,7
*	    27,2214	 1	 82,74	 67,51	  -3,3	  -2,6	 -10,3	  -9,9	 -14,9	  -8,2
*	    26,7070	 1	 86,86	 67,54	  -3,0	  -2,2	  -9,9	  -9,6	 -14,5	  -7,8
*	    16,9870	 1	316,97	 27,86	   3,5	   4,3	  -3,4	  -3,1	  -8,0	  -1,2
*	    13,1355	 1	318,66	 37,62	   7,5	   8,3	   0,6	   1,0	  -3,9	   2,9
*	    10,0222	 1	320,44	 56,17	  12,0	  12,8	   5,1	   5,5	   0,6	   7,4
*	     8,4651	 1	322,31	 89,54	  14,9	  15,7	   8,0	   8,3	   3,4	  10,3
*	    17,2703	 1	219,27	 29,77	   3,2	   4,0	  -3,7	  -3,3	  -8,2	  -1,5
*	    13,4926	 1	217,62	 39,92	   7,1	   7,9	   0,2	   0,5	  -4,4	   2,4
*	    10,4903	 1	215,90	 58,43	  11,2	  12,0	   4,3	   4,7	  -0,2	   6,6
*	     9,0209	 1	214,10	 89,59	  13,7	  14,5	   6,8	   7,1	   2,2	   9,1
*	    18,6702	 1	330,97	 37,16	   1,9	   2,7	  -5,0	  -4,7	  -9,6	  -2,8
*	    15,2051	 1	332,36	 48,25	   5,1	   5,8	  -1,9	  -1,5	  -6,4	   0,4
*	    12,6087	 1	333,79	 65,57	   8,0	   8,7	   1,0	   1,4	  -3,5	   3,3
*	    11,4084	 1	335,25	 89,72	   9,4	  10,2	   2,5	   2,9	  -2,0	   4,8
*	    12,0120	 1	 60,45	 95,42	 -16,3	 -10,4	  -4,5	  -2,2	  -6,5	 -13,5
*	    19,1045	 1	207,23	 38,97	   1,6	   2,4	  -5,4	  -5,0	  -9,9	  -3,1
*	    15,7208	 1	205,90	 50,14	   4,5	   5,3	  -2,4	  -2,0	  -7,0	  -0,2
*	    13,2170	 1	204,55	 67,00	   7,2	   8,0	   0,3	   0,6	  -4,3	   2,5
*	    12,0697	 1	203,17	 89,76	   8,5	   9,3	   1,6	   1,9	  -3,0	   3,8
*	    13,3072	 1	100,74	 93,57	   8,6	   9,4	   1,7	   2,0	  -2,9	   3,9
*	    15,6534	 1	104,74	 93,70	   5,4	   6,2	  -1,5	  -1,2	  -6,1	   0,7
*	    12,4629	 1	100,79	 89,54	   9,4	  10,2	   2,5	   2,8	  -2,1	   4,7
*	    14,9300	 1	104,81	 89,64	   5,9	   6,7	  -1,0	  -0,6	  -5,6	   1,2
*	    13,1163	 1	100,84	 85,49	   8,5	   9,2	   1,5	   1,9	  -3,0	   3,8
*	    15,4176	 1	104,87	 85,53	   5,4	   6,2	  -1,6	  -1,2	  -6,1	   0,7
*	    15,0463	 1	100,89	 81,45	   6,4	   7,1	  -0,6	  -0,2	  -5,1	   1,7
*	    17,0083	 1	104,94	 81,44	   4,0	   4,8	  -2,9	  -2,6	  -7,5	  -0,7
*	    17,8808	 1	100,94	 77,45	   3,9	   4,6	  -3,1	  -2,7	  -7,6	  -0,8
*	    19,4838	 1	105,01	 77,40	   2,2	   3,0	  -4,8	  -4,4	  -9,3	  -2,5
*	    21,3389	 1	100,98	 73,54	   1,4	   2,2	  -5,6	  -5,2	 -10,1	  -3,4
*	    22,6342	 1	105,07	 73,45	   0,2	   1,0	  -6,7	  -6,4	 -11,3	  -4,6
*	    25,2528	 1	101,03	 69,75	  -0,9	  -0,2	  -7,9	  -7,5	 -12,5	  -5,7
*	    26,3028	 1	105,14	 69,62	  -1,8	  -1,0	  -8,7	  -8,4	 -13,3	  -6,6
*	    33,2257	 1	102,09	 63,28	  -4,8	  -4,1	 -11,8	 -11,4	 -16,4	  -9,7
*	    29,8031	 1	106,18	 66,68	  -3,5	  -2,8	 -10,5	 -10,1	 -15,1	  -8,4
*	    28,7521	 1	102,04	 66,81	  -2,8	  -2,0	  -9,8	  -9,4	 -14,3	  -7,6
*	    12,6391	 1	 62,48	 95,49	 -15,1	  -9,2	  -3,3	  -1,0	  -5,3	 -12,3
*	    16,4271	 1	 74,05	 93,74	   4,6	   5,4	  -2,3	  -1,9	  -6,9	  -0,1
*	    13,9547	 1	 78,07	 93,61	   7,7	   8,4	   0,7	   1,1	  -3,8	   3,0
*	    15,7303	 1	 73,98	 89,66	   5,1	   5,9	  -1,9	  -1,5	  -6,4	   0,4
*	    13,1519	 1	 78,02	 89,56	   8,4	   9,1	   1,4	   1,8	  -3,1	   3,7
*	    16,1811	 1	 73,91	 85,54	   4,6	   5,4	  -2,3	  -2,0	  -6,9	  -0,1
*	    13,7488	 1	 77,97	 85,49	   7,6	   8,3	   0,6	   1,0	  -3,9	   2,9
*	    17,6904	 1	 73,84	 81,44	   3,4	   4,2	  -3,5	  -3,2	  -8,1	  -1,3
*	    15,5680	 1	 77,91	 81,44	   5,7	   6,5	  -1,2	  -0,9	  -5,8	   1,0
*	    20,0711	 1	 73,77	 77,40	   1,7	   2,5	  -5,2	  -4,9	  -9,8	  -3,0
*	    18,2916	 1	 77,86	 77,43	   3,4	   4,2	  -3,5	  -3,1	  -8,1	  -1,3
*	    23,1331	 1	 73,69	 73,43	  -0,1	   0,6	  -7,1	  -6,7	 -11,7	  -4,9
*	    21,6592	 1	 77,81	 73,51	   1,1	   1,9	  -5,8	  -5,5	 -10,4	  -3,6
*	    26,7265	 1	 73,62	 69,59	  -2,0	  -1,3	  -9,0	  -8,6	 -13,6	  -6,8
*	    25,5036	 1	 77,75	 69,70	  -1,1	  -0,4	  -8,1	  -7,7	 -12,6	  -5,9
*	    33,1574	 1	 78,60	 63,33	  -4,7	  -3,9	 -11,7	 -11,3	 -16,2	  -9,6
*	    28,6605	 1	 78,65	 66,85	  -2,7	  -1,9	  -9,6	  -9,3	 -14,2	  -7,5
*	    29,5721	 1	 74,51	 66,69	  -3,3	  -2,6	 -10,3	  -9,9	 -14,9	  -8,2
*	    21,0190	 1	338,03	 45,38	  -0,0	   0,7	  -7,0	  -6,6	 -11,6	  -4,8
*	    17,9381	 1	339,13	 56,43	   2,3	   3,1	  -4,6	  -4,3	  -9,2	  -2,4
*	    15,7453	 1	340,24	 71,44	   4,2	   5,0	  -2,7	  -2,4	  -7,3	  -0,5
*	    14,7603	 1	341,37	 89,84	   5,1	   5,9	  -1,8	  -1,5	  -6,4	   0,4
*	    14,8951	 1	198,94	 84,77	   5,0	   5,8	  -1,9	  -1,6	  -6,5	   0,3
*	    16,2281	 1	200,07	 67,07	   3,8	   4,6	  -3,1	  -2,8	  -7,7	  -0,9
*	    18,6868	 1	201,18	 53,14	   1,7	   2,5	  -5,2	  -4,9	  -9,8	  -3,0
*	    17,8648	 1	270,08	 17,79	   1,2	   1,9	  -5,8	  -5,4	 -10,3	  -3,5
*	    18,3023	 1	233,09	 21,97	   0,8	   1,6	  -6,1	  -5,8	 -10,7	  -3,9
*	    19,5660	 1	326,00	 30,37	  -0,3	   0,5	  -7,2	  -6,9	 -11,8	  -5,0
*	    18,3040	 1	307,02	 22,00	   0,7	   1,5	  -6,2	  -5,8	 -10,8	  -4,0
*	    28,3524	 1	115,34	 70,63	  -1,7	  -0,9	  -8,6	  -8,3	 -13,2	  -6,5
*	    26,8869	 1	111,16	 70,81	  -0,7	   0,1	  -7,6	  -7,3	 -12,2	  -5,5
*	    25,4267	 1	115,23	 74,65	  -0,4	   0,4	  -7,3	  -7,0	 -11,9	  -5,2
*	    23,7548	 1	111,06	 74,76	   0,8	   1,6	  -6,1	  -5,7	 -10,7	  -3,9
*	    23,1086	 1	115,11	 78,78	   0,8	   1,5	  -6,2	  -5,8	 -10,8	  -4,0
*	    21,2283	 1	110,97	 78,83	   2,2	   3,0	  -4,7	  -4,4	  -9,3	  -2,5
*	    21,4964	 1	115,00	 83,01	   1,6	   2,4	  -5,3	  -5,0	  -9,9	  -3,1
*	    19,4333	 1	110,87	 82,98	   3,3	   4,1	  -3,6	  -3,3	  -8,2	  -1,4
*	    20,6796	 1	114,88	 87,28	   2,1	   2,9	  -4,9	  -4,5	  -9,4	  -2,7
*	    18,4965	 1	110,78	 87,17	   4,0	   4,7	  -3,0	  -2,6	  -7,5	  -0,7
*	    20,7170	 1	114,77	 91,54	   2,1	   2,9	  -4,8	  -4,5	  -9,4	  -2,6
*	    18,5086	 1	110,69	 91,35	   4,0	   4,8	  -2,9	  -2,5	  -7,5	  -0,7
*	    36,3253	 1	115,59	 62,53	  -4,8	  -4,0	 -11,8	 -11,4	 -16,4	  -9,7
*	    35,2385	 1	111,37	 62,82	  -4,2	  -3,4	 -11,1	 -10,8	 -15,7	  -9,1
*	    32,3840	 1	115,48	 66,17	  -3,3	  -2,6	 -10,3	  -9,9	 -14,9	  -8,2
*	    31,1354	 1	111,27	 66,41	  -2,6	  -1,8	  -9,5	  -9,2	 -14,1	  -7,4
*	    21,3036	 1	 65,06	 94,22	   1,9	   2,6	  -5,1	  -4,7	  -9,6	  -2,9
*	    19,1424	 1	 69,13	 93,98	   3,7	   4,5	  -3,2	  -2,9	  -7,8	  -1,0
*	    20,7210	 1	 64,95	 89,98	   2,1	   2,9	  -4,8	  -4,5	  -9,4	  -2,6
*	    18,5209	 1	 69,04	 89,82	   4,0	   4,8	  -2,9	  -2,6	  -7,5	  -0,7
*	    20,9997	 1	 64,83	 85,71	   1,9	   2,7	  -5,0	  -4,7	  -9,6	  -2,8
*	    18,8612	 1	 68,95	 85,63	   3,7	   4,5	  -3,2	  -2,9	  -7,8	  -1,0
*	    22,1122	 1	 64,72	 81,45	   1,3	   2,1	  -5,6	  -5,3	 -10,2	  -3,5
*	    20,1187	 1	 68,85	 81,44	   2,9	   3,7	  -4,0	  -3,7	  -8,6	  -1,8
*	    23,9868	 1	 64,60	 77,24	   0,3	   1,1	  -6,6	  -6,3	 -11,2	  -4,4
*	    22,1866	 1	 68,76	 77,31	   1,7	   2,5	  -5,2	  -4,9	  -9,8	  -3,0
*	    26,5300	 1	 64,49	 73,14	  -0,9	  -0,1	  -7,8	  -7,4	 -12,4	  -5,7
*	    24,9376	 1	 68,66	 73,28	   0,3	   1,0	  -6,7	  -6,3	 -11,3	  -4,5
*	    29,6461	 1	 64,37	 69,18	  -2,2	  -1,4	  -9,1	  -8,8	 -13,7	  -7,0
*	    28,2530	 1	 68,56	 69,37	  -1,3	  -0,5	  -8,2	  -7,9	 -12,8	  -6,1
*	    35,1221	 1	 69,34	 62,88	  -4,1	  -3,3	 -11,0	 -10,7	 -15,6	  -8,9
*	    36,0906	 1	 65,15	 62,57	  -4,6	  -3,9	 -11,6	 -11,2	 -16,2	  -9,5
*	    30,9922	 1	 69,44	 66,48	  -2,4	  -1,6	  -9,4	  -9,0	 -13,9	  -7,3
*	    32,1199	 1	 65,26	 66,21	  -3,1	  -2,4	 -10,1	  -9,7	 -14,7	  -8,0
*	    24,5237	 1	197,35	 53,15	  -2,6	  -1,8	  -9,5	  -9,2	 -14,1	  -7,4
*	    21,8336	 1	196,49	 63,33	  -0,9	  -0,1	  -7,8	  -7,5	 -12,4	  -5,7
*	    19,9857	 1	195,63	 75,81	   0,4	   1,1	  -6,6	  -6,2	 -11,2	  -4,4
*	    19,1604	 1	194,76	 89,93	   0,9	   1,7	  -6,0	  -5,7	 -10,6	  -3,8
*	    19,2637	 1	345,02	 86,09	   0,8	   1,6	  -6,1	  -5,7	 -10,7	  -3,9
*	    20,3741	 1	344,15	 72,30	   0,1	   0,9	  -6,9	  -6,5	 -11,4	  -4,7
*	    22,4646	 1	343,29	 60,41	  -1,3	  -0,5	  -8,3	  -7,9	 -12,8	  -6,1
*	    19,5695	 1	326,03	 30,39	  -0,4	   0,4	  -7,3	  -7,0	 -11,9	  -5,1
*	    21,5361	 1	204,78	 38,75	  -1,8	  -1,1	  -8,8	  -8,4	 -13,3	  -6,6
*	    27,1453	 1	344,56	 57,19	  -4,4	  -3,7	 -11,4	 -11,0	 -16,0	  -9,3
*	    24,6672	 1	345,30	 66,66	  -3,1	  -2,3	 -10,0	  -9,7	 -14,6	  -7,8
*	    22,9879	 1	346,05	 77,78	  -2,1	  -1,3	  -9,0	  -8,7	 -13,6	  -6,8
*	    22,2356	 1	346,81	 89,97	  -1,6	  -0,9	  -8,6	  -8,2	 -13,2	  -6,4
*	    31,2672	 1	124,71	 70,00	  -1,9	  -1,2	  -8,9	  -8,5	 -13,5	  -6,8
*	    29,9626	 1	120,43	 70,28	  -1,2	  -0,4	  -8,1	  -7,8	 -12,7	  -6,0
*	    28,6644	 1	124,55	 74,21	  -0,9	  -0,2	  -7,9	  -7,5	 -12,5	  -5,8
*	    27,2285	 1	120,29	 74,40	  -0,1	   0,7	  -7,0	  -6,7	 -11,6	  -4,9
*	    26,6525	 1	124,39	 78,57	  -0,2	   0,6	  -7,1	  -6,7	 -11,7	  -5,0
*	    25,0943	 1	120,15	 78,65	   0,8	   1,6	  -6,1	  -5,8	 -10,7	  -4,0
*	    25,2924	 1	124,23	 83,03	   0,4	   1,2	  -6,5	  -6,2	 -11,1	  -4,4
*	    23,6344	 1	120,01	 82,99	   1,5	   2,3	  -5,4	  -5,1	 -10,0	  -3,3
*	    24,6331	 1	124,07	 87,54	   0,7	   1,5	  -6,2	  -5,9	 -10,8	  -4,1
*	    22,9118	 1	119,87	 87,39	   1,9	   2,6	  -5,1	  -4,7	  -9,6	  -2,9
*	    24,7031	 1	123,91	 92,05	   0,7	   1,5	  -6,2	  -5,9	 -10,8	  -4,1
*	    22,9650	 1	119,74	 91,78	   1,9	   2,7	  -5,1	  -4,7	  -9,6	  -2,9
*	    36,7188	 1	119,79	 62,73	  -3,6	  -2,8	 -10,6	 -10,2	 -15,2	  -8,5
*	    37,6725	 1	124,06	 62,26	  -4,1	  -3,3	 -11,1	 -10,7	 -15,7	  -9,0
*	    24,9017	 1	 55,79	 92,84	   0,7	   1,4	  -6,3	  -5,9	 -10,9	  -4,1
*	    23,1834	 1	 59,96	 92,56	   1,8	   2,6	  -5,1	  -4,8	  -9,7	  -3,0
*	    24,7043	 1	 55,63	 88,34	   0,7	   1,5	  -6,2	  -5,9	 -10,8	  -4,1
*	    22,9942	 1	 59,82	 88,16	   1,8	   2,6	  -5,1	  -4,7	  -9,7	  -2,9
*	    25,2354	 1	 55,47	 83,81	   0,5	   1,2	  -6,5	  -6,1	 -11,1	  -4,3
*	    23,5800	 1	 59,68	 83,76	   1,5	   2,3	  -5,4	  -5,0	 -10,0	  -3,2
*	    26,4715	 1	 55,31	 79,33	  -0,1	   0,7	  -7,0	  -6,7	 -11,6	  -4,9
*	    24,9086	 1	 59,54	 79,40	   0,9	   1,7	  -6,0	  -5,7	 -10,6	  -3,9
*	    28,3674	 1	 55,14	 74,93	  -0,8	  -0,0	  -7,8	  -7,4	 -12,3	  -5,6
*	    26,9216	 1	 59,40	 75,11	   0,1	   0,8	  -6,9	  -6,5	 -11,5	  -4,7
*	    30,8643	 1	 54,98	 70,68	  -1,8	  -1,0	  -8,7	  -8,4	 -13,3	  -6,6
*	    29,5468	 1	 59,26	 70,95	  -1,0	  -0,2	  -8,0	  -7,6	 -12,5	  -5,8
*	    33,8976	 1	 54,81	 66,61	  -2,8	  -2,1	  -9,8	  -9,4	 -14,4	  -7,7
*	    32,7089	 1	 59,11	 66,97	  -2,2	  -1,4	  -9,2	  -8,8	 -13,8	  -7,1
*	    37,4063	 1	 59,95	 62,13	  -3,8	  -3,0	 -10,8	 -10,4	 -15,4	  -8,7
*	    38,3256	 1	 55,68	 61,65	  -4,3	  -3,5	 -11,3	 -10,9	 -15,9	  -9,2
*	    33,6138	 1	 60,09	 65,84	  -2,5	  -1,7	  -9,4	  -9,1	 -14,0	  -7,3
*	    34,6519	 1	 55,84	 65,43	  -3,1	  -2,3	 -10,0	  -9,7	 -14,6	  -7,9
*	    27,8239	 1	194,95	 58,10	  -4,3	  -3,5	 -11,3	 -10,9	 -15,8	  -9,1
*	    25,3941	 1	194,23	 67,39	  -3,0	  -2,2	  -9,9	  -9,6	 -14,5	  -7,8
*	    23,7518	 1	193,51	 78,19	  -2,0	  -1,3	  -9,0	  -8,6	 -13,6	  -6,8
*	    23,0153	 1	192,78	 89,98	  -1,7	  -0,9	  -8,6	  -8,2	 -13,2	  -6,4
s	    23,3284	 1	 90,00	 38,15	  28,3	  31,6	  21,6	  22,0	  25,5	  22,9
*	    34,7790	 1	 15,69	 33,26	   6,5	   9,8	  -0,1	   0,2	   3,7	   1,0
*	    30,8998	 1	 41,56	 39,49	   7,1	  10,4	   0,5	   0,8	   4,3	   1,6
*	    30,2569	 1	 56,17	 47,27	   7,0	  10,4	   0,4	   0,7	   4,3	   1,6
*	    32,6640	 1	 64,52	 53,86	   6,5	   9,8	  -0,1	   0,2	   3,7	   1,0
*	    28,9353	 1	 35,54	 16,96	   8,8	  12,1	   2,2	   2,5	   6,0	   3,4
*	    25,1183	 1	 66,10	 30,87	   9,2	  12,6	   2,6	   2,9	   6,5	   3,8
*	    24,5725	 1	 75,25	 42,92	   9,0	  12,4	   2,4	   2,8	   6,3	   3,7
*	    27,0231	 1	 79,39	 51,51	   8,5	  11,9	   1,9	   2,2	   5,8	   3,1
*	    32,7672	 1	 81,74	 57,58	   7,3	  10,6	   0,7	   1,0	   4,5	   1,8
*	    28,1387	 1	127,32	 12,56	   9,1	  12,5	   2,5	   2,8	   6,4	   3,7
*	    24,3386	 1	103,58	 29,34	   9,5	  12,9	   2,9	   3,2	   6,8	   4,1
*	    23,8104	 1	 98,16	 42,25	   9,3	  12,7	   2,7	   3,0	   6,6	   3,9
*	    26,2652	 1	 95,83	 51,17	   8,8	  12,1	   2,2	   2,5	   6,1	   3,4
*	    32,0229	 1	 94,53	 57,39	   7,6	  10,9	   1,0	   1,3	   4,8	   2,1
*	    32,5976	 1	161,13	 28,70	   7,3	  10,7	   0,7	   1,0	   4,5	   1,9
*	    28,7321	 1	132,81	 36,69	   7,9	  11,2	   1,2	   1,6	   5,1	   2,4
*	    28,1212	 1	118,82	 45,74	   7,8	  11,1	   1,1	   1,5	   5,0	   2,3
*	    30,5486	 1	111,37	 53,00	   7,2	  10,6	   0,6	   1,0	   4,5	   1,8
*	    37,4264	 1	148,17	 46,02	   4,9	   8,2	  -1,7	  -1,4	   2,1	  -0,6
*	    36,7220	 1	133,75	 51,21	   4,9	   8,3	  -1,7	  -1,4	   2,1	  -0,6
*	    23,4982	 1	186,48	 86,72	  -4,0	  -3,3	 -11,0	 -10,6	 -15,5	  -8,8
*	    24,4455	 1	187,17	 75,97	  -4,5	  -3,7	 -11,5	 -11,1	 -16,0	  -9,3
*	    23,9430	 1	353,05	 80,61	  -4,2	  -3,5	 -11,2	 -10,8	 -15,7	  -9,0
*	    24,4908	 1	358,28	 89,45	  -8,1	   1,0	   8,5	  12,2	   6,7	  -0,2
*	    24,8835	 1	357,83	 82,37	  -8,3	   0,8	   8,3	  12,0	   6,6	  -0,4
*	    25,6936	 1	357,39	 75,52	  -8,7	   0,4	   7,9	  11,6	   6,2	  -0,8
*	    26,8986	 1	356,94	 69,07	  -9,2	  -0,2	   7,3	  11,1	   5,6	  -1,4
*	    28,4670	 1	356,50	 63,14	 -10,0	  -0,9	   6,6	  10,3	   4,8	  -2,1
*	    30,3631	 1	356,06	 57,77	 -10,8	  -1,8	   5,7	   9,4	   4,0	  -3,0
*	    32,5505	 1	355,61	 52,98	 -11,8	  -2,7	   4,8	   8,5	   3,0	  -4,0
*	    34,9952	 1	355,17	 48,72	 -12,8	  -3,7	   3,8	   7,5	   2,0	  -5,0
*	    37,6661	 1	354,73	 44,97	 -13,8	  -4,7	   2,7	   6,4	   0,9	  -6,1
*	    40,5364	 1	354,29	 41,66	 -14,9	  -5,8	   1,7	   5,4	  -0,1	  -7,2
*	    43,5827	 1	353,84	 38,72	 -15,9	  -6,9	   0,6	   4,3	  -1,2	  -8,2
*	    31,6356	 1	345,23	 53,43	  -2,7	  -1,9	  -9,7	  -9,3	 -14,3	  -7,6
*	    28,7545	 1	345,91	 61,20	  -1,3	  -0,6	  -8,3	  -7,9	 -12,9	  -6,1
*	    26,5384	 1	346,58	 70,39	  -0,2	   0,6	  -7,1	  -6,8	 -11,7	  -5,0
*	    25,1078	 1	347,26	 80,81	   0,6	   1,4	  -6,3	  -6,0	 -10,9	  -4,2
*	    24,5566	 1	347,95	 91,93	   0,9	   1,6	  -6,1	  -5,7	 -10,7	  -3,9
*	    35,5880	 1	344,47	 46,18	  -4,5	  -3,7	 -11,4	 -11,1	 -16,0	  -9,4
*	    24,6626	 1	192,28	 87,01	   0,8	   1,6	  -6,1	  -5,8	 -10,7	  -4,0
*	    25,6080	 1	192,97	 76,11	   0,3	   1,1	  -6,6	  -6,3	 -11,2	  -4,5
*	    27,3974	 1	193,65	 66,18	  -0,6	   0,1	  -7,6	  -7,2	 -12,2	  -5,4
*	    29,9208	 1	194,32	 57,61	  -1,9	  -1,1	  -8,9	  -8,5	 -13,4	  -6,7
*	    33,0564	 1	194,99	 50,44	  -3,4	  -2,6	 -10,3	 -10,0	 -14,9	  -8,2
*	    33,8455	 1	190,07	 45,38	  -4,0	  -3,2	 -11,0	 -10,6	 -15,6	  -8,9
*	    25,0473	 1	128,46	 94,66	  -8,4	   0,7	   8,2	  11,9	   6,5	  -0,5
*	    24,6890	 1	128,59	 91,29	  -8,2	   0,9	   8,3	  12,1	   6,6	  -0,3
*	    24,6840	 1	128,73	 87,89	  -8,2	   0,8	   8,3	  12,1	   6,6	  -0,3
*	    25,0314	 1	128,86	 84,48	  -8,4	   0,7	   8,2	  11,9	   6,4	  -0,5
*	    25,7247	 1	128,99	 81,10	  -8,7	   0,4	   7,9	  11,6	   6,1	  -0,8
*	    26,7522	 1	129,13	 77,75	  -9,1	   0,0	   7,5	  11,2	   5,7	  -1,2
*	    28,0984	 1	129,26	 74,48	  -9,6	  -0,5	   7,0	  10,7	   5,2	  -1,7
*	    29,7445	 1	129,40	 71,28	 -10,2	  -1,1	   6,4	  10,1	   4,6	  -2,3
*	    31,6701	 1	129,54	 68,18	 -10,8	  -1,8	   5,7	   9,4	   3,9	  -3,0
*	    33,8539	 1	129,68	 65,19	 -11,6	  -2,5	   5,0	   8,7	   3,2	  -3,8
*	    36,2747	 1	129,82	 62,33	 -12,4	  -3,3	   4,2	   7,9	   2,4	  -4,6
*	    38,9118	 1	129,96	 59,59	 -13,2	  -4,1	   3,3	   7,0	   1,5	  -5,5
*	    41,7453	 1	130,10	 56,98	 -14,1	  -5,0	   2,5	   6,2	   0,7	  -6,4
*	    44,7570	 1	130,24	 54,51	 -15,0	  -5,9	   1,6	   5,3	  -0,2	  -7,3
*	    25,4001	 1	 51,97	 94,54	  -8,4	   0,7	   8,1	  11,9	   6,4	  -0,5
*	    25,0443	 1	 51,84	 91,21	  -8,3	   0,8	   8,3	  12,0	   6,5	  -0,4
*	    25,0414	 1	 51,71	 87,86	  -8,3	   0,8	   8,3	  12,0	   6,5	  -0,4
*	    25,3904	 1	 51,58	 84,50	  -8,5	   0,6	   8,1	  11,8	   6,4	  -0,6
*	    26,0846	 1	 51,45	 81,16	  -8,7	   0,3	   7,8	  11,6	   6,1	  -0,9
*	    27,1123	 1	 51,32	 77,86	  -9,1	  -0,0	   7,4	  11,2	   5,7	  -1,3
*	    28,4578	 1	 51,18	 74,62	  -9,6	  -0,6	   6,9	  10,6	   5,2	  -1,8
*	    30,1023	 1	 51,05	 71,47	 -10,2	  -1,2	   6,3	  10,0	   4,6	  -2,4
*	    32,0253	 1	 50,92	 68,40	 -10,9	  -1,8	   5,6	   9,4	   3,9	  -3,1
*	    34,2057	 1	 50,78	 65,45	 -11,7	  -2,6	   4,9	   8,6	   3,1	  -3,9
*	    36,6222	 1	 50,64	 62,61	 -12,5	  -3,4	   4,1	   7,8	   2,3	  -4,7
*	    39,2541	 1	 50,51	 59,90	 -13,3	  -4,2	   3,3	   7,0	   1,5	  -5,5
*	    42,0819	 1	 50,37	 57,31	 -14,2	  -5,1	   2,4	   6,1	   0,6	  -6,4
*	    45,0872	 1	 50,23	 54,85	 -15,1	  -6,0	   1,5	   5,2	  -0,3	  -7,4
*	    25,3636	 1	  5,41	 90,20	  -8,2	   0,9	   8,3	  12,1	   6,6	  -0,3
*	    25,6734	 1	  5,01	 83,85	  -8,3	   0,7	   8,2	  11,9	   6,5	  -0,5
*	    26,3757	 1	  4,62	 77,64	  -8,7	   0,4	   7,9	  11,6	   6,2	  -0,8
*	    27,4549	 1	  4,22	 71,71	  -9,1	  -0,0	   7,4	  11,2	   5,7	  -1,3
*	    28,8875	 1	  3,82	 66,15	  -9,8	  -0,7	   6,8	  10,5	   5,1	  -1,9
*	    30,6452	 1	  3,42	 61,03	 -10,5	  -1,4	   6,1	   9,8	   4,3	  -2,7
*	    32,6975	 1	  3,02	 56,36	 -11,3	  -2,2	   5,2	   9,0	   3,5	  -3,5
*	    35,0144	 1	  2,63	 52,15	 -12,2	  -3,1	   4,3	   8,1	   2,6	  -4,4
*	    37,5673	 1	  2,23	 48,36	 -13,2	  -4,1	   3,4	   7,1	   1,6	  -5,4
*	    40,3305	 1	  1,83	 44,98	 -14,2	  -5,1	   2,4	   6,1	   0,6	  -6,4
*	    43,2806	 1	  1,43	 41,95	 -15,1	  -6,1	   1,4	   5,1	  -0,4	  -7,4
*	    46,3973	 1	  1,03	 39,24	 -16,1	  -7,1	   0,4	   4,1	  -1,4	  -8,5
*	    25,6095	 1	184,41	 89,63	  -8,5	   0,6	   8,1	  11,8	   6,3	  -0,6
*	    25,9967	 1	184,85	 82,61	  -8,6	   0,5	   7,9	  11,7	   6,2	  -0,8
*	    26,7967	 1	185,29	 75,82	  -9,0	   0,1	   7,5	  11,3	   5,8	  -1,1
*	    27,9875	 1	185,73	 69,43	  -9,6	  -0,5	   7,0	  10,7	   5,2	  -1,7
*	    29,5386	 1	186,16	 63,53	 -10,3	  -1,2	   6,2	  10,0	   4,5	  -2,5
*	    31,4150	 1	186,60	 58,18	 -11,2	  -2,1	   5,4	   9,1	   3,6	  -3,3
*	    33,5810	 1	187,04	 53,40	 -12,1	  -3,0	   4,5	   8,2	   2,7	  -4,3
*	    36,0031	 1	187,47	 49,16	 -13,1	  -4,0	   3,5	   7,2	   1,7	  -5,3
*	    38,6509	 1	187,91	 45,41	 -14,1	  -5,0	   2,4	   6,2	   0,7	  -6,4
*	    41,4977	 1	188,34	 42,08	 -15,1	  -6,1	   1,4	   5,1	  -0,4	  -7,4
*	    44,5204	 1	188,78	 39,15	 -16,2	  -7,1	   0,4	   4,1	  -1,4	  -8,5
*	    47,6991	 1	189,21	 36,55	 -17,2	  -8,2	  -0,7	   3,0	  -2,5	  -9,6
*	    26,3610	 1	131,80	 94,34	  -8,6	   0,5	   8,0	  11,7	   6,2	  -0,7
*	    26,0654	 1	131,94	 90,89	  -8,5	   0,6	   8,1	  11,8	   6,3	  -0,6
*	    26,1119	 1	132,08	 87,42	  -8,5	   0,6	   8,1	  11,8	   6,3	  -0,6
*	    26,4992	 1	132,23	 83,96	  -8,7	   0,4	   7,9	  11,6	   6,1	  -0,8
*	    27,2210	 1	132,38	 80,51	  -8,9	   0,2	   7,6	  11,4	   5,9	  -1,1
*	    28,2665	 1	132,53	 77,11	  -9,3	  -0,2	   7,2	  11,0	   5,5	  -1,5
*	    29,6215	 1	132,67	 73,79	  -9,8	  -0,7	   6,8	  10,5	   5,0	  -2,0
*	    31,2690	 1	132,82	 70,55	 -10,4	  -1,3	   6,2	   9,9	   4,4	  -2,5
*	    33,1899	 1	132,97	 67,42	 -11,0	  -1,9	   5,5	   9,3	   3,8	  -3,2
*	    35,3645	 1	133,12	 64,41	 -11,7	  -2,7	   4,8	   8,5	   3,0	  -4,0
*	    37,7728	 1	133,28	 61,54	 -12,5	  -3,4	   4,0	   7,8	   2,3	  -4,7
*	    40,3952	 1	133,43	 58,79	 -13,3	  -4,2	   3,2	   7,0	   1,4	  -5,6
*	    43,2127	 1	133,58	 56,18	 -14,2	  -5,1	   2,4	   6,1	   0,6	  -6,5
*	    46,2076	 1	133,74	 53,71	 -15,0	  -5,9	   1,5	   5,2	  -0,3	  -7,3
*	    26,1076	 1	176,41	 90,32	  -8,5	   0,6	   8,1	  11,8	   6,4	  -0,6
*	    26,4144	 1	176,81	 83,99	  -8,6	   0,5	   8,0	  11,7	   6,2	  -0,7
*	    27,1115	 1	177,20	 77,79	  -8,9	   0,2	   7,7	  11,4	   5,9	  -1,0
*	    28,1833	 1	177,60	 71,87	  -9,3	  -0,3	   7,2	  10,9	   5,5	  -1,5
*	    29,6067	 1	178,00	 66,32	 -10,0	  -0,9	   6,6	  10,3	   4,8	  -2,1
*	    31,3536	 1	178,39	 61,21	 -10,7	  -1,6	   5,9	   9,6	   4,1	  -2,9
*	    33,3938	 1	178,79	 56,55	 -11,5	  -2,4	   5,0	   8,8	   3,3	  -3,7
*	    35,6976	 1	179,19	 52,33	 -12,4	  -3,3	   4,1	   7,9	   2,4	  -4,6
*	    38,2368	 1	179,59	 48,55	 -13,4	  -4,3	   3,2	   6,9	   1,4	  -5,6
*	    40,9856	 1	179,98	 45,17	 -14,3	  -5,2	   2,2	   5,9	   0,4	  -6,6
*	    43,9211	 1	180,38	 42,14	 -15,3	  -6,2	   1,2	   5,0	  -0,6	  -7,6
*	    47,0229	 1	180,78	 39,44	 -16,3	  -7,2	   0,2	   4,0	  -1,6	  -8,6
*	    26,5305	 1	 48,26	 94,30	  -8,6	   0,5	   7,9	  11,7	   6,2	  -0,8
*	    26,2358	 1	 48,12	 90,88	  -8,5	   0,6	   8,0	  11,8	   6,3	  -0,7
*	    26,2827	 1	 47,97	 87,42	  -8,6	   0,5	   8,0	  11,7	   6,3	  -0,7
*	    26,6698	 1	 47,83	 83,96	  -8,7	   0,4	   7,9	  11,6	   6,1	  -0,8
*	    27,3908	 1	 47,68	 80,54	  -9,0	   0,1	   7,6	  11,3	   5,8	  -1,1
*	    28,4350	 1	 47,54	 77,15	  -9,4	  -0,3	   7,2	  10,9	   5,4	  -1,5
*	    29,7882	 1	 47,39	 73,84	  -9,8	  -0,8	   6,7	  10,4	   5,0	  -2,0
*	    31,4332	 1	 47,24	 70,63	 -10,4	  -1,3	   6,1	   9,9	   4,4	  -2,6
*	    33,3514	 1	 47,09	 67,50	 -11,1	  -2,0	   5,5	   9,2	   3,7	  -3,3
*	    35,5229	 1	 46,94	 64,51	 -11,8	  -2,7	   4,8	   8,5	   3,0	  -4,0
*	    37,9278	 1	 46,79	 61,64	 -12,5	  -3,5	   4,0	   7,7	   2,2	  -4,8
*	    40,5465	 1	 46,64	 58,89	 -13,4	  -4,3	   3,2	   6,9	   1,4	  -5,6
*	    43,3603	 1	 46,49	 56,30	 -14,2	  -5,1	   2,4	   6,1	   0,6	  -6,5
*	    46,3513	 1	 46,33	 53,82	 -15,1	  -6,0	   1,5	   5,2	  -0,3	  -7,4
*	    26,4443	 1	 10,16	 90,90	  -8,4	   0,6	   8,1	  11,8	   6,4	  -0,6
*	    26,6820	 1	  9,80	 85,09	  -8,5	   0,6	   8,0	  11,8	   6,3	  -0,7
*	    27,2931	 1	  9,44	 79,38	  -8,8	   0,3	   7,8	  11,5	   6,0	  -0,9
*	    28,2663	 1	  9,08	 73,85	  -9,2	  -0,1	   7,4	  11,1	   5,6	  -1,3
*	    29,5834	 1	  8,72	 68,62	  -9,7	  -0,6	   6,9	  10,6	   5,1	  -1,9
*	    31,2212	 1	  8,36	 63,72	 -10,4	  -1,3	   6,2	   9,9	   4,4	  -2,5
*	    33,1540	 1	  8,00	 59,20	 -11,1	  -2,0	   5,5	   9,2	   3,7	  -3,3
*	    35,3552	 1	  7,64	 55,06	 -11,9	  -2,8	   4,6	   8,4	   2,9	  -4,1
*	    37,7988	 1	  7,28	 51,29	 -12,8	  -3,7	   3,8	   7,5	   2,0	  -5,0
*	    40,4602	 1	  6,91	 47,87	 -13,7	  -4,6	   2,9	   6,6	   1,1	  -6,0
*	    43,3170	 1	  6,55	 44,79	 -14,6	  -5,5	   1,9	   5,6	   0,1	  -6,9
*	    46,3487	 1	  6,19	 42,01	 -15,6	  -6,5	   1,0	   4,7	  -0,8	  -7,9
*	    26,7473	 1	170,39	 90,92	  -8,6	   0,5	   8,0	  11,7	   6,3	  -0,7
*	    26,9839	 1	170,75	 85,13	  -8,6	   0,5	   7,9	  11,7	   6,2	  -0,8
*	    27,5929	 1	171,11	 79,44	  -8,9	   0,2	   7,7	  11,4	   5,9	  -1,0
*	    28,5628	 1	171,47	 73,92	  -9,3	  -0,2	   7,3	  11,0	   5,5	  -1,4
*	    29,8756	 1	171,83	 68,70	  -9,8	  -0,7	   6,8	  10,5	   5,0	  -2,0
*	    31,5084	 1	172,19	 63,82	 -10,5	  -1,4	   6,1	   9,8	   4,3	  -2,6
*	    33,4355	 1	172,55	 59,29	 -11,2	  -2,1	   5,4	   9,1	   3,6	  -3,4
*	    35,6306	 1	172,91	 55,15	 -12,0	  -2,9	   4,6	   8,3	   2,8	  -4,2
*	    38,0678	 1	173,27	 51,39	 -12,9	  -3,8	   3,7	   7,4	   1,9	  -5,1
*	    40,7226	 1	173,63	 47,98	 -13,8	  -4,7	   2,8	   6,5	   1,0	  -6,0
*	    43,5727	 1	173,99	 44,89	 -14,7	  -5,6	   1,8	   5,6	   0,0	  -7,0
*	    46,5977	 1	174,36	 42,11	 -15,7	  -6,6	   0,9	   4,6	  -0,9	  -8,0
*	    28,0173	 1	136,43	 94,13	  -8,9	   0,2	   7,7	  11,4	   5,9	  -1,0
*	    27,7786	 1	136,59	 90,57	  -8,8	   0,3	   7,8	  11,5	   6,0	  -0,9
*	    27,8704	 1	136,75	 87,00	  -8,8	   0,3	   7,7	  11,5	   6,0	  -1,0
*	    28,2913	 1	136,92	 83,43	  -9,0	   0,1	   7,6	  11,3	   5,8	  -1,1
*	    29,0353	 1	137,08	 79,89	  -9,2	  -0,2	   7,3	  11,0	   5,6	  -1,4
*	    30,0928	 1	137,25	 76,41	  -9,6	  -0,5	   7,0	  10,7	   5,2	  -1,8
*	    31,4507	 1	137,41	 73,00	 -10,1	  -1,0	   6,5	  10,2	   4,7	  -2,2
*	    33,0934	 1	137,58	 69,70	 -10,6	  -1,5	   5,9	   9,7	   4,2	  -2,8
*	    35,0036	 1	137,75	 66,52	 -11,2	  -2,2	   5,3	   9,0	   3,5	  -3,5
*	    37,1628	 1	137,92	 63,48	 -11,9	  -2,8	   4,6	   8,4	   2,8	  -4,2
*	    39,5524	 1	138,09	 60,56	 -12,7	  -3,6	   3,9	   7,6	   2,1	  -4,9
*	    42,1536	 1	138,26	 57,80	 -13,4	  -4,4	   3,1	   6,8	   1,3	  -5,7
*	    44,9486	 1	138,43	 55,17	 -14,3	  -5,2	   2,3	   6,0	   0,5	  -6,6
*	    47,9202	 1	138,60	 52,70	 -15,1	  -6,0	   1,5	   5,2	  -0,3	  -7,4
*	    27,8425	 1	 14,89	 91,39	  -8,7	   0,4	   7,8	  11,6	   6,1	  -0,9
*	    28,0161	 1	 14,58	 86,14	  -8,8	   0,3	   7,8	  11,5	   6,0	  -0,9
*	    28,5439	 1	 14,26	 80,93	  -9,0	   0,1	   7,6	  11,3	   5,8	  -1,1
*	    29,4177	 1	 13,94	 75,85	  -9,3	  -0,2	   7,3	  11,0	   5,5	  -1,5
*	    30,6235	 1	 13,62	 70,98	  -9,8	  -0,7	   6,8	  10,5	   5,0	  -1,9
*	    32,1430	 1	 13,30	 66,37	 -10,3	  -1,2	   6,2	  10,0	   4,5	  -2,5
*	    33,9548	 1	 12,97	 62,05	 -11,0	  -1,9	   5,6	   9,3	   3,8	  -3,2
*	    36,0360	 1	 12,65	 58,05	 -11,7	  -2,6	   4,8	   8,6	   3,1	  -3,9
*	    38,3635	 1	 12,33	 54,35	 -12,5	  -3,4	   4,1	   7,8	   2,3	  -4,7
*	    40,9146	 1	 12,00	 50,97	 -13,3	  -4,3	   3,2	   6,9	   1,4	  -5,6
*	    43,6682	 1	 11,68	 47,86	 -14,2	  -5,1	   2,3	   6,1	   0,5	  -6,5
*	    46,6043	 1	 11,35	 45,03	 -15,1	  -6,0	   1,4	   5,2	  -0,4	  -7,4
*	    28,1504	 1	139,27	 93,85	  -8,9	   0,2	   7,7	  11,4	   5,9	  -1,0
*	    27,9633	 1	139,44	 90,16	  -8,8	   0,3	   7,7	  11,5	   6,0	  -1,0
*	    28,1048	 1	139,62	 86,45	  -8,9	   0,2	   7,7	  11,4	   5,9	  -1,0
*	    28,5730	 1	139,79	 82,76	  -9,1	   0,0	   7,5	  11,2	   5,8	  -1,2
*	    29,3616	 1	139,97	 79,11	  -9,3	  -0,2	   7,2	  11,0	   5,5	  -1,5
*	    30,4608	 1	140,15	 75,52	  -9,7	  -0,6	   6,9	  10,6	   5,1	  -1,9
*	    31,8576	 1	140,33	 72,03	 -10,2	  -1,1	   6,4	  10,1	   4,6	  -2,3
*	    33,5363	 1	140,51	 68,66	 -10,7	  -1,6	   5,8	   9,6	   4,1	  -2,9
*	    35,4797	 1	140,69	 65,41	 -11,3	  -2,3	   5,2	   8,9	   3,4	  -3,6
*	    37,6697	 1	140,88	 62,30	 -12,0	  -2,9	   4,5	   8,2	   2,7	  -4,3
*	    40,0874	 1	141,06	 59,36	 -12,8	  -3,7	   3,8	   7,5	   2,0	  -5,0
*	    42,7146	 1	141,25	 56,57	 -13,5	  -4,5	   3,0	   6,7	   1,2	  -5,8
*	    45,5334	 1	141,43	 53,93	 -14,4	  -5,3	   2,2	   5,9	   0,4	  -6,7
*	    28,1031	 1	142,24	 93,58	  -8,9	   0,2	   7,7	  11,4	   5,9	  -1,0
*	    27,9659	 1	142,43	 89,73	  -8,8	   0,2	   7,7	  11,5	   6,0	  -1,0
*	    28,1572	 1	142,62	 85,87	  -8,9	   0,2	   7,7	  11,4	   5,9	  -1,0
*	    28,6746	 1	142,82	 82,02	  -9,1	   0,0	   7,5	  11,2	   5,7	  -1,2
*	    29,5114	 1	143,01	 78,23	  -9,4	  -0,3	   7,2	  10,9	   5,4	  -1,5
*	    30,6574	 1	143,20	 74,52	  -9,8	  -0,7	   6,8	  10,5	   5,0	  -1,9
*	    32,0993	 1	143,40	 70,92	 -10,2	  -1,2	   6,3	  10,0	   4,6	  -2,4
*	    33,8212	 1	143,60	 67,45	 -10,8	  -1,7	   5,8	   9,5	   4,0	  -3,0
*	    35,8056	 1	143,79	 64,14	 -11,4	  -2,3	   5,1	   8,8	   3,3	  -3,7
*	    38,0342	 1	143,99	 60,99	 -12,1	  -3,0	   4,4	   8,1	   2,6	  -4,4
*	    40,4883	 1	144,19	 57,99	 -12,9	  -3,8	   3,7	   7,4	   1,9	  -5,1
*	    43,1494	 1	144,39	 55,18	 -13,7	  -4,6	   2,9	   6,6	   1,1	  -5,9
*	    45,9996	 1	144,59	 52,52	 -14,5	  -5,4	   2,1	   5,8	   0,3	  -6,8
s	    27,9966	 1	 38,69	 90,00	  27,1	  31,2	  36,7	  36,1	  31,5	  25,6
*	    28,1384	 1	 38,20	 93,51	  -8,9	   0,2	   7,7	  11,4	   5,9	  -1,0
*	    28,0027	 1	 38,02	 89,70	  -8,8	   0,2	   7,7	  11,4	   6,0	  -1,0
*	    28,1951	 1	 37,83	 85,87	  -8,9	   0,2	   7,7	  11,4	   5,9	  -1,0
*	    28,7133	 1	 37,64	 82,04	  -9,1	  -0,0	   7,5	  11,2	   5,7	  -1,2
*	    29,5507	 1	 37,44	 78,28	  -9,4	  -0,3	   7,2	  10,9	   5,4	  -1,5
*	    30,6970	 1	 37,25	 74,59	  -9,8	  -0,7	   6,8	  10,5	   5,0	  -1,9
*	    32,1389	 1	 37,06	 71,01	 -10,2	  -1,2	   6,3	  10,0	   4,5	  -2,4
*	    33,8605	 1	 36,87	 67,57	 -10,8	  -1,7	   5,8	   9,5	   4,0	  -3,0
*	    35,8445	 1	 36,67	 64,27	 -11,4	  -2,4	   5,1	   8,8	   3,3	  -3,7
*	    38,0723	 1	 36,47	 61,12	 -12,1	  -3,0	   4,4	   8,1	   2,6	  -4,4
*	    40,5255	 1	 36,28	 58,15	 -12,9	  -3,8	   3,7	   7,4	   1,9	  -5,1
*	    43,1856	 1	 36,08	 55,34	 -13,7	  -4,6	   2,9	   6,6	   1,1	  -6,0
*	    46,0348	 1	 35,88	 52,69	 -14,5	  -5,4	   2,1	   5,8	   0,3	  -6,8
*	    28,2356	 1	 44,38	 93,99	  -8,9	   0,2	   7,7	  11,4	   5,9	  -1,0
*	    27,9998	 1	 44,22	 90,49	  -8,8	   0,3	   7,7	  11,5	   6,0	  -1,0
*	    28,0943	 1	 44,06	 86,97	  -8,9	   0,2	   7,7	  11,4	   5,9	  -1,0
*	    28,5174	 1	 43,90	 83,46	  -9,0	   0,1	   7,5	  11,3	   5,8	  -1,2
*	    29,2632	 1	 43,74	 79,97	  -9,3	  -0,2	   7,3	  11,0	   5,5	  -1,4
*	    30,3219	 1	 43,58	 76,54	  -9,7	  -0,6	   6,9	  10,6	   5,1	  -1,8
*	    31,6802	 1	 43,42	 73,19	 -10,1	  -1,0	   6,4	  10,2	   4,7	  -2,3
*	    33,3227	 1	 43,26	 69,94	 -10,7	  -1,6	   5,9	   9,6	   4,1	  -2,9
*	    35,2318	 1	 43,10	 66,79	 -11,3	  -2,2	   5,3	   9,0	   3,5	  -3,5
*	    37,3893	 1	 42,93	 63,78	 -12,0	  -2,9	   4,6	   8,3	   2,8	  -4,2
*	    39,7765	 1	 42,77	 60,90	 -12,7	  -3,6	   3,8	   7,6	   2,1	  -5,0
*	    42,3747	 1	 42,60	 58,15	 -13,5	  -4,4	   3,1	   6,8	   1,3	  -5,8
*	    45,1662	 1	 42,44	 55,55	 -14,3	  -5,2	   2,3	   6,0	   0,5	  -6,6
*	    48,1338	 1	 42,27	 53,09	 -15,1	  -6,0	   1,4	   5,1	  -0,4	  -7,5
*	    28,2571	 1	 41,34	 93,75	  -8,9	   0,2	   7,6	  11,4	   5,9	  -1,1
*	    28,0720	 1	 41,16	 90,11	  -8,9	   0,2	   7,7	  11,4	   6,0	  -1,0
*	    28,2153	 1	 40,99	 86,44	  -8,9	   0,2	   7,7	  11,4	   5,9	  -1,0
*	    28,6849	 1	 40,82	 82,79	  -9,1	   0,0	   7,5	  11,2	   5,7	  -1,2
*	    29,4745	 1	 40,64	 79,17	  -9,3	  -0,3	   7,2	  10,9	   5,5	  -1,5
*	    30,5743	 1	 40,47	 75,62	  -9,7	  -0,6	   6,8	  10,6	   5,1	  -1,9
*	    31,9711	 1	 40,29	 72,16	 -10,2	  -1,1	   6,4	  10,1	   4,6	  -2,4
*	    33,6495	 1	 40,11	 68,82	 -10,7	  -1,7	   5,8	   9,5	   4,0	  -2,9
*	    35,5921	 1	 39,94	 65,59	 -11,4	  -2,3	   5,2	   8,9	   3,4	  -3,6
*	    37,7808	 1	 39,76	 62,53	 -12,1	  -3,0	   4,5	   8,2	   2,7	  -4,3
*	    40,1969	 1	 39,58	 59,60	 -12,8	  -3,7	   3,8	   7,5	   2,0	  -5,0
*	    42,8222	 1	 39,40	 56,82	 -13,6	  -4,5	   3,0	   6,7	   1,2	  -5,8
*	    45,6389	 1	 39,21	 54,20	 -14,4	  -5,3	   2,2	   5,9	   0,4	  -6,7
*	    28,1576	 1	165,80	 91,43	  -8,8	   0,3	   7,7	  11,5	   6,0	  -1,0
*	    28,3301	 1	166,12	 86,18	  -8,9	   0,2	   7,7	  11,4	   5,9	  -1,0
*	    28,8561	 1	166,44	 80,96	  -9,1	   0,0	   7,5	  11,2	   5,7	  -1,2
*	    29,7272	 1	166,76	 75,90	  -9,4	  -0,3	   7,2	  10,9	   5,4	  -1,5
*	    30,9297	 1	167,09	 71,03	  -9,9	  -0,8	   6,7	  10,4	   4,9	  -2,0
*	    32,4452	 1	167,41	 66,42	 -10,4	  -1,3	   6,1	   9,9	   4,4	  -2,6
*	    34,2525	 1	167,73	 62,10	 -11,1	  -2,0	   5,5	   9,2	   3,7	  -3,3
*	    36,3288	 1	168,05	 58,08	 -11,8	  -2,7	   4,8	   8,5	   3,0	  -4,0
*	    38,6508	 1	168,38	 54,39	 -12,6	  -3,5	   4,0	   7,7	   2,2	  -4,8
*	    41,1963	 1	168,70	 51,00	 -13,4	  -4,3	   3,1	   6,8	   1,3	  -5,7
*	    43,9439	 1	169,03	 47,90	 -14,3	  -5,2	   2,3	   6,0	   0,5	  -6,6
*	    46,8739	 1	169,36	 45,07	 -15,2	  -6,1	   1,4	   5,1	  -0,4	  -7,5
*	    28,2596	 1	 34,81	 93,23	  -8,9	   0,2	   7,7	  11,4	   5,9	  -1,0
*	    28,1731	 1	 34,61	 89,24	  -8,9	   0,2	   7,7	  11,4	   5,9	  -1,0
*	    28,4149	 1	 34,40	 85,24	  -8,9	   0,1	   7,6	  11,3	   5,9	  -1,1
*	    28,9823	 1	 34,19	 81,26	  -9,1	  -0,1	   7,4	  11,1	   5,7	  -1,3
*	    29,8680	 1	 33,99	 77,35	  -9,4	  -0,4	   7,1	  10,8	   5,4	  -1,6
*	    31,0614	 1	 33,78	 73,54	  -9,8	  -0,8	   6,7	  10,4	   5,0	  -2,0
*	    32,5487	 1	 33,57	 69,84	 -10,3	  -1,3	   6,2	   9,9	   4,5	  -2,5
*	    34,3136	 1	 33,35	 66,31	 -10,9	  -1,8	   5,6	   9,4	   3,9	  -3,1
*	    36,3385	 1	 33,14	 62,93	 -11,6	  -2,5	   5,0	   8,7	   3,2	  -3,8
*	    38,6047	 1	 32,93	 59,74	 -12,3	  -3,2	   4,3	   8,0	   2,5	  -4,5
*	    41,0935	 1	 32,71	 56,72	 -13,0	  -3,9	   3,5	   7,3	   1,8	  -5,3
*	    43,7863	 1	 32,50	 53,89	 -13,8	  -4,7	   2,7	   6,5	   1,0	  -6,1
*	    46,6656	 1	 32,28	 51,23	 -14,6	  -5,5	   1,9	   5,6	   0,1	  -6,9
*	    28,2911	 1	145,73	 93,30	  -8,9	   0,2	   7,7	  11,4	   5,9	  -1,1
*	    28,2032	 1	145,94	 89,28	  -8,9	   0,2	   7,7	  11,4	   5,9	  -1,0
*	    28,4438	 1	146,15	 85,25	  -9,0	   0,1	   7,6	  11,3	   5,8	  -1,1
*	    29,0101	 1	146,36	 81,25	  -9,2	  -0,1	   7,4	  11,1	   5,7	  -1,3
*	    29,8950	 1	146,57	 77,31	  -9,5	  -0,4	   7,1	  10,8	   5,3	  -1,6
*	    31,0878	 1	146,78	 73,47	  -9,9	  -0,8	   6,7	  10,4	   4,9	  -2,0
*	    32,5745	 1	147,00	 69,76	 -10,3	  -1,3	   6,2	   9,9	   4,4	  -2,5
*	    34,3391	 1	147,21	 66,20	 -10,9	  -1,8	   5,6	   9,4	   3,9	  -3,1
*	    36,3638	 1	147,43	 62,81	 -11,6	  -2,5	   5,0	   8,7	   3,2	  -3,8
*	    38,6299	 1	147,64	 59,60	 -12,3	  -3,2	   4,3	   8,0	   2,5	  -4,5
*	    41,1186	 1	147,86	 56,58	 -13,0	  -3,9	   3,5	   7,2	   1,7	  -5,3
*	    43,8115	 1	148,08	 53,73	 -13,8	  -4,7	   2,7	   6,5	   0,9	  -6,1
*	    46,6907	 1	148,30	 51,07	 -14,6	  -5,6	   1,9	   5,6	   0,1	  -7,0
*	    28,2312	 1	 20,22	 91,75	  -8,8	   0,3	   7,7	  11,5	   6,0	  -1,0
*	    28,3494	 1	 19,93	 86,90	  -8,8	   0,2	   7,7	  11,4	   6,0	  -1,0
*	    28,8105	 1	 19,64	 82,06	  -9,0	   0,1	   7,6	  11,3	   5,8	  -1,2
*	    29,6082	 1	 19,36	 77,32	  -9,3	  -0,2	   7,3	  11,0	   5,5	  -1,4
*	    30,7313	 1	 19,07	 72,74	  -9,7	  -0,6	   6,9	  10,6	   5,1	  -1,9
*	    32,1641	 1	 18,78	 68,36	 -10,2	  -1,1	   6,4	  10,1	   4,6	  -2,4
*	    33,8881	 1	 18,49	 64,22	 -10,8	  -1,7	   5,8	   9,5	   4,0	  -3,0
*	    35,8829	 1	 18,20	 60,33	 -11,5	  -2,4	   5,1	   8,8	   3,3	  -3,7
*	    38,1273	 1	 17,90	 56,70	 -12,2	  -3,1	   4,3	   8,0	   2,5	  -4,5
*	    40,6000	 1	 17,61	 53,36	 -13,0	  -3,9	   3,5	   7,3	   1,7	  -5,3
*	    43,2807	 1	 17,32	 50,26	 -13,9	  -4,8	   2,7	   6,4	   0,9	  -6,1
*	    46,1499	 1	 17,02	 47,41	 -14,7	  -5,6	   1,8	   5,6	   0,0	  -7,0
*	    28,2871	 1	 31,26	 92,94	  -8,9	   0,2	   7,7	  11,4	   5,9	  -1,0
*	    28,2497	 1	 31,04	 88,75	  -8,9	   0,2	   7,7	  11,4	   5,9	  -1,0
*	    28,5426	 1	 30,81	 84,55	  -9,0	   0,1	   7,6	  11,3	   5,8	  -1,1
*	    29,1622	 1	 30,59	 80,40	  -9,2	  -0,1	   7,4	  11,1	   5,6	  -1,3
*	    30,1008	 1	 30,36	 76,32	  -9,5	  -0,4	   7,1	  10,8	   5,3	  -1,7
*	    31,3469	 1	 30,13	 72,37	  -9,9	  -0,8	   6,6	  10,4	   4,9	  -2,1
*	    32,8859	 1	 29,90	 68,56	 -10,4	  -1,3	   6,1	   9,9	   4,4	  -2,6
*	    34,7010	 1	 29,67	 64,93	 -11,0	  -1,9	   5,5	   9,3	   3,8	  -3,2
*	    36,7738	 1	 29,44	 61,48	 -11,7	  -2,6	   4,9	   8,6	   3,1	  -3,9
*	    39,0852	 1	 29,20	 58,23	 -12,4	  -3,3	   4,1	   7,9	   2,4	  -4,7
*	    41,6162	 1	 28,97	 55,17	 -13,2	  -4,1	   3,4	   7,1	   1,6	  -5,4
*	    44,3482	 1	 28,74	 52,33	 -14,0	  -4,9	   2,6	   6,3	   0,8	  -6,3
*	    47,2633	 1	 28,50	 49,66	 -14,8	  -5,7	   1,7	   5,5	  -0,1	  -7,1
s	    28,2967	 2	 90,00	 34,85	  25,6	  30,0	  21,1	  21,7	  25,2	  22,6
*	    28,3729	 1	149,26	 92,99	  -8,9	   0,2	   7,7	  11,4	   5,9	  -1,1
*	    28,3344	 1	149,49	 88,78	  -8,9	   0,2	   7,7	  11,4	   5,9	  -1,0
*	    28,6261	 1	149,72	 84,57	  -9,0	   0,1	   7,6	  11,3	   5,8	  -1,1
*	    29,2446	 1	149,95	 80,39	  -9,2	  -0,1	   7,4	  11,1	   5,6	  -1,4
*	    30,1823	 1	150,18	 76,30	  -9,5	  -0,4	   7,0	  10,8	   5,3	  -1,7
*	    31,4275	 1	150,41	 72,31	  -9,9	  -0,9	   6,6	  10,3	   4,9	  -2,1
*	    32,9657	 1	150,64	 68,49	 -10,5	  -1,4	   6,1	   9,8	   4,3	  -2,6
*	    34,7799	 1	150,87	 64,84	 -11,1	  -2,0	   5,5	   9,2	   3,7	  -3,3
*	    36,8518	 1	151,11	 61,38	 -11,7	  -2,6	   4,8	   8,6	   3,1	  -3,9
*	    39,1624	 1	151,34	 58,12	 -12,4	  -3,3	   4,1	   7,8	   2,3	  -4,7
*	    41,6925	 1	151,58	 55,07	 -13,2	  -4,1	   3,4	   7,1	   1,6	  -5,5
*	    44,4235	 1	151,82	 52,21	 -14,0	  -4,9	   2,6	   6,3	   0,8	  -6,3
*	    47,3376	 1	152,05	 49,54	 -14,8	  -5,7	   1,7	   5,4	  -0,1	  -7,2
*	    28,4471	 1	137,67	 92,86	   0,3	   1,0	  -6,7	  -6,3	 -11,3	  -4,5
*	    28,3813	 1	137,90	 87,78	   0,3	   1,1	  -6,7	  -6,3	 -11,2	  -4,5
*	    28,9699	 1	138,14	 82,70	   0,1	   0,9	  -6,9	  -6,5	 -11,4	  -4,7
*	    30,1970	 1	138,38	 77,70	  -0,3	   0,4	  -7,3	  -6,9	 -11,9	  -5,2
*	    32,0322	 1	138,62	 72,85	  -1,0	  -0,2	  -7,9	  -7,6	 -12,5	  -5,8
*	    34,4337	 1	138,86	 68,20	  -1,7	  -1,0	  -8,7	  -8,4	 -13,3	  -6,6
*	    40,4635	 1	139,33	 59,99	  -3,6	  -2,9	 -10,6	 -10,2	 -15,2	  -8,6
*	    44,2323	 1	139,58	 56,14	  -4,7	  -4,0	 -11,7	 -11,4	 -16,3	  -9,7
s	    28,4029	 2	 91,06	 42,32	  26,8	  25,0	   1,0	   1,4	   4,9	  15,5
*	    34,2916	 1	 40,84	 68,48	  -1,7	  -0,9	  -8,6	  -8,3	 -13,2	  -6,6
*	    31,9303	 1	 41,09	 73,15	  -0,9	  -0,1	  -7,9	  -7,5	 -12,5	  -5,8
*	    30,1382	 1	 41,33	 78,02	  -0,3	   0,5	  -7,3	  -6,9	 -11,8	  -5,1
*	    28,9564	 1	 41,57	 83,05	   0,1	   0,9	  -6,9	  -6,5	 -11,4	  -4,7
*	    28,4143	 1	 41,81	 88,15	   0,3	   1,1	  -6,7	  -6,3	 -11,2	  -4,5
*	    28,5262	 1	 42,04	 93,24	   0,3	   1,0	  -6,7	  -6,3	 -11,3	  -4,6
*	    41,0345	 1	 40,31	 59,35	  -3,8	  -3,0	 -10,7	 -10,4	 -15,4	  -8,7
*	    37,6206	 1	 40,56	 63,44	  -2,7	  -2,0	  -9,7	  -9,4	 -14,3	  -7,7
s	    28,4363	 2	 88,87	 42,35	  26,8	  25,0	   1,0	   1,4	   4,9	  15,5
*	    28,6688	 1	161,17	 91,85	  -8,9	   0,2	   7,6	  11,4	   5,9	  -1,1
*	    28,7849	 1	161,46	 86,97	  -9,0	   0,1	   7,6	  11,3	   5,9	  -1,1
*	    29,2435	 1	161,75	 82,11	  -9,1	  -0,0	   7,5	  11,2	   5,7	  -1,3
*	    30,0384	 1	162,04	 77,34	  -9,4	  -0,3	   7,2	  10,9	   5,4	  -1,6
*	    31,1582	 1	162,33	 72,73	  -9,8	  -0,7	   6,8	  10,5	   5,0	  -2,0
*	    32,5872	 1	162,62	 68,32	 -10,3	  -1,2	   6,3	  10,0	   4,5	  -2,5
*	    34,3070	 1	162,92	 64,16	 -10,9	  -1,8	   5,6	   9,4	   3,9	  -3,1
*	    36,2970	 1	163,21	 60,26	 -11,6	  -2,5	   5,0	   8,7	   3,2	  -3,8
*	    38,5360	 1	163,51	 56,63	 -12,3	  -3,2	   4,2	   7,9	   2,4	  -4,6
*	    41,0029	 1	163,81	 53,27	 -13,1	  -4,0	   3,4	   7,2	   1,6	  -5,4
*	    43,6772	 1	164,11	 50,17	 -13,9	  -4,9	   2,6	   6,3	   0,8	  -6,2
*	    46,5397	 1	164,41	 47,31	 -14,8	  -5,7	   1,7	   5,5	  -0,1	  -7,1
*	    28,7027	 1	 23,23	 92,25	  -8,9	   0,2	   7,6	  11,4	   5,9	  -1,1
*	    28,7661	 1	 22,96	 87,63	  -8,9	   0,2	   7,6	  11,4	   5,9	  -1,1
*	    29,1656	 1	 22,69	 83,03	  -9,1	   0,0	   7,5	  11,2	   5,7	  -1,2
*	    29,8963	 1	 22,43	 78,49	  -9,3	  -0,2	   7,2	  11,0	   5,5	  -1,5
*	    30,9484	 1	 22,16	 74,08	  -9,7	  -0,6	   6,9	  10,6	   5,1	  -1,9
*	    32,3082	 1	 21,89	 69,84	 -10,2	  -1,1	   6,4	  10,1	   4,6	  -2,3
*	    33,9588	 1	 21,62	 65,81	 -10,7	  -1,6	   5,8	   9,6	   4,1	  -2,9
*	    35,8814	 1	 21,35	 62,01	 -11,4	  -2,3	   5,2	   8,9	   3,4	  -3,6
*	    38,0560	 1	 21,07	 58,43	 -12,1	  -3,0	   4,5	   8,2	   2,7	  -4,3
*	    40,4625	 1	 20,80	 55,10	 -12,8	  -3,7	   3,7	   7,4	   1,9	  -5,1
*	    43,0809	 1	 20,52	 52,01	 -13,6	  -4,5	   2,9	   6,6	   1,1	  -5,9
*	    45,8923	 1	 20,25	 49,16	 -14,5	  -5,4	   2,1	   5,8	   0,3	  -6,8
*	    48,8789	 1	 19,97	 46,52	 -15,3	  -6,2	   1,2	   4,9	  -0,6	  -7,7
s	    28,7254	 1	 12,10	 91,47	  27,9	  28,7	  21,0	  21,3	  16,4	  23,1
*	    28,7532	 1	 28,03	 92,51	  -8,9	   0,1	   7,6	  11,3	   5,9	  -1,1
*	    28,7675	 1	 27,79	 88,18	  -8,9	   0,1	   7,6	  11,3	   5,9	  -1,1
*	    29,1123	 1	 27,55	 83,86	  -9,1	   0,0	   7,5	  11,2	   5,7	  -1,2
*	    29,7834	 1	 27,31	 79,58	  -9,3	  -0,2	   7,3	  11,0	   5,5	  -1,4
*	    30,7725	 1	 27,07	 75,40	  -9,6	  -0,5	   6,9	  10,7	   5,2	  -1,8
*	    32,0672	 1	 26,82	 71,36	 -10,1	  -1,0	   6,5	  10,2	   4,7	  -2,2
*	    33,6524	 1	 26,58	 67,49	 -10,6	  -1,5	   6,0	   9,7	   4,2	  -2,8
*	    35,5106	 1	 26,33	 63,80	 -11,2	  -2,1	   5,4	   9,1	   3,6	  -3,4
*	    37,6232	 1	 26,09	 60,33	 -11,9	  -2,8	   4,7	   8,4	   2,9	  -4,1
*	    39,9708	 1	 25,84	 57,06	 -12,6	  -3,5	   3,9	   7,7	   2,2	  -4,9
*	    42,5342	 1	 25,59	 54,00	 -13,4	  -4,3	   3,2	   6,9	   1,4	  -5,7
*	    45,2950	 1	 25,34	 51,16	 -14,2	  -5,1	   2,4	   6,1	   0,6	  -6,5
*	    48,2353	 1	 25,09	 48,50	 -15,0	  -5,9	   1,5	   5,2	  -0,3	  -7,4
*	    28,8239	 1	157,04	 92,26	  -9,0	   0,1	   7,6	  11,3	   5,8	  -1,1
*	    28,8869	 1	157,30	 87,64	  -9,0	   0,1	   7,6	  11,3	   5,8	  -1,1
*	    29,2857	 1	157,57	 83,03	  -9,1	  -0,0	   7,5	  11,2	   5,7	  -1,3
*	    30,0154	 1	157,84	 78,50	  -9,4	  -0,3	   7,2	  10,9	   5,4	  -1,5
*	    31,0662	 1	158,11	 74,09	  -9,7	  -0,6	   6,8	  10,6	   5,1	  -1,9
*	    32,4245	 1	158,38	 69,86	 -10,2	  -1,1	   6,4	  10,1	   4,6	  -2,4
*	    34,0733	 1	158,65	 65,82	 -10,8	  -1,7	   5,8	   9,5	   4,0	  -3,0
*	    35,9940	 1	158,92	 62,01	 -11,4	  -2,3	   5,2	   8,9	   3,4	  -3,6
*	    38,1665	 1	159,20	 58,43	 -12,1	  -3,0	   4,4	   8,2	   2,7	  -4,3
*	    40,5707	 1	159,47	 55,10	 -12,9	  -3,8	   3,7	   7,4	   1,9	  -5,1
*	    43,1868	 1	159,75	 52,02	 -13,7	  -4,6	   2,9	   6,6	   1,1	  -6,0
*	    45,9958	 1	160,02	 49,16	 -14,5	  -5,4	   2,1	   5,8	   0,3	  -6,8
*	    48,9800	 1	160,30	 46,52	 -15,3	  -6,3	   1,2	   4,9	  -0,6	  -7,7
s	    28,8473	 3	 90,94	130,87	  26,1	  24,0	  -0,6	  -0,9	   2,3	  12,4
s	    28,8804	 3	 89,00	130,85	  26,1	  24,0	  -0,6	  -0,9	   2,2	  12,4
*	    28,9933	 1	153,10	 92,62	  -9,0	   0,1	   7,6	  11,3	   5,8	  -1,1
*	    29,0055	 1	153,34	 88,24	  -9,0	   0,1	   7,6	  11,3	   5,8	  -1,1
*	    29,3482	 1	153,59	 83,87	  -9,1	  -0,0	   7,5	  11,2	   5,7	  -1,3
*	    30,0173	 1	153,83	 79,56	  -9,3	  -0,3	   7,2	  10,9	   5,5	  -1,5
*	    31,0043	 1	154,08	 75,35	  -9,7	  -0,6	   6,9	  10,6	   5,1	  -1,8
*	    32,2970	 1	154,33	 71,28	 -10,1	  -1,0	   6,4	  10,2	   4,7	  -2,3
*	    33,8800	 1	154,58	 67,37	 -10,6	  -1,6	   5,9	   9,6	   4,1	  -2,8
*	    35,7360	 1	154,83	 63,66	 -11,3	  -2,2	   5,3	   9,0	   3,5	  -3,5
*	    37,8462	 1	155,08	 60,16	 -11,9	  -2,8	   4,6	   8,3	   2,8	  -4,2
*	    40,1912	 1	155,33	 56,88	 -12,7	  -3,6	   3,9	   7,6	   2,1	  -4,9
*	    42,7519	 1	155,58	 53,82	 -13,4	  -4,3	   3,1	   6,8	   1,3	  -5,7
*	    45,5096	 1	155,84	 50,96	 -14,2	  -5,2	   2,3	   6,0	   0,5	  -6,6
*	    48,4467	 1	156,09	 48,31	 -15,1	  -6,0	   1,5	   5,2	  -0,3	  -7,4
*	    29,0629	 1	306,94	 19,92	 -10,4	  -5,7	   7,4	   8,7	   5,6	   0,9
*	    30,2351	 1	325,62	 26,24	 -11,1	  -6,4	   6,7	   8,0	   5,0	   0,2
*	    32,1686	 1	335,85	 33,14	 -12,1	  -7,4	   5,7	   7,0	   4,0	  -0,8
*	    34,7600	 1	341,94	 39,52	 -13,3	  -8,6	   4,5	   5,8	   2,7	  -2,1
s	    31,6405	 2	136,03	 89,65	  25,2	  24,7	  16,7	  17,7	  12,7	  19,6
s	    31,7211	 2	 43,57	 89,66	  25,2	  24,7	  16,7	  17,7	  12,7	  19,6
s	    32,9669	 3	269,89	 52,58	  25,5	  18,4	 -19,5	 -19,1	 -15,6	   8,1
s	    33,0018	 3	270,22	 52,60	  25,5	  18,4	 -19,5	 -19,1	 -15,6	   8,1
s	    33,0557	 3	 91,07	 38,97	  24,2	  23,4	   0,6	   1,1	   4,7	  15,3
s	    33,0871	 3	 88,86	 39,00	  24,2	  23,4	   0,6	   1,1	   4,7	  15,3
*	    35,6096	 1	197,49	 46,09	 -13,7	  -7,8	  -1,7	  -1,4	  -6,2	 -12,7
*	    36,3821	 1	197,63	 44,95	 -14,1	  -8,1	  -2,0	  -1,8	  -6,5	 -13,0
*	    37,1722	 1	197,76	 43,84	 -14,4	  -8,4	  -2,3	  -2,1	  -6,9	 -13,4
*	    35,6720	 1	342,20	 46,10	 -13,7	  -7,8	  -1,7	  -1,4	  -6,2	 -12,7
*	    36,4444	 1	342,06	 44,96	 -14,1	  -8,1	  -2,0	  -1,8	  -6,5	 -13,0
*	    37,2343	 1	341,92	 43,85	 -14,4	  -8,4	  -2,3	  -2,1	  -6,8	 -13,4
s	    38,0156	 2	172,86	 91,53	  26,1	  21,7	  -0,0	   0,3	  -4,6	  15,2
s	    45,0169	 2	  9,52	 54,59	  25,1	  23,2	  -0,7	  -0,4	   3,1	  13,6
s	    48,2900	 3	 36,32	 49,61	  21,1	  24,3	  15,0	  16,3	  19,8	  17,2
s	    52,7973	 3	175,18	 57,94	  23,6	  16,5	 -21,4	 -21,1	 -17,6	   6,0
s	    76,8108	 2	 98,66	 87,82	  22,8	  23,3	  14,9	  13,2	   6,9	  13,0
s	    89,4474	 3	 98,79	 87,69	  21,3	  16,6	  -5,7	  -6,1	 -11,5	   7,6
s	   111,2365	 3	 30,27	 89,25	  18,3	  17,5	   8,7	   7,7	   1,2	   7,4
s	   111,2636	 3	149,42	 89,24	  18,3	  17,5	   8,7	   7,7	   1,2	   7,4
#END
