#HEADER
CATT-Acoustic v8.0b    Copyright © CATT 1988-2003

 Project                : Auditorio

 GEOMETRICAL INFORMATION
 Src id and loc     [m] :   A1          -9,000        0,000        0,000
 Rec id and loc     [m] :   21           4,350        7,000        0,550

 21       43,9349

 VARIABLE SOURCE DATA
 Directivity
   Type (library)       :  OMNI.SD0
   Dir. Index (DI) [dB] :       0,0      0,0      0,0      0,0      0,0      0,0
 Level
   On axis 1m      [dB] :      58,0     64,0     70,3     70,7     65,9     59,9
   Total power     [dB] :      68,9     74,9     81,2     81,6     76,8     70,8
   Auxiliary delay [ms] :       0,0

 VARIABLE AIR DATA
 Temperature       [°C] :      20
 Relative humidity  [%] :      50
 Density        [kg/m³] :       1,2
 Sound speed      [m/s] :     343
 Impedance      [Ns/m³] :     412
 Diss. coeff. [0.001/m] :      0,10     0,30     0,63     1,07     2,28     6,83      (estimated)

#DATAFIELDS
 TYPE DELAY ORDER AZIMUTH ELEVATION SPL125 SPL250 SPL500 SPL1K SPL2K SPL4K
#DATA
d	     0,0000	 0	 90,00	 90,00	  34,4	  40,4	  46,7	  47,1	  42,2	  35,9
*	     0,1932	 1	 89,15	 97,26	 -15,1	  -9,2	  -3,3	  -1,0	  -5,2	 -12,1
*	     0,1937	 1	 94,38	 97,02	 -17,7	 -11,7	  -5,9	  -3,5	  -7,8	 -14,7
*	     0,3502	 1	 85,32	 97,44	 -13,5	  -7,6	  -1,7	   0,6	  -3,6	 -10,5
*	     0,4751	 1	 78,69	 97,73	 -17,2	 -11,3	  -5,4	  -3,1	  -7,4	 -14,3
*	     0,6444	 1	 82,43	 97,53	 -12,2	  -6,3	  -0,4	   1,9	  -2,4	  -9,3
*	     0,8649	 1	 75,79	 97,74	 -15,1	  -9,2	  -3,3	  -1,0	  -5,3	 -12,2
*	    26,0255	 1	111,06	 93,49	 -15,4	  -8,4	  -1,1	  -0,5	  -5,4	 -11,8
*	    19,0988	 1	107,76	 93,80	 -11,7	  -4,6	   2,7	   3,3	  -1,5	  -7,9
*	    21,1481	 1	104,40	 93,42	 -11,6	  -4,6	   2,8	   3,4	  -1,5	  -7,9
*	    12,5709	 1	104,02	 94,14	  -7,2	  -0,2	   7,2	   7,8	   2,9	  -3,4
*	    14,4588	 1	100,72	 93,70	  -6,5	   0,5	   7,9	   8,4	   3,6	  -2,8
*	     6,7732	 1	 99,79	 94,48	  -2,2	   4,8	  12,2	  12,8	   7,9	   1,6
*	     8,2322	 1	 96,61	 93,99	   0,2	   7,2	  14,6	  15,2	  10,4	   4,0
*	    12,2644	 1	 93,87	 93,55	  -1,8	   5,2	  12,6	  13,2	   8,3	   2,0
*	     2,5534	 1	 95,03	 94,86	   1,8	   8,8	  16,2	  16,8	  12,0	   5,7
*	     3,3409	 1	 92,05	 94,28	   8,0	  15,1	  22,5	  23,1	  18,2	  11,9
*	     7,8697	 1	 89,54	 93,79	   4,2	  11,2	  18,6	  19,2	  14,4	   8,0
*	     1,0802	 1	 89,70	 95,23	   1,3	   8,4	  15,7	  16,3	  11,5	   5,2
*	     2,4220	 1	 87,05	 94,58	   5,5	  12,6	  19,9	  20,5	  15,7	   9,4
*	     6,9453	 1	 84,84	 94,03	   2,5	   9,5	  16,9	  17,5	  12,7	   6,3
*	     1,9567	 1	 83,80	 95,59	  -2,2	   4,9	  12,2	  12,8	   8,0	   1,7
*	     4,2690	 1	 81,60	 94,85	  -1,2	   5,9	  13,2	  13,8	   9,0	   2,7
*	     4,1032	 1	 77,37	 95,91	  -5,7	   1,3	   8,7	   9,3	   4,5	  -1,8
*	     7,0086	 1	 75,77	 95,10	  -5,9	   1,1	   8,5	   9,1	   4,2	  -2,1
*	     7,0524	 1	 70,55	 96,18	  -8,7	  -1,7	   5,7	   6,3	   1,5	  -4,9
*	    10,3105	 1	 69,65	 95,32	  -9,5	  -2,5	   4,9	   5,5	   0,6	  -5,7
*	    10,6552	 1	 63,48	 96,36	 -11,3	  -4,3	   3,1	   3,7	  -1,2	  -7,5
*	     1,0849	 1	 80,13	 97,58	 -11,1	  -5,2	   0,7	   3,0	  -1,3	  -8,2
*	     1,3633	 1	 73,78	 97,77	 -13,8	  -7,9	  -2,0	   0,3	  -4,0	 -10,9
*	     1,9757	 1	 72,30	 97,77	 -12,9	  -7,0	  -1,1	   1,2	  -3,0	  -9,9
*	     2,7310	 1	 71,13	 97,76	 -12,0	  -6,1	  -0,2	   2,1	  -2,2	  -9,1
s	     2,7895	 1	216,37	 93,21	  32,1	  37,8	  43,4	  41,8	  35,6	  29,0
*	     3,7657	 1	176,70	102,68	  12,0	  17,9	  23,8	  26,1	  21,9	  15,0
*	     3,6505	 1	 70,23	 97,75	 -11,3	  -5,4	   0,5	   2,9	  -1,4	  -8,3
*	     5,7851	 1	165,13	 90,14	   4,4	  10,3	  16,2	  18,5	  14,2	   7,3
*	     7,1025	 1	162,40	 89,90	   1,5	   7,4	  13,3	  15,6	  11,3	   4,4
*	     8,5147	 1	160,61	 89,74	  -0,9	   5,0	  10,9	  13,2	   8,9	   2,0
*	    10,0185	 1	159,37	 89,63	  -2,9	   3,0	   8,9	  11,2	   6,9	  -0,0
*	    11,6135	 1	158,45	 89,55	  -4,6	   1,3	   7,2	   9,5	   5,2	  -1,7
*	    13,3003	 1	157,74	 89,50	  -6,1	  -0,2	   5,7	   8,0	   3,7	  -3,3
*	    15,0795	 1	157,18	 89,44	  -7,5	  -1,6	   4,3	   6,6	   2,3	  -4,7
*	    16,9514	 1	156,73	 89,40	  -8,8	  -2,9	   3,0	   5,3	   1,0	  -6,0
*	    18,9159	 1	156,35	 89,37	 -10,0	  -4,1	   1,8	   4,1	  -0,2	  -7,2
*	    20,9725	 1	156,03	 89,35	 -11,1	  -5,2	   0,7	   3,0	  -1,3	  -8,3
*	    23,1201	 1	155,75	 89,31	 -12,2	  -6,2	  -0,4	   1,9	  -2,4	  -9,4
*	    25,3571	 1	155,53	 89,29	 -13,2	  -7,3	  -1,4	   0,9	  -3,4	 -10,5
*	    27,6814	 1	155,32	 89,28	 -14,2	  -8,3	  -2,4	  -0,1	  -4,4	 -11,5
*	    30,0904	 1	155,14	 89,27	 -15,1	  -9,2	  -3,4	  -1,0	  -5,4	 -12,5
*	    32,5811	 1	154,98	 89,25	 -16,1	 -10,2	  -4,3	  -2,0	  -6,3	 -13,4
s	     6,2389	 1	 85,08	 89,75	  31,5	  32,3	  24,6	  24,9	  20,0	  26,9
*	    21,6613	 1	 85,90	 70,03	  -0,4	   0,3	  -7,4	  -7,0	 -11,9	  -5,2
*	    20,6575	 1	 81,98	 69,40	  -0,5	   0,3	  -7,4	  -7,0	 -12,0	  -5,2
*	    17,3131	 1	 85,91	 74,05	   2,7	   3,5	  -4,2	  -3,9	  -8,8	  -2,0
*	    16,4250	 1	 82,01	 73,55	   2,5	   3,2	  -4,5	  -4,1	  -9,0	  -2,2
*	    13,2897	 1	 85,92	 78,21	   6,6	   7,3	  -0,4	  -0,0	  -4,9	   1,9
*	    12,6065	 1	 82,03	 77,86	   5,8	   6,6	  -1,1	  -0,8	  -5,7	   1,2
*	     9,7160	 1	 85,93	 82,48	  11,4	  12,1	   4,4	   4,8	  -0,1	   6,8
*	     9,3917	 1	 82,05	 82,29	   9,6	  10,3	   2,6	   3,0	  -1,9	   5,0
*	     7,0062	 1	 85,94	 86,82	  17,0	  17,8	  10,1	  10,5	   5,6	  12,4
*	     7,2248	 1	 82,08	 86,78	  13,0	  13,8	   6,1	   6,4	   1,5	   8,4
*	     6,4857	 1	 85,95	 91,16	  18,8	  19,5	  11,8	  12,2	   7,3	  14,2
*	     6,8928	 1	 82,10	 91,30	  13,8	  14,6	   6,9	   7,2	   2,3	   9,2
*	    25,0736	 1	 80,98	 65,27	  -3,1	  -2,3	 -10,0	  -9,7	 -14,6	  -7,8
*	    25,9558	 1	 84,98	 66,01	  -3,1	  -2,3	 -10,0	  -9,7	 -14,6	  -7,9
*	    10,0753	 1	 72,35	 94,94	   5,7	   6,5	  -1,2	  -0,9	  -5,8	   1,1
*	     9,0622	 1	 76,39	 94,57	   8,2	   9,0	   1,3	   1,7	  -3,2	   3,6
*	     9,4220	 1	 72,30	 89,92	   6,2	   6,9	  -0,8	  -0,4	  -5,3	   1,6
*	     8,3123	 1	 76,35	 89,79	   8,9	   9,7	   2,0	   2,4	  -2,5	   4,3
*	     9,9737	 1	 72,24	 84,88	   5,7	   6,4	  -1,3	  -0,9	  -5,8	   1,0
*	     9,0077	 1	 76,31	 84,99	   8,1	   8,9	   1,2	   1,5	  -3,4	   3,5
*	    11,6394	 1	 72,19	 79,89	   4,4	   5,1	  -2,6	  -2,2	  -7,1	  -0,3
*	    10,9690	 1	 76,27	 80,24	   6,2	   7,0	  -0,7	  -0,4	  -5,3	   1,6
*	    14,2272	 1	 72,13	 75,02	   2,6	   3,4	  -4,3	  -4,0	  -8,9	  -2,0
*	    13,8746	 1	 76,23	 75,57	   3,9	   4,6	  -3,1	  -2,7	  -7,6	  -0,8
*	    17,5395	 1	 72,07	 70,32	   0,6	   1,4	  -6,3	  -5,9	 -10,9	  -4,1
*	    17,4582	 1	 76,18	 71,08	   1,4	   2,2	  -5,5	  -5,1	 -10,1	  -3,2
*	    21,4178	 1	 72,01	 65,86	  -1,4	  -0,6	  -8,3	  -8,0	 -12,9	  -6,1
*	    21,5458	 1	 76,14	 66,78	  -0,9	  -0,1	  -7,8	  -7,5	 -12,4	  -5,6
*	    29,9637	 1	 76,96	 59,97	  -4,8	  -4,0	 -11,7	 -11,4	 -16,3	  -9,6
*	    25,2040	 1	 77,00	 63,80	  -2,6	  -1,9	  -9,6	  -9,2	 -14,1	  -7,4
*	    24,8089	 1	 72,95	 62,76	  -2,9	  -2,1	  -9,8	  -9,5	 -14,4	  -7,7
*	    25,5072	 1	 94,55	 71,12	  -1,3	  -0,5	  -8,3	  -7,9	 -12,8	  -6,1
*	    23,4392	 1	 90,70	 70,65	  -0,4	   0,4	  -7,4	  -7,0	 -11,9	  -5,2
*	    21,4060	 1	 94,54	 74,91	   1,5	   2,3	  -5,4	  -5,1	 -10,0	  -3,2
*	    19,1384	 1	 90,70	 74,55	   2,7	   3,5	  -4,2	  -3,9	  -8,8	  -2,0
*	    17,7164	 1	 94,53	 78,83	   4,7	   5,5	  -2,3	  -1,9	  -6,8	   0,0
*	    15,1633	 1	 90,70	 78,57	   6,5	   7,2	  -0,5	  -0,1	  -5,0	   1,8
*	    14,6333	 1	 94,51	 82,83	   8,2	   9,0	   1,2	   1,6	  -3,3	   3,5
*	    11,6462	 1	 90,69	 82,69	  11,2	  11,9	   4,2	   4,6	  -0,3	   6,5
*	    12,5877	 1	 94,50	 86,89	  11,3	  12,0	   4,3	   4,7	  -0,2	   6,6
*	     9,0126	 1	 90,69	 86,85	  16,5	  17,3	   9,6	   9,9	   5,0	  11,9
*	    12,2766	 1	 94,49	 90,95	  12,0	  12,7	   5,0	   5,4	   0,5	   7,3
*	     8,5170	 1	 90,69	 91,03	  18,1	  18,8	  11,1	  11,5	   6,6	  13,5
*	    30,6439	 1	 94,56	 66,90	  -4,2	  -3,4	 -11,1	 -10,8	 -15,7	  -9,0
*	    28,7473	 1	 90,70	 66,36	  -3,5	  -2,7	 -10,4	 -10,1	 -15,0	  -8,3
s	     9,1343	 2	220,82	 93,10	  30,3	  30,8	  22,5	  22,2	  16,9	  23,4
*	     9,1583	 1	350,52	 92,00	   3,2	  12,3	  19,8	  23,5	  18,1	  11,3
*	     9,6384	 1	349,83	 73,25	   2,6	  11,7	  19,2	  22,9	  17,5	  10,7
*	    10,9693	 1	349,14	 57,56	   0,8	   9,9	  17,4	  21,1	  15,7	   8,9
*	    12,9305	 1	348,46	 45,92	  -1,4	   7,7	  15,2	  18,9	  13,4	   6,6
*	    15,3287	 1	347,77	 37,58	  -3,7	   5,4	  12,8	  16,6	  11,1	   4,3
*	    18,0383	 1	347,09	 31,55	  -5,9	   3,2	  10,6	  14,4	   8,9	   2,1
*	    20,9838	 1	346,42	 27,08	  -8,0	   1,1	   8,6	  12,3	   6,8	  -0,0
*	    24,1184	 1	345,74	 23,67	  -9,9	  -0,8	   6,7	  10,4	   4,9	  -2,0
*	    27,4116	 1	345,08	 21,01	 -11,7	  -2,6	   4,9	   8,6	   3,1	  -3,8
*	    30,8417	 1	344,41	 18,88	 -13,3	  -4,3	   3,2	   6,9	   1,5	  -5,5
*	    34,3925	 1	343,75	 17,14	 -14,9	  -5,8	   1,7	   5,4	  -0,1	  -7,1
*	    38,0510	 1	343,10	 15,70	 -16,4	  -7,3	   0,2	   3,9	  -1,6	  -8,6
*	     9,2806	 1	183,68	 87,61	   6,4	  12,4	  18,2	  20,6	  16,3	   9,3
*	    10,4383	 1	177,78	 87,83	   4,1	  10,0	  15,9	  18,2	  13,9	   7,0
*	    11,7458	 1	173,66	 88,00	   2,1	   8,0	  13,9	  16,2	  11,9	   4,9
*	    13,1770	 1	170,63	 88,13	   0,3	   6,2	  12,1	  14,4	  10,1	   3,1
*	    14,7181	 1	168,35	 88,24	  -1,3	   4,6	  10,5	  12,8	   8,5	   1,5
*	    16,3619	 1	166,57	 88,32	  -2,8	   3,2	   9,0	  11,4	   7,0	   0,1
*	    18,1039	 1	165,13	 88,39	  -4,1	   1,8	   7,7	  10,0	   5,7	  -1,3
*	    19,9415	 1	163,95	 88,44	  -5,3	   0,6	   6,5	   8,8	   4,5	  -2,5
*	    21,8723	 1	162,97	 88,49	  -6,5	  -0,5	   5,3	   7,7	   3,3	  -3,7
*	    23,8945	 1	162,15	 88,53	  -7,5	  -1,6	   4,2	   6,6	   2,2	  -4,8
*	    26,0062	 1	161,43	 88,57	  -8,6	  -2,7	   3,2	   5,5	   1,2	  -5,9
*	    28,2051	 1	160,82	 88,59	  -9,6	  -3,7	   2,2	   4,5	   0,2	  -6,9
*	    30,4890	 1	160,28	 88,62	 -10,5	  -4,6	   1,3	   3,6	  -0,8	  -7,9
*	    32,8552	 1	159,80	 88,65	 -11,5	  -5,5	   0,3	   2,6	  -1,7	  -8,8
*	    35,3009	 1	159,39	 88,67	 -12,4	  -6,5	  -0,6	   1,7	  -2,6	  -9,7
*	     9,3626	 1	323,93	 88,98	   4,8	  13,9	  21,4	  25,1	  19,7	  12,9
*	    10,1219	 1	323,21	 66,04	   3,5	  12,6	  20,1	  23,8	  18,3	  11,5
*	    11,7966	 1	322,50	 49,20	   0,8	   9,9	  17,4	  21,1	  15,7	   8,9
*	    14,0480	 1	321,80	 38,13	  -2,1	   7,0	  14,5	  18,2	  12,8	   6,0
*	    16,6613	 1	321,12	 30,80	  -4,8	   4,3	  11,8	  15,5	  10,1	   3,2
*	    19,5251	 1	320,45	 25,76	  -7,2	   1,9	   9,4	  13,1	   7,6	   0,8
*	    22,5806	 1	319,80	 22,12	  -9,4	  -0,3	   7,2	  10,9	   5,4	  -1,5
*	    25,7938	 1	319,15	 19,39	 -11,4	  -2,3	   5,2	   8,9	   3,4	  -3,5
*	    29,1427	 1	318,52	 17,30	 -13,2	  -4,1	   3,4	   7,1	   1,6	  -5,3
*	    32,6117	 1	317,90	 15,62	 -14,9	  -5,8	   1,7	   5,4	  -0,1	  -7,0
*	    36,1886	 1	317,29	 14,25	 -16,5	  -7,4	   0,1	   3,8	  -1,7	  -8,6
*	    39,8635	 1	316,70	 13,14	 -17,9	  -8,8	  -1,4	   2,4	  -3,1	 -10,2
*	     9,6838	 1	  1,22	 94,11	   1,6	  10,7	  18,2	  21,9	  16,5	   9,7
*	     9,9669	 1	  0,64	 78,41	   1,3	  10,4	  17,9	  21,6	  16,2	   9,4
*	    11,0233	 1	  0,06	 64,25	   0,1	   9,2	  16,7	  20,5	  15,0	   8,2
*	    12,7155	 1	359,48	 52,78	  -1,6	   7,5	  15,0	  18,7	  13,3	   6,5
*	    14,8889	 1	358,90	 43,97	  -3,5	   5,6	  13,1	  16,8	  11,3	   4,5
*	    17,4220	 1	358,32	 37,29	  -5,5	   3,6	  11,1	  14,8	   9,4	   2,5
*	    20,2312	 1	357,75	 32,18	  -7,4	   1,7	   9,2	  12,9	   7,5	   0,6
*	    23,2607	 1	357,17	 28,19	  -9,2	  -0,1	   7,4	  11,1	   5,7	  -1,2
*	    26,4723	 1	356,59	 25,04	 -10,9	  -1,8	   5,7	   9,4	   3,9	  -3,0
*	    29,8389	 1	356,01	 22,48	 -12,5	  -3,4	   4,1	   7,8	   2,3	  -4,6
*	    33,3401	 1	355,44	 20,38	 -14,0	  -4,9	   2,5	   6,3	   0,8	  -6,2
*	    36,9597	 1	354,86	 18,64	 -15,5	  -6,4	   1,1	   4,8	  -0,7	  -7,7
*	    40,6849	 1	354,29	 17,16	 -16,9	  -7,8	  -0,3	   3,4	  -2,1	  -9,1
*	     9,8408	 1	288,86	 84,45	   3,9	  13,0	  20,5	  24,2	  18,8	  12,0
*	    10,8780	 1	288,53	 59,89	   1,8	  10,9	  18,4	  22,1	  16,7	   9,9
*	    12,7959	 1	288,21	 43,69	  -1,4	   7,7	  15,1	  18,9	  13,4	   6,6
*	    15,2147	 1	287,91	 33,71	  -4,6	   4,5	  12,0	  15,7	  10,2	   3,4
*	    17,9392	 1	287,61	 27,32	  -7,4	   1,6	   9,1	  12,9	   7,4	   0,5
*	    20,8785	 1	287,32	 22,97	  -9,9	  -0,8	   6,6	  10,4	   4,9	  -2,0
*	    23,9865	 1	287,04	 19,85	 -12,1	  -3,1	   4,4	   8,2	   2,7	  -4,2
*	    27,2366	 1	286,78	 17,53	 -14,1	  -5,0	   2,4	   6,2	   0,7	  -6,2
*	    30,6115	 1	286,51	 15,72	 -15,9	  -6,9	   0,6	   4,3	  -1,1	  -8,1
*	    34,0983	 1	286,26	 14,29	 -17,6	  -8,5	  -1,1	   2,7	  -2,8	  -9,8
*	    37,6868	 1	286,01	 13,12	 -19,2	 -10,1	  -2,6	   1,1	  -4,4	 -11,4
*	    41,3686	 1	285,77	 12,16	 -20,6	 -11,5	  -4,1	  -0,4	  -5,9	 -12,9
s	    10,0909	 1	 18,44	 91,04	  29,9	  34,0	  39,5	  39,0	  34,4	  28,6
*	    10,1741	 1	 21,20	 95,96	  -1,7	   7,4	  14,9	  18,6	  13,2	   6,4
*	    10,1994	 1	 20,83	 85,03	  -1,7	   7,4	  14,9	  18,6	  13,2	   6,4
*	    10,8404	 1	 20,45	 74,39	  -2,2	   6,9	  14,4	  18,1	  12,7	   5,9
*	    12,0541	 1	 20,08	 64,69	  -3,1	   6,0	  13,5	  17,2	  11,8	   5,0
*	    13,7671	 1	 19,70	 56,28	  -4,3	   4,8	  12,3	  16,0	  10,6	   3,7
*	    15,8986	 1	 19,31	 49,22	  -5,7	   3,4	  10,9	  14,6	   9,2	   2,3
*	    18,3753	 1	 18,93	 43,37	  -7,2	   1,9	   9,4	  13,1	   7,7	   0,8
*	    21,1372	 1	 18,55	 38,53	  -8,7	   0,4	   7,9	  11,6	   6,2	  -0,7
*	    24,1370	 1	 18,16	 34,53	 -10,2	  -1,1	   6,4	  10,1	   4,7	  -2,2
*	    27,3378	 1	 17,77	 31,19	 -11,6	  -2,6	   4,9	   8,7	   3,2	  -3,7
*	    30,7103	 1	 17,38	 28,37	 -13,1	  -4,0	   3,5	   7,2	   1,7	  -5,2
*	    34,2312	 1	 16,99	 25,99	 -14,5	  -5,4	   2,1	   5,8	   0,3	  -6,6
*	    37,8817	 1	 16,60	 23,94	 -15,8	  -6,7	   0,8	   4,5	  -1,0	  -8,0
*	    10,1670	 1	 14,04	 94,93	  -0,5	   8,6	  16,0	  19,8	  14,3	   7,5
*	    10,3019	 1	 13,60	 82,54	  -0,6	   8,5	  16,0	  19,7	  14,3	   7,5
*	    11,1009	 1	 13,16	 70,76	  -1,3	   7,8	  15,3	  19,0	  13,6	   6,8
*	    12,4954	 1	 12,71	 60,41	  -2,5	   6,6	  14,1	  17,9	  12,4	   5,6
*	    14,3866	 1	 12,27	 51,79	  -3,9	   5,2	  12,7	  16,4	  10,9	   4,1
*	    16,6778	 1	 11,82	 44,79	  -5,5	   3,6	  11,1	  14,8	   9,3	   2,5
*	    19,2900	 1	 11,37	 39,15	  -7,1	   1,9	   9,4	  13,2	   7,7	   0,8
*	    22,1631	 1	 10,92	 34,59	  -8,8	   0,3	   7,8	  11,5	   6,1	  -0,8
*	    25,2521	 1	 10,47	 30,89	 -10,3	  -1,2	   6,2	  10,0	   4,5	  -2,4
*	    28,5234	 1	 10,02	 27,83	 -11,9	  -2,8	   4,7	   8,4	   2,9	  -4,0
*	    31,9511	 1	  9,57	 25,28	 -13,3	  -4,2	   3,2	   7,0	   1,5	  -5,5
*	    35,5147	 1	  9,11	 23,13	 -14,7	  -5,7	   1,8	   5,5	   0,0	  -6,9
*	    39,1976	 1	  8,65	 21,30	 -16,1	  -7,0	   0,5	   4,2	  -1,3	  -8,3
*	    22,6708	 1	327,28	 24,82	   1,9	   2,6	  -5,1	  -4,7	  -9,7	  -2,9
*	    18,4884	 1	328,19	 30,94	   4,9	   5,7	  -2,0	  -1,7	  -6,6	   0,2
*	    14,7814	 1	329,12	 40,68	   8,3	   9,1	   1,4	   1,8	  -3,1	   3,7
*	    11,8312	 1	330,06	 57,01	  11,9	  12,7	   5,0	   5,3	   0,4	   7,3
*	    10,2210	 1	331,02	 82,90	  14,3	  15,1	   7,4	   7,7	   2,8	   9,7
*	    32,6997	 1	325,40	 17,43	  -3,6	  -2,8	 -10,5	 -10,2	 -15,1	  -8,4
*	    27,8618	 1	326,27	 20,23	  -1,2	  -0,4	  -8,1	  -7,8	 -12,7	  -6,0
*	    10,3152	 1	303,77	 84,93	   3,6	  12,7	  20,2	  23,9	  18,4	  11,6
*	    11,2809	 1	303,26	 62,23	   1,8	  10,9	  18,4	  22,1	  16,7	   9,9
*	    13,1049	 1	302,76	 46,38	  -1,1	   8,0	  15,5	  19,3	  13,8	   7,0
*	    15,4494	 1	302,28	 36,16	  -4,0	   5,1	  12,6	  16,3	  10,8	   4,0
*	    18,1209	 1	301,81	 29,43	  -6,7	   2,4	   9,9	  13,6	   8,1	   1,3
*	    21,0223	 1	301,35	 24,78	  -9,1	  -0,0	   7,5	  11,2	   5,7	  -1,2
*	    24,1025	 1	300,90	 21,42	 -11,3	  -2,2	   5,3	   9,0	   3,5	  -3,4
*	    27,3318	 1	300,46	 18,88	 -13,2	  -4,2	   3,3	   7,1	   1,6	  -5,3
*	    30,6905	 1	300,04	 16,92	 -15,0	  -5,9	   1,5	   5,3	  -0,2	  -7,2
*	    34,1646	 1	299,62	 15,36	 -16,7	  -7,6	  -0,1	   3,6	  -1,9	  -8,9
*	    37,7431	 1	299,22	 14,08	 -18,2	  -9,1	  -1,7	   2,0	  -3,4	 -10,4
*	    41,4167	 1	298,82	 13,02	 -19,7	 -10,6	  -3,1	   0,6	  -4,9	 -11,9
*	    11,8457	 1	 63,19	 96,04	   3,5	   4,3	  -3,4	  -3,1	  -8,0	  -1,1
*	    11,0684	 1	 67,42	 95,50	   4,8	   5,5	  -2,2	  -1,8	  -6,7	   0,1
*	    11,2804	 1	 63,10	 90,33	   3,8	   4,5	  -3,2	  -2,8	  -7,7	  -0,8
*	    10,4770	 1	 67,34	 90,13	   5,1	   5,9	  -1,8	  -1,5	  -6,4	   0,5
*	    11,6678	 1	 63,00	 84,56	   3,5	   4,3	  -3,4	  -3,0	  -7,9	  -1,1
*	    10,9222	 1	 67,27	 84,71	   4,8	   5,5	  -2,2	  -1,8	  -6,7	   0,2
*	    12,9777	 1	 62,90	 78,88	   2,8	   3,6	  -4,1	  -3,7	  -8,6	  -1,8
*	    12,3570	 1	 67,19	 79,36	   3,9	   4,7	  -3,1	  -2,7	  -7,6	  -0,7
*	    15,1306	 1	 62,81	 73,36	   1,7	   2,5	  -5,2	  -4,8	  -9,8	  -2,9
*	    14,6684	 1	 67,11	 74,16	   2,6	   3,3	  -4,4	  -4,0	  -8,9	  -2,1
*	    18,0199	 1	 62,71	 68,11	   0,4	   1,1	  -6,6	  -6,2	 -11,1	  -4,3
*	    17,7189	 1	 67,03	 69,19	   1,0	   1,7	  -6,0	  -5,6	 -10,5	  -3,7
*	    21,5346	 1	 62,61	 63,19	  -1,2	  -0,4	  -8,1	  -7,8	 -12,7	  -5,9
*	    21,3778	 1	 66,96	 64,49	  -0,8	   0,0	  -7,7	  -7,3	 -12,3	  -5,5
*	    29,1909	 1	 67,76	 57,23	  -3,9	  -3,2	 -10,9	 -10,5	 -15,5	  -8,8
*	    29,0380	 1	 63,51	 55,66	  -4,1	  -3,4	 -11,1	 -10,7	 -15,7	  -8,9
*	    24,6834	 1	 67,83	 61,33	  -2,1	  -1,3	  -9,1	  -8,7	 -13,6	  -6,9
*	    24,6287	 1	 63,60	 59,89	  -2,4	  -1,7	  -9,4	  -9,0	 -13,9	  -7,2
*	    10,7553	 1	 27,28	 96,40	  -3,1	   6,0	  13,5	  17,2	  11,7	   4,9
*	    10,6935	 1	 26,98	 87,09	  -3,0	   6,0	  13,5	  17,3	  11,8	   5,0
*	    11,1885	 1	 26,67	 77,87	  -3,4	   5,7	  13,2	  17,0	  11,5	   4,7
*	    12,2167	 1	 26,37	 69,20	  -4,0	   5,1	  12,6	  16,3	  10,8	   4,0
*	    13,7297	 1	 26,06	 61,39	  -5,0	   4,1	  11,6	  15,3	   9,9	   3,1
*	    15,6673	 1	 25,75	 54,54	  -6,1	   3,0	  10,5	  14,2	   8,7	   1,9
*	    17,9684	 1	 25,44	 48,66	  -7,4	   1,7	   9,2	  12,9	   7,4	   0,6
*	    20,5780	 1	 25,12	 43,66	  -8,7	   0,3	   7,8	  11,6	   6,1	  -0,8
*	    23,4491	 1	 24,81	 39,41	 -10,1	  -1,0	   6,5	  10,2	   4,7	  -2,2
*	    26,5429	 1	 24,49	 35,78	 -11,5	  -2,4	   5,1	   8,8	   3,3	  -3,6
*	    29,8277	 1	 24,17	 32,69	 -12,9	  -3,8	   3,7	   7,4	   2,0	  -5,0
*	    33,2772	 1	 23,85	 30,04	 -14,2	  -5,1	   2,4	   6,1	   0,6	  -6,3
*	    36,8700	 1	 23,53	 27,73	 -15,5	  -6,4	   1,1	   4,8	  -0,7	  -7,7
*	    11,3008	 1	 32,34	 96,72	  -4,3	   4,7	  12,2	  16,0	  10,5	   3,7
*	    11,1659	 1	 32,09	 88,61	  -4,2	   4,9	  12,3	  16,1	  10,6	   3,8
*	    11,5448	 1	 31,83	 80,52	  -4,4	   4,7	  12,1	  15,9	  10,4	   3,6
*	    12,4242	 1	 31,58	 72,74	  -4,9	   4,1	  11,6	  15,4	   9,9	   3,1
*	    13,7712	 1	 31,32	 65,54	  -5,7	   3,4	  10,9	  14,6	   9,2	   2,3
*	    15,5409	 1	 31,07	 59,03	  -6,7	   2,4	   9,9	  13,6	   8,2	   1,3
*	    17,6833	 1	 30,81	 53,27	  -7,8	   1,3	   8,8	  12,5	   7,1	   0,2
*	    20,1497	 1	 30,55	 48,23	  -9,0	   0,1	   7,6	  11,3	   5,9	  -1,0
*	    22,8959	 1	 30,29	 43,86	 -10,2	  -1,1	   6,3	  10,1	   4,6	  -2,3
*	    25,8830	 1	 30,02	 40,07	 -11,5	  -2,4	   5,1	   8,8	   3,3	  -3,6
*	    29,0780	 1	 29,76	 36,78	 -12,8	  -3,7	   3,8	   7,5	   2,0	  -4,9
*	    32,4528	 1	 29,50	 33,91	 -14,1	  -5,0	   2,5	   6,2	   0,7	  -6,2
*	    35,9838	 1	 29,23	 31,40	 -15,4	  -6,3	   1,2	   4,9	  -0,6	  -7,5
*	    11,9917	 1	 49,76	 97,43	  -8,8	   0,3	   7,8	  11,5	   6,1	  -0,7
*	    11,6079	 1	 49,63	 92,05	  -8,6	   0,5	   8,0	  11,7	   6,3	  -0,5
*	    11,6664	 1	 49,50	 86,62	  -8,6	   0,5	   8,0	  11,7	   6,3	  -0,6
*	    12,1661	 1	 49,37	 81,22	  -8,8	   0,3	   7,7	  11,5	   6,0	  -0,8
*	    13,0957	 1	 49,24	 75,93	  -9,3	  -0,2	   7,3	  11,0	   5,6	  -1,2
*	    14,4346	 1	 49,11	 70,86	  -9,9	  -0,8	   6,7	  10,4	   5,0	  -1,9
*	    16,1556	 1	 48,98	 66,06	 -10,6	  -1,5	   5,9	   9,7	   4,2	  -2,6
*	    18,2265	 1	 48,85	 61,56	 -11,5	  -2,4	   5,1	   8,8	   3,3	  -3,5
*	    20,6137	 1	 48,72	 57,40	 -12,5	  -3,4	   4,1	   7,8	   2,3	  -4,5
*	    23,2831	 1	 48,58	 53,56	 -13,6	  -4,5	   3,0	   6,7	   1,3	  -5,6
*	    26,2024	 1	 48,45	 50,06	 -14,7	  -5,6	   1,9	   5,6	   0,1	  -6,8
*	    29,3415	 1	 48,31	 46,86	 -15,8	  -6,7	   0,7	   4,5	  -1,0	  -7,9
*	    32,6732	 1	 48,18	 43,96	 -17,0	  -7,9	  -0,4	   3,3	  -2,2	  -9,1
*	    36,1735	 1	 48,04	 41,32	 -18,2	  -9,1	  -1,6	   2,1	  -3,4	 -10,3
*	    12,0923	 1	 45,34	 97,34	  -7,5	   1,6	   9,1	  12,8	   7,3	   0,5
*	    11,7701	 1	 45,19	 91,46	  -7,4	   1,7	   9,2	  13,0	   7,5	   0,7
*	    11,8966	 1	 45,03	 85,52	  -7,4	   1,7	   9,2	  12,9	   7,5	   0,6
*	    12,4695	 1	 44,88	 79,63	  -7,7	   1,4	   8,9	  12,6	   7,2	   0,4
*	    13,4752	 1	 44,72	 73,94	  -8,1	   0,9	   8,4	  12,2	   6,7	  -0,1
*	    14,8908	 1	 44,57	 68,52	  -8,8	   0,3	   7,8	  11,5	   6,1	  -0,8
*	    16,6861	 1	 44,41	 63,44	  -9,6	  -0,5	   7,0	  10,7	   5,3	  -1,6
*	    18,8270	 1	 44,25	 58,76	 -10,5	  -1,4	   6,0	   9,8	   4,3	  -2,5
*	    21,2782	 1	 44,10	 54,48	 -11,6	  -2,5	   5,0	   8,8	   3,3	  -3,6
*	    24,0047	 1	 43,94	 50,58	 -12,6	  -3,5	   3,9	   7,7	   2,2	  -4,7
*	    26,9741	 1	 43,78	 47,07	 -13,8	  -4,7	   2,8	   6,5	   1,0	  -5,9
*	    30,1563	 1	 43,62	 43,89	 -14,9	  -5,8	   1,6	   5,4	  -0,1	  -7,1
*	    33,5248	 1	 43,45	 41,03	 -16,1	  -7,0	   0,4	   4,2	  -1,3	  -8,3
*	    37,0561	 1	 43,29	 38,45	 -17,3	  -8,2	  -0,7	   3,0	  -2,5	  -9,5
s	    11,8044	 1	 60,65	 89,83	  30,6	  31,3	  23,6	  24,0	  19,1	  25,9
*	    12,5186	 1	 53,30	 94,56	   3,1	   3,9	  -3,9	  -3,5	  -8,4	  -1,6
*	    12,0872	 1	 57,88	 93,97	   3,5	   4,3	  -3,4	  -3,1	  -8,0	  -1,1
*	    12,3658	 1	 53,15	 87,72	   3,1	   3,9	  -3,8	  -3,4	  -8,3	  -1,5
*	    11,9505	 1	 57,75	 87,67	   3,6	   4,3	  -3,4	  -3,0	  -7,9	  -1,1
*	    13,0836	 1	 53,00	 80,89	   2,8	   3,6	  -4,1	  -3,8	  -8,7	  -1,8
*	    12,7053	 1	 57,63	 81,38	   3,2	   4,0	  -3,7	  -3,4	  -8,3	  -1,4
*	    14,6394	 1	 52,85	 74,28	   2,1	   2,9	  -4,8	  -4,5	  -9,4	  -2,5
*	    14,3123	 1	 57,51	 75,25	   2,4	   3,2	  -4,5	  -4,1	  -9,0	  -2,2
*	    16,9684	 1	 52,70	 68,02	   1,1	   1,9	  -5,9	  -5,5	 -10,4	  -3,6
*	    16,6985	 1	 57,38	 69,41	   1,3	   2,1	  -5,6	  -5,2	 -10,1	  -3,3
*	    19,9857	 1	 52,54	 62,23	  -0,2	   0,6	  -7,1	  -6,8	 -11,7	  -4,9
*	    19,7719	 1	 57,25	 63,94	   0,0	   0,8	  -6,9	  -6,6	 -11,5	  -4,7
*	    23,5992	 1	 52,39	 56,95	  -1,6	  -0,8	  -8,6	  -8,2	 -13,1	  -6,4
*	    23,4356	 1	 57,13	 58,91	  -1,5	  -0,7	  -8,4	  -8,1	 -13,0	  -6,2
*	    29,0677	 1	 58,00	 53,49	  -3,6	  -2,8	 -10,5	 -10,2	 -15,1	  -8,4
*	    29,0691	 1	 53,43	 51,33	  -3,6	  -2,9	 -10,6	 -10,2	 -15,2	  -8,4
*	    24,7531	 1	 58,13	 57,89	  -1,9	  -1,2	  -8,9	  -8,5	 -13,5	  -6,7
*	    24,7955	 1	 53,58	 55,88	  -2,1	  -1,3	  -9,0	  -8,7	 -13,6	  -6,8
*	    11,8627	 1	259,87	 81,50	  -2,1	   7,0	  14,5	  18,2	  12,7	   5,9
*	    12,9567	 1	260,02	 60,82	  -4,0	   5,1	  12,6	  16,3	  10,9	   4,1
*	    14,8292	 1	260,17	 46,30	  -6,7	   2,4	   9,9	  13,6	   8,1	   1,3
*	    17,1865	 1	260,31	 36,71	  -9,5	  -0,4	   7,1	  10,8	   5,4	  -1,5
*	    19,8581	 1	260,45	 30,23	 -12,1	  -3,0	   4,5	   8,2	   2,8	  -4,1
*	    22,7550	 1	260,58	 25,68	 -14,4	  -5,3	   2,2	   5,9	   0,5	  -6,4
*	    25,8287	 1	260,71	 22,33	 -16,5	  -7,4	   0,1	   3,8	  -1,6	  -8,5
*	    29,0501	 1	260,84	 19,79	 -18,4	  -9,3	  -1,8	   1,9	  -3,5	 -10,5
*	    32,3999	 1	260,96	 17,79	 -20,1	 -11,0	  -3,5	   0,2	  -5,3	 -12,2
*	    35,8641	 1	261,08	 16,20	 -21,7	 -12,6	  -5,1	  -1,4	  -6,9	 -13,9
*	    12,0763	 1	 36,24	 96,92	  -5,4	   3,7	  11,1	  14,9	   9,4	   2,6
*	    11,8779	 1	 36,03	 89,79	  -5,3	   3,8	  11,3	  15,0	   9,6	   2,7
*	    12,1591	 1	 35,82	 82,63	  -5,4	   3,6	  11,1	  14,9	   9,4	   2,6
*	    12,9124	 1	 35,61	 75,67	  -5,8	   3,3	  10,7	  14,5	   9,0	   2,2
*	    14,1152	 1	 35,39	 69,06	  -6,5	   2,6	  10,1	  13,9	   8,4	   1,6
*	    15,7336	 1	 35,18	 62,97	  -7,3	   1,8	   9,3	  13,0	   7,6	   0,7
*	    17,7273	 1	 34,96	 57,43	  -8,2	   0,9	   8,3	  12,1	   6,6	  -0,2
*	    20,0543	 1	 34,74	 52,49	  -9,3	  -0,2	   7,3	  11,0	   5,5	  -1,3
*	    22,6742	 1	 34,52	 48,10	 -10,5	  -1,4	   6,1	   9,9	   4,4	  -2,5
*	    25,5495	 1	 34,30	 44,22	 -11,6	  -2,6	   4,9	   8,7	   3,2	  -3,7
*	    28,6473	 1	 34,08	 40,80	 -12,9	  -3,8	   3,7	   7,4	   2,0	  -5,0
*	    31,9385	 1	 33,86	 37,78	 -14,1	  -5,0	   2,5	   6,2	   0,7	  -6,2
*	    35,3982	 1	 33,63	 35,10	 -15,3	  -6,2	   1,3	   5,0	  -0,5	  -7,5
*	    12,3199	 1	271,95	 81,87	   5,2	  14,3	  21,7	  25,5	  20,0	  13,2
*	    13,3891	 1	271,92	 61,65	   3,4	  12,5	  20,0	  23,7	  18,2	  11,4
*	    15,2302	 1	271,90	 47,25	   0,8	   9,8	  17,3	  21,1	  15,6	   8,8
*	    17,5606	 1	271,87	 37,60	  -2,0	   7,1	  14,6	  18,4	  12,9	   6,0
*	    20,2109	 1	271,84	 31,02	  -4,5	   4,6	  12,1	  15,8	  10,4	   3,5
*	    23,0908	 1	271,82	 26,38	  -6,8	   2,3	   9,8	  13,5	   8,1	   1,2
*	    26,1503	 1	271,79	 22,96	  -8,8	   0,3	   7,7	  11,5	   6,0	  -0,9
*	    29,3594	 1	271,77	 20,35	 -10,7	  -1,6	   5,9	   9,6	   4,1	  -2,8
*	    32,6983	 1	271,75	 18,30	 -12,4	  -3,3	   4,1	   7,9	   2,4	  -4,6
*	    36,1526	 1	271,72	 16,66	 -14,0	  -5,0	   2,5	   6,2	   0,7	  -6,2
*	    39,7111	 1	271,70	 15,32	 -15,5	  -6,5	   1,0	   4,7	  -0,8	  -7,8
*	    43,3645	 1	271,68	 14,20	 -17,0	  -7,9	  -0,4	   3,3	  -2,2	  -9,2
s	    12,3659	 2	 60,77	 96,44	  27,9	  29,7	  23,1	  23,7	  18,8	  25,7
s	    12,3828	 2	284,09	 93,66	  28,8	  32,7	  37,6	  36,4	  31,4	  25,3
*	    20,8426	 1	 35,37	 52,69	   0,1	   0,9	  -6,8	  -6,5	 -11,4	  -4,6
*	    17,6024	 1	 35,66	 59,60	   1,6	   2,4	  -5,4	  -5,0	  -9,9	  -3,1
*	    15,0472	 1	 35,95	 67,60	   2,8	   3,6	  -4,1	  -3,8	  -8,7	  -1,9
*	    13,2873	 1	 36,24	 76,54	   3,7	   4,5	  -3,3	  -2,9	  -7,8	  -1,0
*	    12,4139	 1	 36,53	 86,13	   4,1	   4,9	  -2,8	  -2,5	  -7,4	  -0,5
*	    12,4753	 1	 36,82	 95,87	   4,1	   4,8	  -2,9	  -2,5	  -7,4	  -0,6
*	    29,5885	 1	 34,73	 41,20	  -3,4	  -2,6	 -10,4	 -10,0	 -14,9	  -8,2
*	    25,2374	 1	 35,03	 46,05	  -1,7	  -1,0	  -8,7	  -8,3	 -13,2	  -6,5
*	    12,7438	 1	 39,83	 97,10	  -6,4	   2,7	  10,2	  13,9	   8,4	   1,6
*	    12,4858	 1	 39,65	 90,72	  -6,3	   2,8	  10,3	  14,0	   8,6	   1,8
*	    12,6836	 1	 39,46	 84,29	  -6,4	   2,7	  10,2	  14,0	   8,5	   1,7
*	    13,3330	 1	 39,28	 77,97	  -6,7	   2,4	   9,9	  13,6	   8,2	   1,4
*	    14,4175	 1	 39,10	 71,90	  -7,2	   1,9	   9,4	  13,1	   7,7	   0,8
*	    15,9105	 1	 38,92	 66,19	  -7,9	   1,2	   8,7	  12,4	   7,0	   0,1
*	    17,7787	 1	 38,73	 60,93	  -8,8	   0,3	   7,8	  11,6	   6,1	  -0,8
*	    19,9855	 1	 38,54	 56,12	  -9,7	  -0,6	   6,8	  10,6	   5,1	  -1,8
*	    22,4940	 1	 38,36	 51,78	 -10,8	  -1,7	   5,8	   9,5	   4,0	  -2,8
*	    25,2688	 1	 38,17	 47,88	 -11,9	  -2,8	   4,7	   8,4	   2,9	  -4,0
*	    28,2773	 1	 37,98	 44,39	 -13,1	  -4,0	   3,5	   7,2	   1,8	  -5,2
*	    31,4905	 1	 37,79	 41,28	 -14,2	  -5,1	   2,3	   6,1	   0,6	  -6,4
*	    34,8825	 1	 37,60	 38,48	 -15,4	  -6,3	   1,1	   4,9	  -0,6	  -7,6
*	    38,4309	 1	 37,41	 35,99	 -16,6	  -7,5	  -0,0	   3,7	  -1,8	  -8,8
*	    13,4957	 1	197,25	 85,94	   5,7	  11,6	  17,5	  19,8	  15,5	   8,5
*	    14,4320	 1	190,24	 86,30	   4,0	   9,9	  15,8	  18,1	  13,8	   6,8
s	    14,9281	 2	243,89	 93,44	  29,4	  29,9	  21,6	  21,3	  16,0	  22,4
s	    15,5866	 2	 27,90	 90,56	  27,6	  27,1	  19,1	  20,1	  15,1	  22,2
s	    15,6322	 2	 35,42	 90,33	  27,6	  27,1	  19,1	  20,1	  15,1	  22,1
s	    16,1580	 3	 35,60	 96,53	  24,9	  25,5	  18,5	  19,8	  14,9	  21,9
*	    16,9436	 1	 98,23	 93,40	   8,4	   9,2	   1,5	   1,8	  -3,1	   3,7
*	    20,7991	 1	102,01	 93,32	   4,9	   5,6	  -2,1	  -1,7	  -6,6	   0,1
*	    16,1956	 1	 98,25	 89,44	   9,2	  10,0	   2,2	   2,6	  -2,3	   4,5
*	    20,1795	 1	102,04	 89,43	   5,3	   6,1	  -1,6	  -1,2	  -6,2	   0,6
*	    16,9412	 1	 98,27	 85,47	   8,2	   9,0	   1,3	   1,7	  -3,3	   3,6
*	    20,7595	 1	102,07	 85,54	   4,8	   5,5	  -2,2	  -1,8	  -6,7	   0,1
*	    18,9577	 1	 98,29	 81,52	   6,1	   6,9	  -0,8	  -0,5	  -5,4	   1,4
*	    22,4296	 1	102,10	 81,65	   3,4	   4,1	  -3,6	  -3,2	  -8,1	  -1,4
*	    21,8720	 1	 98,32	 77,63	   3,6	   4,4	  -3,3	  -3,0	  -7,9	  -1,1
*	    24,9710	 1	102,13	 77,84	   1,5	   2,3	  -5,4	  -5,1	 -10,0	  -3,2
*	    25,4026	 1	 98,34	 73,84	   1,1	   1,9	  -5,8	  -5,5	 -10,4	  -3,7
*	    28,1732	 1	102,16	 74,10	  -0,5	   0,3	  -7,4	  -7,0	 -12,0	  -5,2
*	    29,3810	 1	 98,36	 70,16	  -1,2	  -0,5	  -8,2	  -7,8	 -12,8	  -6,0
*	    31,8803	 1	102,19	 70,49	  -2,4	  -1,7	  -9,4	  -9,0	 -14,0	  -7,3
*	    35,7357	 1	103,10	 67,83	  -4,3	  -3,5	 -11,2	 -10,9	 -15,8	  -9,1
*	    33,2643	 1	 99,29	 67,44	  -3,2	  -2,4	 -10,1	  -9,8	 -14,7	  -8,0
s	    17,9545	 3	274,83	 93,57	  26,5	  25,8	  17,2	  17,6	  12,2	  18,8
s	    18,4342	 3	267,97	 93,56	  26,5	  25,7	  17,1	  17,5	  12,1	  18,7
*	    28,5134	 1	230,77	 35,33	   2,4	   3,2	  -4,5	  -4,2	  -9,1	  -2,4
*	    24,7564	 1	230,32	 42,68	   4,8	   5,6	  -2,1	  -1,7	  -6,7	   0,1
*	    21,5739	 1	229,86	 53,07	   7,3	   8,1	   0,4	   0,7	  -4,2	   2,6
*	    19,2171	 1	229,40	 67,60	   9,4	  10,2	   2,5	   2,9	  -2,0	   4,7
*	    32,9879	 1	237,63	 29,66	   0,1	   0,9	  -6,9	  -6,5	 -11,4	  -4,7
*	    37,4973	 1	238,01	 25,74	  -2,1	  -1,3	  -9,0	  -8,7	 -13,6	  -6,9
*	    42,2711	 1	238,37	 22,76	  -4,0	  -3,3	 -11,0	 -10,7	 -15,6	  -9,0
*	    21,5707	 1	210,81	 80,45	   7,6	   8,4	   0,7	   1,0	  -3,9	   2,9
*	    23,0243	 1	211,28	 66,72	   6,5	   7,3	  -0,4	  -0,0	  -5,0	   1,8
*	    25,4097	 1	211,74	 55,41	   4,9	   5,7	  -2,1	  -1,7	  -6,6	   0,1
*	    28,2127	 1	200,36	 52,29	   2,7	   3,4	  -4,3	  -3,9	  -8,9	  -2,1
*	    25,4503	 1	199,91	 61,33	   4,2	   5,0	  -2,7	  -2,4	  -7,3	  -0,5
*	    23,4521	 1	199,46	 72,32	   5,5	   6,3	  -1,5	  -1,1	  -6,0	   0,7
*	    22,3765	 1	199,01	 84,87	   6,2	   7,0	  -0,8	  -0,4	  -5,3	   1,5
*	    27,7414	 1	221,59	 46,92	   3,8	   4,6	  -3,1	  -2,8	  -7,7	  -1,0
*	    24,7207	 1	221,15	 56,52	   5,8	   6,6	  -1,1	  -0,8	  -5,7	   1,1
*	    22,4789	 1	220,71	 69,02	   7,5	   8,3	   0,6	   0,9	  -4,0	   2,8
*	    29,2886	 1	192,96	 55,50	   1,7	   2,5	  -5,3	  -4,9	  -9,8	  -3,1
*	    26,6862	 1	192,55	 64,08	   3,0	   3,8	  -3,9	  -3,5	  -8,5	  -1,7
*	    24,8264	 1	192,13	 74,12	   4,1	   4,9	  -2,9	  -2,5	  -7,4	  -0,7
s	    25,3307	 1	 90,00	 37,25	  28,4	  31,7	  21,7	  22,1	  25,6	  23,0
*	    34,0872	 1	184,04	 10,66	   8,3	  11,7	   1,7	   2,0	   5,5	   2,9
*	    28,0206	 1	 93,04	 17,21	   9,7	  13,1	   3,1	   3,5	   7,0	   4,4
*	    26,0380	 1	 76,42	 32,71	   9,8	  13,2	   3,2	   3,6	   7,1	   4,5
*	    27,7556	 1	 71,37	 44,53	   9,1	  12,5	   2,5	   2,9	   6,4	   3,8
*	    35,2130	 1	162,95	 28,12	   7,4	  10,7	   0,7	   1,1	   4,6	   1,9
*	    28,6796	 1	125,33	 30,23	   9,1	  12,4	   2,5	   2,8	   6,3	   3,7
*	    25,9152	 1	101,98	 38,81	   9,8	  13,1	   3,2	   3,5	   7,0	   4,4
*	    26,8091	 1	 90,04	 47,48	   9,7	  13,0	   3,1	   3,4	   6,9	   4,3
*	    31,5028	 1	 83,37	 54,41	   8,6	  11,9	   2,0	   2,3	   5,8	   3,2
*	    40,5424	 1	158,64	 41,72	   5,2	   8,5	  -1,5	  -1,1	   2,4	  -0,3
*	    33,8093	 1	135,64	 42,44	   7,1	  10,4	   0,4	   0,8	   4,3	   1,6
*	    30,4717	 1	116,94	 46,73	   8,2	  11,5	   1,5	   1,9	   5,4	   2,8
*	    30,6728	 1	104,05	 52,13	   8,5	  11,9	   1,9	   2,3	   5,8	   3,1
*	    34,7406	 1	 95,47	 57,14	   7,8	  11,2	   1,2	   1,5	   5,1	   2,4
*	    49,1645	 1	156,82	 51,26	   2,4	   5,7	  -4,2	  -3,9	  -0,4	  -3,2
*	    42,5697	 1	140,33	 51,46	   4,2	   7,5	  -2,4	  -2,1	   1,4	  -1,3
*	    39,0731	 1	125,60	 53,66	   5,4	   8,8	  -1,2	  -0,9	   2,6	  -0,1
*	    38,9506	 1	113,85	 56,88	   5,9	   9,2	  -0,7	  -0,4	   3,1	   0,4
*	    54,1120	 1	142,98	 57,95	   1,0	   4,3	  -5,7	  -5,4	  -1,9	  -4,7
*	    50,7817	 1	131,03	 59,12	   2,0	   5,4	  -4,6	  -4,3	  -0,8	  -3,6
*	    37,4442	 1	111,51	 72,40	  -2,7	  -2,0	  -9,7	  -9,3	 -14,3	  -7,6
*	    34,5595	 1	107,74	 72,20	  -1,4	  -0,6	  -8,3	  -8,0	 -12,9	  -6,2
*	    34,5336	 1	111,46	 75,96	  -1,4	  -0,7	  -8,4	  -8,0	 -13,0	  -6,3
*	    31,4188	 1	107,70	 75,78	   0,2	   0,9	  -6,8	  -6,4	 -11,4	  -4,7
*	    32,2023	 1	111,41	 79,62	  -0,3	   0,4	  -7,3	  -6,9	 -11,9	  -5,2
*	    28,8613	 1	107,65	 79,47	   1,5	   2,3	  -5,4	  -5,1	 -10,0	  -3,3
*	    30,5464	 1	111,36	 83,34	   0,5	   1,3	  -6,4	  -6,1	 -11,0	  -4,3
*	    27,0117	 1	107,61	 83,24	   2,6	   3,4	  -4,3	  -4,0	  -8,9	  -2,2
*	    29,6549	 1	111,31	 87,10	   1,0	   1,8	  -5,9	  -5,6	 -10,5	  -3,8
*	    25,9965	 1	107,57	 87,05	   3,3	   4,1	  -3,7	  -3,3	  -8,2	  -1,5
*	    29,5872	 1	111,26	 90,87	   1,1	   1,9	  -5,9	  -5,5	 -10,4	  -3,7
*	    25,9071	 1	107,53	 90,86	   3,4	   4,2	  -3,6	  -3,2	  -8,1	  -1,4
*	    42,8633	 1	107,83	 64,87	  -4,8	  -4,0	 -11,8	 -11,4	 -16,4	  -9,7
*	    41,4265	 1	111,57	 68,44	  -4,3	  -3,5	 -11,3	 -10,9	 -15,9	  -9,2
*	    38,7926	 1	107,79	 68,18	  -3,2	  -2,4	 -10,2	  -9,8	 -14,8	  -8,1
*	    30,8326	 1	187,25	 58,59	   0,6	   1,3	  -6,4	  -6,0	 -11,0	  -4,2
*	    28,3862	 1	186,88	 66,62	   1,7	   2,5	  -5,2	  -4,9	  -9,8	  -3,1
*	    26,6546	 1	186,51	 75,75	   2,6	   3,4	  -4,3	  -4,0	  -8,9	  -2,2
*	    32,7863	 1	182,84	 61,39	  -0,6	   0,1	  -7,6	  -7,2	 -12,2	  -5,5
*	    30,4847	 1	182,51	 68,85	   0,4	   1,1	  -6,6	  -6,2	 -11,2	  -4,4
*	    28,8670	 1	182,18	 77,16	   1,1	   1,9	  -5,8	  -5,5	 -10,4	  -3,7
*	    29,0480	 1	216,85	 44,45	   1,2	   2,0	  -5,7	  -5,4	 -10,3	  -3,6
*	    29,0484	 1	216,88	 44,45	   1,2	   2,0	  -5,7	  -5,4	 -10,3	  -3,6
s	    29,4467	 2	 84,88	 41,03	  27,0	  25,2	   1,2	   1,6	   5,1	  15,7
*	    30,1963	 1	179,21	 84,10	   0,2	   0,9	  -6,8	  -6,4	 -11,4	  -4,6
*	    31,2101	 1	179,52	 76,03	  -0,3	   0,5	  -7,2	  -6,9	 -11,8	  -5,1
*	    32,9282	 1	179,82	 68,48	  -1,0	  -0,2	  -7,9	  -7,6	 -12,5	  -5,8
s	    30,4640	 2	 90,00	 34,08	  25,7	  30,0	  21,2	  21,8	  25,3	  22,7
*	    31,0802	 1	190,66	 53,69	  -0,9	  -0,2	  -7,9	  -7,5	 -12,5	  -5,8
s	    32,1324	 2	 16,39	 44,60	  25,1	  27,2	  16,9	  18,0	  21,4	  18,9
*	    32,7268	 1	185,50	 56,82	  -2,0	  -1,2	  -9,0	  -8,6	 -13,5	  -6,8
*	    43,3897	 1	119,87	 72,66	  -3,3	  -2,5	 -10,2	  -9,9	 -14,9	  -8,2
*	    40,7339	 1	116,10	 72,55	  -2,2	  -1,4	  -9,1	  -8,8	 -13,7	  -7,1
*	    40,8575	 1	119,81	 76,19	  -2,4	  -1,6	  -9,3	  -9,0	 -13,9	  -7,3
*	    38,0450	 1	116,04	 76,08	  -1,1	  -0,4	  -8,1	  -7,7	 -12,7	  -6,0
*	    38,8735	 1	119,74	 79,80	  -1,6	  -0,8	  -8,6	  -8,2	 -13,2	  -6,5
*	    35,9199	 1	115,98	 79,71	  -0,2	   0,5	  -7,2	  -6,8	 -11,8	  -5,1
*	    37,4951	 1	119,67	 83,49	  -1,1	  -0,3	  -8,0	  -7,7	 -12,6	  -5,9
*	    34,4302	 1	115,92	 83,40	   0,4	   1,2	  -6,5	  -6,2	 -11,1	  -4,4
*	    36,7692	 1	119,60	 87,21	  -0,7	   0,0	  -7,7	  -7,4	 -12,3	  -5,6
*	    33,6376	 1	115,86	 87,13	   0,8	   1,6	  -6,1	  -5,8	 -10,7	  -4,0
*	    36,7245	 1	119,54	 90,93	  -0,7	   0,1	  -7,7	  -7,3	 -12,3	  -5,6
*	    33,5808	 1	115,80	 90,88	   0,9	   1,6	  -6,1	  -5,7	 -10,7	  -4,0
*	    47,0230	 1	115,38	 65,87	  -4,4	  -3,6	 -11,4	 -11,0	 -16,0	  -9,4
s	    34,0587	 3	271,50	 48,71	  22,4	  23,3	  12,7	  14,5	  17,8	  15,5
*	    37,7447	 1	176,70	 66,01	  -3,2	  -2,4	 -10,1	  -9,8	 -14,7	  -8,1
*	    35,6924	 1	176,43	 72,44	  -2,4	  -1,6	  -9,4	  -9,0	 -14,0	  -7,3
*	    34,2625	 1	176,17	 79,36	  -1,9	  -1,1	  -8,8	  -8,5	 -13,4	  -6,7
s	    34,3105	 3	 84,85	 37,78	  24,4	  23,6	   0,7	   1,3	   4,9	  15,4
*	    34,6868	 1	204,86	 44,10	 -11,4	  -4,4	   2,9	   3,5	  -1,4	  -7,9
*	    36,4485	 1	205,04	 41,51	 -12,2	  -5,2	   2,2	   2,7	  -2,2	  -8,7
*	    38,2962	 1	205,23	 39,16	 -13,0	  -6,0	   1,4	   1,9	  -3,0	  -9,5
*	    34,7670	 1	181,50	 59,64	  -3,1	  -2,4	 -10,1	  -9,8	 -14,7	  -8,0
s	    36,1292	 3	 26,17	 47,05	  23,9	  20,8	  -3,5	  -2,5	   1,0	  11,7
s	    36,8346	 3	 16,14	 41,34	  22,5	  25,7	  16,5	  17,8	  21,2	  18,7
*	    56,1361	 1	174,40	 60,47	 -20,3	 -15,6	  -2,5	  -1,2	  -4,3	  -9,2
*	    48,7321	 1	178,83	 55,39	 -18,0	 -13,3	  -0,2	   1,1	  -2,0	  -6,8
*	    45,5647	 1	181,87	 52,30	 -16,9	 -12,2	   0,9	   2,2	  -0,8	  -5,7
*	    42,8105	 1	185,76	 48,81	 -15,8	 -11,1	   2,0	   3,3	   0,2	  -4,6
*	    40,5210	 1	190,83	 44,92	 -14,8	 -10,1	   3,0	   4,3	   1,2	  -3,6
*	    38,7555	 1	197,58	 40,75	 -14,0	  -9,2	   3,9	   5,2	   2,1	  -2,7
*	    37,5797	 1	206,74	 36,57	 -13,3	  -8,5	   4,6	   5,9	   2,8	  -2,0
*	    37,0604	 1	219,03	 32,91	 -12,8	  -8,1	   5,0	   6,3	   3,3	  -1,5
*	    37,1589	 1	178,37	 62,14	  -4,4	  -3,6	 -11,3	 -11,0	 -15,9	  -9,2
*	    37,2901	 1	208,66	 41,79	 -16,6	  -9,6	  -2,3	  -1,7	  -6,6	 -13,1
*	    39,1267	 1	208,84	 39,44	 -17,4	 -10,4	  -3,0	  -2,5	  -7,4	 -13,9
*	    38,7356	 1	174,31	 73,87	  -3,8	  -3,1	 -10,8	 -10,4	 -15,4	  -8,7
*	    37,3835	 1	174,07	 80,22	  -3,4	  -2,6	 -10,3	 -10,0	 -14,9	  -8,2
s	    37,9906	 3	 59,48	 41,04	  24,0	  23,2	   0,3	   0,9	   4,5	  15,0
s	    38,3347	 1	123,83	 89,38	  26,2	  30,4	  35,9	  35,3	  30,6	  24,7
*	    38,5945	 1	124,15	 92,76	  -8,9	   0,2	   7,7	  11,4	   5,9	  -1,1
*	    38,3491	 1	124,20	 90,08	  -8,8	   0,3	   7,8	  11,5	   6,0	  -1,0
*	    38,4272	 1	124,26	 87,38	  -8,8	   0,3	   7,8	  11,5	   6,0	  -1,0
*	    38,8271	 1	124,31	 84,69	  -9,0	   0,1	   7,6	  11,3	   5,8	  -1,2
*	    39,5419	 1	124,37	 82,02	  -9,2	  -0,1	   7,3	  11,0	   5,5	  -1,5
*	    40,5608	 1	124,42	 79,36	  -9,6	  -0,5	   7,0	  10,7	   5,2	  -1,8
*	    41,8692	 1	124,48	 76,75	 -10,1	  -1,0	   6,5	  10,2	   4,7	  -2,3
*	    43,4506	 1	124,54	 74,18	 -10,6	  -1,5	   5,9	   9,7	   4,2	  -2,9
*	    45,2870	 1	124,59	 71,67	 -11,2	  -2,1	   5,3	   9,0	   3,5	  -3,5
*	    47,3597	 1	124,65	 69,23	 -11,9	  -2,8	   4,7	   8,4	   2,9	  -4,2
*	    49,6505	 1	124,71	 66,86	 -12,6	  -3,5	   3,9	   7,7	   2,1	  -4,9
*	    52,1417	 1	124,76	 64,56	 -13,4	  -4,3	   3,2	   6,9	   1,4	  -5,7
*	    54,8163	 1	124,82	 62,33	 -14,1	  -5,1	   2,4	   6,1	   0,6	  -6,5
*	    43,9787	 1	211,67	 28,51	  -4,1	  -3,3	 -11,0	 -10,7	 -15,6	  -9,0
*	    39,3465	 1	211,22	 32,05	  -2,3	  -1,5	  -9,2	  -8,9	 -13,8	  -7,2
*	    39,4805	 1	172,54	 85,33	  -4,4	  -3,6	 -11,3	 -11,0	 -15,9	  -9,3
*	    40,3358	 1	172,76	 79,21	  -4,7	  -3,9	 -11,6	 -11,3	 -16,2	  -9,6
*	    44,1049	 1	202,12	 31,09	  -4,3	  -3,5	 -11,2	 -10,9	 -15,9	  -9,2
*	    39,5466	 1	201,68	 34,83	  -2,6	  -1,8	  -9,5	  -9,2	 -14,1	  -7,5
*	    44,3098	 1	223,27	 26,73	  -4,0	  -3,2	 -11,0	 -10,6	 -15,6	  -9,0
*	    39,6371	 1	222,86	 30,08	  -2,2	  -1,4	  -9,1	  -8,8	 -13,7	  -7,1
*	    39,9482	 1	158,73	 88,69	 -14,0	  -8,1	  -2,2	   0,1	  -4,2	 -11,4
*	    42,6014	 1	158,42	 88,72	 -14,8	  -8,9	  -3,0	  -0,7	  -5,1	 -12,3
*	    45,3218	 1	158,14	 88,73	 -15,7	  -9,8	  -3,9	  -1,6	  -6,0	 -13,1
*	    48,1059	 1	157,88	 88,74	 -16,5	 -10,6	  -4,7	  -2,4	  -6,8	 -14,0
*	    44,6715	 1	194,58	 34,09	  -4,7	  -3,9	 -11,6	 -11,3	 -16,3	  -9,6
*	    40,2130	 1	194,17	 38,02	  -3,1	  -2,3	 -10,0	  -9,7	 -14,6	  -8,0
s	    40,2782	 2	218,41	 51,77	  25,9	  24,0	   0,0	   0,4	   3,9	  14,4
*	    40,9246	 1	126,90	 92,34	  -9,5	  -0,4	   7,1	  10,8	   5,3	  -1,7
*	    40,7415	 1	126,96	 89,66	  -9,4	  -0,3	   7,1	  10,9	   5,4	  -1,7
*	    40,8674	 1	127,02	 86,97	  -9,5	  -0,4	   7,1	  10,8	   5,3	  -1,7
*	    41,2998	 1	127,08	 84,29	  -9,6	  -0,5	   6,9	  10,6	   5,1	  -1,9
*	    42,0327	 1	127,14	 81,63	  -9,9	  -0,8	   6,7	  10,4	   4,9	  -2,1
*	    43,0561	 1	127,20	 78,99	 -10,2	  -1,2	   6,3	  10,0	   4,5	  -2,5
*	    44,3574	 1	127,26	 76,39	 -10,7	  -1,6	   5,9	   9,6	   4,1	  -2,9
*	    45,9218	 1	127,32	 73,85	 -11,2	  -2,1	   5,4	   9,1	   3,6	  -3,5
*	    47,7335	 1	127,38	 71,36	 -11,8	  -2,7	   4,8	   8,5	   3,0	  -4,1
*	    49,7756	 1	127,44	 68,94	 -12,4	  -3,3	   4,2	   7,9	   2,4	  -4,7
*	    52,0316	 1	127,50	 66,58	 -13,1	  -4,0	   3,5	   7,2	   1,7	  -5,4
*	    54,4850	 1	127,56	 64,30	 -13,8	  -4,7	   2,8	   6,5	   1,0	  -6,1
*	    57,1204	 1	127,62	 62,10	 -14,5	  -5,4	   2,0	   5,8	   0,2	  -6,9
s	    41,0392	 3	 33,60	 43,30	  23,5	  23,3	  15,5	  16,8	  11,7	  18,6
*	    41,3157	 1	188,34	 41,32	  -3,7	  -2,9	 -10,7	 -10,3	 -15,3	  -8,6
*	    42,8231	 1	183,82	 44,55	  -4,5	  -3,7	 -11,4	 -11,1	 -16,0	  -9,4
s	    43,0258	 3	226,93	 53,48	  24,8	  17,7	 -20,3	 -19,9	 -16,4	   7,3
*	    43,9158	 1	130,68	 91,95	 -10,3	  -1,2	   6,3	  10,0	   4,5	  -2,5
*	    43,7902	 1	130,74	 89,26	 -10,2	  -1,2	   6,3	  10,0	   4,5	  -2,5
*	    43,9569	 1	130,80	 86,58	 -10,3	  -1,2	   6,3	  10,0	   4,5	  -2,6
*	    44,4137	 1	130,87	 83,91	 -10,5	  -1,4	   6,1	   9,8	   4,3	  -2,7
*	    45,1549	 1	130,93	 81,26	 -10,7	  -1,6	   5,9	   9,6	   4,1	  -3,0
*	    46,1721	 1	131,00	 78,63	 -11,0	  -1,9	   5,5	   9,2	   3,7	  -3,3
*	    47,4544	 1	131,06	 76,06	 -11,4	  -2,3	   5,1	   8,8	   3,3	  -3,7
*	    48,9892	 1	131,13	 73,52	 -11,9	  -2,8	   4,7	   8,4	   2,9	  -4,2
*	    50,7626	 1	131,19	 71,05	 -12,4	  -3,3	   4,1	   7,8	   2,3	  -4,8
*	    52,7599	 1	131,26	 68,63	 -13,0	  -3,9	   3,5	   7,3	   1,7	  -5,4
*	    54,9664	 1	131,32	 66,30	 -13,6	  -4,5	   2,9	   6,6	   1,1	  -6,0
*	    57,3672	 1	131,39	 64,04	 -14,3	  -5,2	   2,3	   6,0	   0,4	  -6,7
*	    59,9480	 1	131,45	 61,85	 -15,0	  -5,9	   1,6	   5,3	  -0,3	  -7,4
s	    44,5486	 3	218,57	 48,53	  23,3	  22,5	  -0,3	   0,2	   3,8	  14,3
*	    44,7050	 1	131,59	 90,95	  -1,5	  -0,8	  -8,5	  -8,2	 -13,1	  -6,5
*	    44,7686	 1	131,69	 87,16	  -1,6	  -0,8	  -8,5	  -8,2	 -13,1	  -6,5
*	    45,4066	 1	131,78	 83,39	  -1,8	  -1,0	  -8,7	  -8,4	 -13,4	  -6,7
*	    46,6041	 1	131,87	 79,65	  -2,2	  -1,4	  -9,1	  -8,8	 -13,7	  -7,1
*	    48,3356	 1	131,96	 76,00	  -2,7	  -1,9	  -9,6	  -9,3	 -14,3	  -7,7
*	    50,5674	 1	132,06	 72,44	  -3,4	  -2,6	 -10,3	 -10,0	 -15,0	  -8,4
*	    44,8666	 1	133,17	 91,57	 -10,6	  -1,6	   5,9	   9,6	   4,1	  -2,9
*	    44,7916	 1	133,24	 88,86	 -10,6	  -1,5	   5,9	   9,7	   4,1	  -2,9
*	    45,0026	 1	133,31	 86,15	 -10,7	  -1,6	   5,9	   9,6	   4,1	  -3,0
*	    45,4969	 1	133,37	 83,45	 -10,9	  -1,8	   5,7	   9,4	   3,9	  -3,1
*	    46,2689	 1	133,44	 80,77	 -11,1	  -2,0	   5,5	   9,2	   3,7	  -3,4
*	    47,3105	 1	133,51	 78,13	 -11,4	  -2,3	   5,1	   8,9	   3,3	  -3,7
*	    48,6114	 1	133,58	 75,53	 -11,8	  -2,7	   4,7	   8,5	   2,9	  -4,1
*	    50,1596	 1	133,65	 72,98	 -12,3	  -3,2	   4,3	   8,0	   2,5	  -4,6
*	    51,9420	 1	133,72	 70,49	 -12,8	  -3,7	   3,8	   7,5	   2,0	  -5,1
*	    53,9445	 1	133,79	 68,08	 -13,3	  -4,3	   3,2	   6,9	   1,4	  -5,7
*	    56,1531	 1	133,85	 65,74	 -14,0	  -4,9	   2,6	   6,3	   0,8	  -6,3
*	    58,5537	 1	133,92	 63,47	 -14,6	  -5,5	   1,9	   5,7	   0,1	  -7,0
*	    61,1325	 1	133,99	 61,28	 -15,3	  -6,2	   1,3	   5,0	  -0,6	  -7,7
*	    45,6435	 1	135,79	 91,19	 -11,0	  -1,9	   5,6	   9,3	   3,8	  -3,3
*	    45,6170	 1	135,86	 88,45	 -11,0	  -1,9	   5,6	   9,3	   3,8	  -3,3
*	    45,8710	 1	135,93	 85,70	 -11,1	  -2,0	   5,5	   9,2	   3,7	  -3,4
*	    46,4026	 1	136,01	 82,97	 -11,2	  -2,1	   5,3	   9,0	   3,5	  -3,5
*	    47,2064	 1	136,08	 80,25	 -11,5	  -2,4	   5,1	   8,8	   3,3	  -3,8
*	    48,2744	 1	136,15	 77,58	 -11,8	  -2,7	   4,8	   8,5	   3,0	  -4,1
*	    49,5967	 1	136,22	 74,96	 -12,2	  -3,1	   4,4	   8,1	   2,6	  -4,5
*	    51,1618	 1	136,30	 72,39	 -12,6	  -3,6	   3,9	   7,6	   2,1	  -5,0
*	    52,9571	 1	136,37	 69,88	 -13,1	  -4,1	   3,4	   7,1	   1,6	  -5,5
*	    54,9693	 1	136,44	 67,46	 -13,7	  -4,6	   2,8	   6,6	   1,0	  -6,1
*	    57,1848	 1	136,52	 65,10	 -14,3	  -5,2	   2,2	   6,0	   0,4	  -6,7
*	    59,5901	 1	136,59	 62,83	 -14,9	  -5,8	   1,6	   5,3	  -0,2	  -7,4
*	    62,1717	 1	136,67	 60,64	 -15,6	  -6,5	   1,0	   4,7	  -0,9	  -8,0
s	    45,6557	 3	220,69	 54,62	  24,5	  17,4	 -20,5	 -20,2	 -16,7	   7,0
s	    45,8987	 3	244,30	 55,27	  22,8	  19,8	  -4,5	  -3,5	  -0,1	  10,6
s	    46,0203	 3	219,22	 54,75	  24,5	  17,4	 -20,5	 -20,2	 -16,7	   7,0
*	    46,7250	 1	138,70	 90,82	 -11,4	  -2,3	   5,1	   8,9	   3,3	  -3,7
*	    46,7450	 1	138,77	 88,04	 -11,4	  -2,3	   5,1	   8,8	   3,3	  -3,7
*	    47,0396	 1	138,85	 85,25	 -11,5	  -2,4	   5,0	   8,8	   3,2	  -3,8
*	    47,6057	 1	138,93	 82,48	 -11,7	  -2,6	   4,9	   8,6	   3,1	  -4,0
*	    48,4380	 1	139,01	 79,74	 -11,9	  -2,8	   4,6	   8,3	   2,8	  -4,2
*	    49,5289	 1	139,08	 77,04	 -12,2	  -3,2	   4,3	   8,0	   2,5	  -4,6
*	    50,8687	 1	139,16	 74,40	 -12,6	  -3,5	   3,9	   7,6	   2,1	  -5,0
*	    52,4466	 1	139,24	 71,82	 -13,1	  -4,0	   3,5	   7,2	   1,7	  -5,4
*	    54,2505	 1	139,31	 69,30	 -13,6	  -4,5	   3,0	   6,7	   1,2	  -5,9
*	    56,2678	 1	139,39	 66,86	 -14,1	  -5,0	   2,4	   6,1	   0,6	  -6,5
*	    58,4855	 1	139,47	 64,49	 -14,7	  -5,6	   1,9	   5,6	   0,0	  -7,1
*	    60,8904	 1	139,55	 62,21	 -15,3	  -6,2	   1,2	   4,9	  -0,6	  -7,7
*	    63,4698	 1	139,63	 60,02	 -15,9	  -6,9	   0,6	   4,3	  -1,2	  -8,4
*	    47,6470	 1	141,57	 90,43	 -11,8	  -2,7	   4,7	   8,5	   2,9	  -4,1
*	    47,7119	 1	141,65	 87,60	 -11,8	  -2,7	   4,7	   8,4	   2,9	  -4,1
*	    48,0467	 1	141,74	 84,79	 -11,9	  -2,8	   4,6	   8,3	   2,8	  -4,2
*	    48,6482	 1	141,82	 81,98	 -12,1	  -3,0	   4,4	   8,2	   2,6	  -4,4
*	    49,5109	 1	141,90	 79,21	 -12,4	  -3,3	   4,2	   7,9	   2,4	  -4,7
*	    50,6274	 1	141,98	 76,48	 -12,7	  -3,6	   3,9	   7,6	   2,1	  -5,0
*	    51,9885	 1	142,06	 73,81	 -13,0	  -4,0	   3,5	   7,2	   1,7	  -5,4
*	    53,5835	 1	142,14	 71,20	 -13,5	  -4,4	   3,1	   6,8	   1,2	  -5,9
*	    55,4009	 1	142,23	 68,67	 -14,0	  -4,9	   2,6	   6,3	   0,8	  -6,4
*	    57,4284	 1	142,31	 66,22	 -14,5	  -5,4	   2,0	   5,7	   0,2	  -6,9
*	    59,6536	 1	142,39	 63,85	 -15,1	  -6,0	   1,5	   5,2	  -0,4	  -7,5
*	    62,0637	 1	142,47	 61,56	 -15,7	  -6,6	   0,9	   4,6	  -1,0	  -8,1
*	    64,6463	 1	142,56	 59,37	 -16,3	  -7,2	   0,2	   3,9	  -1,6	  -8,8
*	    48,2016	 1	175,51	 62,44	 -17,4	 -10,4	  -3,0	  -2,5	  -7,4	 -14,0
*	    49,5325	 1	175,61	 60,27	 -17,8	 -10,8	  -3,4	  -2,9	  -7,8	 -14,4
*	    50,9566	 1	175,71	 58,17	 -18,2	 -11,2	  -3,9	  -3,3	  -8,2	 -14,8
*	    48,5583	 1	159,18	 87,79	 -19,9	 -10,8	  -3,3	   0,4	  -5,1	 -12,2
*	    48,8898	 1	159,29	 84,50	 -20,0	 -10,9	  -3,4	   0,3	  -5,2	 -12,3
*	    49,4849	 1	159,40	 81,25	 -20,1	 -11,1	  -3,6	   0,1	  -5,4	 -12,5
*	    50,3385	 1	159,52	 78,04	 -20,4	 -11,3	  -3,8	  -0,1	  -5,6	 -12,7
*	    51,4438	 1	159,63	 74,92	 -20,7	 -11,6	  -4,1	  -0,4	  -5,9	 -13,0
*	    52,7919	 1	159,74	 71,86	 -21,1	 -12,0	  -4,5	  -0,8	  -6,3	 -13,4
*	    54,3728	 1	159,85	 68,92	 -21,5	 -12,4	  -4,9	  -1,2	  -6,7	 -13,9
*	    56,1754	 1	159,97	 66,08	 -22,0	 -12,9	  -5,4	  -1,7	  -7,2	 -14,3
*	    58,1878	 1	160,08	 63,35	 -22,5	 -13,4	  -5,9	  -2,2	  -7,8	 -14,9
*	    49,0795	 1	144,40	 90,03	 -12,3	  -3,2	   4,3	   8,0	   2,5	  -4,6
*	    49,1878	 1	144,49	 87,18	 -12,3	  -3,2	   4,2	   8,0	   2,4	  -4,6
*	    49,5603	 1	144,57	 84,34	 -12,4	  -3,3	   4,1	   7,9	   2,3	  -4,7
*	    50,1938	 1	144,66	 81,52	 -12,6	  -3,5	   4,0	   7,7	   2,2	  -4,9
*	    51,0829	 1	144,74	 78,73	 -12,8	  -3,8	   3,7	   7,4	   1,9	  -5,2
*	    52,2204	 1	144,83	 75,99	 -13,2	  -4,1	   3,4	   7,1	   1,6	  -5,5
*	    53,5973	 1	144,92	 73,32	 -13,5	  -4,4	   3,0	   6,7	   1,2	  -5,9
*	    55,2035	 1	145,00	 70,71	 -14,0	  -4,9	   2,6	   6,3	   0,8	  -6,3
*	    57,0278	 1	145,09	 68,17	 -14,4	  -5,4	   2,1	   5,8	   0,3	  -6,8
*	    59,0586	 1	145,17	 65,72	 -15,0	  -5,9	   1,6	   5,3	  -0,2	  -7,4
*	    61,2838	 1	145,26	 63,35	 -15,5	  -6,4	   1,0	   4,7	  -0,8	  -8,0
*	    63,6912	 1	145,35	 61,07	 -16,1	  -7,0	   0,4	   4,1	  -1,4	  -8,6
*	    49,6727	 1	177,29	 59,99	 -15,4	  -8,4	  -1,1	  -0,5	  -5,4	 -12,0
*	    51,0994	 1	177,39	 57,89	 -15,9	  -8,8	  -1,5	  -0,9	  -5,8	 -12,5
*	    49,6928	 1	160,83	 87,85	 -14,2	  -5,1	   2,3	   6,0	   0,5	  -6,6
*	    50,0200	 1	160,94	 84,57	 -14,3	  -5,2	   2,2	   5,9	   0,4	  -6,7
*	    50,6079	 1	161,05	 81,32	 -14,5	  -5,4	   2,1	   5,8	   0,3	  -6,8
*	    51,4519	 1	161,17	 78,12	 -14,7	  -5,6	   1,8	   5,5	   0,0	  -7,1
*	    52,5451	 1	161,28	 75,00	 -15,0	  -5,9	   1,5	   5,2	  -0,3	  -7,4
*	    53,8791	 1	161,40	 71,95	 -15,4	  -6,3	   1,2	   4,9	  -0,6	  -7,7
*	    55,4440	 1	161,51	 69,00	 -15,8	  -6,7	   0,8	   4,5	  -1,1	  -8,2
*	    57,2289	 1	161,62	 66,17	 -16,3	  -7,2	   0,3	   4,0	  -1,5	  -8,7
*	    59,2223	 1	161,74	 63,44	 -16,8	  -7,7	  -0,2	   3,5	  -2,1	  -9,2
*	    61,4122	 1	161,85	 60,83	 -17,3	  -8,2	  -0,8	   2,9	  -2,6	  -9,8
*	    63,7865	 1	161,97	 58,36	 -17,9	  -8,8	  -1,4	   2,3	  -3,2	 -10,4
*	    66,3331	 1	162,08	 56,00	 -18,5	  -9,4	  -2,0	   1,7	  -3,8	 -11,0
*	    49,6969	 1	147,43	 89,63	 -12,7	  -3,6	   3,9	   7,6	   2,1	  -5,0
*	    49,8480	 1	147,52	 86,72	 -12,7	  -3,6	   3,9	   7,6	   2,0	  -5,0
*	    50,2605	 1	147,61	 83,84	 -12,8	  -3,7	   3,7	   7,5	   1,9	  -5,1
*	    50,9309	 1	147,70	 80,96	 -13,0	  -3,9	   3,6	   7,3	   1,7	  -5,3
*	    51,8537	 1	147,79	 78,13	 -13,3	  -4,2	   3,3	   7,0	   1,5	  -5,6
*	    53,0216	 1	147,88	 75,35	 -13,6	  -4,5	   3,0	   6,7	   1,2	  -5,9
*	    54,4259	 1	147,97	 72,63	 -13,9	  -4,9	   2,6	   6,3	   0,8	  -6,3
*	    56,0565	 1	148,06	 70,00	 -14,4	  -5,3	   2,2	   5,9	   0,3	  -6,8
*	    57,9024	 1	148,15	 67,43	 -14,9	  -5,8	   1,7	   5,4	  -0,1	  -7,3
*	    59,9522	 1	148,24	 64,96	 -15,4	  -6,3	   1,2	   4,9	  -0,7	  -7,8
*	    62,1940	 1	148,33	 62,58	 -15,9	  -6,9	   0,6	   4,3	  -1,2	  -8,4
*	    64,6159	 1	148,43	 60,29	 -16,5	  -7,4	   0,0	   3,7	  -1,8	  -9,0
*	    49,7046	 1	157,07	 88,33	 -13,7	  -4,7	   2,8	   6,5	   1,0	  -6,1
*	    49,9869	 1	157,18	 85,16	 -13,8	  -4,7	   2,7	   6,4	   0,9	  -6,2
*	    50,5295	 1	157,29	 82,02	 -14,0	  -4,9	   2,6	   6,3	   0,8	  -6,3
*	    51,3279	 1	157,39	 78,91	 -14,2	  -5,1	   2,4	   6,1	   0,5	  -6,5
*	    52,3758	 1	157,50	 75,87	 -14,5	  -5,4	   2,1	   5,8	   0,3	  -6,8
*	    53,6651	 1	157,61	 72,90	 -14,8	  -5,7	   1,7	   5,4	  -0,1	  -7,2
*	    55,1865	 1	157,72	 70,01	 -15,2	  -6,2	   1,3	   5,0	  -0,5	  -7,6
*	    56,9292	 1	157,82	 67,23	 -15,7	  -6,6	   0,9	   4,6	  -1,0	  -8,1
*	    58,8821	 1	157,93	 64,55	 -16,2	  -7,1	   0,4	   4,1	  -1,5	  -8,6
*	    61,0334	 1	158,04	 61,97	 -16,7	  -7,6	  -0,2	   3,5	  -2,0	  -9,2
*	    63,3711	 1	158,15	 59,52	 -17,3	  -8,2	  -0,8	   2,9	  -2,6	  -9,8
*	    65,8832	 1	158,26	 57,18	 -17,9	  -8,8	  -1,4	   2,3	  -3,2	 -10,4
*	    49,7722	 1	165,31	 87,34	 -14,9	  -5,8	   1,7	   5,4	  -0,1	  -7,2
*	    50,1449	 1	165,43	 83,94	 -15,0	  -5,9	   1,6	   5,3	  -0,2	  -7,3
*	    50,7796	 1	165,55	 80,57	 -15,2	  -6,1	   1,4	   5,1	  -0,4	  -7,5
*	    51,6707	 1	165,67	 77,26	 -15,4	  -6,3	   1,1	   4,9	  -0,7	  -7,8
*	    52,8111	 1	165,79	 74,03	 -15,7	  -6,6	   0,8	   4,5	  -1,0	  -8,1
*	    54,1917	 1	165,91	 70,90	 -16,1	  -7,0	   0,4	   4,2	  -1,4	  -8,5
*	    55,8022	 1	166,03	 67,88	 -16,5	  -7,4	   0,0	   3,7	  -1,8	  -8,9
*	    57,6314	 1	166,16	 64,98	 -17,0	  -7,9	  -0,5	   3,2	  -2,3	  -9,4
*	    59,6673	 1	166,28	 62,21	 -17,5	  -8,5	  -1,0	   2,7	  -2,8	 -10,0
*	    61,8977	 1	166,40	 59,57	 -18,1	  -9,0	  -1,6	   2,1	  -3,4	 -10,6
*	    64,3101	 1	166,52	 57,06	 -18,7	  -9,6	  -2,2	   1,5	  -4,0	 -11,2
*	    66,8925	 1	166,64	 54,69	 -19,3	 -10,2	  -2,8	   0,9	  -4,6	 -11,8
s	    49,8743	 3	109,54	 92,98	  22,6	  24,1	  16,9	  15,4	   9,2	  15,6
*	    50,2754	 1	150,46	 89,22	 -13,0	  -4,0	   3,5	   7,2	   1,7	  -5,4
*	    50,4689	 1	150,55	 86,26	 -13,1	  -4,0	   3,5	   7,2	   1,6	  -5,4
*	    50,9215	 1	150,65	 83,30	 -13,2	  -4,1	   3,3	   7,0	   1,5	  -5,6
*	    51,6294	 1	150,74	 80,38	 -13,4	  -4,3	   3,1	   6,8	   1,3	  -5,8
*	    52,5871	 1	150,84	 77,51	 -13,7	  -4,6	   2,9	   6,6	   1,1	  -6,0
*	    53,7871	 1	150,93	 74,69	 -14,0	  -4,9	   2,5	   6,3	   0,7	  -6,4
*	    55,2206	 1	151,03	 71,94	 -14,4	  -5,3	   2,2	   5,9	   0,3	  -6,8
*	    56,8778	 1	151,12	 69,27	 -14,8	  -5,7	   1,7	   5,4	  -0,1	  -7,2
*	    58,7477	 1	151,22	 66,68	 -15,3	  -6,2	   1,3	   5,0	  -0,6	  -7,7
*	    60,8189	 1	151,31	 64,20	 -15,8	  -6,7	   0,7	   4,4	  -1,1	  -8,2
*	    63,0798	 1	151,41	 61,80	 -16,4	  -7,3	   0,2	   3,9	  -1,7	  -8,8
*	    65,5187	 1	151,51	 59,50	 -17,0	  -7,9	  -0,4	   3,3	  -2,3	  -9,4
*	    50,4896	 1	153,78	 88,79	 -13,4	  -4,4	   3,1	   6,8	   1,3	  -5,8
*	    50,7259	 1	153,88	 85,75	 -13,5	  -4,4	   3,0	   6,8	   1,2	  -5,8
*	    51,2204	 1	153,98	 82,72	 -13,6	  -4,6	   2,9	   6,6	   1,1	  -6,0
*	    51,9689	 1	154,08	 79,73	 -13,8	  -4,8	   2,7	   6,4	   0,9	  -6,2
*	    52,9657	 1	154,18	 76,79	 -14,1	  -5,0	   2,4	   6,1	   0,6	  -6,5
*	    54,2031	 1	154,28	 73,91	 -14,4	  -5,4	   2,1	   5,8	   0,3	  -6,8
*	    55,6723	 1	154,38	 71,12	 -14,8	  -5,7	   1,7	   5,4	  -0,1	  -7,2
*	    57,3631	 1	154,48	 68,40	 -15,3	  -6,2	   1,3	   5,0	  -0,5	  -7,7
*	    59,2647	 1	154,58	 65,78	 -15,8	  -6,7	   0,8	   4,5	  -1,0	  -8,2
*	    61,3656	 1	154,68	 63,26	 -16,3	  -7,2	   0,3	   4,0	  -1,6	  -8,7
*	    63,6542	 1	154,78	 60,83	 -16,8	  -7,8	  -0,3	   3,4	  -2,1	  -9,3
*	    66,1187	 1	154,88	 58,52	 -17,4	  -8,4	  -0,9	   2,8	  -2,7	  -9,9
*	    50,8843	 1	152,24	 88,67	  -2,7	  -2,0	  -9,7	  -9,4	 -14,3	  -7,7
*	    51,3052	 1	152,38	 84,45	  -2,8	  -2,1	  -9,8	  -9,5	 -14,4	  -7,9
*	    52,2377	 1	152,52	 80,26	  -3,1	  -2,3	 -10,1	  -9,7	 -14,7	  -8,1
*	    53,6671	 1	152,65	 76,19	  -3,5	  -2,7	 -10,4	 -10,1	 -15,1	  -8,5
*	    55,5721	 1	152,79	 72,22	  -4,0	  -3,2	 -11,0	 -10,6	 -15,6	  -9,1
*	    57,9259	 1	152,93	 68,43	  -4,6	  -3,8	 -11,6	 -11,2	 -16,2	  -9,7
*	    58,4078	 1	152,96	 67,75	  -4,7	  -4,0	 -11,7	 -11,4	 -16,3	  -9,8
s	    54,2269	 2	124,62	 55,20	  23,5	  25,1	  14,3	  13,7	  17,5	  15,3
*	    55,7718	 1	171,63	 66,39	 -15,6	  -8,6	  -1,2	  -0,6	  -5,6	 -12,2
s	    57,9141	 3	124,72	 52,14	  20,5	  23,6	  14,4	  15,7	  19,1	  16,5
s	    71,4163	 3	166,96	 53,93	  21,2	  23,3	  16,9	  17,7	  12,7	  19,2
s	    76,6651	 3	 90,00	 19,26	  21,7	  22,1	  -4,7	  -5,0	   6,5	   7,0
s	    79,7173	 2	 98,99	 88,68	  22,8	  23,3	  14,9	  13,2	   6,9	  13,0
s	    82,2387	 3	206,48	 91,66	  21,9	  22,1	  13,2	  10,8	   4,1	   9,8
s	    86,8532	 3	 99,83	 88,64	  21,6	  16,9	  -5,4	  -5,7	 -11,2	   8,0
s	    87,1462	 3	 99,00	 88,64	  21,6	  16,9	  -5,4	  -5,8	 -11,2	   8,0
s	    95,6565	 3	 52,69	 89,00	  21,0	  16,2	  -6,2	  -7,9	 -14,2	   5,0
#END
