#HEADER
CATT-Acoustic v8.0b    Copyright © CATT 1988-2003

 Project                : Auditorio

 GEOMETRICAL INFORMATION
 Src id and loc     [m] :   A1          -9,000        0,000        0,000
 Rec id and loc     [m] :   41          -1,050        7,000       -0,350

 41       30,8698

 VARIABLE SOURCE DATA
 Directivity
   Type (library)       :  OMNI.SD0
   Dir. Index (DI) [dB] :       0,0      0,0      0,0      0,0      0,0      0,0
 Level
   On axis 1m      [dB] :      58,0     64,0     70,3     70,7     65,9     59,9
   Total power     [dB] :      68,9     74,9     81,2     81,6     76,8     70,8
   Auxiliary delay [ms] :       0,0

 VARIABLE AIR DATA
 Temperature       [°C] :      20
 Relative humidity  [%] :      50
 Density        [kg/m³] :       1,2
 Sound speed      [m/s] :     343
 Impedance      [Ns/m³] :     412
 Diss. coeff. [0.001/m] :      0,10     0,30     0,63     1,07     2,28     6,83      (estimated)

#DATAFIELDS
 TYPE DELAY ORDER AZIMUTH ELEVATION SPL125 SPL250 SPL500 SPL1K SPL2K SPL4K
#DATA
d	     0,0000	 0	 90,00	 90,00	  37,5	  43,5	  49,8	  50,1	  45,3	  39,1
*	     0,1052	 1	 91,21	100,65	  -1,4	   4,5	  10,4	  12,8	   8,5	   1,7
s	     0,2821	 1	 90,00	 99,84	  35,6	  41,3	  46,9	  45,3	  39,1	  32,7
*	     0,2877	 1	 91,41	100,12	  -3,5	   2,4	   8,3	  10,7	   6,4	  -0,4
*	     0,3255	 1	 98,89	 99,55	  -4,0	   1,9	   7,8	  10,1	   5,9	  -0,9
*	     0,4319	 1	 76,71	101,41	  -2,2	   3,7	   9,6	  11,9	   7,6	   0,9
*	     0,6012	 1	121,23	 96,97	  -2,7	   3,3	   9,2	  11,5	   7,2	   0,4
*	    30,2535	 1	113,79	 94,75	 -16,3	  -9,3	  -2,0	  -1,4	  -6,2	 -12,6
*	    22,6319	 1	111,16	 95,08	 -12,2	  -5,1	   2,2	   2,8	  -2,0	  -8,3
*	    23,7760	 1	105,89	 94,96	 -12,0	  -5,0	   2,4	   3,0	  -1,8	  -8,2
*	    15,3268	 1	107,97	 95,46	  -7,2	  -0,2	   7,2	   7,8	   2,9	  -3,3
*	    16,3375	 1	102,39	 95,28	  -6,5	   0,5	   7,9	   8,5	   3,7	  -2,6
*	     8,6676	 1	104,04	 95,90	  -1,6	   5,4	  12,8	  13,4	   8,6	   2,3
*	     9,3051	 1	 98,17	 95,64	   0,8	   7,8	  15,2	  15,8	  11,0	   4,7
*	    12,6921	 1	 93,17	 95,36	  -1,3	   5,7	  13,1	  13,7	   8,8	   2,6
*	     3,5091	 1	 99,14	 96,43	   3,1	  10,2	  17,5	  18,1	  13,3	   7,1
*	     3,5666	 1	 93,10	 96,03	   9,2	  16,2	  23,6	  24,2	  19,4	  13,2
*	     7,5444	 1	 88,11	 95,65	   5,2	  12,2	  19,6	  20,2	  15,4	   9,1
*	     1,0443	 1	 92,96	 97,01	   3,5	  10,5	  17,9	  18,5	  13,7	   7,5
*	     1,7896	 1	 86,95	 96,44	   7,3	  14,4	  21,7	  22,4	  17,5	  11,3
*	     5,8830	 1	 82,19	 95,93	   4,0	  11,0	  18,4	  19,0	  14,2	   7,9
*	     0,9306	 1	 85,15	 97,64	   0,9	   7,9	  15,3	  15,9	  11,1	   4,9
*	     2,8193	 1	 79,54	 96,83	   1,3	   8,3	  15,7	  16,3	  11,5	   5,3
*	     2,1834	 1	 75,38	 98,21	  -1,8	   5,3	  12,6	  13,2	   8,4	   2,2
*	     4,8570	 1	 70,81	 97,15	  -2,9	   4,2	  11,5	  12,1	   7,3	   1,1
*	     4,4713	 1	 63,61	 98,59	  -4,1	   3,0	  10,3	  10,9	   6,1	  -0,1
*	     7,6622	 1	 60,84	 97,31	  -6,0	   1,1	   8,4	   9,0	   4,2	  -2,0
*	     7,7865	 1	 50,42	 98,60	  -6,4	   0,7	   8,0	   8,6	   3,8	  -2,4
*	     0,9634	 1	114,50	 97,54	  -5,8	   0,1	   6,0	   8,3	   4,1	  -2,7
*	     1,1517	 1	 69,23	101,53	  -2,9	   3,0	   8,9	  11,2	   7,0	   0,2
s	     2,3987	 1	190,76	 87,89	  35,1	  40,7	  46,4	  44,8	  38,6	  32,1
*	     3,0040	 1	163,81	103,43	  14,8	  20,7	  26,6	  28,9	  24,7	  17,9
*	     2,4581	 1	134,69	 94,10	 -10,6	  -4,7	   1,2	   3,6	  -0,7	  -7,5
*	     2,5550	 1	157,51	107,23	   2,8	   8,8	  14,7	  17,0	  12,7	   5,9
*	     3,0168	 1	157,99	120,28	  12,5	  18,4	  24,3	  26,6	  22,4	  15,6
*	     4,3651	 1	151,43	 91,64	   7,6	  13,6	  19,4	  21,8	  17,5	  10,7
*	     5,3820	 1	148,69	 91,56	   4,9	  10,9	  16,8	  19,1	  14,8	   8,0
*	     6,5235	 1	146,91	 91,50	   2,8	   8,7	  14,6	  16,9	  12,7	   5,8
*	     7,7934	 1	145,68	 91,47	   1,0	   6,9	  12,8	  15,1	  10,9	   4,0
*	     9,1979	 1	144,75	 91,44	  -0,6	   5,4	  11,2	  13,6	   9,3	   2,4
*	    10,7435	 1	144,05	 91,42	  -2,0	   3,9	   9,8	  12,2	   7,9	   1,0
*	    12,4355	 1	143,48	 91,40	  -3,3	   2,6	   8,5	  10,9	   6,6	  -0,3
*	    14,2772	 1	143,02	 91,39	  -4,5	   1,4	   7,3	   9,6	   5,3	  -1,6
*	    16,2696	 1	142,65	 91,38	  -5,7	   0,2	   6,1	   8,4	   4,1	  -2,8
*	    18,4113	 1	142,34	 91,36	  -6,9	  -1,0	   4,9	   7,2	   2,9	  -4,0
*	    20,6981	 1	142,06	 91,36	  -8,1	  -2,2	   3,7	   6,0	   1,7	  -5,2
*	    23,1239	 1	141,83	 91,35	  -9,3	  -3,4	   2,5	   4,8	   0,5	  -6,4
*	    25,6806	 1	141,62	 91,35	 -10,5	  -4,6	   1,3	   3,6	  -0,7	  -7,6
*	    28,3591	 1	141,44	 91,34	 -11,6	  -5,7	   0,1	   2,5	  -1,8	  -8,8
*	    31,1496	 1	141,28	 91,33	 -12,8	  -6,9	  -1,0	   1,3	  -3,0	 -10,0
s	     5,3032	 1	 81,07	 90,25	  34,3	  35,1	  27,4	  27,8	  22,9	  29,9
*	    23,0228	 1	 83,55	 63,48	   1,0	   1,8	  -6,0	  -5,6	 -10,5	  -3,6
*	    21,6839	 1	 78,74	 61,70	   1,2	   2,0	  -5,7	  -5,3	 -10,2	  -3,4
*	    18,1014	 1	 83,53	 68,49	   4,4	   5,2	  -2,5	  -2,1	  -7,0	  -0,1
*	    16,8217	 1	 78,70	 66,93	   4,5	   5,3	  -2,4	  -2,1	  -7,0	  -0,1
*	    13,5546	 1	 83,50	 73,91	   8,5	   9,3	   1,6	   2,0	  -2,9	   4,0
*	    12,4264	 1	 78,66	 72,64	   8,1	   8,9	   1,2	   1,6	  -3,3	   3,6
*	     9,5289	 1	 83,48	 79,68	  13,6	  14,3	   6,6	   7,0	   2,1	   9,1
*	     8,7140	 1	 78,61	 78,77	  12,2	  12,9	   5,2	   5,6	   0,7	   7,7
*	     6,4583	 1	 83,46	 85,72	  19,4	  20,2	  12,5	  12,8	   8,0	  14,9
*	     6,1534	 1	 78,57	 85,23	  15,8	  16,6	   8,9	   9,2	   4,4	  11,4
*	     5,6831	 1	 83,43	 91,88	  21,2	  22,0	  14,3	  14,7	   9,8	  16,8
*	     5,5500	 1	 78,53	 91,85	  16,7	  17,5	   9,8	  10,2	   5,3	  12,3
*	    26,6971	 1	 77,54	 56,51	  -1,7	  -0,9	  -8,6	  -8,3	 -13,2	  -6,3
*	    27,8504	 1	 82,50	 58,45	  -1,9	  -1,1	  -8,9	  -8,5	 -13,4	  -6,6
*	    32,1813	 1	 77,59	 52,26	  -4,4	  -3,6	 -11,3	 -10,9	 -15,9	  -9,1
*	    33,3316	 1	 82,52	 54,28	  -4,6	  -3,9	 -11,6	 -11,2	 -16,1	  -9,3
*	     7,6082	 1	 64,89	 96,91	   9,6	  10,4	   2,7	   3,1	  -1,8	   5,2
*	     6,9515	 1	 70,75	 96,52	  11,6	  12,4	   4,7	   5,1	   0,2	   7,2
*	     7,1589	 1	 65,01	 88,71	  10,0	  10,8	   3,1	   3,5	  -1,4	   5,6
*	     6,3987	 1	 70,83	 89,05	  12,2	  13,0	   5,3	   5,7	   0,8	   7,8
*	     8,1048	 1	 65,12	 80,64	   9,3	  10,1	   2,4	   2,8	  -2,1	   4,8
*	     7,4530	 1	 70,91	 81,66	  11,2	  12,0	   4,3	   4,7	  -0,2	   6,8
*	    10,3309	 1	 65,23	 72,98	   7,7	   8,4	   0,7	   1,1	  -3,8	   3,2
*	     9,9168	 1	 70,99	 74,60	   9,1	   9,8	   2,1	   2,5	  -2,4	   4,6
*	    13,6057	 1	 65,35	 65,97	   5,5	   6,2	  -1,5	  -1,1	  -6,0	   0,9
*	    13,4380	 1	 71,07	 68,03	   6,3	   7,1	  -0,6	  -0,2	  -5,1	   1,8
*	    17,6868	 1	 65,46	 59,69	   3,0	   3,8	  -3,9	  -3,6	  -8,5	  -1,6
*	    17,7149	 1	 71,15	 62,06	   3,5	   4,3	  -3,4	  -3,1	  -8,0	  -1,1
*	    22,3736	 1	 65,57	 54,16	   0,4	   1,2	  -6,5	  -6,1	 -11,0	  -4,2
*	    22,5387	 1	 71,23	 56,74	   0,7	   1,5	  -6,2	  -5,8	 -10,7	  -3,9
*	    32,2863	 1	 72,51	 49,30	  -3,9	  -3,2	 -10,9	 -10,5	 -15,4	  -8,6
*	    31,8378	 1	 67,14	 46,61	  -3,9	  -3,2	 -10,9	 -10,5	 -15,4	  -8,6
*	    26,7955	 1	 72,44	 53,55	  -1,4	  -0,6	  -8,3	  -8,0	 -12,9	  -6,0
*	    26,3992	 1	 67,04	 50,91	  -1,5	  -0,7	  -8,4	  -8,1	 -13,0	  -6,1
*	     7,6926	 1	169,91	 87,86	   9,6	  15,5	  21,4	  23,7	  19,5	  12,6
*	     8,5843	 1	164,03	 88,48	   7,5	  13,4	  19,3	  21,6	  17,3	  10,5
*	     9,6546	 1	159,92	 88,92	   5,6	  11,5	  17,4	  19,7	  15,4	   8,6
*	    10,8824	 1	156,91	 89,24	   4,0	   9,9	  15,8	  18,1	  13,8	   6,9
*	    12,2591	 1	154,63	 89,49	   2,5	   8,4	  14,3	  16,6	  12,3	   5,5
*	    13,7816	 1	152,85	 89,69	   1,1	   7,0	  12,9	  15,3	  11,0	   4,1
*	    15,4490	 1	151,42	 89,85	  -0,1	   5,8	  11,7	  14,0	   9,7	   2,8
*	    17,2605	 1	150,24	 89,98	  -1,3	   4,6	  10,5	  12,8	   8,5	   1,6
*	    19,2148	 1	149,26	 90,09	  -2,5	   3,4	   9,3	  11,6	   7,3	   0,4
*	    21,3092	 1	148,44	 90,18	  -3,6	   2,3	   8,2	  10,5	   6,2	  -0,7
*	    23,5397	 1	147,73	 90,25	  -4,8	   1,1	   7,0	   9,4	   5,0	  -1,9
*	    25,9007	 1	147,11	 90,32	  -5,9	   0,0	   5,9	   8,2	   3,9	  -3,0
*	    28,3855	 1	146,57	 90,38	  -7,0	  -1,1	   4,8	   7,1	   2,8	  -4,2
*	    30,9866	 1	146,11	 90,44	  -8,1	  -2,2	   3,7	   6,0	   1,7	  -5,3
*	    33,6958	 1	145,68	 90,48	  -9,2	  -3,3	   2,6	   4,9	   0,6	  -6,4
*	     8,9784	 1	 49,84	 98,08	   8,7	   9,5	   1,8	   2,2	  -2,7	   4,2
*	     8,3086	 1	 57,17	 97,49	   9,3	  10,1	   2,4	   2,7	  -2,1	   4,8
*	     8,6368	 1	 50,07	 87,60	   8,9	   9,7	   2,0	   2,4	  -2,5	   4,5
*	     7,9315	 1	 57,34	 88,17	   9,6	  10,3	   2,6	   3,0	  -1,9	   5,1
*	     9,5307	 1	 50,29	 77,38	   8,3	   9,1	   1,4	   1,8	  -3,1	   3,9
*	     8,8267	 1	 57,50	 79,02	   9,0	   9,7	   2,0	   2,4	  -2,5	   4,5
*	    11,5811	 1	 50,51	 67,99	   7,1	   7,8	   0,1	   0,5	  -4,4	   2,6
*	    10,9121	 1	 57,66	 70,48	   7,6	   8,4	   0,7	   1,1	  -3,8	   3,1
*	    14,6316	 1	 50,72	 59,75	   5,2	   6,0	  -1,7	  -1,3	  -6,2	   0,7
*	    14,0184	 1	 57,83	 62,81	   5,7	   6,5	  -1,2	  -0,8	  -5,7	   1,2
*	    18,4971	 1	 50,94	 52,76	   3,1	   3,9	  -3,8	  -3,4	  -8,3	  -1,4
*	    17,9467	 1	 57,99	 56,12	   3,5	   4,3	  -3,4	  -3,1	  -8,0	  -1,1
*	    23,0028	 1	 51,15	 46,90	   0,8	   1,6	  -6,1	  -5,7	 -10,6	  -3,8
*	    22,5132	 1	 58,15	 50,39	   1,1	   1,9	  -5,8	  -5,4	 -10,3	  -3,5
*	    31,8212	 1	 59,82	 42,97	  -3,1	  -2,3	 -10,0	  -9,6	 -14,5	  -7,8
*	    32,0793	 1	 53,28	 39,54	  -3,2	  -2,4	 -10,2	  -9,8	 -14,7	  -7,9
*	    26,4571	 1	 59,68	 47,28	  -0,7	   0,1	  -7,6	  -7,3	 -12,2	  -5,3
*	    26,7602	 1	 53,08	 43,79	  -0,9	  -0,1	  -7,9	  -7,5	 -12,4	  -5,6
s	     7,9653	 2	198,61	 87,89	  33,0	  33,5	  25,2	  25,0	  19,7	  26,2
*	    27,9538	 1	 93,80	 66,56	  -0,2	   0,6	  -7,1	  -6,7	 -11,6	  -4,8
*	    25,3557	 1	 89,33	 65,28	   1,0	   1,8	  -5,9	  -5,6	 -10,5	  -3,6
*	    23,3816	 1	 93,81	 71,15	   2,9	   3,6	  -4,1	  -3,7	  -8,6	  -1,8
*	    20,5408	 1	 89,32	 70,05	   4,4	   5,1	  -2,6	  -2,2	  -7,1	  -0,2
*	    19,2622	 1	 93,82	 76,04	   6,2	   7,0	  -0,7	  -0,3	  -5,2	   1,7
*	    16,0969	 1	 89,32	 75,16	   8,3	   9,1	   1,4	   1,8	  -3,1	   3,8
*	    15,8050	 1	 93,83	 81,16	   9,9	  10,7	   3,0	   3,3	  -1,5	   5,4
*	    12,1735	 1	 89,32	 80,56	  13,2	  14,0	   6,3	   6,7	   1,8	   8,7
*	    13,4540	 1	 93,84	 86,48	  13,1	  13,9	   6,2	   6,6	   1,7	   8,6
*	     9,2116	 1	 89,32	 86,17	  18,7	  19,5	  11,8	  12,2	   7,3	  14,2
*	    12,9158	 1	 93,86	 91,89	  13,9	  14,6	   6,9	   7,3	   2,4	   9,4
*	     8,4775	 1	 89,32	 91,89	  20,4	  21,1	  13,4	  13,8	   8,9	  15,9
*	    33,6680	 1	 93,78	 61,66	  -3,3	  -2,5	 -10,2	  -9,9	 -14,8	  -8,0
*	    31,2927	 1	 89,33	 60,22	  -2,4	  -1,6	  -9,3	  -8,9	 -13,9	  -7,1
*	    10,1174	 1	 29,11	 93,29	  10,2	  11,0	   3,3	   3,6	  -1,2	   5,7
*	     9,3711	 1	 39,58	 93,26	   9,8	  10,6	   2,9	   3,3	  -1,6	   5,3
*	    10,4291	 1	 29,52	 79,08	   9,9	  10,7	   3,0	   3,4	  -1,5	   5,4
*	     9,6465	 1	 39,90	 80,93	   9,6	  10,4	   2,7	   3,0	  -1,8	   5,1
*	    12,0090	 1	 29,93	 66,19	   8,7	   9,5	   1,8	   2,2	  -2,7	   4,2
*	    11,1462	 1	 40,21	 69,49	   8,6	   9,3	   1,6	   2,0	  -2,9	   4,1
*	    14,6771	 1	 30,34	 55,49	   6,9	   7,7	  -0,0	   0,3	  -4,6	   2,4
*	    13,7290	 1	 40,52	 59,60	   6,9	   7,7	  -0,0	   0,3	  -4,5	   2,4
*	    18,2150	 1	 30,74	 47,02	   4,7	   5,5	  -2,2	  -1,9	  -6,8	   0,1
*	    17,2053	 1	 40,83	 51,44	   4,9	   5,6	  -2,1	  -1,7	  -6,6	   0,3
*	    22,4278	 1	 31,14	 40,42	   2,4	   3,1	  -4,6	  -4,2	  -9,1	  -2,2
*	    21,3891	 1	 41,13	 44,84	   2,6	   3,4	  -4,3	  -3,9	  -8,8	  -2,0
*	    27,1616	 1	 31,54	 35,27	   0,0	   0,8	  -6,9	  -6,5	 -11,5	  -4,6
*	    26,1223	 1	 41,43	 39,52	   0,3	   1,1	  -6,6	  -6,3	 -11,2	  -4,3
*	    38,4341	 1	 44,10	 31,66	  -4,9	  -4,1	 -11,8	 -11,4	 -16,4	  -9,6
*	    32,8541	 1	 43,82	 35,02	  -2,7	  -1,9	  -9,6	  -9,2	 -14,2	  -7,4
*	    33,7167	 1	 34,74	 30,98	  -2,9	  -2,1	  -9,8	  -9,5	 -14,4	  -7,6
*	    27,5794	 1	 43,55	 39,11	  -0,4	   0,4	  -7,3	  -7,0	 -11,9	  -5,0
*	    28,4606	 1	 34,37	 34,84	  -0,6	   0,1	  -7,6	  -7,2	 -12,1	  -5,3
*	    10,0386	 1	 17,72	 98,26	   2,2	  11,3	  18,8	  22,5	  17,1	  10,4
*	     9,8670	 1	 18,11	 85,75	   2,3	  11,4	  18,9	  22,6	  17,2	  10,5
*	    10,4362	 1	 18,51	 73,68	   1,7	  10,8	  18,3	  22,1	  16,6	   9,9
*	    11,6853	 1	 18,90	 62,96	   0,6	   9,7	  17,2	  20,9	  15,5	   8,8
*	    13,5132	 1	 19,29	 53,99	  -0,9	   8,2	  15,7	  19,4	  14,0	   7,3
*	    15,8147	 1	 19,68	 46,70	  -2,6	   6,5	  14,0	  17,7	  12,3	   5,5
*	    18,4994	 1	 20,06	 40,85	  -4,4	   4,7	  12,2	  15,9	  10,5	   3,7
*	    21,4960	 1	 20,45	 36,13	  -6,2	   2,9	  10,4	  14,1	   8,7	   1,9
*	    24,7492	 1	 20,83	 32,30	  -8,0	   1,1	   8,6	  12,3	   6,9	   0,1
*	    28,2157	 1	 21,21	 29,15	  -9,7	  -0,6	   6,9	  10,6	   5,1	  -1,7
*	    31,8614	 1	 21,59	 26,53	 -11,4	  -2,3	   5,2	   8,9	   3,4	  -3,4
*	    35,6588	 1	 21,97	 24,33	 -13,0	  -3,9	   3,5	   7,3	   1,8	  -5,1
*	    39,5856	 1	 22,34	 22,46	 -14,6	  -5,5	   2,0	   5,7	   0,2	  -6,7
*	    43,6231	 1	 22,71	 20,85	 -16,1	  -7,0	   0,5	   4,2	  -1,3	  -8,2
*	    11,0538	 1	  3,46	 96,33	   3,9	  13,0	  20,5	  24,3	  18,8	  12,1
*	    11,0241	 1	  3,93	 82,17	   3,9	  13,0	  20,5	  24,2	  18,8	  12,1
*	    11,7772	 1	  4,40	 68,93	   3,1	  12,2	  19,6	  23,4	  18,0	  11,2
*	    13,2175	 1	  4,87	 57,68	   1,6	  10,7	  18,2	  22,0	  16,5	   9,8
*	    15,2142	 1	  5,34	 48,66	  -0,1	   9,0	  16,5	  20,2	  14,8	   8,0
*	    17,6490	 1	  5,80	 41,58	  -2,0	   7,1	  14,6	  18,3	  12,9	   6,1
*	    20,4307	 1	  6,27	 36,07	  -3,9	   5,2	  12,7	  16,4	  11,0	   4,2
*	    23,4923	 1	  6,73	 31,71	  -5,8	   3,3	  10,8	  14,5	   9,1	   2,3
*	    26,7847	 1	  7,20	 28,21	  -7,6	   1,5	   9,0	  12,7	   7,3	   0,5
*	    30,2705	 1	  7,66	 25,37	  -9,3	  -0,2	   7,3	  11,0	   5,5	  -1,3
*	    33,9203	 1	  8,12	 23,02	 -11,0	  -1,9	   5,6	   9,3	   3,8	  -3,0
*	    37,7108	 1	  8,58	 21,07	 -12,6	  -3,5	   4,0	   7,7	   2,2	  -4,7
*	    41,6225	 1	  9,04	 19,40	 -14,1	  -5,0	   2,4	   6,2	   0,7	  -6,3
*	    45,6395	 1	  9,50	 17,99	 -15,6	  -6,5	   0,9	   4,7	  -0,8	  -7,8
*	    11,6862	 1	183,16	 85,25	   8,7	  14,6	  20,5	  22,8	  18,6	  11,7
*	    12,3898	 1	176,18	 86,09	   7,2	  13,1	  19,0	  21,3	  17,0	  10,2
*	    13,2220	 1	346,97	 93,40	   4,4	  13,5	  21,0	  24,7	  19,3	  12,6
*	    13,3404	 1	347,45	 78,88	   4,2	  13,3	  20,8	  24,6	  19,1	  12,4
*	    14,2316	 1	347,92	 65,61	   3,2	  12,3	  19,8	  23,6	  18,1	  11,4
*	    15,7815	 1	348,39	 54,58	   1,7	  10,8	  18,3	  22,0	  16,6	   9,8
*	    17,8538	 1	348,87	 45,88	  -0,1	   9,0	  16,4	  20,2	  14,7	   8,0
*	    20,3325	 1	349,35	 39,12	  -2,0	   7,1	  14,5	  18,3	  12,8	   6,1
*	    23,1324	 1	349,83	 33,87	  -3,9	   5,2	  12,7	  16,4	  10,9	   4,1
*	    26,1923	 1	350,31	 29,74	  -5,8	   3,3	  10,8	  14,6	   9,1	   2,3
*	    29,4679	 1	350,80	 26,43	  -7,5	   1,6	   9,0	  12,8	   7,3	   0,5
*	    32,9258	 1	351,28	 23,73	  -9,2	  -0,1	   7,3	  11,1	   5,6	  -1,3
*	    36,5399	 1	351,77	 21,52	 -10,9	  -1,8	   5,7	   9,5	   4,0	  -2,9
*	    40,2893	 1	352,26	 19,66	 -12,4	  -3,3	   4,2	   7,9	   2,4	  -4,5
*	    44,1564	 1	352,74	 18,08	 -13,9	  -4,8	   2,7	   6,4	   0,9	  -6,0
*	    48,1268	 1	353,23	 16,73	 -15,3	  -6,2	   1,2	   5,0	  -0,5	  -7,5
s	    13,5676	 2	250,13	 86,91	  31,8	  32,4	  24,1	  23,8	  18,5	  25,0
*	    14,1571	 1	331,42	 90,45	   5,0	  14,1	  21,6	  25,3	  19,9	  13,1
*	    14,4365	 1	331,88	 74,94	   4,6	  13,7	  21,2	  24,9	  19,5	  12,7
*	    15,5020	 1	332,35	 61,26	   3,3	  12,4	  19,9	  23,6	  18,2	  11,4
*	    17,2084	 1	332,81	 50,30	   1,5	  10,6	  18,1	  21,9	  16,4	   9,7
*	    19,4052	 1	333,29	 41,91	  -0,4	   8,7	  16,2	  19,9	  14,5	   7,7
*	    21,9763	 1	333,76	 35,52	  -2,4	   6,7	  14,2	  17,9	  12,5	   5,7
*	    24,8410	 1	334,24	 30,63	  -4,4	   4,7	  12,2	  16,0	  10,5	   3,7
*	    27,9442	 1	334,73	 26,79	  -6,2	   2,9	  10,4	  14,1	   8,6	   1,8
*	    31,2463	 1	335,22	 23,74	  -8,0	   1,1	   8,6	  12,3	   6,9	   0,0
*	    34,7180	 1	335,71	 21,27	  -9,7	  -0,6	   6,9	  10,6	   5,2	  -1,7
*	    38,3362	 1	336,20	 19,24	 -11,3	  -2,2	   5,3	   9,0	   3,5	  -3,4
*	    42,0824	 1	336,71	 17,53	 -12,8	  -3,7	   3,8	   7,5	   2,0	  -4,9
*	    45,9410	 1	337,21	 16,09	 -14,3	  -5,2	   2,3	   6,0	   0,5	  -6,4
*	    28,3988	 1	339,38	 27,23	   2,4	   3,2	  -4,5	  -4,1	  -9,0	  -2,2
*	    24,0342	 1	338,70	 32,81	   5,0	   5,8	  -1,9	  -1,5	  -6,4	   0,4
*	    20,1835	 1	338,03	 40,70	   7,8	   8,5	   0,8	   1,2	  -3,7	   3,2
*	    17,0364	 1	337,37	 52,12	  10,5	  11,2	   3,5	   3,9	  -1,0	   5,9
*	    14,8990	 1	336,71	 68,36	  12,7	  13,5	   5,7	   6,1	   1,2	   8,1
*	    14,1662	 1	336,05	 88,91	  13,6	  14,4	   6,7	   7,0	   2,2	   9,1
*	    44,3499	 1	341,55	 17,39	  -4,7	  -3,9	 -11,7	 -11,3	 -16,3	  -9,5
*	    38,9783	 1	340,86	 19,70	  -2,6	  -1,8	  -9,5	  -9,2	 -14,1	  -7,4
*	    33,8600	 1	340,16	 22,67	  -0,3	   0,4	  -7,3	  -6,9	 -11,8	  -5,0
s	    14,4584	 2	  1,01	 88,74	  29,9	  29,5	  21,5	  22,5	  17,6	  24,7
*	    15,5854	 1	314,18	 87,18	   4,7	  13,8	  21,3	  25,0	  19,6	  12,8
*	    16,0182	 1	314,56	 71,54	   4,1	  13,2	  20,7	  24,4	  19,0	  12,2
*	    17,2179	 1	314,94	 58,11	   2,7	  11,8	  19,2	  23,0	  17,6	  10,8
*	    19,0263	 1	315,32	 47,56	   0,8	   9,9	  17,4	  21,1	  15,7	   8,9
*	    21,2937	 1	315,71	 39,56	  -1,2	   7,9	  15,4	  19,1	  13,7	   6,9
*	    23,9102	 1	316,11	 33,51	  -3,2	   5,9	  13,4	  17,1	  11,7	   4,9
*	    26,8017	 1	316,51	 28,86	  -5,1	   4,0	  11,5	  15,2	   9,7	   2,9
*	    29,9174	 1	316,92	 25,22	  -7,0	   2,1	   9,6	  13,4	   7,9	   1,0
*	    33,2216	 1	317,33	 22,33	  -8,7	   0,4	   7,9	  11,6	   6,1	  -0,7
*	    36,6874	 1	317,75	 19,97	 -10,4	  -1,3	   6,2	   9,9	   4,5	  -2,4
*	    40,2938	 1	318,17	 18,03	 -11,9	  -2,8	   4,6	   8,4	   2,9	  -4,0
*	    44,0238	 1	318,60	 16,41	 -13,4	  -4,3	   3,1	   6,9	   1,4	  -5,6
*	    47,8631	 1	319,03	 15,03	 -14,9	  -5,8	   1,7	   5,4	  -0,1	  -7,0
*	    18,2135	 1	 98,29	 95,14	  10,3	  11,1	   3,4	   3,8	  -1,1	   5,8
*	    22,8612	 1	102,68	 94,97	   6,5	   7,2	  -0,5	  -0,1	  -5,0	   1,8
*	    17,6372	 1	 98,26	 89,98	  11,1	  11,8	   4,1	   4,5	  -0,4	   6,5
*	    22,4112	 1	102,65	 90,04	   6,9	   7,7	  -0,0	   0,3	  -4,6	   2,3
*	    18,6265	 1	 98,24	 84,85	  10,0	  10,8	   3,1	   3,5	  -1,4	   5,5
*	    23,2238	 1	102,61	 85,12	   6,2	   7,0	  -0,7	  -0,3	  -5,2	   1,6
*	    20,9527	 1	 98,21	 79,84	   7,8	   8,6	   0,9	   1,2	  -3,7	   3,2
*	    25,1845	 1	102,58	 80,31	   4,7	   5,5	  -2,2	  -1,8	  -6,7	   0,1
*	    24,2333	 1	 98,19	 75,01	   5,1	   5,9	  -1,8	  -1,5	  -6,3	   0,5
*	    28,0662	 1	102,54	 75,66	   2,8	   3,5	  -4,2	  -3,8	  -8,7	  -1,9
*	    28,1753	 1	 98,16	 70,40	   2,4	   3,2	  -4,5	  -4,1	  -9,0	  -2,2
*	    31,6488	 1	102,51	 71,21	   0,6	   1,4	  -6,3	  -6,0	 -10,9	  -4,1
*	    32,5978	 1	 98,14	 66,07	  -0,1	   0,7	  -7,0	  -6,7	 -11,6	  -4,8
*	    35,7654	 1	102,47	 67,02	  -1,5	  -0,8	  -8,5	  -8,1	 -13,1	  -6,3
*	    41,9779	 1	 99,14	 59,31	  -4,5	  -3,7	 -11,4	 -11,1	 -16,0	  -9,3
*	    40,1106	 1	103,42	 64,13	  -3,5	  -2,8	 -10,5	 -10,1	 -15,1	  -8,3
*	    36,9975	 1	 99,17	 63,09	  -2,2	  -1,5	  -9,2	  -8,8	 -13,8	  -7,0
*	    17,9224	 1	297,82	 84,28	   3,2	  12,3	  19,8	  23,5	  18,1	  11,3
*	    18,4664	 1	298,06	 69,81	   2,5	  11,6	  19,1	  22,9	  17,4	  10,7
*	    19,7200	 1	298,30	 57,39	   1,2	  10,3	  17,7	  21,5	  16,0	   9,3
*	    21,5415	 1	298,54	 47,50	  -0,6	   8,5	  16,0	  19,7	  14,3	   7,5
*	    23,7988	 1	298,79	 39,88	  -2,5	   6,6	  14,1	  17,9	  12,4	   5,6
*	    26,3932	 1	299,04	 34,01	  -4,4	   4,7	  12,2	  16,0	  10,5	   3,7
*	    29,2558	 1	299,29	 29,44	  -6,2	   2,9	  10,4	  14,1	   8,7	   1,8
*	    32,3387	 1	299,55	 25,83	  -7,9	   1,2	   8,6	  12,4	   6,9	   0,0
*	    35,6076	 1	299,82	 22,92	  -9,6	  -0,5	   7,0	  10,7	   5,2	  -1,7
*	    39,0366	 1	300,09	 20,54	 -11,2	  -2,1	   5,4	   9,1	   3,6	  -3,3
*	    42,6051	 1	300,36	 18,56	 -12,7	  -3,6	   3,9	   7,6	   2,1	  -4,8
*	    46,2967	 1	300,63	 16,90	 -14,2	  -5,1	   2,4	   6,1	   0,6	  -6,3
*	    50,0975	 1	300,92	 15,48	 -15,6	  -6,5	   1,0	   4,7	  -0,8	  -7,8
*	    20,7263	 1	283,51	 82,16	   1,1	  10,2	  17,7	  21,4	  16,0	   9,2
*	    21,3435	 1	283,62	 69,26	   0,4	   9,5	  17,0	  20,7	  15,3	   8,5
*	    22,6041	 1	283,72	 58,06	  -0,8	   8,3	  15,7	  19,5	  14,0	   7,2
*	    24,3927	 1	283,83	 48,91	  -2,4	   6,7	  14,2	  17,9	  12,5	   5,7
*	    26,5989	 1	283,94	 41,65	  -4,1	   5,0	  12,5	  16,2	  10,8	   3,9
*	    29,1362	 1	284,06	 35,92	  -5,8	   3,3	  10,8	  14,5	   9,0	   2,2
*	    31,9409	 1	284,17	 31,36	  -7,5	   1,6	   9,1	  12,8	   7,3	   0,5
*	    34,9672	 1	284,29	 27,68	  -9,2	  -0,1	   7,4	  11,2	   5,7	  -1,2
*	    38,1812	 1	284,41	 24,69	 -10,7	  -1,6	   5,8	   9,6	   4,1	  -2,8
*	    41,5571	 1	284,53	 22,22	 -12,2	  -3,2	   4,3	   8,1	   2,6	  -4,4
*	    45,0744	 1	284,65	 20,14	 -13,7	  -4,6	   2,9	   6,6	   1,1	  -5,8
*	    48,7164	 1	284,77	 18,38	 -15,1	  -6,0	   1,5	   5,2	  -0,3	  -7,3
*	    52,4691	 1	284,90	 16,88	 -16,4	  -7,3	   0,1	   3,9	  -1,6	  -8,6
*	    20,8004	 1	198,70	 82,57	   5,3	  11,3	  17,1	  19,5	  15,2	   8,2
*	    23,6837	 1	274,95	 80,71	  -1,0	   8,1	  15,5	  19,3	  13,8	   7,0
*	    24,3495	 1	274,99	 69,34	  -1,7	   7,4	  14,9	  18,6	  13,2	   6,4
*	    25,5976	 1	275,02	 59,32	  -2,8	   6,3	  13,8	  17,6	  12,1	   5,3
*	    27,3368	 1	275,06	 50,90	  -4,1	   5,0	  12,5	  16,2	  10,7	   3,9
*	    29,4770	 1	275,10	 44,01	  -5,6	   3,5	  10,9	  14,7	   9,2	   2,4
*	    31,9433	 1	275,13	 38,42	  -7,2	   1,9	   9,4	  13,1	   7,7	   0,8
*	    34,6779	 1	275,17	 33,87	  -8,7	   0,4	   7,8	  11,6	   6,1	  -0,8
*	    37,6371	 1	275,21	 30,13	 -10,3	  -1,2	   6,3	  10,0	   4,6	  -2,3
*	    40,7876	 1	275,25	 27,05	 -11,7	  -2,6	   4,8	   8,6	   3,1	  -3,8
*	    44,1034	 1	275,29	 24,47	 -13,2	  -4,1	   3,4	   7,1	   1,6	  -5,3
*	    47,5637	 1	275,33	 22,28	 -14,5	  -5,4	   2,0	   5,7	   0,3	  -6,7
*	    51,1516	 1	275,37	 20,41	 -15,9	  -6,8	   0,7	   4,4	  -1,1	  -8,1
*	    54,8529	 1	275,41	 18,80	 -17,2	  -8,1	  -0,6	   3,1	  -2,4	  -9,4
*	    27,7827	 1	263,05	 80,02	  -4,2	   4,9	  12,4	  16,1	  10,6	   3,8
*	    28,4618	 1	263,00	 70,31	  -4,8	   4,3	  11,8	  15,5	  10,1	   3,2
*	    29,6584	 1	262,96	 61,55	  -5,7	   3,4	  10,9	  14,7	   9,2	   2,3
*	    31,3062	 1	262,92	 53,95	  -6,8	   2,3	   9,8	  13,5	   8,1	   1,2
*	    33,3364	 1	262,88	 47,50	  -8,1	   1,0	   8,5	  12,2	   6,8	  -0,1
*	    35,6878	 1	262,83	 42,09	  -9,4	  -0,3	   7,2	  10,9	   5,4	  -1,5
*	    38,3094	 1	262,79	 37,56	 -10,8	  -1,7	   5,8	   9,5	   4,0	  -2,9
*	    41,1607	 1	262,74	 33,76	 -12,1	  -3,1	   4,4	   8,2	   2,7	  -4,3
*	    44,2094	 1	262,70	 30,56	 -13,5	  -4,4	   3,1	   6,8	   1,3	  -5,6
*	    47,4294	 1	262,65	 27,84	 -14,8	  -5,7	   1,8	   5,5	  -0,0	  -7,0
*	    50,7998	 1	262,61	 25,50	 -16,1	  -7,0	   0,5	   4,2	  -1,3	  -8,3
*	    54,3030	 1	262,56	 23,48	 -17,3	  -8,2	  -0,8	   2,9	  -2,6	  -9,6
*	    57,9243	 1	262,51	 21,72	 -18,5	  -9,5	  -2,0	   1,7	  -3,8	 -10,8
s	    28,6424	 3	 13,23	 89,45	  25,1	  28,3	  33,3	  33,1	  26,7	  20,4
*	    43,0697	 1	112,76	 70,25	  -2,0	  -1,3	  -9,0	  -8,6	 -13,6	  -6,8
*	    39,3811	 1	108,64	 69,63	  -0,4	   0,3	  -7,4	  -7,0	 -12,0	  -5,2
*	    39,8293	 1	112,82	 74,26	  -0,6	   0,1	  -7,6	  -7,2	 -12,1	  -5,4
*	    35,8838	 1	108,69	 73,74	   1,2	   2,0	  -5,7	  -5,4	 -10,3	  -3,5
*	    37,1918	 1	112,87	 78,45	   0,6	   1,4	  -6,3	  -6,0	 -10,9	  -4,2
*	    32,9973	 1	108,74	 78,06	   2,7	   3,5	  -4,2	  -3,9	  -8,8	  -2,0
*	    35,2609	 1	112,93	 82,79	   1,5	   2,3	  -5,4	  -5,0	 -10,0	  -3,2
*	    30,8547	 1	108,79	 82,54	   3,9	   4,7	  -3,0	  -2,6	  -7,6	  -0,8
*	    34,1317	 1	112,99	 87,25	   2,1	   2,9	  -4,8	  -4,5	  -9,4	  -2,6
*	    29,5899	 1	108,84	 87,14	   4,7	   5,5	  -2,3	  -1,9	  -6,8	   0,0
*	    33,8691	 1	113,05	 91,75	   2,2	   3,0	  -4,7	  -4,3	  -9,3	  -2,5
*	    29,3001	 1	108,89	 91,80	   4,8	   5,6	  -2,1	  -1,7	  -6,6	   0,2
*	    48,5088	 1	108,54	 61,53	  -4,2	  -3,4	 -11,1	 -10,8	 -15,7	  -9,0
*	    47,4543	 1	112,69	 65,87	  -3,8	  -3,0	 -10,7	 -10,4	 -15,3	  -8,6
*	    44,0507	 1	108,58	 65,14	  -2,4	  -1,7	  -9,4	  -9,0	 -14,0	  -7,3
*	    30,1969	 1	256,06	 79,12	  -6,4	   2,7	  10,2	  14,0	   8,5	   1,6
*	    30,9178	 1	255,98	 70,28	  -6,9	   2,2	   9,7	  13,4	   8,0	   1,1
*	    32,1202	 1	255,91	 62,23	  -7,7	   1,4	   8,9	  12,6	   7,2	   0,3
*	    33,7480	 1	255,83	 55,14	  -8,7	   0,4	   7,9	  11,6	   6,1	  -0,8
*	    35,7427	 1	255,75	 49,03	  -9,9	  -0,8	   6,7	  10,4	   5,0	  -1,9
*	    38,0504	 1	255,67	 43,82	 -11,1	  -2,0	   5,4	   9,2	   3,7	  -3,2
*	    40,6252	 1	255,59	 39,39	 -12,4	  -3,3	   4,2	   7,9	   2,4	  -4,5
*	    43,4291	 1	255,51	 35,64	 -13,7	  -4,6	   2,9	   6,6	   1,1	  -5,8
*	    46,4314	 1	255,43	 32,42	 -14,9	  -5,9	   1,6	   5,3	  -0,1	  -7,1
*	    49,6068	 1	255,35	 29,67	 -16,2	  -7,1	   0,4	   4,1	  -1,4	  -8,4
*	    52,9343	 1	255,27	 27,28	 -17,4	  -8,3	  -0,9	   2,9	  -2,6	  -9,6
*	    56,3967	 1	255,18	 25,21	 -18,6	  -9,5	  -2,1	   1,7	  -3,9	 -10,9
*	    30,5829	 1	206,72	 81,38	   2,0	   8,0	  13,8	  16,2	  11,8	   4,8
s	    33,2369	 1	 90,00	 30,66	  29,0	  32,4	  22,4	  22,8	  26,3	  23,7
*	    54,5351	 1	211,29	 31,24	   5,5	   8,9	  -1,1	  -0,8	   2,7	   0,0
*	    43,5805	 1	192,52	 17,19	   9,0	  12,4	   2,4	   2,8	   6,3	   3,6
*	    36,5011	 1	113,90	 11,44	  11,4	  14,7	   4,8	   5,1	   8,7	   6,0
*	    34,1517	 1	 72,20	 24,86	  12,1	  15,4	   5,5	   5,8	   9,4	   6,8
*	    55,0168	 1	187,16	 37,91	   5,1	   8,5	  -1,5	  -1,2	   2,3	  -0,4
*	    44,0066	 1	164,48	 30,02	   8,6	  11,9	   2,0	   2,3	   5,8	   3,2
*	    36,6023	 1	129,40	 27,98	  11,1	  14,5	   4,5	   4,9	   8,4	   5,8
*	    33,6648	 1	 99,65	 34,22	  12,3	  15,6	   5,7	   6,0	   9,6	   7,0
*	    35,6427	 1	 83,11	 43,29	  11,8	  15,1	   5,1	   5,5	   9,0	   6,4
*	    59,4384	 1	173,12	 46,07	   3,6	   6,9	  -3,0	  -2,7	   0,8	  -2,0
*	    48,8143	 1	155,03	 41,97	   6,8	  10,1	   0,2	   0,5	   4,0	   1,3
*	    41,4765	 1	133,01	 41,15	   9,3	  12,6	   2,7	   3,0	   6,5	   3,9
*	    38,2235	 1	112,47	 44,35	  10,7	  14,0	   4,1	   4,4	   7,9	   5,3
*	    39,6663	 1	 97,15	 49,74	  10,5	  13,9	   3,9	   4,3	   7,8	   5,2
*	    67,1990	 1	164,89	 53,23	   1,4	   4,7	  -5,3	  -4,9	  -1,5	  -4,3
*	    57,2758	 1	150,58	 51,06	   4,1	   7,5	  -2,5	  -2,2	   1,3	  -1,4
*	    50,3814	 1	134,60	 50,75	   6,3	   9,7	  -0,3	   0,1	   3,6	   0,9
*	    47,2111	 1	119,21	 52,55	   7,6	  11,0	   1,0	   1,4	   4,9	   2,2
*	    68,5744	 1	148,00	 57,75	   1,0	   4,4	  -5,6	  -5,3	  -1,8	  -4,6
*	    62,3429	 1	135,48	 57,66	   2,8	   6,2	  -3,8	  -3,5	   0,0	  -2,8
*	    43,9567	 1	250,55	 42,49	  -0,5	   0,3	  -7,4	  -7,1	 -12,0	  -5,3
*	    40,5340	 1	250,69	 48,83	   1,1	   1,9	  -5,8	  -5,5	 -10,4	  -3,6
*	    37,6772	 1	250,82	 56,56	   2,6	   3,4	  -4,3	  -4,0	  -8,9	  -2,1
*	    35,5086	 1	250,95	 65,82	   3,8	   4,6	  -3,1	  -2,7	  -7,7	  -0,9
*	    34,1587	 1	251,07	 76,49	   4,7	   5,5	  -2,3	  -1,9	  -6,8	  -0,0
*	    52,7466	 1	250,27	 32,57	  -4,0	  -3,2	 -10,9	 -10,6	 -15,5	  -8,9
*	    48,4261	 1	250,40	 36,68	  -2,3	  -1,6	  -9,3	  -8,9	 -13,9	  -7,2
*	    34,4183	 1	247,45	 79,02	  -9,9	  -0,8	   6,7	  10,4	   5,0	  -1,9
*	    35,1398	 1	247,35	 71,34	 -10,3	  -1,2	   6,2	  10,0	   4,5	  -2,4
*	    36,2955	 1	247,24	 64,22	 -11,0	  -1,9	   5,6	   9,3	   3,8	  -3,1
*	    37,8437	 1	247,13	 57,83	 -11,9	  -2,8	   4,7	   8,4	   3,0	  -3,9
*	    39,7395	 1	247,03	 52,17	 -12,9	  -3,8	   3,7	   7,4	   2,0	  -5,0
*	    41,9392	 1	246,92	 47,22	 -13,9	  -4,8	   2,6	   6,4	   0,9	  -6,0
*	    44,4037	 1	246,81	 42,91	 -15,0	  -6,0	   1,5	   5,2	  -0,2	  -7,2
*	    47,0990	 1	246,70	 39,18	 -16,2	  -7,1	   0,4	   4,1	  -1,4	  -8,4
*	    49,9966	 1	246,59	 35,92	 -17,3	  -8,3	  -0,8	   2,9	  -2,6	  -9,5
*	    53,0720	 1	246,48	 33,09	 -18,5	  -9,4	  -1,9	   1,8	  -3,7	 -10,7
*	    56,3047	 1	246,37	 30,62	 -19,6	 -10,5	  -3,1	   0,7	  -4,9	 -11,9
*	    59,6774	 1	246,26	 28,43	 -20,7	 -11,6	  -4,2	  -0,5	  -6,0	 -13,0
s	    35,9524	 2	 81,50	 34,63	  27,9	  26,0	   2,1	   2,4	   5,9	  16,6
*	    36,1981	 1	140,41	 93,12	 -16,3	 -10,4	  -4,5	  -2,2	  -6,5	 -13,6
*	    36,4853	 1	141,04	 91,33	 -14,9	  -9,0	  -3,1	  -0,8	  -5,1	 -12,2
*	    39,5384	 1	140,92	 91,32	 -16,1	 -10,1	  -4,3	  -2,0	  -6,3	 -13,3
*	    42,6671	 1	140,81	 91,31	 -17,2	 -11,3	  -5,4	  -3,1	  -7,4	 -14,5
*	    37,0811	 1	243,35	 78,50	  -4,2	   4,9	  12,4	  16,2	  10,7	   3,8
*	    37,8318	 1	243,24	 71,44	  -4,6	   4,5	  12,0	  15,7	  10,2	   3,3
*	    38,9899	 1	243,13	 64,86	  -5,2	   3,9	  11,4	  15,1	   9,6	   2,7
*	    40,5197	 1	243,01	 58,88	  -6,0	   3,1	  10,6	  14,3	   8,8	   1,9
*	    42,3824	 1	242,90	 53,53	  -6,9	   2,2	   9,7	  13,4	   7,9	   1,0
*	    44,5399	 1	242,78	 48,79	  -7,9	   1,2	   8,7	  12,4	   6,9	  -0,0
*	    46,9572	 1	242,67	 44,62	  -8,9	   0,2	   7,6	  11,4	   5,9	  -1,1
*	    49,6031	 1	242,55	 40,95	 -10,0	  -0,9	   6,6	  10,3	   4,8	  -2,2
*	    52,4507	 1	242,43	 37,75	 -11,1	  -2,0	   5,5	   9,2	   3,7	  -3,3
*	    55,4767	 1	242,31	 34,92	 -12,2	  -3,1	   4,4	   8,1	   2,6	  -4,4
*	    58,6614	 1	242,19	 32,41	 -13,2	  -4,2	   3,3	   7,0	   1,5	  -5,5
*	    61,9876	 1	242,07	 30,20	 -14,3	  -5,2	   2,2	   6,0	   0,4	  -6,6
*	    37,6399	 1	239,21	 78,82	 -13,9	  -4,8	   2,7	   6,4	   0,9	  -6,0
*	    38,3764	 1	239,08	 71,92	 -14,3	  -5,2	   2,3	   6,0	   0,5	  -6,4
*	    39,5145	 1	238,96	 65,47	 -14,9	  -5,8	   1,6	   5,4	  -0,1	  -7,0
*	    41,0207	 1	238,83	 59,59	 -15,7	  -6,6	   0,9	   4,6	  -0,9	  -7,8
*	    42,8581	 1	238,71	 54,30	 -16,6	  -7,5	   0,0	   3,7	  -1,7	  -8,7
*	    44,9900	 1	238,58	 49,59	 -17,5	  -8,4	  -1,0	   2,8	  -2,7	  -9,7
*	    47,3822	 1	238,45	 45,43	 -18,5	  -9,4	  -2,0	   1,8	  -3,7	 -10,7
*	    50,0042	 1	238,32	 41,78	 -19,6	 -10,5	  -3,0	   0,7	  -4,8	 -11,8
*	    52,8295	 1	238,19	 38,55	 -20,6	 -11,6	  -4,1	  -0,4	  -5,9	 -12,9
*	    55,8348	 1	238,06	 35,69	 -21,7	 -12,6	  -5,2	  -1,4	  -6,9	 -14,0
*	    59,0004	 1	237,92	 33,19	 -22,8	 -13,7	  -6,2	  -2,5	  -8,0	 -15,1
s	    38,1717	 3	193,31	151,47	  26,7	  30,1	  19,7	  19,4	  22,8	  19,8
*	    38,8786	 1	145,03	 90,55	 -11,2	  -5,3	   0,6	   2,9	  -1,4	  -8,5
*	    41,8476	 1	144,72	 90,59	 -12,2	  -6,3	  -0,5	   1,9	  -2,5	  -9,6
*	    44,8932	 1	144,44	 90,62	 -13,3	  -7,4	  -1,5	   0,8	  -3,5	 -10,6
*	    48,0082	 1	144,17	 90,64	 -14,3	  -8,4	  -2,6	  -0,2	  -4,6	 -11,7
*	    51,1857	 1	143,95	 90,67	 -15,3	  -9,4	  -3,6	  -1,3	  -5,6	 -12,8
*	    54,4196	 1	143,73	 90,70	 -16,3	 -10,4	  -4,6	  -2,3	  -6,6	 -13,8
*	    57,7041	 1	143,53	 90,71	 -17,3	 -11,4	  -5,6	  -3,3	  -7,6	 -14,8
s	    38,9956	 2	 90,00	 28,10	  26,2	  30,6	  21,7	  22,3	  25,9	  23,3
*	    50,9599	 1	121,78	 71,19	  -2,8	  -2,0	  -9,8	  -9,4	 -14,4	  -7,7
*	    47,4071	 1	117,74	 70,78	  -1,4	  -0,7	  -8,4	  -8,1	 -13,0	  -6,3
*	    48,1486	 1	121,85	 75,01	  -1,8	  -1,0	  -8,7	  -8,4	 -13,3	  -6,6
*	    44,4169	 1	117,81	 74,69	  -0,3	   0,5	  -7,2	  -6,9	 -11,8	  -5,1
*	    45,9012	 1	121,93	 79,00	  -0,9	  -0,2	  -7,9	  -7,5	 -12,5	  -5,8
*	    42,0096	 1	117,88	 78,76	   0,7	   1,5	  -6,2	  -5,9	 -10,8	  -4,1
*	    44,2801	 1	122,00	 83,11	  -0,3	   0,5	  -7,3	  -6,9	 -11,8	  -5,1
*	    40,2632	 1	117,94	 82,97	   1,5	   2,2	  -5,5	  -5,1	 -10,1	  -3,3
*	    43,3375	 1	122,07	 87,32	   0,1	   0,8	  -6,9	  -6,5	 -11,5	  -4,7
*	    39,2447	 1	118,01	 87,28	   1,9	   2,7	  -5,0	  -4,7	  -9,6	  -2,9
*	    43,1059	 1	122,15	 91,57	   0,2	   0,9	  -6,8	  -6,4	 -11,4	  -4,7
*	    38,9975	 1	118,08	 91,64	   2,0	   2,8	  -4,9	  -4,6	  -9,5	  -2,8
*	    54,1408	 1	116,70	 63,51	  -3,8	  -3,1	 -10,8	 -10,5	 -15,4	  -8,8
*	    40,6653	 1	211,44	 80,77	  -0,8	   5,1	  11,0	  13,3	   8,9	   1,9
*	    40,6763	 1	233,17	 78,63	 -18,9	  -9,8	  -2,3	   1,4	  -4,1	 -11,0
*	    41,4300	 1	233,04	 72,35	 -19,3	 -10,2	  -2,7	   1,0	  -4,5	 -11,4
*	    42,5590	 1	232,90	 66,44	 -19,8	 -10,7	  -3,3	   0,5	  -5,0	 -12,0
*	    44,0354	 1	232,77	 60,97	 -20,5	 -11,4	  -3,9	  -0,2	  -5,7	 -12,7
*	    45,8282	 1	232,63	 56,01	 -21,3	 -12,2	  -4,7	  -1,0	  -6,5	 -13,5
*	    47,9058	 1	232,50	 51,55	 -22,2	 -13,1	  -5,6	  -1,9	  -7,4	 -14,4
*	    40,7564	 1	236,59	 78,48	  -5,1	   4,0	  11,4	  15,2	   9,7	   2,8
*	    41,5138	 1	236,46	 72,15	  -5,5	   3,6	  11,1	  14,8	   9,3	   2,4
*	    42,6477	 1	236,34	 66,19	  -6,1	   3,0	  10,5	  14,2	   8,8	   1,8
*	    44,1295	 1	236,22	 60,70	  -6,8	   2,3	   9,8	  13,5	   8,1	   1,1
*	    45,9278	 1	236,09	 55,72	  -7,6	   1,5	   9,0	  12,7	   7,2	   0,3
*	    48,0107	 1	235,97	 51,23	  -8,4	   0,7	   8,1	  11,9	   6,4	  -0,6
*	    50,3479	 1	235,84	 47,22	  -9,4	  -0,3	   7,2	  10,9	   5,4	  -1,6
*	    52,9118	 1	235,71	 43,64	 -10,3	  -1,3	   6,2	   9,9	   4,4	  -2,6
*	    55,6778	 1	235,58	 40,46	 -11,3	  -2,2	   5,2	   8,9	   3,4	  -3,6
*	    58,6240	 1	235,45	 37,63	 -12,3	  -3,2	   4,2	   7,9	   2,4	  -4,6
*	    61,7315	 1	235,32	 35,11	 -13,3	  -4,3	   3,2	   6,9	   1,4	  -5,7
*	    64,9835	 1	235,19	 32,85	 -14,3	  -5,3	   2,2	   5,9	   0,4	  -6,7
s	    41,4953	 3	 81,55	 31,85	  25,1	  24,3	   1,4	   2,0	   5,6	  16,2
*	    43,5891	 1	 77,54	 42,74	   0,9	   5,6	  18,7	  20,0	  17,0	  12,2
*	    46,1927	 1	127,63	 93,33	  -7,4	   1,7	   9,1	  12,9	   7,4	   0,4
*	    46,0689	 1	127,57	 90,34	  -7,4	   1,7	   9,2	  12,9	   7,4	   0,5
*	    46,2820	 1	127,51	 87,34	  -7,5	   1,6	   9,1	  12,8	   7,3	   0,4
*	    46,8289	 1	127,45	 84,37	  -7,7	   1,4	   8,9	  12,6	   7,1	   0,2
*	    47,7017	 1	127,39	 81,44	  -8,0	   1,1	   8,6	  12,3	   6,8	  -0,1
*	    48,8877	 1	127,33	 78,55	  -8,4	   0,7	   8,2	  11,9	   6,4	  -0,6
*	    50,3710	 1	127,27	 75,74	  -8,9	   0,2	   7,6	  11,4	   5,9	  -1,1
*	    52,1332	 1	127,21	 73,00	  -9,5	  -0,4	   7,0	  10,8	   5,3	  -1,7
*	    54,1547	 1	127,15	 70,35	 -10,2	  -1,1	   6,4	  10,1	   4,6	  -2,4
*	    56,4151	 1	127,09	 67,78	 -10,9	  -1,8	   5,6	   9,3	   3,8	  -3,2
*	    58,8947	 1	127,03	 65,31	 -11,7	  -2,6	   4,8	   8,6	   3,1	  -4,0
*	    61,5743	 1	126,97	 62,95	 -12,5	  -3,4	   4,0	   7,7	   2,2	  -4,8
*	    64,4358	 1	126,92	 60,68	 -13,4	  -4,3	   3,2	   6,9	   1,4	  -5,7
*	    67,4626	 1	126,86	 58,52	 -14,2	  -5,1	   2,3	   6,1	   0,5	  -6,6
s	    46,9327	 3	  3,61	 35,70	  24,3	  24,1	  16,3	  17,6	  12,5	  19,4
*	    54,6022	 1	222,41	 54,16	  -0,5	   0,3	  -7,5	  -7,1	 -12,1	  -5,4
*	    51,7916	 1	222,60	 59,84	   0,5	   1,3	  -6,4	  -6,1	 -11,0	  -4,4
*	    49,5211	 1	222,80	 66,21	   1,4	   2,2	  -5,5	  -5,2	 -10,1	  -3,5
*	    47,8560	 1	222,99	 73,24	   2,1	   2,9	  -4,9	  -4,5	  -9,5	  -2,8
*	    58,2203	 1	224,90	 49,01	  -1,7	  -0,9	  -8,7	  -8,3	 -13,3	  -6,7
*	    61,9145	 1	224,71	 44,64	  -2,9	  -2,1	  -9,9	  -9,5	 -14,5	  -7,9
*	    65,9675	 1	224,52	 40,83	  -4,1	  -3,4	 -11,1	 -10,8	 -15,8	  -9,2
*	    49,2795	 1	130,46	 92,72	  -8,3	   0,8	   8,3	  12,0	   6,5	  -0,5
*	    49,2200	 1	130,40	 89,78	  -8,2	   0,8	   8,3	  12,0	   6,5	  -0,4
*	    49,4803	 1	130,34	 86,85	  -8,3	   0,8	   8,2	  11,9	   6,5	  -0,5
*	    50,0572	 1	130,27	 83,94	  -8,5	   0,6	   8,0	  11,7	   6,3	  -0,7
*	    50,9432	 1	130,21	 81,06	  -8,8	   0,2	   7,7	  11,4	   5,9	  -1,0
*	    52,1270	 1	130,15	 78,24	  -9,2	  -0,2	   7,3	  11,0	   5,5	  -1,5
*	    53,5945	 1	130,09	 75,49	  -9,7	  -0,6	   6,8	  10,6	   5,0	  -2,0
*	    55,3295	 1	130,03	 72,80	 -10,3	  -1,2	   6,3	  10,0	   4,5	  -2,5
*	    57,3145	 1	129,96	 70,20	 -10,9	  -1,8	   5,6	   9,4	   3,8	  -3,2
*	    59,5313	 1	129,90	 67,69	 -11,6	  -2,5	   5,0	   8,7	   3,2	  -3,9
*	    61,9621	 1	129,84	 65,27	 -12,3	  -3,2	   4,2	   7,9	   2,4	  -4,6
*	    64,5893	 1	129,78	 62,95	 -13,1	  -4,0	   3,5	   7,2	   1,7	  -5,4
*	    67,3963	 1	129,72	 60,73	 -13,9	  -4,8	   2,7	   6,4	   0,9	  -6,2
*	    70,3675	 1	129,66	 58,60	 -14,7	  -5,6	   1,9	   5,6	   0,0	  -7,1
*	    49,4947	 1	213,82	 78,56	   1,6	   2,4	  -5,3	  -5,0	  -9,9	  -3,2
*	    50,7236	 1	213,62	 71,77	   1,2	   1,9	  -5,8	  -5,4	 -10,4	  -3,7
*	    52,5670	 1	213,42	 65,43	   0,5	   1,2	  -6,5	  -6,1	 -11,1	  -4,4
*	    54,1347	 1	206,36	 62,07	  -0,2	   0,5	  -7,2	  -6,8	 -11,8	  -5,2
*	    51,8964	 1	206,57	 67,88	   0,6	   1,3	  -6,4	  -6,1	 -11,0	  -4,3
*	    50,2322	 1	206,78	 74,19	   1,2	   1,9	  -5,8	  -5,4	 -10,4	  -3,7
*	    52,3203	 1	201,28	 68,75	   0,3	   1,0	  -6,7	  -6,3	 -11,3	  -4,6
*	    50,6854	 1	201,48	 74,86	   0,9	   1,6	  -6,1	  -5,7	 -10,7	  -4,0
*	    54,7612	 1	218,06	 60,71	  -0,2	   0,5	  -7,2	  -6,8	 -11,8	  -5,1
*	    52,4956	 1	218,25	 66,69	   0,6	   1,4	  -6,3	  -6,0	 -11,0	  -4,3
*	    50,8065	 1	218,44	 73,22	   1,3	   2,0	  -5,7	  -5,4	 -10,3	  -3,6
*	    53,2027	 1	196,44	 69,72	  -0,2	   0,6	  -7,1	  -6,8	 -11,7	  -5,1
*	    51,6052	 1	196,65	 75,62	   0,4	   1,2	  -6,6	  -6,2	 -11,2	  -4,5
*	    56,6247	 1	191,89	 65,44	  -1,4	  -0,6	  -8,4	  -8,0	 -13,0	  -6,3
*	    54,5196	 1	192,09	 70,74	  -0,7	   0,0	  -7,7	  -7,3	 -12,3	  -5,6
*	    52,9652	 1	192,28	 76,40	  -0,2	   0,6	  -7,2	  -6,8	 -11,8	  -5,1
*	    53,3141	 1	134,31	 92,10	  -9,4	  -0,3	   7,2	  10,9	   5,4	  -1,6
*	    53,3131	 1	134,25	 89,22	  -9,4	  -0,3	   7,2	  10,9	   5,4	  -1,6
*	    53,6126	 1	134,18	 86,36	  -9,4	  -0,4	   7,1	  10,8	   5,3	  -1,7
*	    54,2093	 1	134,12	 83,52	  -9,6	  -0,6	   6,9	  10,6	   5,1	  -1,9
*	    55,0965	 1	134,05	 80,72	  -9,9	  -0,8	   6,6	  10,4	   4,9	  -2,2
*	    56,2644	 1	133,99	 77,97	 -10,3	  -1,2	   6,3	  10,0	   4,5	  -2,6
*	    57,7009	 1	133,92	 75,28	 -10,7	  -1,7	   5,8	   9,5	   4,0	  -3,0
*	    59,3923	 1	133,85	 72,66	 -11,3	  -2,2	   5,3	   9,0	   3,5	  -3,5
*	    61,3232	 1	133,79	 70,13	 -11,8	  -2,7	   4,7	   8,4	   2,9	  -4,1
*	    63,4780	 1	133,72	 67,66	 -12,5	  -3,4	   4,1	   7,8	   2,3	  -4,8
*	    65,8407	 1	133,66	 65,30	 -13,1	  -4,0	   3,4	   7,1	   1,6	  -5,5
*	    68,3958	 1	133,59	 63,02	 -13,8	  -4,7	   2,7	   6,4	   0,9	  -6,2
*	    71,1281	 1	133,53	 60,85	 -14,6	  -5,5	   2,0	   5,7	   0,2	  -7,0
*	    53,5939	 1	189,29	 81,20	  -0,5	   0,2	  -7,5	  -7,1	 -12,1	  -5,4
*	    54,6914	 1	189,10	 75,55	  -0,9	  -0,1	  -7,8	  -7,5	 -12,4	  -5,8
*	    56,3558	 1	188,90	 70,18	  -1,4	  -0,7	  -8,4	  -8,0	 -13,0	  -6,4
*	    54,3891	 1	135,16	 90,99	  -0,9	  -0,1	  -7,8	  -7,5	 -12,4	  -5,8
*	    54,6349	 1	135,07	 86,96	  -0,9	  -0,2	  -7,9	  -7,5	 -12,5	  -5,9
*	    55,4686	 1	134,97	 82,97	  -1,2	  -0,4	  -8,2	  -7,8	 -12,8	  -6,1
*	    56,8723	 1	134,88	 79,05	  -1,6	  -0,9	  -8,6	  -8,3	 -13,2	  -6,6
*	    58,8168	 1	134,78	 75,26	  -2,2	  -1,5	  -9,2	  -8,9	 -13,8	  -7,2
*	    61,2654	 1	134,69	 71,61	  -3,0	  -2,2	  -9,9	  -9,6	 -14,6	  -8,0
*	    67,2376	 1	134,51	 65,03	  -4,7	  -3,9	 -11,6	 -11,3	 -16,3	  -9,7
*	    54,9946	 1	137,03	 91,53	  -9,9	  -0,8	   6,7	  10,4	   4,9	  -2,1
*	    55,0465	 1	136,96	 88,67	  -9,9	  -0,8	   6,6	  10,4	   4,9	  -2,2
*	    55,3907	 1	136,89	 85,81	 -10,0	  -0,9	   6,5	  10,3	   4,8	  -2,3
*	    56,0235	 1	136,82	 82,99	 -10,2	  -1,1	   6,3	  10,1	   4,6	  -2,5
*	    56,9384	 1	136,75	 80,20	 -10,5	  -1,4	   6,1	   9,8	   4,3	  -2,8
*	    58,1259	 1	136,69	 77,46	 -10,9	  -1,8	   5,7	   9,4	   3,9	  -3,1
*	    59,5747	 1	136,62	 74,79	 -11,3	  -2,2	   5,3	   9,0	   3,5	  -3,6
*	    61,2716	 1	136,55	 72,19	 -11,8	  -2,7	   4,8	   8,5	   3,0	  -4,1
*	    63,2023	 1	136,48	 69,67	 -12,4	  -3,3	   4,2	   7,9	   2,4	  -4,7
*	    65,3521	 1	136,41	 67,25	 -13,0	  -3,9	   3,6	   7,3	   1,8	  -5,3
*	    67,7058	 1	136,35	 64,90	 -13,6	  -4,5	   2,9	   6,6	   1,1	  -6,0
*	    70,2487	 1	136,28	 62,64	 -14,3	  -5,2	   2,2	   6,0	   0,4	  -6,7
*	    72,9663	 1	136,21	 60,48	 -15,0	  -5,9	   1,5	   5,2	  -0,3	  -7,4
*	    55,5711	 1	215,56	 58,60	  -2,2	  -1,4	  -9,1	  -8,8	 -13,7	  -7,1
*	    55,5725	 1	215,58	 58,60	  -2,2	  -1,4	  -9,1	  -8,8	 -13,8	  -7,1
*	    55,8559	 1	199,00	 61,33	  -2,6	  -1,8	  -9,6	  -9,2	 -14,2	  -7,5
*	    56,5444	 1	139,89	 90,96	 -10,4	  -1,4	   6,1	   9,8	   4,3	  -2,7
*	    56,6467	 1	139,82	 88,09	 -10,5	  -1,4	   6,1	   9,8	   4,3	  -2,7
*	    57,0340	 1	139,75	 85,24	 -10,6	  -1,5	   6,0	   9,7	   4,2	  -2,9
*	    57,7024	 1	139,68	 82,42	 -10,8	  -1,7	   5,8	   9,5	   4,0	  -3,1
*	    58,6454	 1	139,61	 79,65	 -11,1	  -2,0	   5,5	   9,2	   3,7	  -3,4
*	    59,8539	 1	139,53	 76,92	 -11,4	  -2,3	   5,1	   8,8	   3,3	  -3,7
*	    61,3170	 1	139,46	 74,27	 -11,9	  -2,8	   4,7	   8,4	   2,9	  -4,2
*	    63,0223	 1	139,39	 71,68	 -12,4	  -3,3	   4,2	   7,9	   2,4	  -4,7
*	    64,9561	 1	139,32	 69,17	 -12,9	  -3,8	   3,7	   7,4	   1,8	  -5,2
*	    67,1045	 1	139,25	 66,75	 -13,5	  -4,4	   3,1	   6,8	   1,2	  -5,9
*	    69,4530	 1	139,18	 64,43	 -14,1	  -5,0	   2,4	   6,1	   0,6	  -6,5
*	    71,9877	 1	139,11	 62,18	 -14,8	  -5,7	   1,8	   5,5	  -0,1	  -7,2
*	    74,6947	 1	139,04	 60,04	 -15,5	  -6,4	   1,1	   4,8	  -0,8	  -7,9
*	    56,8430	 1	194,36	 62,58	  -3,0	  -2,3	 -10,0	  -9,6	 -14,6	  -8,0
*	    60,3337	 1	184,58	 67,93	  -2,8	  -2,0	  -9,7	  -9,4	 -14,4	  -7,8
*	    58,3494	 1	184,76	 72,81	  -2,2	  -1,4	  -9,1	  -8,8	 -13,7	  -7,1
*	    56,8909	 1	184,94	 77,96	  -1,7	  -1,0	  -8,7	  -8,3	 -13,3	  -6,7
*	    58,2439	 1	190,20	 63,88	  -3,6	  -2,8	 -10,5	 -10,2	 -15,1	  -8,5
*	    58,4756	 1	142,97	 90,37	 -11,1	  -2,0	   5,5	   9,2	   3,7	  -3,4
*	    58,6254	 1	142,90	 87,52	 -11,1	  -2,0	   5,4	   9,1	   3,6	  -3,4
*	    59,0522	 1	142,82	 84,68	 -11,2	  -2,2	   5,3	   9,0	   3,5	  -3,5
*	    59,7520	 1	142,75	 81,87	 -11,5	  -2,4	   5,1	   8,8	   3,3	  -3,7
*	    60,7183	 1	142,67	 79,11	 -11,7	  -2,7	   4,8	   8,5	   3,0	  -4,0
*	    61,9425	 1	142,60	 76,41	 -12,1	  -3,0	   4,5	   8,2	   2,7	  -4,4
*	    63,4143	 1	142,52	 73,77	 -12,5	  -3,4	   4,0	   7,8	   2,2	  -4,8
*	    65,1219	 1	142,45	 71,21	 -13,0	  -3,9	   3,6	   7,3	   1,8	  -5,3
*	    67,0525	 1	142,38	 68,72	 -13,5	  -4,4	   3,0	   6,7	   1,2	  -5,9
*	    69,1928	 1	142,30	 66,33	 -14,1	  -5,0	   2,5	   6,2	   0,6	  -6,5
*	    71,5295	 1	142,23	 64,01	 -14,7	  -5,6	   1,9	   5,6	   0,0	  -7,1
*	    74,0490	 1	142,15	 61,79	 -15,3	  -6,3	   1,2	   4,9	  -0,6	  -7,8
*	    76,7383	 1	142,08	 59,67	 -16,0	  -6,9	   0,5	   4,2	  -1,3	  -8,5
*	    60,8073	 1	181,74	 73,79	  -3,0	  -2,3	 -10,0	  -9,6	 -14,6	  -8,0
*	    59,3988	 1	181,91	 78,69	  -2,6	  -1,8	  -9,6	  -9,2	 -14,2	  -7,6
*	    60,0348	 1	186,51	 65,20	  -4,2	  -3,5	 -11,2	 -10,8	 -15,8	  -9,2
*	    60,1475	 1	207,65	 55,84	 -13,4	  -6,4	   0,9	   1,5	  -3,4	 -10,0
*	    61,6188	 1	207,56	 53,72	 -13,9	  -6,9	   0,5	   1,1	  -3,9	 -10,5
*	    63,1782	 1	207,47	 51,72	 -14,4	  -7,3	   0,0	   0,6	  -4,3	 -11,0
*	    60,2362	 1	145,98	 89,79	 -11,7	  -2,6	   4,9	   8,6	   3,1	  -4,0
*	    60,4315	 1	145,91	 86,95	 -11,7	  -2,7	   4,8	   8,5	   3,0	  -4,1
*	    60,8969	 1	145,83	 84,12	 -11,9	  -2,8	   4,7	   8,4	   2,9	  -4,2
*	    61,6283	 1	145,75	 81,32	 -12,1	  -3,0	   4,5	   8,2	   2,7	  -4,4
*	    62,6193	 1	145,67	 78,57	 -12,4	  -3,3	   4,2	   7,9	   2,4	  -4,7
*	    63,8616	 1	145,60	 75,88	 -12,7	  -3,6	   3,8	   7,5	   2,0	  -5,1
*	    65,3453	 1	145,52	 73,26	 -13,1	  -4,0	   3,4	   7,1	   1,6	  -5,5
*	    67,0592	 1	145,44	 70,70	 -13,6	  -4,5	   3,0	   6,7	   1,1	  -6,0
*	    68,9911	 1	145,36	 68,24	 -14,1	  -5,0	   2,4	   6,1	   0,6	  -6,5
*	    71,1284	 1	145,29	 65,86	 -14,7	  -5,6	   1,9	   5,6	   0,0	  -7,1
*	    73,4582	 1	145,21	 63,57	 -15,3	  -6,2	   1,3	   5,0	  -0,6	  -7,7
*	    75,9679	 1	145,13	 61,37	 -15,9	  -6,8	   0,6	   4,4	  -1,2	  -8,3
*	    78,6448	 1	145,06	 59,26	 -16,5	  -7,5	  -0,0	   3,7	  -1,8	  -9,0
*	    62,7485	 1	218,88	 55,55	 -17,7	 -10,7	  -3,3	  -2,8	  -7,7	 -14,3
*	    60,6750	 1	220,37	 54,21	 -17,1	 -10,0	  -2,7	  -2,1	  -7,0	 -13,6
*	    60,9582	 1	179,87	 82,80	  -3,2	  -2,4	 -10,1	  -9,8	 -14,8	  -8,2
*	    61,9435	 1	179,70	 77,98	  -3,5	  -2,7	 -10,4	 -10,1	 -15,1	  -8,5
*	    63,4472	 1	179,54	 73,32	  -3,9	  -3,1	 -10,9	 -10,5	 -15,5	  -8,9
*	    77,5748	 1	177,75	 62,67	 -22,2	 -17,4	  -4,3	  -3,0	  -6,2	 -11,1
*	    71,0920	 1	183,90	 59,27	 -20,5	 -15,7	  -2,6	  -1,3	  -4,5	  -9,4
*	    76,5515	 1	187,59	 60,70	 -21,8	 -17,1	  -4,0	  -2,7	  -5,8	 -10,8
*	    68,4229	 1	187,67	 57,44	 -19,7	 -15,0	  -1,9	  -0,6	  -3,7	  -8,6
*	    74,0145	 1	191,34	 59,13	 -21,1	 -16,4	  -3,3	  -2,0	  -5,1	 -10,1
*	    66,1791	 1	191,98	 55,55	 -19,0	 -14,3	  -1,2	   0,1	  -3,0	  -7,9
*	    71,8896	 1	195,57	 57,54	 -20,5	 -15,8	  -2,7	  -1,4	  -4,5	  -9,5
*	    64,3932	 1	196,92	 53,68	 -18,5	 -13,8	  -0,6	   0,7	  -2,4	  -7,3
*	    70,2058	 1	200,30	 55,99	 -20,0	 -15,3	  -2,2	  -0,9	  -4,0	  -8,9
*	    76,1969	 1	203,14	 58,11	 -21,5	 -16,8	  -3,7	  -2,4	  -5,5	 -10,5
*	    63,0972	 1	202,54	 51,87	 -18,0	 -13,3	  -0,2	   1,1	  -2,0	  -6,9
*	    68,9906	 1	205,58	 54,52	 -19,6	 -14,9	  -1,8	  -0,5	  -3,6	  -8,5
*	    62,3199	 1	208,84	 50,27	 -17,7	 -13,0	   0,1	   1,4	  -1,7	  -6,5
*	    62,0851	 1	215,81	 48,95	 -17,5	 -12,8	   0,3	   1,6	  -1,5	  -6,4
*	    62,4756	 1	148,80	 89,22	 -12,4	  -3,3	   4,2	   7,9	   2,4	  -4,7
*	    62,7132	 1	148,72	 86,40	 -12,4	  -3,3	   4,1	   7,8	   2,3	  -4,8
*	    63,2132	 1	148,64	 83,60	 -12,6	  -3,5	   4,0	   7,7	   2,2	  -4,9
*	    63,9715	 1	148,56	 80,83	 -12,8	  -3,7	   3,8	   7,5	   2,0	  -5,1
*	    64,9820	 1	148,48	 78,12	 -13,1	  -4,0	   3,5	   7,2	   1,7	  -5,4
*	    66,2366	 1	148,40	 75,46	 -13,4	  -4,3	   3,1	   6,9	   1,3	  -5,8
*	    67,7259	 1	148,32	 72,86	 -13,8	  -4,7	   2,7	   6,5	   0,9	  -6,2
*	    69,4392	 1	148,24	 70,34	 -14,3	  -5,2	   2,3	   6,0	   0,5	  -6,6
*	    71,3653	 1	148,16	 67,90	 -14,8	  -5,7	   1,8	   5,5	  -0,0	  -7,2
*	    73,4921	 1	148,08	 65,55	 -15,3	  -6,2	   1,2	   5,0	  -0,6	  -7,7
*	    75,8074	 1	148,01	 63,28	 -15,9	  -6,8	   0,7	   4,4	  -1,2	  -8,3
*	    78,2993	 1	147,93	 61,11	 -16,5	  -7,4	   0,1	   3,8	  -1,8	  -9,0
*	    80,9557	 1	147,85	 59,02	 -17,1	  -8,0	  -0,6	   3,1	  -2,4	  -9,6
*	    67,6092	 1	205,53	 44,28	  -4,4	  -3,7	 -11,4	 -11,1	 -16,0	  -9,5
*	    63,6265	 1	205,74	 48,02	  -3,3	  -2,5	 -10,2	  -9,9	 -14,9	  -8,3
*	    67,7604	 1	211,26	 43,33	  -4,4	  -3,7	 -11,4	 -11,0	 -16,0	  -9,5
*	    63,7622	 1	211,46	 47,07	  -3,2	  -2,5	 -10,2	  -9,9	 -14,8	  -8,3
*	    67,8575	 1	200,23	 45,51	  -4,6	  -3,8	 -11,5	 -11,2	 -16,2	  -9,6
*	    63,9074	 1	200,44	 49,22	  -3,4	  -2,7	 -10,4	 -10,1	 -15,0	  -8,5
*	    63,9750	 1	151,94	 88,62	 -13,0	  -3,9	   3,6	   7,3	   1,8	  -5,3
*	    64,2549	 1	151,86	 85,80	 -13,1	  -4,0	   3,5	   7,2	   1,7	  -5,4
*	    64,7921	 1	151,78	 83,00	 -13,2	  -4,1	   3,3	   7,1	   1,5	  -5,6
*	    65,5823	 1	151,70	 80,24	 -13,4	  -4,3	   3,1	   6,8	   1,3	  -5,8
*	    66,6192	 1	151,62	 77,52	 -13,7	  -4,6	   2,8	   6,6	   1,0	  -6,1
*	    67,8951	 1	151,53	 74,86	 -14,0	  -5,0	   2,5	   6,2	   0,7	  -6,4
*	    69,4008	 1	151,45	 72,28	 -14,4	  -5,4	   2,1	   5,8	   0,3	  -6,8
*	    71,1260	 1	151,37	 69,77	 -14,9	  -5,8	   1,7	   5,4	  -0,2	  -7,3
*	    73,0597	 1	151,29	 67,34	 -15,4	  -6,3	   1,2	   4,9	  -0,7	  -7,8
*	    75,1905	 1	151,21	 65,00	 -15,9	  -6,8	   0,6	   4,3	  -1,2	  -8,4
*	    77,5066	 1	151,12	 62,75	 -16,5	  -7,4	   0,1	   3,8	  -1,8	  -8,9
*	    79,9963	 1	151,04	 60,58	 -17,1	  -8,0	  -0,5	   3,2	  -2,4	  -9,6
*	    68,3141	 1	217,29	 42,71	  -4,5	  -3,8	 -11,5	 -11,2	 -16,1	  -9,6
*	    64,3189	 1	217,49	 46,44	  -3,3	  -2,6	 -10,3	 -10,0	 -14,9	  -8,4
*	    68,4976	 1	195,42	 46,92	  -4,8	  -4,1	 -11,8	 -11,5	 -16,4	  -9,9
*	    64,5953	 1	195,62	 50,62	  -3,7	  -3,0	 -10,7	 -10,4	 -15,3	  -8,7
*	    65,3663	 1	176,89	 80,02	  -4,6	  -3,8	 -11,5	 -11,2	 -16,2	  -9,6
*	    65,4253	 1	155,06	 88,02	 -13,6	  -4,5	   2,9	   6,7	   1,1	  -6,0
*	    65,7464	 1	154,97	 85,20	 -13,7	  -4,6	   2,9	   6,6	   1,0	  -6,1
*	    66,3201	 1	154,88	 82,39	 -13,9	  -4,8	   2,7	   6,4	   0,9	  -6,2
*	    67,1418	 1	154,80	 79,63	 -14,1	  -5,0	   2,5	   6,2	   0,7	  -6,4
*	    68,2055	 1	154,72	 76,93	 -14,4	  -5,3	   2,2	   5,9	   0,4	  -6,7
*	    69,5033	 1	154,63	 74,27	 -14,7	  -5,6	   1,9	   5,6	   0,0	  -7,1
*	    71,0265	 1	154,55	 71,69	 -15,1	  -6,0	   1,5	   5,2	  -0,4	  -7,5
*	    72,7648	 1	154,46	 69,19	 -15,5	  -6,4	   1,0	   4,7	  -0,8	  -8,0
*	    74,7079	 1	154,38	 66,78	 -16,0	  -6,9	   0,5	   4,2	  -1,3	  -8,5
*	    76,8444	 1	154,29	 64,44	 -16,5	  -7,5	   0,0	   3,7	  -1,8	  -9,0
*	    79,1631	 1	154,21	 62,21	 -17,1	  -8,0	  -0,6	   3,2	  -2,4	  -9,6
*	    81,6527	 1	154,13	 60,05	 -17,7	  -8,6	  -1,1	   2,6	  -3,0	 -10,2
*	    65,6768	 1	191,30	 52,15	  -4,1	  -3,4	 -11,1	 -10,7	 -15,7	  -9,2
*	    65,9155	 1	160,48	 86,76	 -16,0	  -7,0	   0,5	   4,2	  -1,3	  -8,4
*	    66,3254	 1	160,39	 83,86	 -16,2	  -7,1	   0,4	   4,1	  -1,4	  -8,5
*	    66,9851	 1	160,30	 81,00	 -16,3	  -7,3	   0,2	   3,9	  -1,6	  -8,7
*	    67,8895	 1	160,21	 78,18	 -16,6	  -7,5	  -0,0	   3,7	  -1,8	  -9,0
*	    69,0321	 1	160,12	 75,42	 -16,9	  -7,8	  -0,3	   3,4	  -2,1	  -9,3
*	    70,4048	 1	160,03	 72,73	 -17,2	  -8,1	  -0,7	   3,0	  -2,5	  -9,6
*	    71,9983	 1	159,94	 70,13	 -17,6	  -8,6	  -1,1	   2,6	  -2,9	 -10,1
*	    73,8026	 1	159,85	 67,60	 -18,1	  -9,0	  -1,5	   2,2	  -3,4	 -10,5
*	    75,8070	 1	159,76	 65,17	 -18,6	  -9,5	  -2,0	   1,7	  -3,9	 -11,0
*	    78,0005	 1	159,67	 62,83	 -19,1	 -10,0	  -2,6	   1,1	  -4,4	 -11,6
*	    80,3718	 1	159,58	 60,60	 -19,7	 -10,6	  -3,1	   0,6	  -5,0	 -12,2
*	    82,9098	 1	159,49	 58,45	 -20,3	 -11,2	  -3,7	  -0,0	  -5,6	 -12,8
*	    66,2519	 1	164,46	 86,02	 -15,3	  -6,2	   1,3	   5,0	  -0,5	  -7,6
*	    66,7061	 1	164,36	 83,08	 -15,4	  -6,3	   1,1	   4,9	  -0,7	  -7,8
*	    67,4086	 1	164,27	 80,16	 -15,6	  -6,5	   1,0	   4,7	  -0,9	  -8,0
*	    68,3542	 1	164,17	 77,31	 -15,8	  -6,8	   0,7	   4,4	  -1,1	  -8,2
*	    69,5359	 1	164,08	 74,51	 -16,2	  -7,1	   0,4	   4,1	  -1,4	  -8,5
*	    70,9456	 1	163,98	 71,79	 -16,5	  -7,4	   0,0	   3,7	  -1,8	  -8,9
*	    72,5739	 1	163,89	 69,15	 -16,9	  -7,8	  -0,4	   3,3	  -2,2	  -9,4
*	    74,4106	 1	163,79	 66,61	 -17,4	  -8,3	  -0,8	   2,9	  -2,7	  -9,8
*	    76,4451	 1	163,70	 64,17	 -17,9	  -8,8	  -1,3	   2,4	  -3,2	 -10,4
*	    78,6663	 1	163,61	 61,83	 -18,4	  -9,3	  -1,9	   1,8	  -3,7	 -10,9
*	    81,0630	 1	163,51	 59,58	 -19,0	  -9,9	  -2,5	   1,3	  -4,3	 -11,5
*	    83,6244	 1	163,42	 57,43	 -19,6	 -10,5	  -3,0	   0,7	  -4,9	 -12,1
*	    66,5436	 1	156,78	 87,40	  -2,9	  -2,1	  -9,8	  -9,5	 -14,5	  -7,9
*	    67,1396	 1	156,66	 83,41	  -3,0	  -2,3	 -10,0	  -9,7	 -14,6	  -8,1
*	    68,2308	 1	156,53	 79,50	  -3,3	  -2,6	 -10,3	  -9,9	 -14,9	  -8,4
*	    69,8009	 1	156,41	 75,69	  -3,7	  -3,0	 -10,7	 -10,4	 -15,3	  -8,8
*	    71,8281	 1	156,29	 72,01	  -4,2	  -3,5	 -11,2	 -10,9	 -15,9	  -9,3
*	    66,5915	 1	158,48	 87,39	 -14,3	  -5,2	   2,3	   6,0	   0,5	  -6,6
*	    66,9538	 1	158,40	 84,55	 -14,4	  -5,3	   2,2	   5,9	   0,4	  -6,7
*	    67,5648	 1	158,31	 81,73	 -14,5	  -5,4	   2,0	   5,7	   0,2	  -6,9
*	    68,4200	 1	158,22	 78,96	 -14,8	  -5,7	   1,8	   5,5	  -0,0	  -7,1
*	    69,5132	 1	158,13	 76,24	 -15,0	  -6,0	   1,5	   5,2	  -0,3	  -7,4
*	    70,8366	 1	158,05	 73,59	 -15,4	  -6,3	   1,2	   4,9	  -0,7	  -7,8
*	    72,3814	 1	157,96	 71,00	 -15,8	  -6,7	   0,8	   4,5	  -1,1	  -8,2
*	    74,1378	 1	157,87	 68,51	 -16,2	  -7,1	   0,3	   4,0	  -1,5	  -8,7
*	    76,0955	 1	157,78	 66,09	 -16,7	  -7,6	  -0,2	   3,5	  -2,0	  -9,2
*	    78,2435	 1	157,70	 63,76	 -17,2	  -8,1	  -0,7	   3,0	  -2,5	  -9,7
*	    80,5710	 1	157,61	 61,53	 -17,8	  -8,7	  -1,2	   2,5	  -3,1	 -10,3
*	    83,0667	 1	157,52	 59,39	 -18,3	  -9,3	  -1,8	   1,9	  -3,7	 -10,9
*	    66,7668	 1	162,06	 86,71	 -14,9	  -5,8	   1,7	   5,4	  -0,1	  -7,2
*	    67,1735	 1	161,97	 83,81	 -15,0	  -5,9	   1,6	   5,3	  -0,3	  -7,4
*	    67,8280	 1	161,88	 80,95	 -15,2	  -6,1	   1,4	   5,1	  -0,4	  -7,5
*	    68,7251	 1	161,79	 78,13	 -15,4	  -6,3	   1,2	   4,9	  -0,7	  -7,8
*	    69,8586	 1	161,69	 75,38	 -15,7	  -6,6	   0,9	   4,6	  -1,0	  -8,1
*	    71,2205	 1	161,60	 72,69	 -16,0	  -7,0	   0,5	   4,2	  -1,3	  -8,5
*	    72,8017	 1	161,51	 70,08	 -16,4	  -7,4	   0,1	   3,8	  -1,7	  -8,9
*	    74,5926	 1	161,42	 67,56	 -16,9	  -7,8	  -0,3	   3,4	  -2,2	  -9,3
*	    76,5824	 1	161,33	 65,13	 -17,4	  -8,3	  -0,8	   2,9	  -2,7	  -9,8
*	    78,7606	 1	161,24	 62,79	 -17,9	  -8,8	  -1,4	   2,3	  -3,2	 -10,4
*	    81,1159	 1	161,15	 60,56	 -18,5	  -9,4	  -1,9	   1,8	  -3,8	 -11,0
*	    83,6376	 1	161,06	 58,42	 -19,0	 -10,0	  -2,5	   1,2	  -4,4	 -11,6
*	    67,1353	 1	187,44	 53,74	  -4,6	  -3,9	 -11,6	 -11,2	 -16,2	  -9,7
*	    67,7862	 1	165,83	 86,03	 -15,7	  -6,6	   0,9	   4,6	  -1,0	  -8,1
*	    68,2338	 1	165,74	 83,11	 -15,8	  -6,7	   0,7	   4,5	  -1,1	  -8,2
*	    68,9260	 1	165,64	 80,22	 -16,0	  -6,9	   0,6	   4,3	  -1,3	  -8,4
*	    69,8578	 1	165,55	 77,38	 -16,2	  -7,1	   0,3	   4,0	  -1,5	  -8,6
*	    71,0226	 1	165,45	 74,62	 -16,5	  -7,4	   0,0	   3,7	  -1,8	  -8,9
*	    72,4125	 1	165,36	 71,92	 -16,9	  -7,8	  -0,3	   3,4	  -2,2	  -9,3
*	    74,0186	 1	165,27	 69,31	 -17,3	  -8,2	  -0,7	   3,0	  -2,6	  -9,7
*	    75,8309	 1	165,17	 66,77	 -17,7	  -8,6	  -1,2	   2,5	  -3,0	 -10,2
*	    77,8393	 1	165,08	 64,35	 -18,2	  -9,1	  -1,7	   2,0	  -3,5	 -10,7
*	    80,0331	 1	164,98	 62,01	 -18,7	  -9,7	  -2,2	   1,5	  -4,0	 -11,2
*	    82,4014	 1	164,89	 59,78	 -19,3	 -10,2	  -2,8	   0,9	  -4,6	 -11,8
*	    84,9336	 1	164,80	 57,65	 -19,9	 -10,8	  -3,3	   0,4	  -5,2	 -12,4
*	    69,0442	 1	170,20	 85,31	 -16,7	  -7,6	  -0,2	   3,5	  -2,0	  -9,1
*	    69,5312	 1	170,10	 82,37	 -16,8	  -7,8	  -0,3	   3,4	  -2,1	  -9,2
*	    70,2596	 1	170,00	 79,46	 -17,0	  -7,9	  -0,5	   3,2	  -2,3	  -9,4
*	    71,2240	 1	169,91	 76,61	 -17,3	  -8,2	  -0,7	   3,0	  -2,6	  -9,7
*	    72,4180	 1	169,81	 73,83	 -17,6	  -8,5	  -1,0	   2,7	  -2,9	 -10,0
*	    73,8335	 1	169,71	 71,11	 -17,9	  -8,9	  -1,4	   2,3	  -3,2	 -10,4
*	    75,4615	 1	169,61	 68,49	 -18,3	  -9,3	  -1,8	   1,9	  -3,6	 -10,8
*	    77,2926	 1	169,52	 65,97	 -18,8	  -9,7	  -2,2	   1,5	  -4,1	 -11,3
*	    79,3164	 1	169,42	 63,53	 -19,3	 -10,2	  -2,7	   1,0	  -4,6	 -11,8
*	    81,5226	 1	169,32	 61,20	 -19,8	 -10,7	  -3,3	   0,4	  -5,1	 -12,3
*	    83,9006	 1	169,23	 58,97	 -20,3	 -11,3	  -3,8	  -0,1	  -5,7	 -12,9
*	    86,4398	 1	169,13	 56,84	 -20,9	 -11,8	  -4,4	  -0,7	  -6,2	 -13,5
*	    70,1165	 1	180,52	 64,62	 -16,6	  -9,6	  -2,3	  -1,7	  -6,7	 -13,3
*	    71,3918	 1	180,44	 62,82	 -17,0	 -10,0	  -2,6	  -2,1	  -7,0	 -13,7
*	    72,7524	 1	180,37	 61,07	 -17,3	 -10,3	  -3,0	  -2,4	  -7,3	 -14,0
*	    70,5701	 1	181,95	 64,54	 -17,0	 -10,0	  -2,6	  -2,1	  -7,0	 -13,7
*	    71,8413	 1	181,87	 62,73	 -17,3	 -10,3	  -3,0	  -2,4	  -7,3	 -14,0
*	    73,1974	 1	181,80	 60,99	 -17,7	 -10,7	  -3,3	  -2,8	  -7,7	 -14,4
s	    72,7169	 2	107,66	 91,24	  24,4	  24,8	  16,4	  14,8	   8,5	  14,8
s	    73,4041	 3	228,90	 55,96	  21,6	  18,5	  -5,8	  -4,8	  -1,4	   9,1
s	    74,3530	 3	171,06	 89,74	  23,5	  23,7	  14,8	  12,4	   5,7	  11,6
*	    77,6332	 1	176,90	 67,41	 -17,0	 -10,0	  -2,7	  -2,1	  -7,1	 -13,8
*	    76,6922	 1	174,92	 67,47	 -16,8	  -9,8	  -2,5	  -1,9	  -6,8	 -13,5
s	    79,5589	 3	109,13	 91,26	  23,1	  18,4	  -3,9	  -4,2	  -9,6	   9,7
s	    90,0182	 3	 84,94	 91,40	  22,2	  17,4	  -4,9	  -6,6	 -12,9	   6,5
s	    94,5702	 3	 90,00	 16,13	  21,1	  22,1	  -4,0	  -3,6	   8,5	   9,4
s	    94,5978	 3	285,38	 67,02	  21,7	  26,7	  32,5	  33,6	  28,5	  21,7
s	   111,4500	 3	124,17	 91,16	  19,9	  18,6	   9,5	   8,2	   3,1	   9,5
s	   124,5992	 3	111,86	 70,57	  18,4	  17,6	  -5,3	  -4,8	  -1,4	   8,7
s	   125,8992	 3	129,24	 91,09	  18,3	  17,5	   8,8	   7,8	   1,3	   7,4
#END
