#HEADER
CATT-Acoustic v8.0b    Copyright © CATT 1988-2003

 Project                : Auditorio

 GEOMETRICAL INFORMATION
 Src id and loc     [m] :   A1          -9,000        0,000        0,000
 Rec id and loc     [m] :   31           1,650        7,000        0,100

 31       37,1220

 VARIABLE SOURCE DATA
 Directivity
   Type (library)       :  OMNI.SD0
   Dir. Index (DI) [dB] :       0,0      0,0      0,0      0,0      0,0      0,0
 Level
   On axis 1m      [dB] :      58,0     64,0     70,3     70,7     65,9     59,9
   Total power     [dB] :      68,9     74,9     81,2     81,6     76,8     70,8
   Auxiliary delay [ms] :       0,0

 VARIABLE AIR DATA
 Temperature       [°C] :      20
 Relative humidity  [%] :      50
 Density        [kg/m³] :       1,2
 Sound speed      [m/s] :     343
 Impedance      [Ns/m³] :     412
 Diss. coeff. [0.001/m] :      0,10     0,30     0,63     1,07     2,28     6,83      (estimated)

#DATAFIELDS
 TYPE DELAY ORDER AZIMUTH ELEVATION SPL125 SPL250 SPL500 SPL1K SPL2K SPL4K
#DATA
d	     0,0000	 0	 90,00	 90,00	  35,9	  41,9	  48,2	  48,5	  43,7	  37,4
*	     0,1346	 1	 99,21	 98,23	 -10,1	  -4,1	   1,7	   4,1	  -0,2	  -7,0
*	     0,1484	 1	 84,83	 99,06	  -9,1	  -3,1	   2,8	   5,1	   0,8	  -6,0
*	     0,2356	 1	 88,77	 98,68	  -8,6	  -2,7	   3,2	   5,5	   1,2	  -5,6
*	     0,2450	 1	 96,13	 98,19	  -9,6	  -3,7	   2,2	   4,5	   0,2	  -6,6
*	     0,4802	 1	 77,40	 99,32	  -8,8	  -2,9	   3,0	   5,4	   1,1	  -5,7
*	     0,4822	 1	 83,51	 98,94	  -7,8	  -1,9	   4,0	   6,3	   2,0	  -4,8
*	     0,5961	 1	106,86	 97,20	 -11,3	  -5,4	   0,5	   2,8	  -1,4	  -8,3
*	     0,7446	 1	 82,15	 98,89	  -6,9	  -1,0	   4,9	   7,2	   2,9	  -3,9
*	     1,0053	 1	 73,00	 99,38	  -8,6	  -2,7	   3,2	   5,6	   1,3	  -5,5
*	    27,9451	 1	112,86	 93,97	 -15,5	  -8,5	  -1,1	  -0,5	  -5,4	 -11,8
*	    20,6705	 1	109,72	 94,32	 -11,5	  -4,5	   2,9	   3,5	  -1,4	  -7,8
*	    22,3438	 1	105,49	 94,04	 -11,4	  -4,4	   2,9	   3,5	  -1,3	  -7,7
*	    13,7636	 1	106,06	 94,70	  -6,9	   0,2	   7,5	   8,1	   3,3	  -3,0
*	    15,2989	 1	101,75	 94,35	  -6,2	   0,8	   8,2	   8,8	   4,0	  -2,4
*	     7,5592	 1	101,76	 95,12	  -1,6	   5,4	  12,8	  13,4	   8,6	   2,3
*	     8,7009	 1	 97,45	 94,69	   0,8	   7,8	  15,2	  15,8	  11,0	   4,7
*	    12,4829	 1	 93,78	 94,30	  -1,3	   5,7	  13,1	  13,7	   8,9	   2,5
*	     2,9138	 1	 96,71	 95,58	   2,7	   9,8	  17,1	  17,7	  12,9	   6,7
*	     3,4325	 1	 92,50	 95,04	   8,9	  15,9	  23,3	  23,9	  19,0	  12,8
*	     7,7559	 1	 89,02	 94,57	   4,9	  11,9	  19,3	  19,9	  15,1	   8,8
*	     1,0124	 1	 90,76	 96,07	   2,6	   9,6	  17,0	  17,6	  12,8	   6,5
*	     2,1465	 1	 86,87	 95,41	   6,6	  13,6	  21,0	  21,6	  16,8	  10,5
*	     6,5164	 1	 83,71	 94,85	   3,4	  10,4	  17,8	  18,4	  13,6	   7,3
*	     1,4849	 1	 83,86	 96,55	  -0,6	   6,4	  13,8	  14,4	   9,6	   3,3
*	     3,6586	 1	 80,50	 95,74	   0,1	   7,2	  14,5	  15,1	  10,3	   4,1
*	     3,2882	 1	 75,98	 96,99	  -3,8	   3,2	  10,6	  11,2	   6,3	   0,1
*	     6,1226	 1	 73,44	 96,04	  -4,4	   2,6	  10,0	  10,6	   5,7	  -0,5
*	     5,9972	 1	 67,28	 97,31	  -6,6	   0,4	   7,8	   8,4	   3,5	  -2,7
*	     9,2364	 1	 65,83	 96,27	  -7,9	  -0,8	   6,5	   7,2	   2,3	  -4,0
*	     9,4994	 1	 58,07	 97,48	  -9,2	  -2,1	   5,2	   5,8	   1,0	  -5,3
*	     1,4804	 1	122,40	 95,38	 -14,9	  -8,9	  -3,1	  -0,7	  -5,0	 -11,8
*	     1,7086	 1	 70,11	 99,38	  -8,3	  -2,4	   3,5	   5,8	   1,5	  -5,3
*	     2,5952	 1	 68,07	 99,37	  -8,0	  -2,1	   3,8	   6,1	   1,9	  -5,0
s	     2,6579	 1	205,85	 90,62	  33,5	  39,2	  44,8	  43,2	  37,0	  30,5
*	     3,4619	 1	171,50	102,81	  13,4	  19,3	  25,2	  27,5	  23,2	  16,4
*	     2,9734	 1	165,09	106,36	  -4,1	   1,8	   7,7	  10,0	   5,7	  -1,1
*	     5,2068	 1	159,53	 90,58	   5,9	  11,9	  17,7	  20,1	  15,8	   8,9
*	     6,4023	 1	156,79	 90,40	   3,1	   9,0	  14,9	  17,2	  12,9	   6,1
*	     7,7063	 1	155,00	 90,28	   0,8	   6,7	  12,6	  14,9	  10,7	   3,8
*	     9,1180	 1	153,74	 90,20	  -1,1	   4,8	  10,7	  13,0	   8,7	   1,8
*	    10,6390	 1	152,81	 90,14	  -2,8	   3,1	   9,0	  11,4	   7,1	   0,2
*	    12,2714	 1	152,10	 90,10	  -4,3	   1,7	   7,5	   9,9	   5,6	  -1,3
*	    14,0171	 1	151,54	 90,06	  -5,6	   0,3	   6,2	   8,5	   4,2	  -2,7
*	    15,8775	 1	151,08	 90,03	  -6,9	  -1,0	   4,9	   7,2	   2,9	  -4,0
*	    17,8525	 1	150,71	 90,01	  -8,1	  -2,2	   3,7	   6,0	   1,7	  -5,2
*	    19,9416	 1	150,39	 89,98	  -9,2	  -3,3	   2,6	   4,9	   0,6	  -6,4
*	    22,1427	 1	150,11	 89,97	 -10,3	  -4,4	   1,5	   3,8	  -0,5	  -7,5
*	    24,4529	 1	149,88	 89,96	 -11,4	  -5,5	   0,4	   2,7	  -1,6	  -8,6
*	    26,8685	 1	149,68	 89,95	 -12,5	  -6,5	  -0,7	   1,6	  -2,7	  -9,7
*	    29,3848	 1	149,49	 89,93	 -13,5	  -7,6	  -1,7	   0,6	  -3,7	 -10,7
*	    31,9968	 1	149,33	 89,92	 -14,5	  -8,6	  -2,7	  -0,4	  -4,7	 -11,8
s	     5,8824	 1	 83,49	 89,94	  32,8	  33,6	  25,9	  26,3	  21,4	  28,3
*	    22,2781	 1	 84,89	 67,04	   0,4	   1,2	  -6,5	  -6,2	 -11,1	  -4,3
*	    21,1159	 1	 80,50	 66,00	   0,5	   1,3	  -6,5	  -6,1	 -11,0	  -4,2
*	    17,6745	 1	 84,90	 71,55	   3,7	   4,4	  -3,3	  -2,9	  -7,8	  -0,9
*	    16,6069	 1	 80,51	 70,68	   3,5	   4,3	  -3,4	  -3,0	  -7,9	  -1,1
*	    13,4227	 1	 84,90	 76,32	   7,6	   8,4	   0,7	   1,0	  -3,9	   3,0
*	    12,5407	 1	 80,51	 75,65	   7,0	   7,8	   0,1	   0,4	  -4,4	   2,4
*	     9,6552	 1	 84,90	 81,26	  12,5	  13,3	   5,6	   5,9	   1,1	   8,0
*	     9,1167	 1	 80,52	 80,84	  10,8	  11,6	   3,9	   4,3	  -0,6	   6,3
*	     6,7936	 1	 84,91	 86,34	  18,2	  19,0	  11,3	  11,7	   6,8	  13,7
*	     6,7875	 1	 80,53	 86,18	  14,4	  15,1	   7,4	   7,8	   2,9	   9,8
*	     6,1677	 1	 84,91	 91,47	  20,0	  20,8	  13,1	  13,4	   8,5	  15,5
*	     6,3454	 1	 80,53	 91,57	  15,2	  16,0	   8,3	   8,6	   3,8	  10,7
*	    25,7980	 1	 79,39	 61,33	  -2,3	  -1,5	  -9,2	  -8,8	 -13,8	  -7,0
*	    26,8124	 1	 83,89	 62,52	  -2,4	  -1,6	  -9,3	  -8,9	 -13,9	  -7,1
*	    30,9155	 1	 79,38	 57,27	  -4,7	  -4,0	 -11,7	 -11,3	 -16,2	  -9,5
*	    31,9575	 1	 83,88	 58,54	  -4,9	  -4,1	 -11,8	 -11,5	 -16,4	  -9,6
*	     9,0718	 1	 69,09	 95,86	   7,5	   8,2	   0,5	   0,9	  -4,0	   2,9
*	     8,2003	 1	 73,90	 95,46	   9,8	  10,6	   2,9	   3,2	  -1,6	   5,3
*	     8,4957	 1	 69,07	 89,63	   7,9	   8,7	   1,0	   1,4	  -3,5	   3,4
*	     7,5269	 1	 73,88	 89,60	  10,5	  11,3	   3,6	   3,9	  -1,0	   6,0
*	     9,1989	 1	 69,05	 83,38	   7,3	   8,1	   0,4	   0,8	  -4,1	   2,8
*	     8,3639	 1	 73,87	 83,76	   9,6	  10,4	   2,7	   3,1	  -1,8	   5,1
*	    11,0847	 1	 69,04	 77,30	   5,9	   6,7	  -1,0	  -0,6	  -5,5	   1,4
*	    10,5273	 1	 73,86	 78,03	   7,6	   8,4	   0,7	   1,1	  -3,8	   3,1
*	    13,9501	 1	 69,02	 71,46	   4,0	   4,8	  -2,9	  -2,5	  -7,4	  -0,5
*	    13,6864	 1	 73,85	 72,52	   5,1	   5,9	  -1,8	  -1,4	  -6,3	   0,6
*	    17,5831	 1	 69,00	 66,01	   1,9	   2,6	  -5,1	  -4,7	  -9,6	  -2,7
*	    17,5634	 1	 73,83	 67,31	   2,6	   3,3	  -4,4	  -4,0	  -8,9	  -2,1
*	    21,8101	 1	 68,98	 60,97	  -0,4	   0,4	  -7,3	  -6,9	 -11,8	  -5,0
*	    21,9715	 1	 73,82	 62,47	   0,0	   0,8	  -6,9	  -6,5	 -11,4	  -4,6
*	    30,9954	 1	 74,82	 55,17	  -4,2	  -3,4	 -11,1	 -10,7	 -15,7	  -8,9
*	    30,4973	 1	 70,12	 53,42	  -4,2	  -3,5	 -11,2	 -10,8	 -15,7	  -9,0
*	    25,9011	 1	 74,84	 59,29	  -1,8	  -1,1	  -8,8	  -8,4	 -13,3	  -6,5
*	    25,4872	 1	 70,13	 57,65	  -2,0	  -1,3	  -9,0	  -8,6	 -13,5	  -6,7
*	    26,6274	 1	 94,44	 68,86	  -0,6	   0,2	  -7,6	  -7,2	 -12,1	  -5,3
*	    24,3132	 1	 90,24	 68,10	   0,4	   1,2	  -6,5	  -6,2	 -11,1	  -4,3
*	    22,3095	 1	 94,44	 73,05	   2,3	   3,1	  -4,7	  -4,3	  -9,2	  -2,4
*	    19,7794	 1	 90,24	 72,43	   3,6	   4,4	  -3,3	  -3,0	  -7,9	  -1,0
*	    18,4253	 1	 94,44	 77,45	   5,6	   6,3	  -1,4	  -1,0	  -5,9	   0,9
*	    15,5954	 1	 90,24	 76,97	   7,5	   8,2	   0,5	   0,9	  -4,0	   2,9
*	    15,1755	 1	 94,44	 81,99	   9,1	   9,9	   2,2	   2,5	  -2,3	   4,5
*	    11,9002	 1	 90,24	 81,68	  12,2	  13,0	   5,3	   5,7	   0,8	   7,7
*	    12,9960	 1	 94,43	 86,62	  12,3	  13,0	   5,3	   5,7	   0,8	   7,7
*	     9,1252	 1	 90,24	 86,50	  17,6	  18,4	  10,7	  11,1	   6,2	  13,1
*	    12,5872	 1	 94,43	 91,29	  13,0	  13,7	   6,0	   6,4	   1,5	   8,4
*	     8,5287	 1	 90,24	 91,36	  19,2	  20,0	  12,3	  12,7	   7,8	  14,7
*	    32,0344	 1	 94,45	 64,27	  -3,6	  -2,8	 -10,5	 -10,2	 -15,1	  -8,4
*	    29,9119	 1	 90,24	 63,39	  -2,8	  -2,0	  -9,7	  -9,4	 -14,3	  -7,5
*	     8,6340	 1	178,00	 87,51	   7,9	  13,8	  19,7	  22,1	  17,8	  10,9
*	     9,6830	 1	172,09	 87,90	   5,7	  11,6	  17,5	  19,8	  15,5	   8,6
*	    10,8948	 1	167,98	 88,18	   3,7	   9,6	  15,5	  17,8	  13,5	   6,6
*	    12,2448	 1	164,96	 88,38	   1,9	   7,9	  13,7	  16,1	  11,8	   4,9
*	    13,7209	 1	162,68	 88,55	   0,4	   6,3	  12,2	  14,5	  10,2	   3,3
*	    15,3170	 1	160,89	 88,68	  -1,0	   4,9	  10,8	  13,1	   8,8	   1,9
*	    17,0299	 1	159,46	 88,79	  -2,3	   3,6	   9,5	  11,8	   7,5	   0,6
*	    18,8573	 1	158,29	 88,87	  -3,5	   2,4	   8,3	  10,6	   6,3	  -0,7
*	    20,7973	 1	157,30	 88,94	  -4,7	   1,2	   7,1	   9,4	   5,1	  -1,9
*	    22,8478	 1	156,48	 89,01	  -5,8	   0,1	   6,0	   8,3	   4,0	  -3,0
*	    25,0061	 1	155,77	 89,06	  -6,9	  -0,9	   4,9	   7,2	   2,9	  -4,1
*	    27,2692	 1	155,15	 89,10	  -7,9	  -2,0	   3,9	   6,2	   1,9	  -5,1
*	    29,6334	 1	154,62	 89,14	  -8,9	  -3,0	   2,9	   5,2	   0,9	  -6,2
*	    32,0945	 1	154,14	 89,19	  -9,9	  -4,0	   1,9	   4,2	  -0,1	  -7,2
*	    34,6480	 1	153,73	 89,22	 -10,9	  -5,0	   0,9	   3,2	  -1,1	  -8,2
s	     8,7033	 2	211,64	 90,60	  31,6	  32,1	  23,8	  23,5	  18,2	  24,7
*	    10,6905	 1	 57,68	 97,08	   5,7	   6,5	  -1,2	  -0,8	  -5,7	   1,2
*	     9,9526	 1	 63,05	 96,48	   6,7	   7,5	  -0,2	   0,2	  -4,7	   2,2
*	    10,2042	 1	 57,65	 89,67	   6,0	   6,8	  -0,9	  -0,6	  -5,4	   1,5
*	     9,4396	 1	 63,02	 89,65	   7,1	   7,8	   0,1	   0,5	  -4,4	   2,5
*	    10,7734	 1	 57,62	 82,26	   5,7	   6,4	  -1,3	  -0,9	  -5,8	   1,1
*	    10,0515	 1	 63,00	 82,82	   6,7	   7,4	  -0,3	   0,1	  -4,8	   2,1
*	    12,3582	 1	 57,58	 75,09	   4,8	   5,6	  -2,1	  -1,8	  -6,7	   0,2
*	    11,7340	 1	 62,97	 76,17	   5,6	   6,4	  -1,3	  -0,9	  -5,8	   1,1
*	    14,8596	 1	 57,55	 68,35	   3,5	   4,2	  -3,5	  -3,1	  -8,0	  -1,1
*	    14,3592	 1	 62,95	 69,88	   4,1	   4,9	  -2,8	  -2,4	  -7,3	  -0,5
*	    18,1475	 1	 57,52	 62,18	   1,8	   2,6	  -5,1	  -4,7	  -9,6	  -2,8
*	    17,7707	 1	 62,92	 64,05	   2,3	   3,1	  -4,6	  -4,3	  -9,2	  -2,3
*	    22,0870	 1	 57,49	 56,63	  -0,0	   0,8	  -6,9	  -6,6	 -11,5	  -4,7
*	    21,8184	 1	 62,90	 58,72	   0,3	   1,1	  -6,6	  -6,2	 -11,1	  -4,3
*	    30,3136	 1	 63,99	 51,05	  -3,3	  -2,5	 -10,2	  -9,9	 -14,8	  -8,0
*	    30,3142	 1	 58,77	 48,74	  -3,4	  -2,6	 -10,4	 -10,0	 -14,9	  -8,2
*	    25,4145	 1	 64,01	 55,40	  -1,2	  -0,4	  -8,2	  -7,8	 -12,7	  -5,9
*	    25,4856	 1	 58,80	 53,19	  -1,4	  -0,7	  -8,4	  -8,0	 -12,9	  -6,1
*	    11,1047	 1	 38,59	 98,43	  -4,3	   4,8	  12,3	  16,0	  10,6	   3,8
*	    10,7826	 1	 38,54	 90,81	  -4,1	   5,0	  12,5	  16,2	  10,8	   4,0
*	    10,9996	 1	 38,49	 83,17	  -4,2	   4,9	  12,4	  16,1	  10,7	   3,9
*	    11,7475	 1	 38,44	 75,74	  -4,7	   4,4	  11,9	  15,7	  10,2	   3,5
*	    12,9984	 1	 38,40	 68,77	  -5,4	   3,7	  11,2	  15,0	   9,5	   2,7
*	    14,7100	 1	 38,35	 62,39	  -6,3	   2,8	  10,3	  14,0	   8,6	   1,8
*	    16,8325	 1	 38,30	 56,66	  -7,4	   1,7	   9,1	  12,9	   7,4	   0,6
*	    19,3147	 1	 38,26	 51,60	  -8,7	   0,4	   7,9	  11,6	   6,2	  -0,6
*	    22,1079	 1	 38,21	 47,14	 -10,0	  -0,9	   6,6	  10,3	   4,8	  -2,0
*	    25,1681	 1	 38,16	 43,24	 -11,4	  -2,3	   5,2	   8,9	   3,5	  -3,4
*	    28,4568	 1	 38,11	 39,84	 -12,8	  -3,7	   3,8	   7,5	   2,1	  -4,8
*	    31,9407	 1	 38,06	 36,85	 -14,1	  -5,1	   2,4	   6,2	   0,7	  -6,2
*	    35,5917	 1	 38,02	 34,23	 -15,5	  -6,4	   1,0	   4,8	  -0,7	  -7,6
*	    39,3861	 1	 37,97	 31,90	 -16,9	  -7,8	  -0,3	   3,4	  -2,1	  -9,0
*	    11,5115	 1	 44,24	 94,69	   6,0	   6,8	  -0,9	  -0,6	  -5,5	   1,4
*	    10,9824	 1	 50,66	 94,16	   6,1	   6,9	  -0,8	  -0,4	  -5,3	   1,6
*	    11,5095	 1	 44,19	 85,39	   6,0	   6,8	  -0,9	  -0,6	  -5,4	   1,4
*	    10,9850	 1	 50,61	 85,78	   6,1	   6,9	  -0,8	  -0,4	  -5,3	   1,6
*	    12,5222	 1	 44,14	 76,29	   5,5	   6,2	  -1,5	  -1,1	  -6,0	   0,9
*	    12,0009	 1	 50,57	 77,57	   5,6	   6,4	  -1,4	  -1,0	  -5,9	   1,0
*	    14,4877	 1	 44,09	 67,85	   4,4	   5,2	  -2,5	  -2,1	  -7,0	  -0,2
*	    13,9696	 1	 50,53	 69,83	   4,6	   5,3	  -2,4	  -2,0	  -6,9	  -0,0
*	    17,2996	 1	 44,03	 60,27	   3,0	   3,8	  -3,9	  -3,6	  -8,5	  -1,6
*	    16,7868	 1	 50,49	 62,77	   3,2	   3,9	  -3,8	  -3,4	  -8,3	  -1,5
*	    20,8315	 1	 43,98	 53,68	   1,4	   2,1	  -5,6	  -5,2	 -10,1	  -3,3
*	    20,3278	 1	 50,45	 56,49	   1,5	   2,3	  -5,4	  -5,1	 -10,0	  -3,1
*	    24,9586	 1	 43,93	 48,03	  -0,5	   0,3	  -7,4	  -7,0	 -12,0	  -5,2
*	    24,4680	 1	 50,40	 51,00	  -0,3	   0,5	  -7,3	  -6,9	 -11,8	  -5,0
*	    35,7638	 1	 51,71	 41,66	  -4,7	  -3,9	 -11,7	 -11,3	 -16,2	  -9,5
*	    36,0895	 1	 45,53	 38,67	  -4,8	  -4,0	 -11,8	 -11,4	 -16,3	  -9,6
*	    30,6325	 1	 51,75	 45,59	  -2,8	  -2,0	  -9,7	  -9,4	 -14,3	  -7,6
*	    30,9751	 1	 45,58	 42,57	  -2,9	  -2,1	  -9,9	  -9,5	 -14,4	  -7,7
*	    25,8661	 1	 51,79	 50,12	  -0,9	  -0,1	  -7,8	  -7,5	 -12,4	  -5,6
*	    26,2253	 1	 45,63	 47,14	  -1,0	  -0,2	  -8,0	  -7,6	 -12,5	  -5,7
*	    11,4437	 1	 31,44	 98,02	  -2,7	   6,4	  13,9	  17,6	  12,2	   5,4
*	    11,2034	 1	 31,38	 89,48	  -2,5	   6,6	  14,0	  17,8	  12,4	   5,6
*	    11,5259	 1	 31,32	 80,94	  -2,7	   6,4	  13,8	  17,6	  12,1	   5,4
*	    12,3965	 1	 31,26	 72,78	  -3,3	   5,8	  13,3	  17,0	  11,6	   4,8
*	    13,7768	 1	 31,21	 65,28	  -4,1	   4,9	  12,4	  16,2	  10,7	   4,0
*	    15,6142	 1	 31,15	 58,56	  -5,2	   3,9	  11,4	  15,1	   9,7	   2,9
*	    17,8512	 1	 31,09	 52,69	  -6,5	   2,6	  10,1	  13,9	   8,4	   1,6
*	    20,4320	 1	 31,03	 47,59	  -7,8	   1,3	   8,8	  12,5	   7,1	   0,2
*	    23,3066	 1	 30,97	 43,20	  -9,2	  -0,1	   7,4	  11,1	   5,7	  -1,2
*	    26,4315	 1	 30,92	 39,43	 -10,6	  -1,5	   6,0	   9,7	   4,2	  -2,6
*	    29,7698	 1	 30,86	 36,16	 -12,0	  -2,9	   4,6	   8,3	   2,8	  -4,1
*	    33,2906	 1	 30,80	 33,34	 -13,4	  -4,3	   3,1	   6,9	   1,4	  -5,5
*	    36,9680	 1	 30,74	 30,88	 -14,8	  -5,7	   1,8	   5,5	   0,0	  -6,9
*	    40,7800	 1	 30,68	 28,73	 -16,2	  -7,1	   0,4	   4,1	  -1,4	  -8,3
s	    11,8601	 1	  5,98	 90,29	  30,7	  34,9	  40,4	  39,8	  35,3	  29,6
*	    11,9197	 1	  6,04	 95,43	   1,3	  10,4	  17,9	  21,6	  16,2	   9,4
*	    11,9822	 1	  5,95	 82,94	   1,3	  10,4	  17,9	  21,6	  16,2	   9,4
*	    12,7321	 1	  5,85	 71,07	   0,6	   9,7	  17,2	  20,9	  15,5	   8,7
*	    14,0995	 1	  5,75	 60,66	  -0,6	   8,5	  16,0	  19,7	  14,3	   7,5
*	    15,9833	 1	  5,65	 52,00	  -2,1	   7,0	  14,5	  18,2	  12,8	   6,0
*	    18,2846	 1	  5,55	 44,99	  -3,7	   5,4	  12,9	  16,6	  11,1	   4,3
*	    20,9223	 1	  5,46	 39,34	  -5,4	   3,7	  11,2	  14,9	   9,5	   2,6
*	    23,8341	 1	  5,36	 34,79	  -7,1	   2,0	   9,5	  13,2	   7,8	   0,9
*	    26,9732	 1	  5,26	 31,09	  -8,7	   0,4	   7,9	  11,6	   6,1	  -0,7
*	    30,3039	 1	  5,16	 28,03	 -10,3	  -1,2	   6,3	  10,0	   4,5	  -2,3
*	    33,7985	 1	  5,06	 25,49	 -11,8	  -2,7	   4,8	   8,5	   3,0	  -3,9
*	    37,4348	 1	  4,96	 23,33	 -13,3	  -4,2	   3,3	   7,0	   1,5	  -5,4
*	    41,1946	 1	  4,87	 21,51	 -14,7	  -5,6	   1,9	   5,6	   0,1	  -6,9
*	    12,1934	 1	 15,10	 96,47	  -0,1	   9,0	  16,5	  20,2	  14,8	   8,0
*	    12,1408	 1	 15,02	 85,74	  -0,1	   9,0	  16,5	  20,3	  14,8	   8,0
*	    12,7168	 1	 14,94	 75,27	  -0,5	   8,6	  16,1	  19,8	  14,4	   7,6
*	    13,8804	 1	 14,86	 65,73	  -1,4	   7,7	  15,2	  18,9	  13,5	   6,7
*	    15,5606	 1	 14,78	 57,41	  -2,6	   6,5	  14,0	  17,7	  12,3	   5,5
*	    17,6781	 1	 14,69	 50,37	  -4,0	   5,1	  12,6	  16,3	  10,9	   4,1
*	    20,1593	 1	 14,61	 44,53	  -5,5	   3,6	  11,1	  14,8	   9,4	   2,5
*	    22,9428	 1	 14,53	 39,67	  -7,0	   2,1	   9,5	  13,3	   7,8	   1,0
*	    25,9790	 1	 14,45	 35,64	  -8,6	   0,5	   8,0	  11,7	   6,3	  -0,6
*	    29,2286	 1	 14,37	 32,27	 -10,1	  -1,0	   6,5	  10,2	   4,8	  -2,1
*	    32,6600	 1	 14,28	 29,43	 -11,6	  -2,5	   5,0	   8,7	   3,3	  -3,6
*	    36,2477	 1	 14,20	 27,00	 -13,0	  -3,9	   3,6	   7,3	   1,8	  -5,1
*	    39,9706	 1	 14,12	 24,93	 -14,4	  -5,3	   2,2	   5,9	   0,4	  -6,6
*	    12,1505	 1	354,01	 93,81	   2,6	  11,7	  19,2	  22,9	  17,5	  10,7
*	    12,3529	 1	353,90	 79,53	   2,4	  11,5	  18,9	  22,7	  17,2	  10,5
*	    13,2955	 1	353,78	 66,43	   1,4	  10,5	  18,0	  21,7	  16,3	   9,5
*	    14,8691	 1	353,67	 55,50	  -0,1	   9,0	  16,4	  20,2	  14,7	   8,0
*	    16,9417	 1	353,56	 46,81	  -1,9	   7,2	  14,7	  18,4	  13,0	   6,2
*	    19,4013	 1	353,45	 40,05	  -3,7	   5,4	  12,8	  16,6	  11,1	   4,3
*	    22,1649	 1	353,34	 34,77	  -5,6	   3,5	  11,0	  14,7	   9,3	   2,5
*	    25,1740	 1	353,22	 30,59	  -7,3	   1,8	   9,2	  13,0	   7,5	   0,7
*	    28,3866	 1	353,11	 27,24	  -9,0	   0,1	   7,5	  11,3	   5,8	  -1,1
*	    31,7717	 1	353,00	 24,52	 -10,7	  -1,6	   5,9	   9,7	   4,2	  -2,7
*	    35,3054	 1	352,89	 22,26	 -12,2	  -3,1	   4,4	   8,1	   2,6	  -4,3
*	    38,9689	 1	352,78	 20,37	 -13,7	  -4,6	   2,9	   6,6	   1,1	  -5,8
*	    42,7464	 1	352,66	 18,77	 -15,1	  -6,0	   1,5	   5,2	  -0,3	  -7,3
*	    12,4963	 1	 22,42	 97,22	  -1,5	   7,6	  15,1	  18,9	  13,4	   6,7
*	    12,3476	 1	 22,35	 87,86	  -1,3	   7,7	  15,2	  19,0	  13,5	   6,8
*	    12,7808	 1	 22,28	 78,60	  -1,6	   7,4	  14,9	  18,7	  13,2	   6,5
*	    13,7720	 1	 22,21	 69,90	  -2,3	   6,8	  14,3	  18,0	  12,6	   5,8
*	    15,2717	 1	 22,14	 62,05	  -3,3	   5,8	  13,3	  17,0	  11,6	   4,8
*	    17,2177	 1	 22,08	 55,20	  -4,5	   4,6	  12,1	  15,8	  10,4	   3,6
*	    19,5464	 1	 22,01	 49,31	  -5,8	   3,3	  10,8	  14,5	   9,1	   2,2
*	    22,2000	 1	 21,94	 44,29	  -7,2	   1,9	   9,4	  13,1	   7,6	   0,8
*	    25,1287	 1	 21,87	 40,04	  -8,6	   0,4	   7,9	  11,7	   6,2	  -0,7
*	    28,2912	 1	 21,80	 36,42	 -10,1	  -1,0	   6,5	  10,2	   4,7	  -2,1
*	    31,6529	 1	 21,73	 33,33	 -11,5	  -2,4	   5,1	   8,8	   3,3	  -3,6
*	    35,1856	 1	 21,66	 30,67	 -12,9	  -3,8	   3,6	   7,4	   1,9	  -5,0
*	    38,8655	 1	 21,59	 28,37	 -14,3	  -5,2	   2,3	   6,0	   0,5	  -6,4
*	    42,6731	 1	 21,53	 26,36	 -15,6	  -6,6	   0,9	   4,6	  -0,8	  -7,8
s	    12,4536	 1	 16,27	 90,21	  31,6	  32,4	  24,7	  25,0	  20,1	  27,0
*	    23,6312	 1	 16,27	 40,33	   2,0	   2,7	  -5,0	  -4,6	  -9,5	  -2,7
*	    19,7541	 1	 16,37	 47,26	   4,1	   4,8	  -2,9	  -2,5	  -7,4	  -0,6
*	    16,5198	 1	 16,48	 56,16	   6,0	   6,8	  -0,9	  -0,6	  -5,4	   1,4
*	    14,1093	 1	 16,59	 67,35	   7,6	   8,4	   0,7	   1,1	  -3,8	   3,1
*	    12,7249	 1	 16,70	 80,67	   8,7	   9,4	   1,7	   2,1	  -2,8	   4,1
*	    12,5236	 1	 16,81	 95,04	   8,8	   9,6	   1,9	   2,2	  -2,6	   4,2
*	    38,6320	 1	 15,92	 26,83	  -4,5	  -3,7	 -11,4	 -11,1	 -16,0	  -9,3
*	    33,4926	 1	 16,03	 30,14	  -2,5	  -1,7	  -9,5	  -9,1	 -14,0	  -7,3
*	    28,6646	 1	 16,14	 34,26	  -0,4	   0,3	  -7,4	  -7,0	 -12,0	  -5,2
*	    12,7077	 1	338,88	 91,55	   3,5	  12,6	  20,1	  23,8	  18,4	  11,6
*	    13,0736	 1	338,76	 75,62	   3,0	  12,1	  19,6	  23,4	  17,9	  11,1
*	    14,2177	 1	338,64	 61,65	   1,7	  10,8	  18,3	  22,0	  16,6	   9,8
*	    15,9860	 1	338,52	 50,58	  -0,1	   9,0	  16,5	  20,2	  14,7	   7,9
*	    18,2223	 1	338,40	 42,16	  -2,1	   7,0	  14,4	  18,2	  12,7	   5,9
*	    20,8098	 1	338,28	 35,81	  -4,1	   5,0	  12,4	  16,2	  10,7	   3,9
*	    23,6697	 1	338,17	 30,96	  -6,1	   3,0	  10,5	  14,3	   8,8	   1,9
*	    26,7495	 1	338,05	 27,17	  -7,9	   1,2	   8,7	  12,4	   7,0	   0,1
*	    30,0126	 1	337,93	 24,17	  -9,6	  -0,5	   7,0	  10,7	   5,2	  -1,7
*	    33,4325	 1	337,81	 21,73	 -11,3	  -2,2	   5,3	   9,0	   3,6	  -3,3
*	    36,9891	 1	337,70	 19,74	 -12,8	  -3,7	   3,8	   7,5	   2,0	  -4,9
*	    40,6659	 1	337,58	 18,07	 -14,3	  -5,2	   2,3	   6,0	   0,5	  -6,5
*	    44,4497	 1	337,46	 16,65	 -15,7	  -6,6	   0,9	   4,6	  -0,9	  -7,9
*	    12,7497	 1	191,41	 85,41	   7,1	  13,0	  18,9	  21,2	  16,9	  10,0
*	    13,5908	 1	184,41	 85,97	   5,5	  11,4	  17,3	  19,6	  15,3	   8,4
s	    13,8691	 2	238,53	 90,71	  30,6	  31,2	  22,9	  22,6	  17,3	  23,8
s	    13,9040	 2	284,66	 90,76	  29,7	  33,6	  38,5	  37,2	  32,3	  26,2
*	    14,0674	 1	324,67	 88,75	   3,3	  12,4	  19,9	  23,6	  18,2	  11,4
*	    14,5836	 1	324,56	 72,71	   2,6	  11,7	  19,2	  23,0	  17,5	  10,7
*	    15,8594	 1	324,46	 59,02	   1,1	  10,2	  17,7	  21,5	  16,0	   9,2
*	    17,7274	 1	324,35	 48,39	  -0,8	   8,3	  15,8	  19,5	  14,1	   7,3
*	    20,0332	 1	324,25	 40,38	  -2,8	   6,3	  13,8	  17,5	  12,0	   5,2
*	    22,6667	 1	324,14	 34,36	  -4,8	   4,3	  11,8	  15,5	  10,0	   3,2
*	    25,5554	 1	324,04	 29,77	  -6,7	   2,4	   9,8	  13,6	   8,1	   1,2
*	    28,6512	 1	323,93	 26,19	  -8,5	   0,5	   8,0	  11,8	   6,3	  -0,6
*	    31,9209	 1	323,83	 23,34	 -10,3	  -1,2	   6,3	  10,0	   4,6	  -2,3
*	    35,3403	 1	323,72	 21,03	 -11,9	  -2,8	   4,7	   8,4	   2,9	  -4,0
*	    38,8909	 1	323,62	 19,13	 -13,4	  -4,3	   3,2	   6,9	   1,4	  -5,5
*	    42,5576	 1	323,52	 17,53	 -14,8	  -5,8	   1,7	   5,4	  -0,1	  -7,0
*	    46,3281	 1	323,41	 16,18	 -16,2	  -7,1	   0,3	   4,0	  -1,5	  -8,5
s	    16,1291	 2	 12,81	 90,21	  28,5	  28,1	  20,1	  21,1	  16,1	  23,2
*	    16,1692	 1	302,21	 85,98	   2,1	  11,2	  18,6	  22,4	  16,9	  10,1
*	    16,8199	 1	302,14	 70,34	   1,3	  10,3	  17,8	  21,6	  16,1	   9,3
*	    18,1940	 1	302,08	 57,25	  -0,3	   8,8	  16,3	  20,0	  14,6	   7,7
*	    20,1241	 1	302,01	 47,13	  -2,2	   6,8	  14,3	  18,1	  12,6	   5,8
*	    22,4647	 1	301,94	 39,54	  -4,3	   4,8	  12,3	  16,1	  10,6	   3,8
*	    25,1140	 1	301,87	 33,78	  -6,2	   2,9	  10,3	  14,1	   8,6	   1,8
*	    28,0054	 1	301,80	 29,38	  -8,1	   1,0	   8,5	  12,2	   6,7	  -0,1
*	    31,0944	 1	301,74	 25,92	  -9,9	  -0,8	   6,7	  10,4	   5,0	  -1,9
*	    34,3504	 1	301,67	 23,17	 -11,5	  -2,4	   5,0	   8,8	   3,3	  -3,6
*	    37,7509	 1	301,60	 20,93	 -13,1	  -4,0	   3,5	   7,2	   1,7	  -5,2
*	    41,2785	 1	301,54	 19,07	 -14,6	  -5,5	   2,0	   5,7	   0,2	  -6,8
*	    44,9193	 1	301,47	 17,51	 -16,0	  -6,9	   0,6	   4,3	  -1,2	  -8,2
*	    48,6617	 1	301,40	 16,20	 -17,4	  -8,3	  -0,8	   2,9	  -2,6	  -9,6
*	    17,5373	 1	 98,56	 94,09	   9,4	  10,2	   2,5	   2,9	  -2,0	   4,8
*	    21,7491	 1	102,70	 93,97	   5,7	   6,5	  -1,2	  -0,8	  -5,7	   1,1
*	    16,8629	 1	 98,57	 89,59	  10,2	  11,0	   3,2	   3,6	  -1,3	   5,6
*	    21,2032	 1	102,70	 89,58	   6,2	   7,0	  -0,7	  -0,4	  -5,3	   1,5
*	    17,7158	 1	 98,57	 85,08	   9,2	  10,0	   2,3	   2,6	  -2,3	   4,6
*	    21,8871	 1	102,71	 85,21	   5,6	   6,4	  -1,3	  -1,0	  -5,9	   0,9
*	    19,8712	 1	 98,58	 80,62	   7,0	   7,8	   0,1	   0,5	  -4,5	   2,4
*	    23,6895	 1	102,72	 80,86	   4,2	   4,9	  -2,8	  -2,4	  -7,3	  -0,5
*	    22,9524	 1	 98,58	 76,26	   4,4	   5,2	  -2,5	  -2,1	  -7,0	  -0,2
*	    26,3884	 1	102,73	 76,64	   2,3	   3,0	  -4,7	  -4,3	  -9,2	  -2,4
*	    26,6732	 1	 98,59	 72,06	   1,9	   2,6	  -5,1	  -4,7	  -9,6	  -2,8
*	    29,7692	 1	102,74	 72,53	   0,2	   1,0	  -6,7	  -6,4	 -11,3	  -4,5
*	    30,8601	 1	 98,59	 68,05	  -0,6	   0,2	  -7,5	  -7,1	 -12,1	  -5,3
*	    33,6714	 1	102,74	 68,60	  -1,9	  -1,1	  -8,8	  -8,5	 -13,4	  -6,7
*	    39,7280	 1	 99,60	 61,54	  -4,7	  -3,9	 -11,6	 -11,3	 -16,2	  -9,5
*	    37,7618	 1	103,70	 65,80	  -3,8	  -3,0	 -10,7	 -10,4	 -15,3	  -8,6
*	    34,9877	 1	 99,60	 65,16	  -2,6	  -1,8	  -9,5	  -9,2	 -14,1	  -7,4
*	    17,6171	 1	288,13	 83,43	   0,6	   9,7	  17,2	  20,9	  15,4	   8,6
*	    18,3809	 1	288,09	 68,62	  -0,3	   8,8	  16,2	  20,0	  14,5	   7,7
*	    19,8246	 1	288,05	 56,33	  -1,9	   7,2	  14,7	  18,4	  13,0	   6,1
*	    21,7917	 1	288,01	 46,77	  -3,8	   5,3	  12,8	  16,5	  11,1	   4,2
*	    24,1496	 1	287,98	 39,50	  -5,7	   3,4	  10,9	  14,6	   9,1	   2,3
*	    26,8053	 1	287,94	 33,97	  -7,6	   1,5	   9,0	  12,7	   7,2	   0,4
*	    29,6966	 1	287,90	 29,67	  -9,4	  -0,3	   7,1	  10,9	   5,4	  -1,5
*	    32,7814	 1	287,86	 26,29	 -11,1	  -2,1	   5,4	   9,2	   3,7	  -3,2
*	    36,0303	 1	287,83	 23,56	 -12,8	  -3,7	   3,8	   7,5	   2,0	  -4,9
*	    39,4217	 1	287,79	 21,34	 -14,3	  -5,2	   2,3	   6,0	   0,5	  -6,5
*	    42,9386	 1	287,75	 19,48	 -15,8	  -6,7	   0,8	   4,5	  -1,0	  -7,9
*	    46,5675	 1	287,71	 17,93	 -17,1	  -8,1	  -0,6	   3,1	  -2,4	  -9,4
s	    18,4321	 3	278,32	 90,75	  27,5	  26,7	  18,1	  18,5	  13,2	  19,8
*	    20,9294	 1	269,85	 82,04	  -3,0	   6,1	  13,5	  17,3	  11,8	   5,0
*	    21,7244	 1	269,85	 69,32	  -3,9	   5,2	  12,7	  16,5	  11,0	   4,2
*	    23,1250	 1	269,85	 58,44	  -5,2	   3,9	  11,4	  15,1	   9,7	   2,8
*	    25,0131	 1	269,85	 49,63	  -6,8	   2,3	   9,8	  13,5	   8,1	   1,2
*	    27,2822	 1	269,85	 42,67	  -8,5	   0,6	   8,1	  11,8	   6,4	  -0,5
*	    29,8511	 1	269,85	 37,16	 -10,2	  -1,1	   6,4	  10,1	   4,7	  -2,2
*	    32,6615	 1	269,85	 32,79	 -11,8	  -2,7	   4,8	   8,5	   3,0	  -3,9
*	    35,6719	 1	269,85	 29,26	 -13,4	  -4,3	   3,2	   6,9	   1,4	  -5,5
*	    38,8524	 1	269,85	 26,38	 -14,9	  -5,8	   1,7	   5,4	  -0,1	  -7,1
*	    42,1801	 1	269,85	 23,99	 -16,3	  -7,3	   0,2	   3,9	  -1,6	  -8,5
*	    45,6375	 1	269,85	 21,98	 -17,7	  -8,6	  -1,2	   2,6	  -2,9	  -9,9
*	    49,2103	 1	269,85	 20,29	 -19,1	 -10,0	  -2,5	   1,2	  -4,3	 -11,3
*	    32,4207	 1	276,14	 32,89	   1,5	   2,2	  -5,5	  -5,1	 -10,1	  -3,3
*	    28,5211	 1	276,16	 39,47	   3,8	   4,6	  -3,1	  -2,8	  -7,7	  -0,9
*	    25,1577	 1	276,17	 48,61	   6,2	   7,0	  -0,7	  -0,4	  -5,3	   1,5
*	    22,5399	 1	276,19	 61,36	   8,5	   9,2	   1,5	   1,9	  -3,0	   3,8
*	    20,9714	 1	276,21	 78,19	  10,0	  10,8	   3,1	   3,4	  -1,5	   5,3
*	    42,0319	 1	276,11	 23,95	  -3,2	  -2,4	 -10,1	  -9,8	 -14,7	  -8,0
*	    37,3625	 1	276,12	 27,48	  -1,1	  -0,3	  -8,0	  -7,7	 -12,6	  -5,9
*	    22,0064	 1	207,01	 83,35	   3,9	   9,8	  15,7	  18,0	  13,7	   6,7
*	    23,2907	 1	261,60	 80,77	  -0,1	   9,0	  16,5	  20,2	  14,7	   7,9
*	    24,1277	 1	261,61	 69,42	  -0,9	   8,2	  15,7	  19,4	  14,0	   7,1
*	    25,5193	 1	261,62	 59,55	  -2,1	   7,0	  14,5	  18,3	  12,8	   5,9
*	    27,3692	 1	261,64	 51,36	  -3,5	   5,6	  13,1	  16,8	  11,4	   4,5
*	    29,5880	 1	261,65	 44,70	  -5,0	   4,1	  11,6	  15,3	   9,8	   2,9
*	    32,1041	 1	261,67	 39,31	  -6,6	   2,5	  10,0	  13,7	   8,3	   1,4
*	    34,8635	 1	261,68	 34,95	  -8,1	   1,0	   8,5	  12,2	   6,7	  -0,2
*	    37,8262	 1	261,69	 31,38	  -9,6	  -0,5	   7,0	  10,7	   5,2	  -1,7
*	    40,9624	 1	261,71	 28,42	 -11,0	  -1,9	   5,6	   9,3	   3,8	  -3,2
*	    44,2491	 1	261,72	 25,94	 -12,4	  -3,3	   4,2	   7,9	   2,4	  -4,6
*	    47,6684	 1	261,73	 23,84	 -13,7	  -4,6	   2,8	   6,6	   1,1	  -5,9
*	    51,2054	 1	261,75	 22,05	 -15,0	  -5,9	   1,6	   5,3	  -0,2	  -7,3
*	    23,6407	 1	254,55	 81,00	  -7,4	   1,7	   9,1	  12,9	   7,4	   0,6
*	    24,4626	 1	254,57	 69,89	  -8,2	   0,9	   8,4	  12,2	   6,7	  -0,2
*	    25,8320	 1	254,60	 60,17	  -9,3	  -0,2	   7,3	  11,0	   5,6	  -1,3
*	    27,6577	 1	254,62	 52,05	 -10,7	  -1,6	   5,9	   9,6	   4,2	  -2,7
*	    29,8531	 1	254,64	 45,40	 -12,2	  -3,1	   4,4	   8,1	   2,7	  -4,2
*	    32,3479	 1	254,67	 40,01	 -13,7	  -4,6	   2,9	   6,6	   1,1	  -5,8
*	    35,0885	 1	254,69	 35,61	 -15,2	  -6,1	   1,4	   5,1	  -0,4	  -7,3
*	    38,0349	 1	254,72	 32,00	 -16,7	  -7,6	  -0,1	   3,6	  -1,8	  -8,8
*	    41,1568	 1	254,74	 29,00	 -18,1	  -9,0	  -1,5	   2,2	  -3,3	 -10,2
*	    44,4311	 1	254,77	 26,49	 -19,4	 -10,3	  -2,9	   0,8	  -4,7	 -11,6
*	    47,8394	 1	254,79	 24,36	 -20,8	 -11,7	  -4,2	  -0,5	  -6,0	 -13,0
*	    51,3667	 1	254,82	 22,54	 -22,0	 -12,9	  -5,5	  -1,7	  -7,3	 -14,3
*	    26,4934	 1	244,20	 80,36	 -13,0	  -3,9	   3,6	   7,3	   1,9	  -5,0
*	    27,3288	 1	244,24	 70,64	 -13,6	  -4,5	   2,9	   6,7	   1,2	  -5,7
*	    28,6609	 1	244,27	 61,97	 -14,6	  -5,5	   2,0	   5,7	   0,2	  -6,6
*	    30,4196	 1	244,31	 54,52	 -15,8	  -6,7	   0,8	   4,5	  -0,9	  -7,8
*	    32,5356	 1	244,34	 48,24	 -17,1	  -8,0	  -0,5	   3,2	  -2,3	  -9,2
*	    34,9490	 1	244,38	 42,99	 -18,4	  -9,3	  -1,9	   1,9	  -3,6	 -10,5
*	    37,6115	 1	244,41	 38,61	 -19,8	 -10,7	  -3,2	   0,5	  -5,0	 -11,9
*	    40,4852	 1	244,45	 34,95	 -21,1	 -12,1	  -4,6	  -0,9	  -6,3	 -13,3
*	    43,5403	 1	244,48	 31,86	 -22,5	 -13,4	  -5,9	  -2,2	  -7,7	 -14,7
*	    26,6555	 1	249,60	 80,30	  -1,3	   7,8	  15,3	  19,1	  13,6	   6,7
*	    27,4946	 1	249,63	 70,51	  -1,9	   7,2	  14,7	  18,4	  12,9	   6,1
*	    28,8318	 1	249,66	 61,80	  -2,9	   6,2	  13,7	  17,4	  12,0	   5,1
*	    30,5958	 1	249,69	 54,31	  -4,1	   5,0	  12,5	  16,2	  10,8	   3,9
*	    32,7165	 1	249,72	 48,02	  -5,4	   3,7	  11,2	  14,9	   9,4	   2,5
*	    35,1336	 1	249,75	 42,77	  -6,7	   2,3	   9,8	  13,6	   8,1	   1,1
*	    37,7987	 1	249,77	 38,41	  -8,1	   1,0	   8,5	  12,2	   6,7	  -0,3
*	    40,6738	 1	249,80	 34,75	  -9,5	  -0,4	   7,1	  10,8	   5,3	  -1,6
*	    43,7295	 1	249,83	 31,67	 -10,8	  -1,7	   5,8	   9,5	   4,0	  -3,0
*	    46,9422	 1	249,86	 29,06	 -12,1	  -3,0	   4,5	   8,2	   2,7	  -4,3
*	    50,2933	 1	249,89	 26,81	 -13,3	  -4,2	   3,2	   7,0	   1,4	  -5,6
*	    53,7672	 1	249,91	 24,88	 -14,5	  -5,4	   2,0	   5,7	   0,2	  -6,8
*	    40,0531	 1	112,73	 71,07	  -2,2	  -1,5	  -9,2	  -8,8	 -13,8	  -7,1
*	    36,7884	 1	108,70	 70,69	  -0,8	  -0,0	  -7,7	  -7,4	 -12,3	  -5,6
*	    36,9803	 1	112,72	 74,88	  -0,9	  -0,1	  -7,9	  -7,5	 -12,4	  -5,7
*	    33,4750	 1	108,69	 74,56	   0,8	   1,6	  -6,1	  -5,8	 -10,7	  -4,0
*	    34,5006	 1	112,71	 78,83	   0,3	   1,0	  -6,7	  -6,3	 -11,3	  -4,5
*	    30,7604	 1	108,68	 78,58	   2,2	   3,0	  -4,7	  -4,4	  -9,3	  -2,5
*	    32,7135	 1	112,69	 82,87	   1,2	   1,9	  -5,8	  -5,4	 -10,4	  -3,6
*	    28,7730	 1	108,67	 82,72	   3,4	   4,2	  -3,6	  -3,2	  -8,1	  -1,3
*	    31,7108	 1	112,68	 87,00	   1,7	   2,5	  -5,3	  -4,9	  -9,8	  -3,1
*	    27,6425	 1	108,66	 86,93	   4,1	   4,9	  -2,9	  -2,5	  -7,4	  -0,6
*	    31,5540	 1	112,67	 91,14	   1,8	   2,5	  -5,2	  -4,8	  -9,7	  -3,0
*	    27,4626	 1	108,65	 91,17	   4,2	   5,0	  -2,7	  -2,4	  -7,3	  -0,5
*	    45,4994	 1	108,72	 62,93	  -4,4	  -3,6	 -11,3	 -11,0	 -15,9	  -9,3
*	    44,2359	 1	112,75	 66,86	  -3,9	  -3,1	 -10,9	 -10,5	 -15,5	  -8,8
*	    41,2359	 1	108,71	 66,42	  -2,7	  -1,9	  -9,7	  -9,3	 -14,3	  -7,6
s	    29,1360	 1	 90,00	 33,62	  28,7	  32,1	  22,1	  22,5	  26,0	  23,4
*	    43,7513	 1	212,04	 21,54	   7,2	  10,5	   0,6	   0,9	   4,4	   1,7
*	    34,9826	 1	149,16	  9,33	   9,9	  13,2	   3,3	   3,6	   7,1	   4,5
*	    30,5120	 1	 82,24	 20,80	  11,1	  14,4	   4,4	   4,8	   8,3	   5,7
*	    30,4637	 1	 70,00	 35,39	  10,8	  14,2	   4,2	   4,6	   8,1	   5,5
*	    44,5950	 1	181,48	 32,11	   6,5	   9,8	  -0,1	   0,2	   3,7	   1,0
*	    35,6272	 1	147,48	 27,21	   9,2	  12,6	   2,6	   3,0	   6,5	   3,9
*	    30,5885	 1	112,98	 31,66	  10,8	  14,2	   4,2	   4,6	   8,1	   5,5
*	    29,7807	 1	 93,26	 40,67	  11,2	  14,5	   4,6	   4,9	   8,5	   5,9
*	    33,3377	 1	 82,92	 49,13	  10,3	  13,6	   3,6	   4,0	   7,5	   4,9
*	    49,5425	 1	169,15	 43,10	   4,6	   7,9	  -2,0	  -1,7	   1,8	  -0,9
*	    40,7371	 1	147,17	 40,80	   7,2	  10,6	   0,6	   0,9	   4,5	   1,8
*	    35,4287	 1	125,04	 42,81	   9,0	  12,4	   2,4	   2,7	   6,3	   3,6
*	    34,0507	 1	107,96	 47,76	   9,8	  13,1	   3,2	   3,5	   7,1	   4,4
*	    36,9779	 1	 96,32	 53,34	   9,3	  12,6	   2,6	   3,0	   6,5	   3,9
*	    57,8169	 1	163,09	 51,67	   2,1	   5,4	  -4,6	  -4,3	  -0,8	  -3,6
*	    49,4795	 1	147,03	 50,45	   4,4	   7,7	  -2,2	  -1,9	   1,6	  -1,1
*	    44,3020	 1	130,92	 51,46	   6,1	   9,4	  -0,5	  -0,2	   3,3	   0,6
*	    42,7523	 1	116,98	 54,22	   6,9	  10,3	   0,3	   0,6	   4,2	   1,5
*	    61,0074	 1	146,95	 57,30	   1,1	   4,5	  -5,5	  -5,2	  -1,7	  -4,5
*	    56,2377	 1	134,32	 57,84	   2,6	   5,9	  -4,1	  -3,7	  -0,2	  -3,0
s	    32,6022	 2	 83,42	 37,63	  27,5	  25,6	   1,7	   2,0	   5,6	  16,2
*	    41,4028	 1	229,38	 47,78	   1,2	   2,0	  -5,8	  -5,4	 -10,3	  -3,7
*	    38,2190	 1	229,32	 54,58	   2,7	   3,5	  -4,3	  -3,9	  -8,8	  -2,1
*	    35,6242	 1	229,26	 62,76	   4,0	   4,8	  -2,9	  -2,6	  -7,5	  -0,8
*	    33,7385	 1	229,20	 72,35	   5,1	   5,8	  -1,9	  -1,5	  -6,4	   0,3
*	    45,3882	 1	233,22	 42,04	  -0,4	   0,3	  -7,4	  -7,0	 -12,0	  -5,3
*	    49,4547	 1	233,27	 37,45	  -2,0	  -1,2	  -9,0	  -8,6	 -13,6	  -6,9
*	    53,8541	 1	233,32	 33,67	  -3,6	  -2,8	 -10,5	 -10,2	 -15,2	  -8,5
s	    34,0938	 3	204,57	146,95	  26,4	  29,8	  19,4	  19,2	  22,5	  19,5
s	    34,6040	 2	 90,00	 30,72	  26,0	  30,4	  21,5	  22,1	  25,6	  23,0
*	    35,6117	 1	216,67	 79,71	   4,3	   5,0	  -2,7	  -2,3	  -7,3	  -0,5
*	    36,9235	 1	216,74	 70,52	   3,6	   4,4	  -3,3	  -3,0	  -7,9	  -1,2
*	    38,9685	 1	216,80	 62,27	   2,6	   3,4	  -4,3	  -4,0	  -8,9	  -2,2
*	    46,9254	 1	121,59	 71,60	  -2,9	  -2,1	  -9,9	  -9,5	 -14,5	  -7,8
*	    43,8402	 1	117,60	 71,37	  -1,7	  -0,9	  -8,6	  -8,3	 -13,2	  -6,6
*	    44,2513	 1	121,57	 75,32	  -1,9	  -1,2	  -8,9	  -8,5	 -13,5	  -6,8
*	    41,0004	 1	117,59	 75,12	  -0,6	   0,2	  -7,5	  -7,2	 -12,1	  -5,4
*	    42,1353	 1	121,55	 79,14	  -1,1	  -0,4	  -8,1	  -7,7	 -12,7	  -6,0
*	    38,7360	 1	117,57	 78,99	   0,4	   1,1	  -6,6	  -6,2	 -11,2	  -4,5
*	    40,6375	 1	121,54	 83,07	  -0,5	   0,2	  -7,5	  -7,1	 -12,1	  -5,4
*	    37,1218	 1	117,56	 82,98	   1,1	   1,8	  -5,9	  -5,5	 -10,5	  -3,7
*	    39,8071	 1	121,52	 87,06	  -0,2	   0,6	  -7,2	  -6,8	 -11,7	  -5,0
*	    36,2216	 1	117,54	 87,01	   1,5	   2,2	  -5,5	  -5,1	 -10,1	  -3,3
*	    39,6747	 1	121,50	 91,08	  -0,2	   0,6	  -7,1	  -6,8	 -11,7	  -5,0
*	    36,0765	 1	117,53	 91,09	   1,5	   2,3	  -5,4	  -5,1	 -10,0	  -3,3
*	    50,3622	 1	116,73	 64,33	  -4,0	  -3,2	 -11,0	 -10,6	 -15,6	  -8,9
s	    36,4397	 2	  5,48	 41,70	  25,4	  27,5	  17,2	  18,3	  21,7	  19,3
*	    41,0205	 1	207,92	 58,45	   1,4	   2,2	  -5,5	  -5,2	 -10,1	  -3,4
*	    38,5614	 1	207,85	 65,65	   2,5	   3,2	  -4,5	  -4,1	  -9,1	  -2,3
*	    36,7586	 1	207,79	 73,79	   3,3	   4,1	  -3,6	  -3,3	  -8,2	  -1,5
*	    41,2224	 1	223,29	 56,26	   1,8	   2,5	  -5,2	  -4,8	  -9,8	  -3,1
*	    38,6756	 1	223,23	 63,81	   3,0	   3,7	  -4,0	  -3,6	  -8,6	  -1,9
*	    36,7954	 1	223,18	 72,49	   3,9	   4,7	  -3,0	  -2,7	  -7,6	  -0,9
s	    36,8362	 2	 15,79	 41,97	  27,0	  25,1	   1,2	   1,5	   5,0	  15,6
*	    36,9799	 1	149,08	 89,91	 -16,3	 -10,4	  -4,6	  -2,2	  -6,6	 -13,7
*	    39,8313	 1	148,96	 89,89	 -17,3	 -11,4	  -5,5	  -3,2	  -7,6	 -14,7
*	    39,3087	 1	201,37	 66,99	   1,9	   2,7	  -5,1	  -4,7	  -9,6	  -2,9
*	    37,5680	 1	201,31	 74,74	   2,7	   3,4	  -4,3	  -3,9	  -8,9	  -2,2
s	    37,8177	 3	 83,42	 34,57	  24,8	  24,0	   1,1	   1,7	   5,3	  15,8
*	    40,5369	 1	195,79	 68,43	   1,1	   1,9	  -5,8	  -5,5	 -10,4	  -3,7
*	    38,8650	 1	195,73	 75,73	   1,8	   2,6	  -5,1	  -4,8	  -9,7	  -3,0
s	    39,3487	 3	 12,35	 44,04	  24,2	  21,2	  -3,1	  -2,1	   1,4	  12,1
*	    39,5185	 1	153,06	 89,26	 -12,6	  -6,7	  -0,8	   1,5	  -2,9	 -10,0
*	    42,3059	 1	152,75	 89,29	 -13,6	  -7,6	  -1,8	   0,5	  -3,8	 -10,9
*	    45,1665	 1	152,48	 89,31	 -14,5	  -8,6	  -2,7	  -0,4	  -4,8	 -11,9
*	    48,0952	 1	152,21	 89,32	 -15,4	  -9,5	  -3,6	  -1,3	  -5,7	 -12,8
*	    51,0872	 1	151,98	 89,34	 -16,3	 -10,4	  -4,5	  -2,2	  -6,6	 -13,7
*	    54,1378	 1	151,76	 89,36	 -17,2	 -11,3	  -5,4	  -3,1	  -7,5	 -14,7
*	    44,4149	 1	191,08	 63,55	  -0,6	   0,2	  -7,5	  -7,2	 -12,1	  -5,4
*	    42,2025	 1	191,02	 69,86	   0,3	   1,0	  -6,7	  -6,3	 -11,3	  -4,6
*	    40,6017	 1	190,96	 76,72	   0,9	   1,7	  -6,1	  -5,7	 -10,6	  -4,0
s	    41,4007	 3	  5,42	 38,55	  22,7	  25,9	  16,7	  18,0	  21,5	  19,0
*	    41,4251	 1	 78,90	 48,15	  -0,5	   4,2	  17,3	  18,6	  15,6	  10,8
*	    41,5416	 1	187,66	 82,49	   0,3	   1,1	  -6,6	  -6,3	 -11,2	  -4,5
*	    42,6186	 1	187,72	 75,70	  -0,1	   0,7	  -7,0	  -6,7	 -11,6	  -4,9
*	    44,3263	 1	187,77	 69,31	  -0,7	   0,1	  -7,6	  -7,3	 -12,2	  -5,6
s	    41,7723	 3	 15,73	 38,81	  24,3	  23,5	   0,7	   1,2	   4,8	  15,4
*	    42,1106	 1	126,63	 92,92	  -8,0	   1,1	   8,5	  12,3	   6,8	  -0,2
*	    41,9218	 1	126,64	 90,04	  -7,9	   1,1	   8,6	  12,3	   6,8	  -0,1
*	    42,0644	 1	126,65	 87,18	  -8,0	   1,1	   8,6	  12,3	   6,8	  -0,2
*	    42,5360	 1	126,67	 84,31	  -8,2	   0,9	   8,4	  12,1	   6,6	  -0,4
*	    43,3291	 1	126,68	 81,48	  -8,5	   0,6	   8,1	  11,8	   6,3	  -0,7
*	    44,4322	 1	126,70	 78,68	  -8,9	   0,2	   7,7	  11,4	   5,9	  -1,1
*	    45,8300	 1	126,71	 75,95	  -9,4	  -0,3	   7,2	  10,9	   5,4	  -1,6
*	    47,5050	 1	126,72	 73,26	  -9,9	  -0,9	   6,6	  10,3	   4,8	  -2,2
*	    49,4382	 1	126,74	 70,65	 -10,6	  -1,5	   6,0	   9,7	   4,2	  -2,8
*	    51,6103	 1	126,75	 68,13	 -11,3	  -2,2	   5,3	   9,0	   3,5	  -3,6
*	    54,0018	 1	126,76	 65,68	 -12,0	  -3,0	   4,5	   8,2	   2,7	  -4,3
*	    56,5945	 1	126,78	 63,33	 -12,8	  -3,7	   3,7	   7,4	   1,9	  -5,1
*	    59,3706	 1	126,79	 61,07	 -13,6	  -4,5	   2,9	   6,6	   1,1	  -6,0
*	    62,3139	 1	126,80	 58,89	 -14,5	  -5,4	   2,1	   5,8	   0,3	  -6,8
*	    42,2258	 1	220,05	 53,76	  -0,4	   0,4	  -7,3	  -7,0	 -11,9	  -5,2
*	    42,2269	 1	220,06	 53,76	  -0,4	   0,4	  -7,3	  -7,0	 -11,9	  -5,2
s	    42,9292	 3	272,82	 47,17	  22,2	  23,1	  12,5	  14,3	  17,6	  15,3
*	    43,2302	 1	199,13	 58,13	  -1,4	  -0,6	  -8,4	  -8,0	 -13,0	  -6,3
*	    44,5120	 1	193,89	 59,99	  -2,1	  -1,3	  -9,0	  -8,7	 -13,6	  -7,0
*	    44,8059	 1	129,49	 92,39	  -8,7	   0,3	   7,8	  11,5	   6,0	  -0,9
*	    44,6811	 1	129,51	 89,55	  -8,7	   0,4	   7,9	  11,6	   6,1	  -0,9
*	    44,8719	 1	129,52	 86,72	  -8,8	   0,3	   7,8	  11,5	   6,0	  -1,0
*	    45,3756	 1	129,54	 83,89	  -8,9	   0,1	   7,6	  11,3	   5,8	  -1,2
*	    46,1854	 1	129,55	 81,09	  -9,2	  -0,1	   7,3	  11,1	   5,6	  -1,4
*	    47,2907	 1	129,57	 78,33	  -9,6	  -0,5	   7,0	  10,7	   5,2	  -1,8
*	    48,6780	 1	129,58	 75,63	 -10,1	  -1,0	   6,5	  10,2	   4,7	  -2,3
*	    50,3319	 1	129,59	 72,99	 -10,6	  -1,5	   6,0	   9,7	   4,2	  -2,9
*	    52,2355	 1	129,61	 70,41	 -11,2	  -2,1	   5,3	   9,1	   3,6	  -3,5
*	    54,3714	 1	129,62	 67,93	 -11,9	  -2,8	   4,7	   8,4	   2,9	  -4,2
*	    56,7220	 1	129,64	 65,51	 -12,6	  -3,5	   4,0	   7,7	   2,2	  -4,9
*	    59,2705	 1	129,65	 63,19	 -13,3	  -4,2	   3,2	   7,0	   1,4	  -5,7
*	    62,0004	 1	129,67	 60,96	 -14,1	  -5,0	   2,5	   6,2	   0,7	  -6,4
s	    44,9032	 3	268,10	 48,45	  22,0	  22,9	  12,3	  14,0	  17,4	  15,0
*	    48,7240	 1	183,66	 66,86	  -2,4	  -1,7	  -9,4	  -9,0	 -14,0	  -7,3
*	    46,6888	 1	183,61	 72,51	  -1,7	  -1,0	  -8,7	  -8,3	 -13,3	  -6,6
*	    45,2259	 1	183,56	 78,52	  -1,2	  -0,5	  -8,2	  -7,8	 -12,8	  -6,1
*	    46,2100	 1	189,42	 61,84	  -2,9	  -2,1	  -9,8	  -9,5	 -14,4	  -7,8
*	    47,2670	 1	210,33	 51,28	 -12,2	  -5,2	   2,2	   2,8	  -2,1	  -8,7
*	    48,8691	 1	210,36	 48,88	 -12,8	  -5,7	   1,6	   2,2	  -2,7	  -9,3
*	    50,5606	 1	210,39	 46,65	 -13,4	  -6,3	   1,0	   1,6	  -3,3	  -9,9
*	    49,4789	 1	225,05	 50,75	 -16,6	  -9,6	  -2,3	  -1,7	  -6,6	 -13,2
*	    47,4757	 1	226,94	 48,82	 -15,9	  -8,9	  -1,5	  -1,0	  -5,9	 -12,4
*	    49,4411	 1	180,75	 73,68	  -2,8	  -2,1	  -9,8	  -9,5	 -14,4	  -7,8
*	    48,0428	 1	180,70	 79,30	  -2,4	  -1,6	  -9,3	  -9,0	 -13,9	  -7,3
*	    48,3041	 1	133,39	 91,89	  -9,7	  -0,6	   6,9	  10,6	   5,1	  -1,9
*	    48,2382	 1	133,41	 89,08	  -9,7	  -0,6	   6,9	  10,6	   5,1	  -1,9
*	    48,4701	 1	133,42	 86,28	  -9,7	  -0,6	   6,8	  10,5	   5,0	  -2,0
*	    48,9969	 1	133,44	 83,49	  -9,9	  -0,8	   6,7	  10,4	   4,9	  -2,2
*	    49,8125	 1	133,45	 80,74	 -10,2	  -1,1	   6,4	  10,1	   4,6	  -2,4
*	    50,9079	 1	133,47	 78,01	 -10,5	  -1,4	   6,0	   9,8	   4,3	  -2,8
*	    52,2715	 1	133,48	 75,35	 -10,9	  -1,9	   5,6	   9,3	   3,8	  -3,2
*	    53,8899	 1	133,50	 72,75	 -11,4	  -2,3	   5,1	   8,8	   3,3	  -3,7
*	    55,7485	 1	133,51	 70,20	 -12,0	  -2,9	   4,6	   8,3	   2,8	  -4,3
*	    57,8319	 1	133,53	 67,75	 -12,6	  -3,5	   4,0	   7,7	   2,1	  -4,9
*	    60,1248	 1	133,54	 65,38	 -13,2	  -4,2	   3,3	   7,0	   1,5	  -5,6
*	    62,6117	 1	133,56	 63,09	 -13,9	  -4,8	   2,6	   6,3	   0,8	  -6,3
*	    65,2779	 1	133,57	 60,89	 -14,6	  -5,6	   1,9	   5,6	   0,1	  -7,1
*	    48,2903	 1	185,65	 63,62	  -3,8	  -3,0	 -10,7	 -10,4	 -15,3	  -8,7
*	    48,2960	 1	212,81	 51,67	 -17,8	 -10,8	  -3,4	  -2,8	  -7,7	 -14,3
*	    49,8820	 1	212,83	 49,28	 -18,4	 -11,3	  -4,0	  -3,4	  -8,3	 -14,9
*	    51,5574	 1	212,86	 47,04	 -18,9	 -11,9	  -4,6	  -4,0	  -8,9	 -15,5
*	    49,2337	 1	134,30	 90,82	  -1,1	  -0,3	  -8,0	  -7,7	 -12,6	  -6,0
*	    49,3861	 1	134,33	 86,87	  -1,1	  -0,3	  -8,1	  -7,7	 -12,7	  -6,0
*	    50,1224	 1	134,35	 82,94	  -1,3	  -0,6	  -8,3	  -8,0	 -12,9	  -6,3
*	    51,4261	 1	134,37	 79,08	  -1,7	  -1,0	  -8,7	  -8,4	 -13,3	  -6,7
*	    53,2699	 1	134,39	 75,31	  -2,3	  -1,6	  -9,3	  -8,9	 -13,9	  -7,3
*	    55,6183	 1	134,41	 71,65	  -3,0	  -2,3	 -10,0	  -9,6	 -14,6	  -8,0
*	    61,4039	 1	134,45	 65,06	  -4,7	  -3,9	 -11,6	 -11,3	 -16,3	  -9,7
*	    66,6341	 1	178,40	 61,40	 -21,1	 -16,4	  -3,3	  -2,0	  -5,1	 -10,1
*	    59,6754	 1	184,16	 57,25	 -19,2	 -14,4	  -1,3	  -0,0	  -3,1	  -8,0
*	    64,7375	 1	188,88	 58,85	 -20,5	 -15,7	  -2,6	  -1,3	  -4,4	  -9,4
*	    56,7556	 1	187,88	 54,89	 -18,2	 -13,5	  -0,4	   0,9	  -2,2	  -7,1
*	    61,9547	 1	192,76	 56,84	 -19,6	 -14,9	  -1,8	  -0,5	  -3,6	  -8,5
*	    54,2602	 1	192,34	 52,37	 -17,4	 -12,7	   0,5	   1,8	  -1,3	  -6,2
*	    59,5871	 1	197,28	 54,75	 -18,8	 -14,1	  -1,0	   0,3	  -2,8	  -7,7
*	    52,2315	 1	197,73	 49,75	 -16,6	 -11,9	   1,2	   2,5	  -0,6	  -5,4
*	    57,6729	 1	202,59	 52,63	 -18,2	 -13,5	  -0,3	   1,0	  -2,1	  -7,0
*	    50,7141	 1	204,22	 47,15	 -16,0	 -11,3	   1,9	   3,2	   0,1	  -4,8
*	    49,7524	 1	211,98	 44,76	 -15,5	 -10,8	   2,3	   3,6	   0,5	  -4,3
*	    49,3873	 1	221,02	 42,80	 -15,2	 -10,5	   2,6	   3,9	   0,8	  -4,0
*	    49,6050	 1	136,06	 91,42	 -10,1	  -1,0	   6,4	  10,2	   4,6	  -2,4
*	    49,5915	 1	136,08	 88,60	 -10,1	  -1,0	   6,4	  10,2	   4,7	  -2,4
*	    49,8686	 1	136,10	 85,78	 -10,2	  -1,1	   6,4	  10,1	   4,6	  -2,5
*	    50,4331	 1	136,11	 82,98	 -10,4	  -1,3	   6,2	   9,9	   4,4	  -2,6
*	    51,2789	 1	136,13	 80,22	 -10,6	  -1,6	   5,9	   9,6	   4,1	  -2,9
*	    52,3973	 1	136,14	 77,50	 -11,0	  -1,9	   5,6	   9,3	   3,8	  -3,3
*	    53,7773	 1	136,16	 74,84	 -11,4	  -2,3	   5,1	   8,9	   3,3	  -3,7
*	    55,4061	 1	136,18	 72,24	 -11,9	  -2,8	   4,7	   8,4	   2,9	  -4,2
*	    57,2700	 1	136,19	 69,70	 -12,4	  -3,3	   4,1	   7,8	   2,3	  -4,8
*	    59,3545	 1	136,21	 67,25	 -13,0	  -3,9	   3,5	   7,2	   1,7	  -5,4
*	    61,6448	 1	136,22	 64,88	 -13,7	  -4,6	   2,9	   6,6	   1,1	  -6,0
*	    64,1264	 1	136,24	 62,60	 -14,3	  -5,2	   2,2	   5,9	   0,4	  -6,7
*	    66,7850	 1	136,26	 60,41	 -15,0	  -5,9	   1,5	   5,2	  -0,3	  -7,4
*	    49,8666	 1	178,70	 83,93	  -3,1	  -2,4	 -10,1	  -9,8	 -14,7	  -8,1
*	    50,8036	 1	178,75	 78,44	  -3,4	  -2,7	 -10,4	 -10,1	 -15,0	  -8,4
*	    52,2980	 1	178,79	 73,15	  -3,9	  -3,1	 -10,9	 -10,5	 -15,5	  -8,9
*	    50,7540	 1	138,87	 90,94	 -10,6	  -1,5	   6,0	   9,7	   4,2	  -2,8
*	    50,7906	 1	138,89	 88,10	 -10,6	  -1,5	   6,0	   9,7	   4,2	  -2,8
*	    51,1115	 1	138,91	 85,27	 -10,7	  -1,6	   5,9	   9,6	   4,1	  -2,9
*	    51,7134	 1	138,92	 82,45	 -10,9	  -1,8	   5,7	   9,4	   3,9	  -3,1
*	    52,5901	 1	138,94	 79,68	 -11,1	  -2,0	   5,4	   9,2	   3,6	  -3,4
*	    53,7331	 1	138,96	 76,95	 -11,5	  -2,4	   5,1	   8,8	   3,3	  -3,8
*	    55,1319	 1	138,98	 74,27	 -11,9	  -2,8	   4,7	   8,4	   2,9	  -4,2
*	    56,7744	 1	138,99	 71,67	 -12,3	  -3,3	   4,2	   7,9	   2,4	  -4,7
*	    58,6473	 1	139,01	 69,14	 -12,9	  -3,8	   3,7	   7,4	   1,9	  -5,2
*	    60,7369	 1	139,03	 66,68	 -13,5	  -4,4	   3,1	   6,8	   1,3	  -5,8
*	    63,0290	 1	139,04	 64,32	 -14,1	  -5,0	   2,5	   6,2	   0,7	  -6,5
*	    65,5096	 1	139,06	 62,04	 -14,7	  -5,6	   1,8	   5,5	  -0,0	  -7,1
*	    68,1650	 1	139,08	 59,87	 -15,4	  -6,3	   1,1	   4,8	  -0,7	  -7,8
*	    55,6434	 1	215,50	 37,17	  -3,8	  -3,1	 -10,8	 -10,4	 -15,4	  -8,8
*	    51,3396	 1	215,44	 41,01	  -2,4	  -1,6	  -9,3	  -9,0	 -14,0	  -7,3
*	    55,6199	 1	208,17	 38,58	  -3,9	  -3,2	 -10,9	 -10,5	 -15,5	  -8,9
*	    51,3542	 1	208,11	 42,46	  -2,5	  -1,8	  -9,5	  -9,1	 -14,1	  -7,5
*	    56,0973	 1	223,52	 36,27	  -3,9	  -3,1	 -10,8	 -10,5	 -15,5	  -8,9
*	    51,7805	 1	223,46	 40,08	  -2,4	  -1,6	  -9,4	  -9,0	 -14,0	  -7,4
*	    56,0180	 1	201,69	 40,36	  -4,2	  -3,4	 -11,1	 -10,8	 -15,8	  -9,2
*	    51,8121	 1	201,63	 44,28	  -2,8	  -2,0	  -9,8	  -9,4	 -14,4	  -7,8
*	    52,2495	 1	141,95	 90,47	 -11,1	  -2,0	   5,5	   9,2	   3,7	  -3,4
*	    52,3339	 1	141,97	 87,61	 -11,1	  -2,0	   5,4	   9,2	   3,7	  -3,4
*	    52,6958	 1	141,98	 84,76	 -11,2	  -2,1	   5,3	   9,1	   3,5	  -3,5
*	    53,3315	 1	142,00	 81,94	 -11,4	  -2,3	   5,1	   8,9	   3,4	  -3,7
*	    54,2351	 1	142,02	 79,16	 -11,7	  -2,6	   4,9	   8,6	   3,1	  -4,0
*	    55,3984	 1	142,04	 76,42	 -12,0	  -2,9	   4,5	   8,3	   2,7	  -4,3
*	    56,8112	 1	142,05	 73,75	 -12,4	  -3,3	   4,1	   7,9	   2,3	  -4,7
*	    58,4621	 1	142,07	 71,14	 -12,9	  -3,8	   3,7	   7,4	   1,9	  -5,2
*	    60,3386	 1	142,09	 68,62	 -13,4	  -4,3	   3,2	   6,9	   1,3	  -5,8
*	    62,4275	 1	142,11	 66,16	 -14,0	  -4,9	   2,6	   6,3	   0,8	  -6,3
*	    64,7155	 1	142,13	 63,81	 -14,6	  -5,5	   2,0	   5,7	   0,2	  -7,0
*	    67,1891	 1	142,14	 61,55	 -15,2	  -6,1	   1,4	   5,1	  -0,5	  -7,6
*	    69,8352	 1	142,16	 59,37	 -15,9	  -6,8	   0,7	   4,4	  -1,2	  -8,3
*	    56,8238	 1	196,09	 42,40	  -4,5	  -3,8	 -11,5	 -11,2	 -16,1	  -9,5
*	    52,6953	 1	196,03	 46,33	  -3,2	  -2,5	 -10,2	  -9,9	 -14,8	  -8,2
s	    53,5821	 2	215,51	 53,03	  25,2	  23,3	  -0,6	  -0,3	   3,2	  13,7
*	    53,5826	 1	144,97	 89,98	 -11,6	  -2,5	   5,0	   8,7	   3,2	  -3,9
*	    53,7131	 1	144,98	 87,11	 -11,6	  -2,5	   4,9	   8,6	   3,1	  -3,9
*	    54,1152	 1	145,00	 84,24	 -11,7	  -2,7	   4,8	   8,5	   3,0	  -4,0
*	    54,7853	 1	145,02	 81,41	 -11,9	  -2,8	   4,6	   8,3	   2,8	  -4,2
*	    55,7174	 1	145,04	 78,62	 -12,2	  -3,1	   4,4	   8,1	   2,5	  -4,5
*	    56,9035	 1	145,06	 75,87	 -12,5	  -3,5	   4,0	   7,7	   2,2	  -4,9
*	    58,3337	 1	145,08	 73,20	 -12,9	  -3,9	   3,6	   7,3	   1,8	  -5,3
*	    59,9972	 1	145,09	 70,58	 -13,4	  -4,3	   3,2	   6,9	   1,3	  -5,8
*	    61,8818	 1	145,11	 68,06	 -13,9	  -4,8	   2,6	   6,4	   0,8	  -6,3
*	    63,9750	 1	145,13	 65,61	 -14,4	  -5,4	   2,1	   5,8	   0,3	  -6,9
*	    66,2639	 1	145,15	 63,26	 -15,0	  -6,0	   1,5	   5,2	  -0,3	  -7,5
*	    68,7357	 1	145,17	 61,00	 -15,7	  -6,6	   0,9	   4,6	  -1,0	  -8,1
*	    71,3777	 1	145,19	 58,84	 -16,3	  -7,2	   0,2	   3,9	  -1,6	  -8,8
*	    53,9821	 1	191,25	 48,49	  -3,8	  -3,0	 -10,8	 -10,4	 -15,4	  -8,8
*	    54,5404	 1	176,23	 80,65	  -4,8	  -4,0	 -11,7	 -11,4	 -16,4	  -9,8
*	    55,4184	 1	147,86	 89,50	 -12,1	  -3,1	   4,4	   8,1	   2,6	  -4,5
*	    55,5924	 1	147,88	 86,62	 -12,2	  -3,1	   4,4	   8,1	   2,6	  -4,5
*	    56,0316	 1	147,89	 83,76	 -12,3	  -3,2	   4,2	   7,9	   2,4	  -4,6
*	    56,7319	 1	147,91	 80,94	 -12,5	  -3,4	   4,0	   7,7	   2,2	  -4,8
*	    57,6876	 1	147,93	 78,14	 -12,8	  -3,7	   3,8	   7,5	   2,0	  -5,1
*	    58,8909	 1	147,95	 75,41	 -13,1	  -4,0	   3,4	   7,1	   1,6	  -5,5
*	    60,3325	 1	147,97	 72,74	 -13,5	  -4,4	   3,0	   6,7	   1,2	  -5,9
*	    62,0018	 1	147,99	 70,15	 -14,0	  -4,9	   2,6	   6,3	   0,8	  -6,3
*	    63,8874	 1	148,01	 67,65	 -14,5	  -5,4	   2,1	   5,8	   0,3	  -6,9
*	    65,9773	 1	148,03	 65,22	 -15,0	  -5,9	   1,6	   5,3	  -0,3	  -7,4
*	    68,2592	 1	148,05	 62,88	 -15,6	  -6,5	   1,0	   4,7	  -0,9	  -8,0
*	    70,7210	 1	148,07	 60,63	 -16,2	  -7,1	   0,4	   4,1	  -1,5	  -8,6
*	    55,6489	 1	187,22	 50,65	  -4,4	  -3,7	 -11,4	 -11,1	 -16,0	  -9,4
*	    56,4731	 1	151,03	 89,00	 -12,6	  -3,6	   3,9	   7,6	   2,1	  -5,0
*	    56,6907	 1	151,05	 86,09	 -12,7	  -3,6	   3,8	   7,6	   2,0	  -5,0
*	    57,1693	 1	151,07	 83,21	 -12,8	  -3,8	   3,7	   7,4	   1,9	  -5,2
*	    57,9048	 1	151,09	 80,35	 -13,0	  -4,0	   3,5	   7,2	   1,7	  -5,4
*	    58,8915	 1	151,11	 77,54	 -13,3	  -4,2	   3,2	   6,9	   1,4	  -5,7
*	    60,1214	 1	151,13	 74,79	 -13,6	  -4,6	   2,9	   6,6	   1,1	  -6,0
*	    61,5856	 1	151,15	 72,12	 -14,0	  -5,0	   2,5	   6,2	   0,7	  -6,4
*	    63,2737	 1	151,17	 69,52	 -14,5	  -5,4	   2,1	   5,8	   0,2	  -6,9
*	    65,1745	 1	151,19	 67,00	 -15,0	  -5,9	   1,6	   5,3	  -0,3	  -7,4
*	    67,2764	 1	151,21	 64,57	 -15,5	  -6,4	   1,0	   4,7	  -0,8	  -7,9
*	    69,5675	 1	151,23	 62,24	 -16,1	  -7,0	   0,5	   4,2	  -1,4	  -8,5
*	    72,0358	 1	151,25	 60,00	 -16,7	  -7,6	  -0,1	   3,6	  -2,0	  -9,2
*	    57,0396	 1	163,55	 86,78	 -16,5	  -7,4	   0,1	   3,8	  -1,7	  -8,8
*	    57,4385	 1	163,58	 83,63	 -16,6	  -7,5	  -0,0	   3,7	  -1,8	  -8,9
*	    58,0948	 1	163,60	 80,51	 -16,8	  -7,7	  -0,2	   3,5	  -2,0	  -9,1
*	    59,0033	 1	163,63	 77,44	 -17,0	  -7,9	  -0,5	   3,2	  -2,3	  -9,4
*	    60,1567	 1	163,65	 74,45	 -17,3	  -8,2	  -0,8	   2,9	  -2,6	  -9,7
*	    61,5465	 1	163,67	 71,54	 -17,7	  -8,6	  -1,1	   2,6	  -3,0	 -10,1
*	    63,1627	 1	163,70	 68,72	 -18,1	  -9,0	  -1,6	   2,1	  -3,4	 -10,5
*	    64,9946	 1	163,72	 66,02	 -18,6	  -9,5	  -2,1	   1,7	  -3,9	 -11,0
*	    67,0307	 1	163,74	 63,40	 -19,1	 -10,0	  -2,6	   1,1	  -4,4	 -11,5
*	    69,2592	 1	163,77	 60,92	 -19,7	 -10,6	  -3,1	   0,6	  -5,0	 -12,1
*	    71,6682	 1	163,79	 58,54	 -20,3	 -11,2	  -3,7	  -0,0	  -5,6	 -12,7
*	    74,2460	 1	163,82	 56,28	 -20,9	 -11,8	  -4,3	  -0,6	  -6,2	 -13,4
*	    57,2326	 1	159,57	 87,39	 -17,8	  -8,7	  -1,2	   2,5	  -3,0	 -10,1
*	    57,5845	 1	159,59	 84,33	 -17,9	  -8,8	  -1,3	   2,4	  -3,1	 -10,2
*	    58,1935	 1	159,62	 81,31	 -18,1	  -9,0	  -1,5	   2,2	  -3,3	 -10,4
*	    59,0546	 1	159,64	 78,32	 -18,3	  -9,2	  -1,7	   2,0	  -3,6	 -10,6
*	    60,1612	 1	159,66	 75,39	 -18,6	  -9,5	  -2,0	   1,7	  -3,9	 -11,0
*	    61,5049	 1	159,69	 72,55	 -18,9	  -9,9	  -2,4	   1,3	  -4,2	 -11,3
*	    63,0763	 1	159,71	 69,79	 -19,4	 -10,3	  -2,8	   0,9	  -4,6	 -11,8
*	    64,8648	 1	159,73	 67,13	 -19,8	 -10,7	  -3,3	   0,4	  -5,1	 -12,2
*	    66,8591	 1	159,75	 64,57	 -20,3	 -11,2	  -3,8	  -0,1	  -5,6	 -12,8
*	    69,0477	 1	159,78	 62,10	 -20,9	 -11,8	  -4,3	  -0,6	  -6,2	 -13,3
*	    71,4188	 1	159,80	 59,74	 -21,4	 -12,4	  -4,9	  -1,2	  -6,7	 -13,9
*	    73,9607	 1	159,82	 57,49	 -22,0	 -13,0	  -5,5	  -1,8	  -7,4	 -14,5
*	    57,4877	 1	154,19	 88,50	 -13,2	  -4,1	   3,4	   7,1	   1,6	  -5,5
*	    57,7480	 1	154,21	 85,55	 -13,2	  -4,1	   3,3	   7,0	   1,5	  -5,6
*	    58,2657	 1	154,23	 82,64	 -13,4	  -4,3	   3,2	   6,9	   1,4	  -5,7
*	    59,0366	 1	154,25	 79,77	 -13,6	  -4,5	   3,0	   6,7	   1,2	  -5,9
*	    60,0548	 1	154,27	 76,94	 -13,9	  -4,8	   2,7	   6,4	   0,9	  -6,2
*	    61,3124	 1	154,29	 74,17	 -14,2	  -5,1	   2,4	   6,1	   0,5	  -6,6
*	    62,8006	 1	154,31	 71,48	 -14,6	  -5,5	   2,0	   5,7	   0,1	  -7,0
*	    64,5090	 1	154,33	 68,87	 -15,0	  -5,9	   1,5	   5,2	  -0,3	  -7,4
*	    66,4269	 1	154,36	 66,35	 -15,5	  -6,4	   1,0	   4,7	  -0,8	  -7,9
*	    68,5428	 1	154,38	 63,92	 -16,0	  -7,0	   0,5	   4,2	  -1,3	  -8,5
*	    70,8450	 1	154,40	 61,58	 -16,6	  -7,5	  -0,1	   3,6	  -1,9	  -9,1
*	    73,3219	 1	154,42	 59,35	 -17,2	  -8,1	  -0,7	   3,0	  -2,5	  -9,7
*	    57,8733	 1	161,22	 87,39	 -14,1	  -5,1	   2,4	   6,1	   0,6	  -6,5
*	    58,2230	 1	161,25	 84,32	 -14,2	  -5,2	   2,3	   6,0	   0,5	  -6,6
*	    58,8281	 1	161,27	 81,28	 -14,4	  -5,3	   2,1	   5,9	   0,3	  -6,8
*	    59,6838	 1	161,29	 78,28	 -14,6	  -5,6	   1,9	   5,6	   0,1	  -7,0
*	    60,7837	 1	161,31	 75,36	 -14,9	  -5,8	   1,6	   5,3	  -0,2	  -7,3
*	    62,1195	 1	161,34	 72,50	 -15,3	  -6,2	   1,3	   5,0	  -0,6	  -7,7
*	    63,6819	 1	161,36	 69,73	 -15,7	  -6,6	   0,9	   4,6	  -1,0	  -8,1
*	    65,4604	 1	161,38	 67,05	 -16,2	  -7,1	   0,4	   4,1	  -1,4	  -8,6
*	    67,4440	 1	161,41	 64,49	 -16,7	  -7,6	  -0,1	   3,6	  -1,9	  -9,1
*	    69,6213	 1	161,43	 62,01	 -17,2	  -8,1	  -0,6	   3,1	  -2,5	  -9,6
*	    71,9807	 1	161,45	 59,65	 -17,8	  -8,7	  -1,2	   2,5	  -3,1	 -10,2
*	    74,5105	 1	161,47	 57,40	 -18,4	  -9,3	  -1,8	   1,9	  -3,7	 -10,9
*	    58,1795	 1	157,67	 87,97	 -13,7	  -4,6	   2,9	   6,6	   1,1	  -6,0
*	    58,4828	 1	157,69	 84,98	 -13,8	  -4,7	   2,8	   6,5	   1,0	  -6,1
*	    59,0410	 1	157,71	 82,03	 -13,9	  -4,8	   2,6	   6,3	   0,8	  -6,3
*	    59,8499	 1	157,73	 79,10	 -14,1	  -5,1	   2,4	   6,1	   0,6	  -6,5
*	    60,9031	 1	157,75	 76,25	 -14,4	  -5,3	   2,1	   5,8	   0,3	  -6,8
*	    62,1929	 1	157,77	 73,45	 -14,8	  -5,7	   1,8	   5,5	  -0,0	  -7,1
*	    63,7103	 1	157,80	 70,74	 -15,2	  -6,1	   1,4	   5,1	  -0,4	  -7,6
*	    65,4451	 1	157,82	 68,10	 -15,6	  -6,5	   0,9	   4,6	  -0,9	  -8,0
*	    67,3865	 1	157,84	 65,56	 -16,1	  -7,0	   0,5	   4,2	  -1,4	  -8,5
*	    69,5232	 1	157,86	 63,12	 -16,6	  -7,5	  -0,1	   3,6	  -1,9	  -9,1
*	    71,8438	 1	157,88	 60,78	 -17,2	  -8,1	  -0,6	   3,1	  -2,5	  -9,7
*	    74,3367	 1	157,90	 58,55	 -17,8	  -8,7	  -1,2	   2,5	  -3,1	 -10,3
*	    58,3556	 1	155,99	 87,90	  -2,6	  -1,9	  -9,6	  -9,2	 -14,2	  -7,6
*	    58,8696	 1	156,02	 83,74	  -2,8	  -2,0	  -9,7	  -9,4	 -14,4	  -7,8
*	    59,8901	 1	156,05	 79,65	  -3,0	  -2,3	 -10,0	  -9,7	 -14,6	  -8,1
*	    61,4011	 1	156,08	 75,65	  -3,4	  -2,7	 -10,4	 -10,1	 -15,0	  -8,5
*	    63,3807	 1	156,11	 71,80	  -4,0	  -3,2	 -10,9	 -10,6	 -15,6	  -9,0
*	    65,8018	 1	156,14	 68,10	  -4,6	  -3,8	 -11,6	 -11,2	 -16,2	  -9,7
*	    66,2953	 1	156,15	 67,44	  -4,7	  -3,9	 -11,7	 -11,3	 -16,3	  -9,8
*	    58,3886	 1	165,10	 86,81	 -14,8	  -5,7	   1,8	   5,5	  -0,1	  -7,1
*	    58,7821	 1	165,12	 83,67	 -14,9	  -5,8	   1,6	   5,4	  -0,2	  -7,3
*	    59,4297	 1	165,15	 80,58	 -15,1	  -6,0	   1,5	   5,2	  -0,3	  -7,4
*	    60,3262	 1	165,17	 77,53	 -15,3	  -6,2	   1,2	   4,9	  -0,6	  -7,7
*	    61,4649	 1	165,20	 74,55	 -15,6	  -6,5	   0,9	   4,6	  -0,9	  -8,0
*	    62,8374	 1	165,22	 71,65	 -16,0	  -6,9	   0,6	   4,3	  -1,3	  -8,4
*	    64,4340	 1	165,24	 68,86	 -16,4	  -7,3	   0,1	   3,8	  -1,7	  -8,8
*	    66,2444	 1	165,27	 66,15	 -16,9	  -7,8	  -0,3	   3,4	  -2,2	  -9,3
*	    68,2575	 1	165,29	 63,56	 -17,4	  -8,3	  -0,8	   2,9	  -2,7	  -9,8
*	    70,4616	 1	165,32	 61,08	 -17,9	  -8,8	  -1,4	   2,3	  -3,2	 -10,4
*	    72,8454	 1	165,34	 58,72	 -18,5	  -9,4	  -2,0	   1,8	  -3,8	 -11,0
*	    75,3973	 1	165,36	 56,46	 -19,1	 -10,0	  -2,6	   1,1	  -4,4	 -11,6
*	    58,9025	 1	180,55	 63,38	 -16,6	  -9,6	  -2,2	  -1,6	  -6,6	 -13,2
*	    60,2123	 1	180,57	 61,39	 -16,9	  -9,9	  -2,6	  -2,0	  -6,9	 -13,6
*	    61,6112	 1	180,59	 59,47	 -17,3	 -10,3	  -3,0	  -2,4	  -7,3	 -14,0
*	    59,0795	 1	169,67	 86,21	 -15,6	  -6,6	   0,9	   4,6	  -0,9	  -8,0
*	    59,5165	 1	169,69	 83,00	 -15,8	  -6,7	   0,8	   4,5	  -1,0	  -8,1
*	    60,2061	 1	169,72	 79,84	 -16,0	  -6,9	   0,6	   4,3	  -1,2	  -8,3
*	    61,1431	 1	169,74	 76,73	 -16,2	  -7,1	   0,3	   4,1	  -1,5	  -8,6
*	    62,3200	 1	169,77	 73,69	 -16,5	  -7,4	   0,0	   3,7	  -1,8	  -8,9
*	    63,7285	 1	169,79	 70,76	 -16,9	  -7,8	  -0,3	   3,4	  -2,2	  -9,3
*	    65,3587	 1	169,82	 67,93	 -17,3	  -8,2	  -0,8	   2,9	  -2,6	  -9,7
*	    67,2000	 1	169,84	 65,20	 -17,8	  -8,7	  -1,2	   2,5	  -3,1	 -10,2
*	    69,2413	 1	169,87	 62,59	 -18,3	  -9,2	  -1,8	   2,0	  -3,6	 -10,7
*	    71,4711	 1	169,89	 60,09	 -18,8	  -9,8	  -2,3	   1,4	  -4,1	 -11,3
*	    73,8779	 1	169,92	 57,71	 -19,4	 -10,3	  -2,9	   0,8	  -4,7	 -11,9
*	    76,4503	 1	169,94	 55,45	 -20,0	 -10,9	  -3,5	   0,2	  -5,3	 -12,5
s	    59,1918	 3	217,50	 55,53	  23,9	  16,8	 -21,1	 -20,8	 -17,3	   6,3
*	    59,2127	 1	182,15	 63,25	 -15,9	  -8,9	  -1,5	  -1,0	  -5,9	 -12,5
*	    60,5211	 1	182,17	 61,24	 -16,3	  -9,3	  -1,9	  -1,3	  -6,3	 -12,9
*	    61,9185	 1	182,19	 59,32	 -16,7	  -9,6	  -2,3	  -1,7	  -6,7	 -13,3
s	    59,5148	 3	216,14	 55,66	  23,8	  16,8	 -21,2	 -20,8	 -17,4	   6,3
s	    59,8728	 3	238,03	 55,92	  22,2	  19,1	  -5,2	  -4,2	  -0,8	   9,8
*	    65,9930	 1	175,43	 66,72	 -16,1	  -9,0	  -1,7	  -1,1	  -6,1	 -12,8
s	    75,7193	 2	112,99	 89,73	  23,6	  24,1	  15,7	  14,0	   7,7	  13,9
s	    77,5786	 3	198,97	 90,29	  22,8	  22,9	  14,0	  11,7	   4,9	  10,7
s	    80,6617	 3	188,82	 62,30	  21,1	  17,4	  -7,3	  -7,9	  -4,2	   6,8
s	    82,4246	 3	114,51	 89,73	  22,4	  17,7	  -4,6	  -4,9	 -10,3	   8,9
s	    87,9172	 3	 90,00	 16,82	  21,1	  22,1	  -4,0	  -3,6	   8,5	   9,4
s	    90,6642	 3	356,02	 90,16	  20,1	  19,3	  10,6	   9,6	   3,2	   9,5
s	    93,0683	 3	 82,82	 89,68	  20,7	  19,4	  10,3	   9,0	   3,9	  10,4
s	    93,0724	 3	 83,36	 89,68	  19,9	  19,1	  10,5	   9,5	   3,0	   9,3
s	    94,4845	 3	 92,24	 89,68	  21,6	  16,9	  -5,4	  -5,8	 -11,2	   7,9
s	    94,7138	 3	 46,48	 89,80	  21,5	  16,7	  -5,7	  -7,4	 -13,7	   5,6
s	   109,9141	 3	131,00	 89,77	  19,6	  18,3	   9,2	   7,9	   2,8	   9,2
#END
