#HEADER
CATT-Acoustic v8.0b    Copyright © CATT 1988-2003

 Project                : Auditorio

 GEOMETRICAL INFORMATION
 Src id and loc     [m] :   A1          -9,000        0,000        0,000
 Rec id and loc     [m] :   51          -3,750        7,000       -0,800

 51       25,5924

 VARIABLE SOURCE DATA
 Directivity
   Type (library)       :  OMNI.SD0
   Dir. Index (DI) [dB] :       0,0      0,0      0,0      0,0      0,0      0,0
 Level
   On axis 1m      [dB] :      58,0     64,0     70,3     70,7     65,9     59,9
   Total power     [dB] :      68,9     74,9     81,2     81,6     76,8     70,8
   Auxiliary delay [ms] :       0,0

 VARIABLE AIR DATA
 Temperature       [°C] :      20
 Relative humidity  [%] :      50
 Density        [kg/m³] :       1,2
 Sound speed      [m/s] :     343
 Impedance      [Ns/m³] :     412
 Diss. coeff. [0.001/m] :      0,10     0,30     0,63     1,07     2,28     6,83      (estimated)

#DATAFIELDS
 TYPE DELAY ORDER AZIMUTH ELEVATION SPL125 SPL250 SPL500 SPL1K SPL2K SPL4K
#DATA
d	     0,0000	 0	 90,00	 90,00	  39,1	  45,1	  51,4	  51,8	  46,9	  40,8
*	     0,3021	 1	109,70	100,29	   3,2	   9,1	  15,0	  17,4	  13,1	   6,4
*	    24,9155	 1	110,82	 96,35	 -15,0	  -7,9	  -0,6	   0,0	  -4,8	 -11,1
*	    25,3448	 1	104,52	 96,48	 -14,6	  -7,6	  -0,2	   0,4	  -4,4	 -10,8
*	    17,2654	 1	108,69	 96,61	  -9,8	  -2,7	   4,6	   5,2	   0,4	  -5,9
*	    17,5222	 1	101,74	 96,70	  -8,8	  -1,8	   5,6	   6,2	   1,4	  -4,9
*	    10,1834	 1	105,94	 96,93	  -3,8	   3,2	  10,6	  11,2	   6,4	   0,2
*	    10,0361	 1	 98,23	 96,96	  -1,2	   5,8	  13,2	  13,8	   9,0	   2,8
*	    12,7967	 1	 91,51	 96,88	  -3,2	   3,8	  11,2	  11,8	   7,0	   0,7
*	     4,5019	 1	102,29	 97,32	   1,4	   8,5	  15,8	  16,5	  11,6	   5,5
*	     3,7633	 1	 93,72	 97,24	   7,7	  14,7	  22,1	  22,7	  17,9	  11,7
*	     7,1411	 1	 86,54	 97,07	   3,7	  10,7	  18,1	  18,7	  13,9	   7,7
*	     1,3887	 1	 97,24	 97,81	   2,5	   9,5	  16,9	  17,5	  12,7	   6,5
*	     1,3670	 1	 87,80	 97,56	   6,4	  13,5	  20,8	  21,5	  16,7	  10,5
*	     4,9248	 1	 80,32	 97,22	   3,0	  10,0	  17,4	  18,0	  13,2	   7,0
*	     0,4837	 1	 89,95	 98,40	   0,9	   7,9	  15,3	  15,9	  11,1	   5,0
*	     1,7071	 1	 79,86	 97,86	   1,2	   8,2	  15,6	  16,2	  11,4	   5,2
*	     0,8293	 1	 78,98	 99,05	  -0,4	   6,6	  14,0	  14,6	   9,8	   3,7
*	     3,0441	 1	 69,21	 98,03	  -2,1	   4,9	  12,3	  12,9	   8,1	   1,9
*	     2,2523	 1	 62,41	 99,39	  -1,2	   5,9	  13,2	  13,9	   9,1	   2,9
*	     5,2693	 1	 55,37	 97,83	  -4,4	   2,6	  10,0	  10,6	   5,8	  -0,4
*	     5,1111	 1	 39,88	 98,64	  -2,6	   4,5	  11,8	  12,5	   7,6	   1,5
*	     1,7766	 1	119,65	105,43	   2,7	   8,6	  14,5	  16,8	  12,6	   5,8
*	     1,8229	 1	123,57	 96,81	  -5,3	   0,6	   6,5	   8,9	   4,6	  -2,2
*	     2,0038	 1	146,71	109,52	   7,8	  13,8	  19,7	  22,0	  17,7	  11,0
*	     2,3830	 1	152,86	105,43	  16,0	  21,9	  27,8	  30,1	  25,9	  19,1
*	     2,2561	 1	176,12	112,38	  21,9	  27,8	  33,7	  36,0	  31,8	  25,0
*	     2,5398	 1	147,93	122,50	  13,6	  19,5	  25,4	  27,8	  23,5	  16,7
*	    37,3623	 1	128,72	 97,58	 -14,4	  -7,2	  -1,0	   1,4	  -3,5	  -8,9
*	    32,7603	 1	128,85	 97,85	 -12,4	  -5,2	   1,0	   3,4	  -1,4	  -6,9
*	     2,6470	 1	149,80	129,90	  15,6	  22,8	  29,0	  31,5	  26,6	  21,4
s	     2,9911	 2	170,48	106,95	  35,1	  40,6	  46,6	  45,0	  40,1	  32,5
*	     3,1945	 1	139,84	 94,17	   9,4	  15,3	  21,2	  23,5	  19,3	  12,5
*	     3,9403	 1	137,09	 94,18	   7,0	  12,9	  18,8	  21,1	  16,9	  10,1
*	     4,8225	 1	135,31	 94,18	   5,1	  11,0	  16,9	  19,3	  15,0	   8,2
*	     5,8554	 1	134,05	 94,20	   3,6	   9,5	  15,4	  17,8	  13,5	   6,7
*	     7,0570	 1	133,12	 94,20	   2,3	   8,2	  14,1	  16,4	  12,2	   5,4
*	     8,4459	 1	132,41	 94,20	   1,1	   7,0	  12,9	  15,2	  11,0	   4,1
*	    10,0381	 1	131,84	 94,20	  -0,1	   5,8	  11,7	  14,0	   9,8	   2,9
*	    11,8447	 1	131,38	 94,19	  -1,3	   4,6	  10,5	  12,8	   8,6	   1,7
*	    13,8694	 1	131,00	 94,19	  -2,6	   3,4	   9,2	  11,6	   7,3	   0,5
*	    16,1082	 1	130,69	 94,20	  -3,9	   2,0	   7,9	  10,3	   6,0	  -0,9
*	    18,5496	 1	130,42	 94,19	  -5,3	   0,7	   6,5	   8,9	   4,6	  -2,3
*	    21,1766	 1	130,17	 94,19	  -6,7	  -0,8	   5,1	   7,5	   3,2	  -3,7
*	    23,9690	 1	129,98	 94,19	  -8,1	  -2,2	   3,7	   6,0	   1,7	  -5,2
*	    26,9060	 1	129,79	 94,19	  -9,6	  -3,7	   2,2	   4,5	   0,2	  -6,7
*	    29,9671	 1	129,63	 94,19	 -11,1	  -5,2	   0,7	   3,1	  -1,3	  -8,2
s	     4,3193	 1	 77,47	 90,63	  36,0	  36,8	  29,1	  29,5	  24,6	  31,6
*	    23,8340	 1	 81,96	 59,62	   1,0	   1,7	  -6,0	  -5,6	 -10,5	  -3,6
*	    22,3269	 1	 77,15	 56,59	   1,4	   2,1	  -5,6	  -5,2	 -10,1	  -3,2
*	    18,5398	 1	 81,87	 64,99	   4,6	   5,4	  -2,3	  -1,9	  -6,8	   0,1
*	    17,0386	 1	 76,99	 62,17	   4,9	   5,7	  -2,0	  -1,6	  -6,5	   0,4
*	    13,6289	 1	 81,77	 71,01	   9,0	   9,7	   2,0	   2,4	  -2,4	   4,5
*	    12,2211	 1	 76,82	 68,55	   8,9	   9,7	   2,0	   2,3	  -2,5	   4,4
*	     9,2671	 1	 81,67	 77,65	  14,2	  15,0	   7,3	   7,7	   2,8	   9,8
*	     8,1155	 1	 76,65	 75,72	  13,2	  14,0	   6,3	   6,6	   1,8	   8,8
*	     5,9109	 1	 81,57	 84,82	  20,2	  21,0	  13,3	  13,7	   8,8	  15,9
*	     5,2211	 1	 76,47	 83,58	  17,1	  17,8	  10,1	  10,5	   5,7	  12,7
*	     4,9208	 1	 81,47	 92,32	  22,2	  23,0	  15,3	  15,6	  10,8	  17,8
*	     4,3723	 1	 76,29	 91,91	  18,1	  18,9	  11,2	  11,6	   6,7	  13,7
*	    27,7258	 1	 76,04	 50,99	  -1,8	  -1,0	  -8,7	  -8,4	 -13,3	  -6,4
*	    28,9975	 1	 81,01	 54,17	  -2,1	  -1,4	  -9,1	  -8,7	 -13,6	  -6,8
*	    33,6065	 1	 76,22	 46,83	  -4,7	  -3,9	 -11,6	 -11,3	 -16,2	  -9,4
s	     4,6525	 1	 69,31	 90,47	  35,9	  36,7	  29,0	  29,4	  24,5	  31,5
*	     5,4068	 1	 60,42	 97,61	  12,3	  13,0	   5,3	   5,7	   0,9	   7,9
*	     5,0998	 1	 67,51	 97,48	  13,5	  14,3	   6,6	   7,0	   2,1	   9,2
*	     5,1962	 1	 60,94	 85,92	  12,5	  13,3	   5,6	   6,0	   1,1	   8,1
*	     4,7567	 1	 67,86	 87,35	  14,0	  14,8	   7,1	   7,5	   2,6	   9,7
*	     6,5725	 1	 61,45	 74,91	  11,4	  12,2	   4,5	   4,8	  -0,0	   7,0
*	     6,1680	 1	 68,20	 77,69	  12,7	  13,5	   5,8	   6,2	   1,4	   8,4
*	     9,3550	 1	 61,94	 65,23	   9,2	  10,0	   2,3	   2,7	  -2,2	   4,8
*	     9,0935	 1	 68,53	 68,93	  10,2	  10,9	   3,2	   3,6	  -1,2	   5,7
*	    13,2380	 1	 62,42	 57,08	   6,4	   7,2	  -0,5	  -0,1	  -5,0	   2,0
*	    13,1299	 1	 68,85	 61,29	   7,0	   7,8	   0,1	   0,5	  -4,4	   2,6
*	    17,9214	 1	 62,88	 50,38	   3,4	   4,2	  -3,5	  -3,2	  -8,0	  -1,1
*	    17,9318	 1	 69,17	 54,80	   3,7	   4,5	  -3,2	  -2,8	  -7,7	  -0,8
*	    23,1710	 1	 63,33	 44,93	   0,4	   1,2	  -6,5	  -6,2	 -11,0	  -4,2
*	    23,2603	 1	 69,47	 49,35	   0,6	   1,4	  -6,3	  -6,0	 -10,9	  -4,0
*	    33,7897	 1	 71,13	 42,61	  -4,6	  -3,8	 -11,6	 -11,2	 -16,1	  -9,3
*	    33,4692	 1	 65,58	 38,48	  -4,6	  -3,8	 -11,5	 -11,2	 -16,1	  -9,3
*	    27,8724	 1	 70,86	 46,62	  -1,8	  -1,0	  -8,7	  -8,4	 -13,3	  -6,4
*	    27,5738	 1	 65,20	 42,33	  -1,8	  -1,1	  -8,8	  -8,4	 -13,3	  -6,4
s	     5,4661	 1	 54,77	 89,96	  35,7	  36,4	  28,7	  29,1	  24,3	  31,3
*	     6,3033	 1	 38,75	 97,93	  13,3	  14,1	   6,4	   6,8	   1,9	   8,9
*	     5,7778	 1	 50,11	 97,81	  12,8	  13,5	   5,8	   6,2	   1,4	   8,4
*	     6,3056	 1	 40,00	 80,36	  13,2	  13,9	   6,2	   6,6	   1,8	   8,8
*	     5,6891	 1	 50,95	 83,38	  12,8	  13,6	   5,9	   6,3	   1,4	   8,4
*	     7,9034	 1	 41,21	 64,92	  11,6	  12,4	   4,7	   5,1	   0,2	   7,2
*	     7,1439	 1	 51,77	 70,18	  11,5	  12,3	   4,6	   5,0	   0,1	   7,1
*	    10,8178	 1	 42,38	 52,93	   9,2	   9,9	   2,2	   2,6	  -2,3	   4,7
*	     9,9403	 1	 52,55	 59,19	   9,4	  10,1	   2,4	   2,8	  -2,0	   4,9
*	    14,7244	 1	 43,50	 44,10	   6,3	   7,1	  -0,6	  -0,2	  -5,1	   1,8
*	    13,7898	 1	 53,31	 50,51	   6,7	   7,4	  -0,3	   0,1	  -4,8	   2,2
*	    19,3566	 1	 44,58	 37,60	   3,3	   4,1	  -3,6	  -3,2	  -8,1	  -1,2
*	    18,4189	 1	 54,04	 43,77	   3,8	   4,5	  -3,2	  -2,8	  -7,7	  -0,8
*	    24,5177	 1	 45,63	 32,74	   0,4	   1,2	  -6,5	  -6,1	 -11,0	  -4,1
*	    23,6109	 1	 54,75	 38,53	   0,8	   1,6	  -6,1	  -5,7	 -10,6	  -3,7
*	    33,7501	 1	 57,53	 32,91	  -4,0	  -3,3	 -11,0	 -10,6	 -15,5	  -8,7
*	    34,4111	 1	 49,71	 27,83	  -4,3	  -3,5	 -11,3	 -10,9	 -15,8	  -9,0
*	    27,9053	 1	 56,91	 36,46	  -1,3	  -0,6	  -8,3	  -7,9	 -12,8	  -5,9
*	    28,6115	 1	 48,81	 30,98	  -1,6	  -0,9	  -8,6	  -8,2	 -13,1	  -6,3
*	     6,2602	 1	158,13	 89,52	  11,4	  17,3	  23,2	  25,5	  21,2	  14,5
*	     6,9159	 1	152,28	 90,42	   9,5	  15,4	  21,3	  23,6	  19,3	  12,5
*	     7,7653	 1	148,19	 91,06	   7,8	  13,7	  19,6	  22,0	  17,7	  10,9
*	     8,7951	 1	145,21	 91,52	   6,4	  12,3	  18,2	  20,5	  16,3	   9,5
*	    10,0054	 1	142,93	 91,87	   5,1	  11,0	  16,9	  19,3	  15,0	   8,2
*	    11,4013	 1	141,15	 92,13	   3,9	   9,8	  15,7	  18,0	  13,8	   6,9
*	    12,9890	 1	139,73	 92,35	   2,7	   8,6	  14,5	  16,9	  12,6	   5,8
*	    14,7726	 1	138,56	 92,52	   1,6	   7,5	  13,4	  15,7	  11,4	   4,6
*	    16,7525	 1	137,58	 92,67	   0,4	   6,3	  12,2	  14,5	  10,2	   3,3
*	    18,9244	 1	136,76	 92,78	  -0,9	   5,0	  10,9	  13,3	   9,0	   2,1
*	    21,2795	 1	136,05	 92,88	  -2,1	   3,8	   9,7	  12,0	   7,7	   0,8
*	    23,8053	 1	135,44	 92,98	  -3,4	   2,5	   8,4	  10,7	   6,4	  -0,5
*	    26,4867	 1	134,90	 93,05	  -4,8	   1,2	   7,0	   9,4	   5,1	  -1,9
*	    29,3077	 1	134,43	 93,13	  -6,1	  -0,2	   5,7	   8,0	   3,7	  -3,2
*	    32,2520	 1	134,01	 93,19	  -7,4	  -1,5	   4,4	   6,7	   2,4	  -4,6
*	     8,5072	 1	356,23	 83,72	  16,8	  17,5	   9,8	  10,2	   5,4	  12,3
*	     6,9906	 1	 19,93	 86,84	  15,9	  16,7	   9,0	   9,3	   4,5	  11,5
*	     9,6647	 1	358,83	 58,76	  14,8	  15,6	   7,9	   8,3	   3,4	  10,4
*	     7,9818	 1	 21,92	 65,30	  14,5	  15,2	   7,5	   7,9	   3,1	  10,1
*	    12,3840	 1	  1,43	 42,20	  11,4	  12,2	   4,5	   4,9	   0,0	   7,0
*	    10,5153	 1	 23,87	 49,54	  11,7	  12,5	   4,8	   5,1	   0,3	   7,3
*	    16,0907	 1	  4,02	 32,07	   7,9	   8,7	   1,0	   1,4	  -3,5	   3,4
*	    14,1240	 1	 25,75	 39,02	   8,5	   9,3	   1,6	   2,0	  -2,9	   4,0
*	    20,4611	 1	  6,60	 25,65	   4,6	   5,4	  -2,3	  -1,9	  -6,8	   0,1
*	    18,4815	 1	 27,58	 31,97	   5,3	   6,1	  -1,6	  -1,2	  -6,1	   0,8
*	    25,3185	 1	  9,15	 21,34	   1,6	   2,4	  -5,3	  -5,0	  -9,9	  -3,0
*	    23,3831	 1	 29,35	 27,07	   2,3	   3,1	  -4,6	  -4,3	  -9,1	  -2,3
*	    30,5513	 1	 11,66	 18,29	  -1,2	  -0,4	  -8,2	  -7,8	 -12,7	  -5,8
*	    28,6928	 1	 31,06	 23,53	  -0,5	   0,2	  -7,5	  -7,1	 -12,0	  -5,2
*	    35,8505	 1	 36,39	 21,47	  -3,9	  -3,1	 -10,8	 -10,5	 -15,4	  -8,6
*	    37,4214	 1	 20,39	 16,44	  -4,5	  -3,7	 -11,4	 -11,0	 -15,9	  -9,2
*	    30,1292	 1	 34,92	 24,06	  -1,3	  -0,5	  -8,2	  -7,9	 -12,8	  -5,9
*	    31,7821	 1	 18,15	 18,56	  -1,9	  -1,1	  -8,8	  -8,5	 -13,4	  -6,5
*	    29,3782	 1	 92,02	 64,73	  -0,2	   0,5	  -7,2	  -6,8	 -11,7	  -4,8
*	    26,4791	 1	 87,68	 62,64	   1,1	   1,9	  -5,8	  -5,5	 -10,3	  -3,5
*	    24,5285	 1	 92,03	 69,62	   2,9	   3,7	  -4,0	  -3,6	  -8,5	  -1,6
*	    21,3475	 1	 87,66	 67,74	   4,7	   5,4	  -2,3	  -1,9	  -6,8	   0,1
*	    20,1422	 1	 92,05	 74,94	   6,5	   7,2	  -0,5	  -0,1	  -5,0	   1,9
*	    16,5974	 1	 87,63	 73,37	   8,8	   9,6	   1,9	   2,3	  -2,6	   4,3
*	    16,4397	 1	 92,07	 80,64	  10,3	  11,0	   3,3	   3,7	  -1,2	   5,8
*	    12,3927	 1	 87,61	 79,46	  13,9	  14,6	   6,9	   7,3	   2,4	   9,4
*	    13,8768	 1	 92,09	 86,66	  13,6	  14,4	   6,7	   7,0	   2,2	   9,1
*	     9,1899	 1	 87,58	 85,95	  19,5	  20,3	  12,6	  12,9	   8,1	  15,1
*	    13,1704	 1	 92,12	 92,87	  14,4	  15,2	   7,5	   7,9	   3,0	  10,0
*	     8,2693	 1	 87,55	 92,68	  21,2	  22,0	  14,3	  14,7	   9,8	  16,8
*	    35,4141	 1	 91,99	 59,64	  -3,5	  -2,7	 -10,5	 -10,1	 -15,0	  -8,2
*	    32,7802	 1	 87,71	 57,39	  -2,5	  -1,7	  -9,4	  -9,0	 -13,9	  -7,1
s	     8,4971	 3	201,04	 93,18	  33,4	  33,7	  24,8	  23,9	  18,3	  24,4
*	     9,9725	 1	324,65	 88,98	  10,4	  19,5	  27,0	  30,8	  25,4	  18,7
*	    10,2696	 1	326,43	 66,51	   9,6	  18,7	  26,2	  30,0	  24,6	  17,9
*	    11,5968	 1	328,29	 49,00	   7,3	  16,4	  23,9	  27,7	  22,2	  15,6
*	    13,6361	 1	330,22	 37,13	   4,5	  13,6	  21,1	  24,9	  19,5	  12,7
*	    16,1535	 1	332,24	 29,20	   1,8	  10,9	  18,4	  22,1	  16,7	  10,0
*	    19,0167	 1	334,32	 23,75	  -0,8	   8,3	  15,8	  19,6	  14,1	   7,4
*	    22,1495	 1	336,49	 19,85	  -3,1	   6,0	  13,5	  17,2	  11,8	   5,0
*	    25,5037	 1	338,74	 16,94	  -5,3	   3,8	  11,3	  15,0	   9,6	   2,8
*	    29,0449	 1	341,05	 14,72	  -7,4	   1,7	   9,2	  12,9	   7,5	   0,7
*	    32,7464	 1	343,42	 12,99	  -9,3	  -0,2	   7,3	  11,0	   5,6	  -1,3
*	    36,5862	 1	345,85	 11,61	 -11,1	  -2,0	   5,5	   9,2	   3,7	  -3,1
*	    40,5462	 1	348,34	 10,48	 -12,8	  -3,7	   3,7	   7,5	   2,0	  -4,9
*	    44,6106	 1	350,88	  9,54	 -14,5	  -5,4	   2,1	   5,8	   0,3	  -6,6
*	    48,7661	 1	353,44	  8,77	 -16,0	  -6,9	   0,5	   4,3	  -1,2	  -8,2
*	    10,0514	 1	171,19	 86,19	  10,5	  16,4	  22,3	  24,6	  20,3	  13,5
*	    10,5496	 1	164,28	 87,40	   9,1	  15,1	  20,9	  23,3	  19,0	  12,2
s	    11,0797	 2	184,52	 85,93	  33,5	  34,0	  25,7	  25,5	  20,2	  26,8
s	    12,8829	 3	 69,18	106,72	  30,2	  37,2	  44,1	  42,8	  36,8	  30,4
*	    13,3926	 1	300,57	 83,69	   8,4	  17,5	  25,0	  28,8	  23,3	  16,6
*	    13,8189	 1	301,53	 64,66	   7,6	  16,7	  24,2	  27,9	  22,5	  15,8
*	    15,1372	 1	302,54	 49,41	   5,6	  14,7	  22,2	  26,0	  20,5	  13,8
*	    17,1084	 1	303,62	 38,38	   3,2	  12,3	  19,8	  23,6	  18,2	  11,4
*	    19,5429	 1	304,76	 30,58	   0,8	   9,9	  17,4	  21,2	  15,7	   9,0
*	    22,3213	 1	305,96	 24,98	  -1,5	   7,6	  15,1	  18,9	  13,4	   6,7
*	    25,3702	 1	307,24	 20,83	  -3,6	   5,4	  12,9	  16,7	  11,2	   4,5
*	    28,6412	 1	308,60	 17,67	  -5,7	   3,4	  10,9	  14,6	   9,2	   2,4
*	    32,1000	 1	310,04	 15,21	  -7,6	   1,5	   9,0	  12,7	   7,3	   0,4
*	    35,7200	 1	311,59	 13,23	  -9,4	  -0,3	   7,2	  10,9	   5,4	  -1,4
*	    39,4801	 1	313,23	 11,63	 -11,1	  -2,0	   5,4	   9,2	   3,7	  -3,2
*	    43,3622	 1	314,97	 10,30	 -12,8	  -3,7	   3,8	   7,5	   2,1	  -4,9
*	    47,3513	 1	316,84	  9,19	 -14,3	  -5,2	   2,2	   6,0	   0,5	  -6,5
*	    51,4342	 1	318,82	  8,25	 -15,8	  -6,7	   0,7	   4,5	  -1,0	  -8,0
*	    14,3211	 1	180,21	 83,97	   8,8	  14,7	  20,6	  23,0	  18,7	  11,8
*	    17,9297	 1	286,16	 80,82	   5,2	  14,3	  21,8	  25,5	  20,1	  13,4
*	    18,4004	 1	286,57	 65,97	   4,5	  13,6	  21,1	  24,9	  19,4	  12,7
*	    19,6149	 1	287,00	 53,34	   3,1	  12,2	  19,7	  23,4	  18,0	  11,2
*	    21,4234	 1	287,45	 43,38	   1,3	  10,4	  17,9	  21,6	  16,2	   9,4
*	    23,6885	 1	287,93	 35,75	  -0,7	   8,4	  15,9	  19,7	  14,2	   7,4
*	    26,3083	 1	288,43	 29,92	  -2,6	   6,5	  14,0	  17,7	  12,3	   5,5
*	    29,2119	 1	288,96	 25,42	  -4,5	   4,6	  12,1	  15,8	  10,3	   3,5
*	    32,3494	 1	289,51	 21,86	  -6,3	   2,7	  10,2	  14,0	   8,5	   1,7
*	    35,6844	 1	290,11	 19,00	  -8,1	   1,0	   8,5	  12,2	   6,8	  -0,1
*	    39,1888	 1	290,73	 16,67	  -9,8	  -0,7	   6,8	  10,5	   5,1	  -1,8
*	    42,8399	 1	291,40	 14,74	 -11,4	  -2,3	   5,2	   8,9	   3,5	  -3,4
*	    46,6192	 1	292,11	 13,13	 -12,9	  -3,8	   3,7	   7,4	   1,9	  -5,0
*	    50,5111	 1	292,86	 11,75	 -14,3	  -5,3	   2,2	   5,9	   0,5	  -6,5
*	    54,5022	 1	293,66	 10,57	 -15,8	  -6,7	   0,8	   4,5	  -1,0	  -7,9
*	    18,8721	 1	 96,57	 96,70	  11,0	  11,7	   4,0	   4,4	  -0,5	   6,4
*	    24,0265	 1	100,96	 96,55	   6,8	   7,6	  -0,1	   0,3	  -4,6	   2,2
*	    18,4237	 1	 96,51	 90,87	  11,6	  12,4	   4,7	   5,1	   0,2	   7,1
*	    23,6974	 1	100,87	 91,07	   7,2	   8,0	   0,3	   0,6	  -4,2	   2,6
*	    19,5801	 1	 96,45	 85,12	  10,5	  11,3	   3,6	   4,0	  -0,9	   6,0
*	    24,6623	 1	100,77	 85,67	   6,5	   7,3	  -0,4	  -0,1	  -5,0	   1,9
*	    22,1061	 1	 96,39	 79,57	   8,2	   9,0	   1,3	   1,6	  -3,3	   3,6
*	    26,8013	 1	100,68	 80,42	   4,9	   5,7	  -2,0	  -1,6	  -6,5	   0,3
*	    25,6105	 1	 96,33	 74,30	   5,4	   6,2	  -1,5	  -1,2	  -6,0	   0,8
*	    29,8809	 1	100,59	 75,42	   2,9	   3,6	  -4,1	  -3,7	  -8,6	  -1,8
*	    29,7913	 1	 96,28	 69,37	   2,6	   3,4	  -4,3	  -4,0	  -8,9	  -2,0
*	    33,6738	 1	100,50	 70,70	   0,6	   1,4	  -6,3	  -6,0	 -10,9	  -4,1
*	    34,4594	 1	 96,22	 64,84	  -0,0	   0,7	  -7,0	  -6,6	 -11,5	  -4,7
*	    38,0066	 1	100,42	 66,33	  -1,7	  -0,9	  -8,6	  -8,2	 -13,2	  -6,4
*	    44,3528	 1	 97,15	 58,04	  -4,6	  -3,9	 -11,6	 -11,2	 -16,2	  -9,4
*	    42,6052	 1	101,26	 63,47	  -3,8	  -3,0	 -10,7	 -10,4	 -15,3	  -8,5
*	    39,1385	 1	 97,21	 61,89	  -2,3	  -1,6	  -9,3	  -8,9	 -13,8	  -7,0
*	    18,8877	 1	186,53	 82,56	   7,0	  12,9	  18,8	  21,1	  16,9	  10,0
s	    20,1350	 3	264,00	 81,88	  29,2	  28,4	  19,8	  20,2	  14,9	  21,6
*	    35,2635	 1	278,72	 23,29	   1,0	   1,7	  -6,0	  -5,6	 -10,5	  -3,7
*	    30,9093	 1	278,41	 28,48	   3,4	   4,1	  -3,6	  -3,2	  -8,1	  -1,3
*	    27,0497	 1	278,11	 35,59	   5,9	   6,6	  -1,1	  -0,7	  -5,6	   1,3
*	    23,8430	 1	277,84	 45,56	   8,4	   9,1	   1,4	   1,8	  -3,1	   3,8
*	    21,5333	 1	277,58	 59,40	  10,5	  11,3	   3,6	   4,0	  -0,9	   6,0
*	    20,4479	 1	277,34	 77,24	  11,8	  12,5	   4,8	   5,2	   0,3	   7,2
*	    45,8057	 1	279,48	 16,03	  -3,8	  -3,1	 -10,8	 -10,4	 -15,3	  -8,6
*	    40,7053	 1	279,11	 18,93	  -1,7	  -0,9	  -8,6	  -8,2	 -13,2	  -6,4
*	    21,0513	 1	273,07	 78,84	   2,8	  11,9	  19,4	  23,1	  17,7	  11,0
*	    21,5849	 1	273,14	 66,04	   2,2	  11,3	  18,8	  22,5	  17,1	  10,3
*	    22,7806	 1	273,21	 54,91	   1,0	  10,1	  17,5	  21,3	  15,9	   9,1
*	    24,5248	 1	273,29	 45,79	  -0,6	   8,5	  16,0	  19,7	  14,3	   7,5
*	    26,7079	 1	273,37	 38,54	  -2,3	   6,8	  14,3	  18,0	  12,6	   5,8
*	    29,2425	 1	273,45	 32,78	  -4,0	   5,1	  12,6	  16,3	  10,8	   4,0
*	    32,0632	 1	273,53	 28,21	  -5,8	   3,3	  10,8	  14,6	   9,1	   2,3
*	    35,1219	 1	273,62	 24,53	  -7,4	   1,7	   9,1	  12,9	   7,4	   0,6
*	    38,3822	 1	273,72	 21,52	  -9,1	   0,0	   7,5	  11,2	   5,8	  -1,1
*	    41,8157	 1	273,82	 19,03	 -10,6	  -1,5	   5,9	   9,7	   4,2	  -2,7
*	    45,3995	 1	273,92	 16,95	 -12,1	  -3,0	   4,4	   8,2	   2,7	  -4,2
*	    49,1149	 1	274,04	 15,17	 -13,6	  -4,5	   3,0	   6,7	   1,2	  -5,7
*	    52,9460	 1	274,15	 13,66	 -15,0	  -5,9	   1,6	   5,3	  -0,2	  -7,2
s	    22,7793	 3	288,74	 82,29	  30,3	  25,6	   3,3	   3,0	  -2,2	  17,5
*	    24,4117	 1	262,43	 77,67	   0,3	   9,4	  16,8	  20,6	  15,1	   8,4
*	    24,9863	 1	262,28	 66,66	  -0,3	   8,8	  16,3	  20,0	  14,6	   7,8
*	    26,1521	 1	262,14	 56,87	  -1,3	   7,8	  15,3	  19,0	  13,5	   6,8
*	    27,8242	 1	261,98	 48,58	  -2,6	   6,5	  13,9	  17,7	  12,2	   5,4
*	    29,9167	 1	261,82	 41,73	  -4,1	   5,0	  12,5	  16,2	  10,8	   4,0
*	    32,3558	 1	261,65	 36,14	  -5,6	   3,5	  10,9	  14,7	   9,2	   2,4
*	    35,0829	 1	261,47	 31,54	  -7,2	   1,9	   9,4	  13,1	   7,7	   0,8
*	    38,0522	 1	261,29	 27,77	  -8,7	   0,4	   7,8	  11,6	   6,1	  -0,8
*	    41,2281	 1	261,10	 24,63	 -10,2	  -1,1	   6,3	  10,1	   4,6	  -2,3
*	    44,5821	 1	260,90	 22,00	 -11,7	  -2,6	   4,9	   8,6	   3,1	  -3,8
*	    48,0910	 1	260,69	 19,77	 -13,1	  -4,0	   3,5	   7,2	   1,7	  -5,2
*	    51,7357	 1	260,48	 17,85	 -14,5	  -5,4	   2,1	   5,8	   0,3	  -6,7
*	    55,5000	 1	260,25	 16,21	 -15,8	  -6,7	   0,7	   4,5	  -1,0	  -8,0
*	    28,1610	 1	254,63	 77,06	  -2,3	   6,8	  14,3	  18,0	  12,6	   5,8
*	    28,7605	 1	254,38	 67,58	  -2,8	   6,3	  13,8	  17,5	  12,1	   5,3
*	    29,8892	 1	254,12	 58,99	  -3,7	   5,4	  12,9	  16,7	  11,2	   4,4
*	    31,4845	 1	253,86	 51,47	  -4,8	   4,3	  11,8	  15,6	  10,1	   3,3
*	    33,4796	 1	253,58	 45,08	  -6,0	   3,1	  10,6	  14,3	   8,9	   2,0
*	    35,8140	 1	253,30	 39,69	  -7,3	   1,7	   9,2	  13,0	   7,5	   0,7
*	    38,4360	 1	253,01	 35,15	  -8,7	   0,4	   7,9	  11,6	   6,1	  -0,8
*	    41,3035	 1	252,70	 31,33	 -10,1	  -1,0	   6,5	  10,2	   4,7	  -2,2
*	    44,3823	 1	252,39	 28,10	 -11,5	  -2,4	   5,1	   8,8	   3,3	  -3,6
*	    47,6444	 1	252,07	 25,35	 -12,8	  -3,7	   3,7	   7,5	   2,0	  -5,0
*	    51,0665	 1	251,73	 22,98	 -14,2	  -5,1	   2,4	   6,1	   0,6	  -6,3
*	    54,6293	 1	251,38	 20,93	 -15,5	  -6,4	   1,1	   4,8	  -0,7	  -7,6
*	    58,3163	 1	251,02	 19,15	 -16,7	  -7,6	  -0,2	   3,6	  -1,9	  -8,9
*	    28,4716	 1	194,45	 80,92	   3,6	   9,5	  15,4	  17,7	  13,4	   6,5
*	    46,2856	 1	110,31	 70,59	  -2,2	  -1,4	  -9,1	  -8,8	 -13,7	  -7,0
*	    42,1548	 1	106,37	 69,62	  -0,5	   0,3	  -7,4	  -7,1	 -12,0	  -5,2
*	    42,8877	 1	110,45	 74,71	  -0,7	   0,0	  -7,7	  -7,3	 -12,3	  -5,5
*	    38,4790	 1	106,49	 73,90	   1,3	   2,0	  -5,7	  -5,3	 -10,2	  -3,4
*	    40,0969	 1	110,60	 79,06	   0,5	   1,3	  -6,4	  -6,0	 -11,0	  -4,2
*	    35,4198	 1	106,62	 78,42	   2,9	   3,6	  -4,1	  -3,7	  -8,6	  -1,8
*	    38,0205	 1	110,76	 83,61	   1,5	   2,3	  -5,4	  -5,0	  -9,9	  -3,2
*	    33,1150	 1	106,75	 83,17	   4,1	   4,9	  -2,8	  -2,5	  -7,4	  -0,5
*	    36,7575	 1	110,91	 88,30	   2,2	   2,9	  -4,8	  -4,4	  -9,3	  -2,5
*	    31,7035	 1	106,88	 88,09	   4,9	   5,7	  -2,0	  -1,6	  -6,5	   0,3
*	    36,3763	 1	111,07	 93,09	   2,3	   3,1	  -4,6	  -4,3	  -9,2	  -2,4
*	    31,2870	 1	107,02	 93,12	   5,1	   5,9	  -1,8	  -1,4	  -6,3	   0,5
*	    51,6682	 1	106,10	 61,39	  -4,4	  -3,6	 -11,3	 -11,0	 -15,9	  -9,2
*	    50,8532	 1	110,14	 66,13	  -4,0	  -3,2	 -11,0	 -10,6	 -15,6	  -8,9
*	    47,0329	 1	106,22	 65,03	  -2,6	  -1,8	  -9,5	  -9,2	 -14,1	  -7,4
*	    31,9745	 1	248,09	 76,74	  -4,8	   4,3	  11,8	  15,5	  10,1	   3,2
*	    32,5939	 1	247,79	 68,46	  -5,2	   3,9	  11,3	  15,1	   9,6	   2,8
*	    33,6922	 1	247,47	 60,83	  -6,0	   3,1	  10,6	  14,4	   8,9	   2,1
*	    35,2215	 1	247,15	 54,03	  -6,9	   2,2	   9,7	  13,4	   8,0	   1,1
*	    37,1299	 1	246,82	 48,07	  -8,0	   1,1	   8,6	  12,3	   6,9	   0,0
*	    39,3673	 1	246,48	 42,92	  -9,1	  -0,0	   7,4	  11,2	   5,7	  -1,2
*	    41,8892	 1	246,14	 38,51	 -10,4	  -1,3	   6,2	   9,9	   4,5	  -2,4
*	    44,6575	 1	245,78	 34,70	 -11,6	  -2,5	   5,0	   8,7	   3,2	  -3,7
*	    47,6400	 1	245,41	 31,43	 -12,9	  -3,8	   3,7	   7,4	   1,9	  -5,0
*	    50,8098	 1	245,03	 28,60	 -14,1	  -5,0	   2,4	   6,2	   0,7	  -6,3
*	    54,1440	 1	244,64	 26,13	 -15,4	  -6,3	   1,2	   4,9	  -0,6	  -7,5
*	    57,6233	 1	244,23	 23,99	 -16,6	  -7,5	  -0,0	   3,7	  -1,8	  -8,8
*	    61,2311	 1	243,82	 22,10	 -17,8	  -8,7	  -1,2	   2,5	  -3,0	 -10,0
*	    35,4295	 1	244,48	 76,36	  -6,7	   2,4	   9,9	  13,6	   8,2	   1,3
*	    36,0742	 1	244,16	 68,94	  -7,1	   2,0	   9,5	  13,2	   7,7	   0,9
*	    37,1601	 1	243,84	 62,03	  -7,7	   1,3	   8,8	  12,6	   7,1	   0,2
*	    38,6488	 1	243,51	 55,78	  -8,6	   0,5	   8,0	  11,7	   6,3	  -0,6
*	    40,4974	 1	243,17	 50,20	  -9,5	  -0,4	   7,0	  10,8	   5,3	  -1,6
*	    42,6637	 1	242,82	 45,30	 -10,6	  -1,5	   6,0	   9,7	   4,2	  -2,7
*	    45,1088	 1	242,47	 41,01	 -11,7	  -2,6	   4,9	   8,6	   3,1	  -3,8
*	    47,7984	 1	242,10	 37,27	 -12,8	  -3,7	   3,7	   7,5	   2,0	  -5,0
*	    50,7025	 1	241,73	 34,02	 -14,0	  -4,9	   2,6	   6,3	   0,8	  -6,2
*	    53,7955	 1	241,35	 31,16	 -15,2	  -6,1	   1,4	   5,1	  -0,4	  -7,3
*	    57,0553	 1	240,96	 28,66	 -16,3	  -7,2	   0,2	   4,0	  -1,5	  -8,5
*	    60,4631	 1	240,56	 26,44	 -17,5	  -8,4	  -0,9	   2,8	  -2,7	  -9,7
*	    64,0025	 1	240,15	 24,48	 -18,6	  -9,5	  -2,0	   1,7	  -3,8	 -10,9
*	    35,6492	 1	128,82	 96,00	 -15,1	  -9,2	  -3,3	  -1,0	  -5,3	 -12,3
*	    35,8008	 1	129,38	 94,19	 -13,7	  -7,8	  -1,9	   0,4	  -3,9	 -10,9
*	    39,1201	 1	129,26	 94,19	 -15,1	  -9,2	  -3,3	  -1,0	  -5,3	 -12,3
*	    42,5052	 1	129,16	 94,18	 -16,4	 -10,5	  -4,6	  -2,3	  -6,7	 -13,7
s	    37,3069	 1	 90,00	 29,13	  29,2	  32,5	  22,6	  22,9	  26,5	  23,9
*	    65,4499	 1	200,79	 38,60	   3,7	   7,1	  -2,9	  -2,6	   0,9	  -1,9
*	    52,9499	 1	191,10	 27,30	   7,6	  10,9	   0,9	   1,3	   4,8	   2,1
*	    43,6442	 1	160,56	 15,31	  10,8	  14,1	   4,1	   4,5	   8,0	   5,4
*	    38,7968	 1	 90,20	 16,08	  12,5	  15,9	   5,9	   6,3	   9,8	   7,2
*	    65,5866	 1	182,20	 43,68	   3,5	   6,9	  -3,1	  -2,8	   0,7	  -2,0
*	    53,0584	 1	167,66	 36,10	   7,4	  10,7	   0,7	   1,1	   4,6	   1,9
*	    43,5828	 1	142,42	 30,24	  10,6	  14,0	   4,0	   4,4	   7,9	   5,3
*	    38,3632	 1	109,78	 30,86	  12,7	  16,1	   6,1	   6,4	  10,0	   7,4
*	    38,3483	 1	 85,06	 37,95	  12,9	  16,2	   6,2	   6,6	  10,1	   7,6
*	    69,4698	 1	169,30	 50,03	   2,4	   5,7	  -4,3	  -3,9	  -0,5	  -3,2
*	    57,4007	 1	155,47	 45,58	   5,9	   9,2	  -0,7	  -0,4	   3,1	   0,4
*	    48,2269	 1	136,88	 42,79	   9,0	  12,3	   2,4	   2,7	   6,2	   3,6
*	    42,9979	 1	115,94	 43,40	  11,0	  14,4	   4,4	   4,8	   8,3	   5,7
*	    42,6602	 1	 97,48	 47,33	  11,4	  14,8	   4,8	   5,2	   8,7	   6,1
*	    76,6619	 1	160,63	 56,04	   0,5	   3,8	  -6,2	  -5,9	  -2,4	  -5,2
*	    65,4035	 1	148,63	 53,53	   3,5	   6,9	  -3,1	  -2,8	   0,7	  -2,1
*	    56,9132	 1	134,24	 52,22	   6,2	   9,5	  -0,5	  -0,1	   3,4	   0,7
*	    52,0587	 1	118,88	 52,78	   8,0	  11,3	   1,3	   1,7	   5,2	   2,5
*	    76,3101	 1	144,35	 59,75	   0,6	   3,9	  -6,0	  -5,7	  -2,2	  -5,1
*	    68,6934	 1	132,71	 59,16	   2,7	   6,1	  -3,9	  -3,6	  -0,1	  -2,9
*	    37,8800	 1	133,35	 93,28	  -9,8	  -3,9	   2,0	   4,3	  -0,0	  -7,0
*	    41,0934	 1	133,04	 93,32	 -11,1	  -5,2	   0,7	   3,0	  -1,3	  -8,3
*	    44,3787	 1	132,77	 93,36	 -12,4	  -6,4	  -0,6	   1,7	  -2,6	  -9,6
*	    47,7260	 1	132,51	 93,40	 -13,6	  -7,7	  -1,8	   0,5	  -3,8	 -10,9
*	    51,1269	 1	132,27	 93,43	 -14,8	  -8,9	  -3,0	  -0,7	  -5,0	 -12,1
*	    54,5742	 1	132,06	 93,46	 -15,9	 -10,0	  -4,2	  -1,9	  -6,2	 -13,3
*	    58,0617	 1	131,86	 93,49	 -17,1	 -11,2	  -5,3	  -3,0	  -7,3	 -14,5
*	    38,3786	 1	199,11	 80,00	   0,6	   6,5	  12,4	  14,7	  10,4	   3,4
s	    39,1846	 2	 79,27	 32,53	  28,1	  26,3	   2,3	   2,7	   6,2	  16,9
*	    40,1434	 1	238,44	 76,57	  -9,6	  -0,5	   7,0	  10,7	   5,3	  -1,6
*	    40,7901	 1	238,10	 70,07	  -9,9	  -0,8	   6,7	  10,4	   4,9	  -2,0
*	    41,8367	 1	237,76	 63,96	 -10,5	  -1,4	   6,1	   9,8	   4,4	  -2,5
*	    43,2543	 1	237,42	 58,32	 -11,2	  -2,1	   5,4	   9,1	   3,7	  -3,2
*	    45,0099	 1	237,07	 53,20	 -12,0	  -2,9	   4,6	   8,3	   2,8	  -4,1
*	    47,0697	 1	236,71	 48,60	 -12,9	  -3,8	   3,7	   7,4	   1,9	  -5,0
*	    49,4013	 1	236,34	 44,49	 -13,9	  -4,8	   2,7	   6,4	   1,0	  -6,0
*	    51,9748	 1	235,96	 40,85	 -14,9	  -5,8	   1,7	   5,4	  -0,1	  -7,0
*	    54,7632	 1	235,58	 37,61	 -15,9	  -6,8	   0,7	   4,4	  -1,1	  -8,1
*	    57,7430	 1	235,20	 34,74	 -17,0	  -7,9	  -0,4	   3,3	  -2,2	  -9,2
*	    60,8932	 1	234,80	 32,19	 -18,0	  -8,9	  -1,5	   2,3	  -3,3	 -10,3
*	    64,1955	 1	234,39	 29,90	 -19,1	 -10,0	  -2,5	   1,2	  -4,3	 -11,4
*	    67,6338	 1	233,98	 27,86	 -20,1	 -11,0	  -3,6	   0,1	  -5,4	 -12,4
*	    55,2220	 1	118,94	 72,06	  -3,0	  -2,3	 -10,0	  -9,6	 -14,6	  -7,9
*	    51,1927	 1	115,09	 71,44	  -1,6	  -0,8	  -8,5	  -8,2	 -13,1	  -6,4
*	    52,2918	 1	119,12	 75,92	  -2,0	  -1,2	  -8,9	  -8,6	 -13,5	  -6,8
*	    48,0674	 1	115,26	 75,41	  -0,3	   0,4	  -7,3	  -6,9	 -11,9	  -5,1
*	    49,9256	 1	119,32	 79,96	  -1,1	  -0,3	  -8,0	  -7,7	 -12,6	  -5,9
*	    45,5268	 1	115,44	 79,58	   0,7	   1,5	  -6,3	  -5,9	 -10,8	  -4,1
*	    48,1882	 1	119,51	 84,16	  -0,4	   0,3	  -7,4	  -7,0	 -12,0	  -5,2
*	    43,6518	 1	115,61	 83,93	   1,5	   2,3	  -5,5	  -5,1	 -10,0	  -3,3
*	    47,1338	 1	119,71	 88,46	  -0,0	   0,7	  -7,0	  -6,6	 -11,5	  -4,8
*	    42,5123	 1	115,79	 88,40	   2,0	   2,7	  -5,0	  -4,6	  -9,5	  -2,8
*	    46,7972	 1	119,91	 92,85	   0,1	   0,9	  -6,9	  -6,5	 -11,4	  -4,7
*	    42,1544	 1	115,97	 92,94	   2,1	   2,9	  -4,8	  -4,5	  -9,4	  -2,6
*	    58,0911	 1	113,87	 64,06	  -4,0	  -3,2	 -11,0	 -10,6	 -15,6	  -8,9
*	    42,8617	 1	234,43	 76,30	 -11,5	  -2,4	   5,1	   8,8	   3,4	  -3,6
*	    43,5386	 1	234,08	 70,28	 -11,8	  -2,7	   4,7	   8,5	   3,0	  -3,9
*	    44,5933	 1	233,73	 64,59	 -12,3	  -3,2	   4,2	   8,0	   2,5	  -4,4
*	    46,0007	 1	233,38	 59,30	 -13,0	  -3,9	   3,6	   7,3	   1,8	  -5,1
*	    47,7320	 1	233,02	 54,46	 -13,7	  -4,6	   2,8	   6,6	   1,1	  -5,9
*	    49,7573	 1	232,65	 50,07	 -14,6	  -5,5	   2,0	   5,7	   0,2	  -6,7
*	    52,0475	 1	232,28	 46,12	 -15,5	  -6,4	   1,1	   4,8	  -0,7	  -7,6
*	    54,5753	 1	231,90	 42,58	 -16,4	  -7,3	   0,1	   3,9	  -1,6	  -8,6
*	    57,3158	 1	231,51	 39,40	 -17,4	  -8,3	  -0,9	   2,9	  -2,6	  -9,6
*	    60,2467	 1	231,12	 36,56	 -18,4	  -9,3	  -1,9	   1,9	  -3,6	 -10,7
*	    63,3481	 1	230,72	 34,01	 -19,4	 -10,3	  -2,9	   0,9	  -4,7	 -11,7
*	    66,6022	 1	230,31	 31,72	 -20,4	 -11,3	  -3,9	  -0,1	  -5,7	 -12,7
s	    43,2904	 2	 90,00	 26,94	  26,3	  30,7	  21,8	  22,4	  26,0	  23,4
s	    45,0092	 3	 79,44	 30,10	  25,3	  24,5	   1,6	   2,2	   5,8	  16,4
s	    45,6568	 2	 72,54	 29,98	  27,5	  28,5	  21,0	  21,6	  16,7	  23,4
*	    45,9787	 1	 77,23	 37,52	   1,9	   6,7	  19,8	  21,1	  18,1	  13,3
*	    50,6610	 1	 92,71	 46,94	   0,6	   5,3	  18,4	  19,7	  16,6	  11,9
s	    46,0060	 2	 60,00	 30,03	  28,3	  29,4	  21,7	  22,3	  17,2	  23,7
*	    55,6884	 1	229,68	 48,40	  -2,5	  -1,8	  -9,5	  -9,1	 -14,1	  -7,4
*	    52,6379	 1	230,19	 53,88	  -1,4	  -0,6	  -8,3	  -8,0	 -12,9	  -6,2
*	    50,1252	 1	230,68	 60,11	  -0,4	   0,4	  -7,3	  -7,0	 -11,9	  -5,2
*	    48,2220	 1	231,16	 67,09	   0,4	   1,2	  -6,5	  -6,2	 -11,1	  -4,4
*	    46,9955	 1	231,64	 74,69	   1,0	   1,7	  -6,0	  -5,6	 -10,5	  -3,8
*	    59,7389	 1	229,09	 42,99	  -3,9	  -3,2	 -10,9	 -10,6	 -15,5	  -8,9
*	    47,3767	 1	229,28	 76,60	 -14,6	  -5,5	   2,0	   5,7	   0,3	  -6,7
*	    48,0571	 1	228,94	 71,20	 -14,9	  -5,8	   1,7	   5,4	  -0,1	  -7,0
*	    49,0861	 1	228,59	 66,07	 -15,3	  -6,2	   1,2	   5,0	  -0,5	  -7,5
*	    50,4439	 1	228,24	 61,24	 -15,9	  -6,8	   0,7	   4,4	  -1,1	  -8,0
*	    52,1070	 1	227,88	 56,76	 -16,5	  -7,5	   0,0	   3,7	  -1,7	  -8,7
*	    54,0510	 1	227,52	 52,64	 -17,3	  -8,2	  -0,7	   3,0	  -2,5	  -9,5
*	    56,2512	 1	227,15	 48,89	 -18,1	  -9,0	  -1,5	   2,2	  -3,3	 -10,3
*	    58,6841	 1	226,78	 45,47	 -19,0	  -9,9	  -2,4	   1,3	  -4,2	 -11,2
*	    61,3274	 1	226,40	 42,38	 -19,8	 -10,8	  -3,3	   0,4	  -5,1	 -12,1
*	    64,1607	 1	226,01	 39,57	 -20,7	 -11,7	  -4,2	  -0,5	  -6,0	 -13,0
*	    67,1656	 1	225,62	 37,02	 -21,7	 -12,6	  -5,1	  -1,4	  -6,9	 -14,0
*	    70,3254	 1	225,23	 34,72	 -22,6	 -13,5	  -6,1	  -2,3	  -7,9	 -15,0
*	    48,4990	 1	202,16	 79,47	  -2,0	   3,9	   9,8	  12,1	   7,8	   0,7
*	    50,1468	 1	226,66	 76,40	  -7,0	   2,1	   9,5	  13,3	   7,8	   0,8
*	    50,8537	 1	226,32	 71,34	  -7,3	   1,8	   9,2	  13,0	   7,5	   0,5
*	    51,8929	 1	225,98	 66,50	  -7,7	   1,3	   8,8	  12,5	   7,1	   0,1
*	    53,2463	 1	225,63	 61,94	  -8,3	   0,8	   8,3	  12,0	   6,5	  -0,5
*	    54,8934	 1	225,28	 57,67	  -8,9	   0,2	   7,7	  11,4	   5,9	  -1,1
*	    56,8120	 1	224,92	 53,74	  -9,6	  -0,5	   7,0	  10,7	   5,2	  -1,8
*	    58,9798	 1	224,56	 50,12	 -10,4	  -1,3	   6,2	   9,9	   4,4	  -2,6
*	    61,3752	 1	224,20	 46,81	 -11,2	  -2,1	   5,4	   9,1	   3,6	  -3,4
*	    63,9776	 1	223,83	 43,78	 -12,0	  -2,9	   4,5	   8,3	   2,7	  -4,3
*	    66,7679	 1	223,45	 41,03	 -12,9	  -3,8	   3,7	   7,4	   1,9	  -5,2
*	    69,7287	 1	223,07	 38,53	 -13,8	  -4,7	   2,8	   6,5	   1,0	  -6,1
*	    72,8439	 1	222,69	 36,25	 -14,6	  -5,6	   1,9	   5,6	   0,1	  -7,0
*	    50,5846	 1	125,51	 94,51	  -7,2	   1,9	   9,4	  13,1	   7,6	   0,7
*	    50,5305	 1	125,35	 91,47	  -7,2	   1,9	   9,4	  13,1	   7,6	   0,7
*	    50,8152	 1	125,19	 88,43	  -7,3	   1,8	   9,3	  13,0	   7,5	   0,6
*	    51,4351	 1	125,03	 85,42	  -7,5	   1,6	   9,1	  12,8	   7,3	   0,4
*	    52,3816	 1	124,87	 82,47	  -7,8	   1,3	   8,7	  12,5	   7,0	   0,0
*	    53,6415	 1	124,71	 79,58	  -8,3	   0,8	   8,3	  12,0	   6,5	  -0,4
*	    55,1982	 1	124,56	 76,76	  -8,8	   0,3	   7,8	  11,5	   6,0	  -1,0
*	    57,0327	 1	124,40	 74,03	  -9,4	  -0,3	   7,1	  10,8	   5,3	  -1,6
*	    59,1250	 1	124,25	 71,38	 -10,1	  -1,0	   6,4	  10,2	   4,6	  -2,4
*	    61,4543	 1	124,10	 68,84	 -10,9	  -1,8	   5,7	   9,4	   3,9	  -3,1
*	    64,0004	 1	123,95	 66,41	 -11,7	  -2,6	   4,9	   8,6	   3,1	  -4,0
*	    66,7441	 1	123,80	 64,08	 -12,5	  -3,4	   4,1	   7,8	   2,3	  -4,8
*	    69,6672	 1	123,65	 61,85	 -13,3	  -4,3	   3,2	   6,9	   1,4	  -5,7
*	    72,7527	 1	123,50	 59,73	 -14,2	  -5,1	   2,3	   6,0	   0,5	  -6,6
*	    50,7928	 1	223,78	 76,79	 -18,3	  -9,2	  -1,7	   2,0	  -3,5	 -10,4
*	    51,4885	 1	223,43	 71,83	 -18,6	  -9,5	  -2,0	   1,7	  -3,8	 -10,7
*	    52,5127	 1	223,08	 67,07	 -19,0	  -9,9	  -2,4	   1,3	  -4,2	 -11,1
*	    53,8482	 1	222,72	 62,59	 -19,5	 -10,4	  -2,9	   0,8	  -4,7	 -11,7
*	    55,4753	 1	222,36	 58,39	 -20,1	 -11,0	  -3,5	   0,2	  -5,3	 -12,3
*	    57,3726	 1	222,00	 54,50	 -20,8	 -11,7	  -4,2	  -0,5	  -6,0	 -13,0
*	    59,5186	 1	221,63	 50,91	 -21,5	 -12,4	  -5,0	  -1,2	  -6,7	 -13,8
*	    61,8922	 1	221,25	 47,62	 -22,3	 -13,2	  -5,8	  -2,0	  -7,5	 -14,6
*	    51,1035	 1	123,83	 93,45	   0,5	   1,2	  -6,5	  -6,1	 -11,1	  -4,4
*	    51,3065	 1	123,61	 89,20	   0,4	   1,2	  -6,5	  -6,2	 -11,1	  -4,4
*	    52,1805	 1	123,40	 85,00	   0,1	   0,9	  -6,8	  -6,5	 -11,4	  -4,7
*	    53,7008	 1	123,19	 80,91	  -0,4	   0,3	  -7,4	  -7,0	 -12,0	  -5,3
*	    55,8264	 1	122,98	 76,96	  -1,2	  -0,4	  -8,1	  -7,8	 -12,7	  -6,1
*	    58,5051	 1	122,78	 73,16	  -2,1	  -1,3	  -9,0	  -8,7	 -13,6	  -7,0
*	    61,6797	 1	122,57	 69,55	  -3,1	  -2,3	 -10,1	  -9,7	 -14,7	  -8,1
s	    51,5858	 3	 72,82	 27,94	  24,7	  26,8	  20,4	  21,2	  16,3	  23,0
s	    51,9082	 3	 60,47	 27,97	  24,7	  26,7	  20,4	  21,2	  16,3	  23,0
*	    53,9068	 1	219,52	 76,89	 -23,0	 -13,9	  -6,4	  -2,7	  -8,2	 -15,1
*	    53,9491	 1	222,03	 76,64	  -7,8	   1,3	   8,7	  12,5	   7,0	   0,0
*	    54,6664	 1	221,69	 71,98	  -8,1	   1,0	   8,5	  12,2	   6,7	  -0,3
*	    55,6964	 1	221,35	 67,51	  -8,5	   0,6	   8,1	  11,8	   6,3	  -0,7
*	    57,0238	 1	221,00	 63,27	  -9,0	   0,1	   7,6	  11,3	   5,8	  -1,2
*	    58,6310	 1	220,66	 59,28	  -9,5	  -0,4	   7,0	  10,7	   5,2	  -1,8
*	    60,4989	 1	220,31	 55,57	 -10,2	  -1,1	   6,4	  10,1	   4,6	  -2,4
*	    62,6081	 1	219,95	 52,11	 -10,9	  -1,8	   5,7	   9,4	   3,9	  -3,1
*	    64,9394	 1	219,59	 48,94	 -11,6	  -2,5	   4,9	   8,7	   3,1	  -3,9
*	    67,4741	 1	219,23	 46,00	 -12,4	  -3,3	   4,2	   7,9	   2,4	  -4,7
*	    70,1948	 1	218,86	 43,30	 -13,2	  -4,1	   3,4	   7,1	   1,5	  -5,5
*	    73,0853	 1	218,49	 40,84	 -14,0	  -4,9	   2,5	   6,2	   0,7	  -6,4
*	    76,1304	 1	218,12	 38,56	 -14,8	  -5,8	   1,7	   5,4	  -0,1	  -7,3
*	    54,0603	 1	128,13	 93,84	  -8,1	   0,9	   8,4	  12,1	   6,6	  -0,3
*	    54,0688	 1	127,96	 90,88	  -8,1	   1,0	   8,4	  12,1	   6,7	  -0,3
*	    54,3980	 1	127,80	 87,92	  -8,2	   0,8	   8,3	  12,0	   6,5	  -0,4
*	    55,0441	 1	127,63	 85,01	  -8,5	   0,6	   8,1	  11,8	   6,3	  -0,7
*	    55,9989	 1	127,47	 82,13	  -8,8	   0,3	   7,8	  11,5	   6,0	  -1,0
*	    57,2508	 1	127,31	 79,33	  -9,2	  -0,1	   7,4	  11,1	   5,6	  -1,4
*	    58,7852	 1	127,14	 76,59	  -9,7	  -0,6	   6,8	  10,6	   5,1	  -1,9
*	    60,5853	 1	126,99	 73,93	 -10,3	  -1,2	   6,3	  10,0	   4,5	  -2,5
*	    62,6334	 1	126,83	 71,37	 -10,9	  -1,8	   5,6	   9,3	   3,8	  -3,2
*	    64,9111	 1	126,67	 68,89	 -11,6	  -2,5	   4,9	   8,6	   3,1	  -3,9
*	    67,4002	 1	126,51	 66,51	 -12,4	  -3,3	   4,2	   7,9	   2,4	  -4,7
*	    70,0831	 1	126,36	 64,23	 -13,1	  -4,1	   3,4	   7,1	   1,6	  -5,5
*	    72,9430	 1	126,20	 62,05	 -13,9	  -4,9	   2,6	   6,3	   0,8	  -6,3
*	    75,9644	 1	126,05	 59,97	 -14,8	  -5,7	   1,8	   5,5	  -0,0	  -7,2
*	    58,6209	 1	131,71	 93,14	  -9,4	  -0,3	   7,2	  10,9	   5,4	  -1,6
*	    58,6856	 1	131,54	 90,26	  -9,4	  -0,3	   7,2	  10,9	   5,4	  -1,6
*	    59,0502	 1	131,36	 87,42	  -9,5	  -0,4	   7,1	  10,8	   5,3	  -1,7
*	    59,7109	 1	131,19	 84,60	  -9,7	  -0,6	   6,9	  10,6	   5,1	  -1,9
*	    60,6606	 1	131,02	 81,83	 -10,0	  -0,9	   6,6	  10,3	   4,8	  -2,3
*	    61,8893	 1	130,85	 79,12	 -10,4	  -1,3	   6,2	   9,9	   4,4	  -2,6
*	    63,3844	 1	130,68	 76,47	 -10,8	  -1,8	   5,7	   9,4	   3,9	  -3,1
*	    65,1318	 1	130,52	 73,90	 -11,4	  -2,3	   5,2	   8,9	   3,4	  -3,7
*	    67,1162	 1	130,35	 71,42	 -12,0	  -2,9	   4,6	   8,3	   2,8	  -4,3
*	    69,3217	 1	130,19	 69,00	 -12,6	  -3,5	   4,0	   7,7	   2,1	  -4,9
*	    71,7323	 1	130,02	 66,69	 -13,3	  -4,2	   3,3	   7,0	   1,5	  -5,6
*	    74,3324	 1	129,86	 64,47	 -14,0	  -4,9	   2,6	   6,3	   0,7	  -6,4
*	    77,1069	 1	129,70	 62,35	 -14,7	  -5,6	   1,8	   5,5	  -0,0	  -7,1
*	    80,0415	 1	129,54	 60,31	 -15,5	  -6,4	   1,1	   4,8	  -0,8	  -7,9
*	    58,6316	 1	138,22	 92,02	 -12,8	  -6,9	  -1,1	   1,2	  -3,1	 -10,3
*	    59,8353	 1	132,44	 92,01	  -1,0	  -0,2	  -8,0	  -7,6	 -12,6	  -5,9
*	    60,1724	 1	132,20	 88,01	  -1,1	  -0,3	  -8,1	  -7,7	 -12,7	  -6,0
*	    61,0951	 1	131,95	 84,06	  -1,4	  -0,6	  -8,3	  -8,0	 -13,0	  -6,3
*	    62,5841	 1	131,71	 80,21	  -1,8	  -1,1	  -8,8	  -8,5	 -13,4	  -6,8
*	    64,6096	 1	131,47	 76,47	  -2,5	  -1,7	  -9,4	  -9,1	 -14,0	  -7,4
*	    67,1339	 1	131,24	 72,89	  -3,2	  -2,4	 -10,2	  -9,8	 -14,8	  -8,2
*	    60,6840	 1	134,35	 92,47	 -10,0	  -0,9	   6,5	  10,3	   4,8	  -2,3
*	    60,8005	 1	134,17	 89,64	 -10,0	  -1,0	   6,5	  10,2	   4,7	  -2,3
*	    61,2077	 1	133,99	 86,83	 -10,2	  -1,1	   6,4	  10,1	   4,6	  -2,4
*	    61,9015	 1	133,81	 84,05	 -10,4	  -1,3	   6,2	   9,9	   4,4	  -2,6
*	    62,8751	 1	133,63	 81,32	 -10,7	  -1,6	   5,9	   9,6	   4,1	  -2,9
*	    64,1187	 1	133,45	 78,63	 -11,0	  -2,0	   5,5	   9,2	   3,7	  -3,3
*	    65,6206	 1	133,28	 76,02	 -11,5	  -2,4	   5,1	   8,8	   3,3	  -3,8
*	    67,3677	 1	133,11	 73,48	 -12,0	  -2,9	   4,5	   8,3	   2,7	  -4,3
*	    69,3454	 1	132,93	 71,03	 -12,6	  -3,5	   4,0	   7,7	   2,2	  -4,9
*	    71,5390	 1	132,76	 68,66	 -13,2	  -4,1	   3,4	   7,1	   1,5	  -5,5
*	    73,9334	 1	132,59	 66,37	 -13,8	  -4,8	   2,7	   6,4	   0,9	  -6,2
*	    76,5139	 1	132,42	 64,18	 -14,5	  -5,4	   2,0	   5,7	   0,2	  -6,9
*	    79,2662	 1	132,25	 62,09	 -15,2	  -6,2	   1,3	   5,0	  -0,5	  -7,7
*	    67,2275	 1	210,18	 57,75	  -2,1	  -1,3	  -9,1	  -8,7	 -13,7	  -7,1
*	    64,6616	 1	210,67	 62,49	  -1,3	  -0,6	  -8,3	  -7,9	 -12,9	  -6,3
*	    62,5880	 1	211,15	 67,62	  -0,7	   0,1	  -7,6	  -7,3	 -12,2	  -5,6
*	    61,0481	 1	211,62	 73,12	  -0,1	   0,6	  -7,1	  -6,8	 -11,7	  -5,1
*	    70,5853	 1	211,78	 53,21	  -3,1	  -2,3	 -10,0	  -9,7	 -14,7	  -8,1
*	    73,9964	 1	211,29	 49,27	  -4,0	  -3,3	 -11,0	 -10,7	 -15,6	  -9,1
*	    62,5509	 1	204,59	 77,55	  -0,4	   0,3	  -7,4	  -7,0	 -12,0	  -5,4
*	    63,7281	 1	204,11	 72,20	  -0,8	  -0,0	  -7,8	  -7,4	 -12,4	  -5,8
*	    65,4442	 1	203,64	 67,11	  -1,3	  -0,6	  -8,3	  -8,0	 -12,9	  -6,3
*	    62,6349	 1	137,11	 91,80	 -10,7	  -1,6	   5,9	   9,6	   4,1	  -2,9
*	    62,8004	 1	136,92	 88,99	 -10,7	  -1,6	   5,9	   9,6	   4,1	  -3,0
*	    63,2483	 1	136,73	 86,21	 -10,8	  -1,8	   5,7	   9,4	   3,9	  -3,1
*	    63,9745	 1	136,55	 83,46	 -11,1	  -2,0	   5,5	   9,2	   3,7	  -3,3
*	    64,9720	 1	136,36	 80,76	 -11,3	  -2,3	   5,2	   8,9	   3,4	  -3,6
*	    66,2317	 1	136,18	 78,11	 -11,7	  -2,6	   4,8	   8,6	   3,0	  -4,0
*	    67,7424	 1	136,00	 75,52	 -12,2	  -3,1	   4,4	   8,1	   2,6	  -4,5
*	    69,4915	 1	135,81	 73,02	 -12,6	  -3,6	   3,9	   7,6	   2,1	  -5,0
*	    71,4656	 1	135,63	 70,58	 -13,2	  -4,1	   3,3	   7,1	   1,5	  -5,6
*	    73,6506	 1	135,46	 68,24	 -13,8	  -4,7	   2,8	   6,5	   0,9	  -6,2
*	    76,0325	 1	135,28	 65,99	 -14,4	  -5,3	   2,1	   5,8	   0,3	  -6,8
*	    78,5971	 1	135,10	 63,83	 -15,1	  -6,0	   1,5	   5,2	  -0,4	  -7,5
*	    81,3310	 1	134,93	 61,75	 -15,8	  -6,7	   0,8	   4,5	  -1,1	  -8,2
*	    66,6927	 1	197,75	 64,44	  -1,8	  -1,0	  -8,7	  -8,4	 -13,4	  -6,8
*	    64,6081	 1	198,24	 69,23	  -1,2	  -0,4	  -8,1	  -7,8	 -12,7	  -6,1
*	    63,0384	 1	198,72	 74,31	  -0,7	   0,1	  -7,6	  -7,3	 -12,2	  -5,6
*	    64,8171	 1	193,89	 70,01	  -1,3	  -0,5	  -8,2	  -7,9	 -12,9	  -6,3
*	    63,2617	 1	194,37	 75,00	  -0,8	  -0,0	  -7,8	  -7,4	 -12,4	  -5,8
*	    65,4568	 1	189,79	 70,87	  -1,5	  -0,8	  -8,5	  -8,2	 -13,1	  -6,5
*	    63,9226	 1	190,26	 75,73	  -1,1	  -0,3	  -8,0	  -7,7	 -12,6	  -6,0
*	    67,5961	 1	207,06	 63,14	  -2,0	  -1,2	  -8,9	  -8,6	 -13,5	  -7,0
*	    65,5092	 1	207,53	 68,01	  -1,3	  -0,6	  -8,3	  -7,9	 -12,9	  -6,3
*	    63,9352	 1	208,00	 73,21	  -0,8	  -0,1	  -7,8	  -7,4	 -12,4	  -5,8
*	    64,9911	 1	140,04	 91,13	 -11,4	  -2,3	   5,1	   8,9	   3,4	  -3,7
*	    65,2023	 1	139,85	 88,35	 -11,5	  -2,4	   5,1	   8,8	   3,3	  -3,8
*	    65,6868	 1	139,66	 85,61	 -11,6	  -2,5	   5,0	   8,7	   3,2	  -3,9
*	    66,4405	 1	139,47	 82,89	 -11,8	  -2,7	   4,7	   8,4	   2,9	  -4,1
*	    67,4567	 1	139,27	 80,23	 -12,1	  -3,0	   4,4	   8,2	   2,6	  -4,4
*	    68,7266	 1	139,08	 77,61	 -12,5	  -3,4	   4,1	   7,8	   2,3	  -4,8
*	    70,2398	 1	138,90	 75,07	 -12,9	  -3,8	   3,7	   7,4	   1,8	  -5,2
*	    71,9845	 1	138,71	 72,59	 -13,4	  -4,3	   3,2	   6,9	   1,4	  -5,7
*	    73,9481	 1	138,52	 70,20	 -13,9	  -4,8	   2,6	   6,4	   0,8	  -6,3
*	    76,1176	 1	138,34	 67,90	 -14,5	  -5,4	   2,1	   5,8	   0,2	  -6,9
*	    78,4797	 1	138,15	 65,67	 -15,1	  -6,0	   1,5	   5,2	  -0,4	  -7,5
*	    81,0211	 1	137,97	 63,53	 -15,7	  -6,6	   0,8	   4,5	  -1,0	  -8,2
*	    83,7291	 1	137,79	 61,49	 -16,4	  -7,3	   0,2	   3,9	  -1,7	  -8,9
*	    68,5247	 1	185,53	 67,29	  -2,5	  -1,7	  -9,5	  -9,1	 -14,1	  -7,5
*	    66,5146	 1	186,00	 71,78	  -1,9	  -1,1	  -8,9	  -8,5	 -13,5	  -6,9
*	    65,0074	 1	186,46	 76,51	  -1,5	  -0,7	  -8,4	  -8,1	 -13,0	  -6,4
*	    65,4058	 1	183,97	 80,63	  -1,6	  -0,9	  -8,6	  -8,3	 -13,2	  -6,6
*	    66,5057	 1	183,52	 75,89	  -2,0	  -1,2	  -8,9	  -8,6	 -13,6	  -7,0
*	    68,1223	 1	183,07	 71,34	  -2,4	  -1,7	  -9,4	  -9,1	 -14,0	  -7,4
*	    67,1636	 1	142,90	 90,46	 -12,1	  -3,0	   4,4	   8,1	   2,6	  -4,4
*	    67,4182	 1	142,70	 87,71	 -12,2	  -3,1	   4,4	   8,1	   2,6	  -4,5
*	    67,9384	 1	142,50	 84,99	 -12,3	  -3,3	   4,2	   7,9	   2,4	  -4,7
*	    68,7198	 1	142,30	 82,31	 -12,6	  -3,5	   4,0	   7,7	   2,2	  -4,9
*	    69,7560	 1	142,11	 79,68	 -12,8	  -3,8	   3,7	   7,4	   1,9	  -5,2
*	    71,0385	 1	141,91	 77,10	 -13,2	  -4,1	   3,4	   7,1	   1,5	  -5,6
*	    72,5575	 1	141,72	 74,58	 -13,6	  -4,5	   2,9	   6,6	   1,1	  -6,0
*	    74,3019	 1	141,52	 72,15	 -14,1	  -5,0	   2,5	   6,2	   0,7	  -6,5
*	    76,2598	 1	141,33	 69,78	 -14,6	  -5,5	   2,0	   5,7	   0,1	  -7,0
*	    78,4189	 1	141,14	 67,50	 -15,1	  -6,1	   1,4	   5,1	  -0,4	  -7,6
*	    80,7666	 1	140,95	 65,31	 -15,7	  -6,7	   0,8	   4,5	  -1,0	  -8,2
*	    83,2904	 1	140,76	 63,19	 -16,4	  -7,3	   0,2	   3,9	  -1,7	  -8,8
*	    85,9781	 1	140,57	 61,17	 -17,0	  -7,9	  -0,5	   3,2	  -2,3	  -9,5
*	    68,0659	 1	191,54	 63,83	  -3,9	  -3,1	 -10,8	 -10,5	 -15,5	  -8,9
*	    68,2788	 1	204,96	 61,42	  -3,8	  -3,0	 -10,8	 -10,4	 -15,4	  -8,8
*	    68,2804	 1	204,97	 61,42	  -3,8	  -3,0	 -10,8	 -10,4	 -15,4	  -8,8
*	    71,7410	 1	178,88	 69,42	  -3,5	  -2,7	 -10,5	 -10,1	 -15,1	  -8,6
*	    69,8146	 1	179,31	 73,64	  -3,0	  -2,2	  -9,9	  -9,6	 -14,6	  -8,0
*	    68,3750	 1	179,74	 78,06	  -2,6	  -1,8	  -9,5	  -9,2	 -14,2	  -7,6
*	    68,8319	 1	187,58	 64,85	  -4,2	  -3,4	 -11,1	 -10,8	 -15,8	  -9,2
*	    69,7779	 1	145,48	 89,83	 -12,9	  -3,8	   3,7	   7,4	   1,9	  -5,2
*	    70,0722	 1	145,28	 87,12	 -13,0	  -3,9	   3,6	   7,3	   1,8	  -5,3
*	    70,6237	 1	145,08	 84,45	 -13,1	  -4,0	   3,4	   7,1	   1,6	  -5,5
*	    71,4281	 1	144,87	 81,81	 -13,3	  -4,2	   3,2	   6,9	   1,4	  -5,7
*	    72,4790	 1	144,67	 79,23	 -13,6	  -4,5	   2,9	   6,6	   1,1	  -6,0
*	    73,7686	 1	144,47	 76,69	 -14,0	  -4,9	   2,6	   6,3	   0,8	  -6,3
*	    75,2876	 1	144,28	 74,22	 -14,4	  -5,3	   2,2	   5,9	   0,4	  -6,8
*	    77,0255	 1	144,08	 71,82	 -14,8	  -5,7	   1,7	   5,4	  -0,1	  -7,2
*	    78,9711	 1	143,88	 69,49	 -15,3	  -6,2	   1,2	   4,9	  -0,6	  -7,7
*	    81,1131	 1	143,68	 67,25	 -15,8	  -6,8	   0,7	   4,4	  -1,1	  -8,3
*	    83,4395	 1	143,49	 65,08	 -16,4	  -7,3	   0,1	   3,8	  -1,7	  -8,9
*	    85,9386	 1	143,30	 63,00	 -17,0	  -7,9	  -0,5	   3,2	  -2,3	  -9,5
*	    88,5990	 1	143,10	 61,02	 -17,6	  -8,5	  -1,1	   2,6	  -2,9	 -10,2
*	    69,9991	 1	183,92	 65,94	  -4,5	  -3,8	 -11,5	 -11,2	 -16,1	  -9,6
*	    72,0160	 1	176,41	 74,55	  -3,7	  -2,9	 -10,6	 -10,3	 -15,3	  -8,7
*	    70,6148	 1	176,82	 78,81	  -3,3	  -2,5	 -10,2	  -9,9	 -14,9	  -8,3
s	    71,2077	 2	115,83	 93,32	  25,0	  25,4	  17,0	  15,4	   9,1	  15,4
*	    71,6967	 1	148,46	 89,14	 -13,6	  -4,5	   2,9	   6,7	   1,1	  -6,0
*	    72,0309	 1	148,25	 86,46	 -13,7	  -4,6	   2,9	   6,6	   1,0	  -6,1
*	    72,6162	 1	148,04	 83,81	 -13,9	  -4,8	   2,7	   6,4	   0,9	  -6,2
*	    73,4481	 1	147,83	 81,19	 -14,1	  -5,0	   2,5	   6,2	   0,7	  -6,5
*	    74,5204	 1	147,63	 78,62	 -14,4	  -5,3	   2,2	   5,9	   0,4	  -6,7
*	    75,8256	 1	147,42	 76,11	 -14,7	  -5,6	   1,9	   5,6	   0,0	  -7,1
*	    77,3545	 1	147,22	 73,66	 -15,1	  -6,0	   1,5	   5,2	  -0,4	  -7,5
*	    79,0974	 1	147,01	 71,29	 -15,5	  -6,4	   1,0	   4,7	  -0,8	  -8,0
*	    81,0435	 1	146,81	 68,98	 -16,0	  -6,9	   0,5	   4,2	  -1,3	  -8,5
*	    83,1818	 1	146,61	 66,76	 -16,5	  -7,5	   0,0	   3,7	  -1,8	  -9,0
*	    85,5011	 1	146,41	 64,62	 -17,1	  -8,0	  -0,5	   3,2	  -2,4	  -9,6
*	    87,9902	 1	146,21	 62,56	 -17,7	  -8,6	  -1,1	   2,6	  -3,0	 -10,2
*	    71,9471	 1	174,99	 82,49	  -3,7	  -3,0	 -10,7	 -10,3	 -15,3	  -8,8
*	    72,9590	 1	174,60	 78,27	  -4,0	  -3,2	 -11,0	 -10,6	 -15,6	  -9,0
*	    74,4544	 1	174,20	 74,19	  -4,4	  -3,6	 -11,4	 -11,0	 -16,0	  -9,5
*	    72,5151	 1	198,26	 59,02	 -14,7	  -7,7	  -0,4	   0,2	  -4,7	 -11,4
*	    73,8869	 1	198,04	 57,17	 -15,1	  -8,1	  -0,7	  -0,2	  -5,1	 -11,7
*	    75,3431	 1	197,82	 55,39	 -15,5	  -8,5	  -1,1	  -0,6	  -5,5	 -12,2
*	    75,3776	 1	207,23	 58,47	 -18,9	 -11,9	  -4,5	  -4,0	  -8,9	 -15,6
*	    73,2673	 1	208,43	 57,45	 -18,3	 -11,3	  -4,0	  -3,4	  -8,3	 -15,0
*	    73,5511	 1	151,36	 88,45	 -14,3	  -5,3	   2,2	   5,9	   0,4	  -6,7
*	    73,9238	 1	151,15	 85,79	 -14,4	  -5,4	   2,1	   5,8	   0,3	  -6,8
*	    74,5419	 1	150,94	 83,15	 -14,6	  -5,5	   2,0	   5,7	   0,1	  -7,0
*	    75,4010	 1	150,72	 80,56	 -14,8	  -5,7	   1,7	   5,4	  -0,1	  -7,2
*	    76,4949	 1	150,51	 78,01	 -15,1	  -6,0	   1,4	   5,2	  -0,4	  -7,5
*	    77,8162	 1	150,30	 75,52	 -15,4	  -6,4	   1,1	   4,8	  -0,7	  -7,9
*	    79,3563	 1	150,09	 73,10	 -15,8	  -6,7	   0,7	   4,4	  -1,1	  -8,3
*	    81,1055	 1	149,88	 70,74	 -16,3	  -7,2	   0,3	   4,0	  -1,6	  -8,7
*	    83,0538	 1	149,67	 68,47	 -16,7	  -7,6	  -0,2	   3,5	  -2,0	  -9,2
*	    85,1905	 1	149,46	 66,26	 -17,2	  -8,2	  -0,7	   3,0	  -2,5	  -9,7
*	    87,5049	 1	149,26	 64,15	 -17,8	  -8,7	  -1,2	   2,5	  -3,1	 -10,3
*	    89,9861	 1	149,05	 62,11	 -18,3	  -9,3	  -1,8	   1,9	  -3,7	 -10,9
*	    82,2567	 1	177,33	 61,68	 -21,8	 -17,1	  -4,0	  -2,7	  -5,8	 -10,8
*	    79,8129	 1	180,84	 60,13	 -21,2	 -16,5	  -3,4	  -2,1	  -5,2	 -10,2
*	    85,6763	 1	183,68	 61,49	 -22,6	 -17,9	  -4,8	  -3,5	  -6,6	 -11,6
*	    77,7872	 1	184,72	 58,57	 -20,7	 -15,9	  -2,8	  -1,5	  -4,7	  -9,6
*	    83,7555	 1	187,45	 60,13	 -22,1	 -17,4	  -4,3	  -3,0	  -6,1	 -11,1
*	    76,2050	 1	189,03	 57,03	 -20,2	 -15,5	  -2,4	  -1,1	  -4,2	  -9,1
*	    82,2595	 1	191,56	 58,81	 -21,7	 -17,0	  -3,9	  -2,6	  -5,7	 -10,7
*	    75,0885	 1	193,77	 55,56	 -19,9	 -15,2	  -2,1	  -0,8	  -3,9	  -8,8
*	    81,2077	 1	196,04	 57,55	 -21,4	 -16,7	  -3,6	  -2,3	  -5,4	 -10,4
*	    74,4566	 1	198,94	 54,20	 -19,7	 -15,0	  -1,9	  -0,6	  -3,7	  -8,6
*	    74,3228	 1	204,50	 53,05	 -19,6	 -14,9	  -1,8	  -0,5	  -3,6	  -8,5
s	    74,6544	 3	242,22	 50,34	  20,3	  21,2	  10,5	  12,3	  15,6	  13,1
*	    74,7402	 1	156,56	 87,01	 -15,4	  -6,3	   1,1	   4,8	  -0,7	  -7,8
*	    75,1965	 1	156,33	 84,32	 -15,5	  -6,5	   1,0	   4,7	  -0,8	  -7,9
*	    75,8936	 1	156,10	 81,67	 -15,7	  -6,6	   0,8	   4,5	  -1,0	  -8,1
*	    76,8266	 1	155,88	 79,05	 -16,0	  -6,9	   0,6	   4,3	  -1,2	  -8,4
*	    77,9892	 1	155,65	 76,51	 -16,3	  -7,2	   0,3	   4,0	  -1,5	  -8,7
*	    79,3737	 1	155,43	 74,01	 -16,6	  -7,5	  -0,1	   3,6	  -1,9	  -9,0
*	    80,9716	 1	155,20	 71,59	 -17,0	  -7,9	  -0,5	   3,3	  -2,3	  -9,5
*	    82,7732	 1	154,98	 69,24	 -17,4	  -8,4	  -0,9	   2,8	  -2,7	  -9,9
*	    84,7687	 1	154,76	 66,97	 -17,9	  -8,8	  -1,4	   2,3	  -3,2	 -10,4
*	    86,9477	 1	154,54	 64,79	 -18,4	  -9,3	  -1,9	   1,8	  -3,7	 -10,9
*	    89,2997	 1	154,32	 62,68	 -19,0	  -9,9	  -2,4	   1,3	  -4,3	 -11,5
*	    91,8144	 1	154,10	 60,66	 -19,5	 -10,4	  -3,0	   0,7	  -4,9	 -12,1
*	    74,8947	 1	152,93	 87,80	  -3,4	  -2,6	 -10,4	 -10,0	 -15,0	  -8,5
*	    75,5579	 1	152,62	 84,06	  -3,6	  -2,8	 -10,5	 -10,2	 -15,2	  -8,6
*	    76,7011	 1	152,32	 80,41	  -3,9	  -3,1	 -10,8	 -10,5	 -15,5	  -8,9
*	    78,3086	 1	152,01	 76,83	  -4,3	  -3,5	 -11,2	 -10,9	 -15,9	  -9,4
*	    80,3590	 1	151,71	 73,38	  -4,8	  -4,0	 -11,7	 -11,4	 -16,4	  -9,9
*	    75,1545	 1	154,60	 87,72	 -15,1	  -6,0	   1,4	   5,1	  -0,4	  -7,5
*	    75,5654	 1	154,37	 85,06	 -15,2	  -6,1	   1,3	   5,0	  -0,5	  -7,6
*	    76,2168	 1	154,16	 82,44	 -15,4	  -6,3	   1,2	   4,9	  -0,7	  -7,8
*	    77,1044	 1	153,94	 79,85	 -15,6	  -6,5	   0,9	   4,6	  -0,9	  -8,0
*	    78,2220	 1	153,72	 77,31	 -15,9	  -6,8	   0,6	   4,4	  -1,2	  -8,3
*	    79,5623	 1	153,50	 74,84	 -16,2	  -7,1	   0,3	   4,0	  -1,5	  -8,7
*	    81,1170	 1	153,28	 72,43	 -16,6	  -7,5	  -0,1	   3,6	  -1,9	  -9,1
*	    82,8767	 1	153,07	 70,10	 -17,0	  -8,0	  -0,5	   3,2	  -2,3	  -9,5
*	    84,8316	 1	152,85	 67,83	 -17,5	  -8,4	  -1,0	   2,7	  -2,8	 -10,0
*	    86,9715	 1	152,64	 65,65	 -18,0	  -8,9	  -1,5	   2,2	  -3,3	 -10,5
*	    89,2860	 1	152,43	 63,55	 -18,5	  -9,5	  -2,0	   1,7	  -3,9	 -11,1
*	    91,7648	 1	152,21	 61,53	 -19,1	 -10,0	  -2,6	   1,1	  -4,4	 -11,7
*	    75,5378	 1	196,29	 52,23	  -4,3	  -3,5	 -11,2	 -10,9	 -15,9	  -9,3
*	    75,5595	 1	160,31	 86,16	 -15,0	  -5,9	   1,6	   5,3	  -0,2	  -7,4
*	    76,0563	 1	160,08	 83,45	 -15,1	  -6,0	   1,5	   5,2	  -0,4	  -7,5
*	    76,7911	 1	159,84	 80,79	 -15,3	  -6,2	   1,3	   5,0	  -0,6	  -7,7
*	    77,7588	 1	159,61	 78,16	 -15,5	  -6,4	   1,0	   4,7	  -0,8	  -7,9
*	    78,9530	 1	159,38	 75,59	 -15,8	  -6,7	   0,7	   4,4	  -1,1	  -8,3
*	    80,3662	 1	159,14	 73,09	 -16,2	  -7,1	   0,4	   4,1	  -1,5	  -8,6
*	    81,9895	 1	158,91	 70,66	 -16,6	  -7,5	  -0,0	   3,7	  -1,9	  -9,0
*	    83,8138	 1	158,68	 68,31	 -17,0	  -7,9	  -0,5	   3,2	  -2,3	  -9,5
*	    85,8292	 1	158,45	 66,04	 -17,5	  -8,4	  -0,9	   2,8	  -2,8	 -10,0
*	    88,0254	 1	158,22	 63,86	 -18,0	  -8,9	  -1,5	   2,2	  -3,3	 -10,5
*	    90,3922	 1	157,99	 61,76	 -18,5	  -9,5	  -2,0	   1,7	  -3,9	 -11,1
*	    75,6793	 1	191,95	 53,24	  -4,3	  -3,6	 -11,3	 -11,0	 -16,0	  -9,4
*	    75,7766	 1	158,00	 86,91	 -15,8	  -6,8	   0,7	   4,4	  -1,1	  -8,2
*	    76,2288	 1	157,78	 84,23	 -16,0	  -6,9	   0,6	   4,3	  -1,2	  -8,4
*	    76,9193	 1	157,55	 81,59	 -16,1	  -7,1	   0,4	   4,1	  -1,4	  -8,6
*	    77,8433	 1	157,32	 78,99	 -16,4	  -7,3	   0,2	   3,9	  -1,7	  -8,8
*	    78,9947	 1	157,09	 76,44	 -16,7	  -7,6	  -0,1	   3,6	  -1,9	  -9,1
*	    80,3661	 1	156,87	 73,95	 -17,0	  -7,9	  -0,5	   3,2	  -2,3	  -9,4
*	    81,9491	 1	156,64	 71,55	 -17,4	  -8,3	  -0,8	   2,9	  -2,7	  -9,9
*	    83,7345	 1	156,42	 69,21	 -17,8	  -8,7	  -1,3	   2,4	  -3,1	 -10,3
*	    85,7125	 1	156,19	 66,94	 -18,3	  -9,2	  -1,7	   2,0	  -3,6	 -10,8
*	    87,8730	 1	155,97	 64,76	 -18,8	  -9,7	  -2,2	   1,5	  -4,1	 -11,3
*	    90,2059	 1	155,75	 62,66	 -19,3	 -10,2	  -2,8	   0,9	  -4,6	 -11,9
*	    92,7009	 1	155,53	 60,64	 -19,9	 -10,8	  -3,3	   0,4	  -5,2	 -12,4
*	    75,7885	 1	200,87	 51,40	  -4,3	  -3,5	 -11,3	 -10,9	 -15,9	  -9,4
*	    76,2084	 1	187,89	 54,39	  -4,5	  -3,8	 -11,5	 -11,2	 -16,1	  -9,6
*	    76,4313	 1	205,65	 50,77	  -4,4	  -3,7	 -11,4	 -11,1	 -16,1	  -9,5
*	    77,1174	 1	184,15	 55,62	  -4,8	  -4,1	 -11,8	 -11,4	 -16,4	  -9,9
*	    77,2442	 1	161,50	 86,12	 -16,8	  -7,7	  -0,2	   3,5	  -2,1	  -9,2
*	    77,7333	 1	161,27	 83,45	 -16,9	  -7,8	  -0,4	   3,4	  -2,2	  -9,3
*	    78,4566	 1	161,04	 80,81	 -17,1	  -8,0	  -0,5	   3,2	  -2,4	  -9,5
*	    79,4093	 1	160,80	 78,21	 -17,3	  -8,2	  -0,8	   2,9	  -2,6	  -9,8
*	    80,5852	 1	160,57	 75,67	 -17,6	  -8,5	  -1,1	   2,6	  -2,9	 -10,1
*	    81,9771	 1	160,34	 73,20	 -17,9	  -8,9	  -1,4	   2,3	  -3,2	 -10,4
*	    83,5766	 1	160,11	 70,79	 -18,3	  -9,2	  -1,8	   1,9	  -3,6	 -10,8
*	    85,3749	 1	159,88	 68,46	 -18,8	  -9,7	  -2,2	   1,5	  -4,1	 -11,3
*	    87,3624	 1	159,65	 66,21	 -19,2	 -10,1	  -2,7	   1,0	  -4,5	 -11,7
*	    89,5294	 1	159,42	 64,05	 -19,7	 -10,6	  -3,2	   0,5	  -5,0	 -12,3
*	    91,8659	 1	159,19	 61,96	 -20,2	 -11,2	  -3,7	  -0,0	  -5,6	 -12,8
*	    94,3619	 1	158,96	 59,95	 -20,8	 -11,7	  -4,3	  -0,6	  -6,1	 -13,4
s	    78,4912	 3	112,24	 93,55	  23,6	  18,9	  -3,4	  -3,7	  -9,1	  10,2
*	    78,9937	 1	165,49	 85,28	 -17,9	  -8,9	  -1,4	   2,3	  -3,2	 -10,4
*	    79,5176	 1	165,25	 82,61	 -18,1	  -9,0	  -1,5	   2,2	  -3,4	 -10,5
*	    80,2712	 1	165,02	 79,99	 -18,3	  -9,2	  -1,7	   2,0	  -3,5	 -10,7
*	    81,2497	 1	164,78	 77,40	 -18,5	  -9,4	  -1,9	   1,8	  -3,8	 -10,9
*	    82,4469	 1	164,54	 74,86	 -18,8	  -9,7	  -2,2	   1,5	  -4,1	 -11,3
*	    83,8558	 1	164,30	 72,40	 -19,1	 -10,0	  -2,6	   1,1	  -4,4	 -11,6
*	    85,4682	 1	164,06	 70,00	 -19,5	 -10,4	  -3,0	   0,7	  -4,8	 -12,0
*	    87,2755	 1	163,83	 67,69	 -19,9	 -10,8	  -3,4	   0,3	  -5,2	 -12,4
*	    89,2685	 1	163,59	 65,45	 -20,4	 -11,3	  -3,8	  -0,1	  -5,7	 -12,9
*	    91,4377	 1	163,36	 63,30	 -20,9	 -11,8	  -4,3	  -0,6	  -6,2	 -13,4
*	    93,7734	 1	163,12	 61,23	 -21,4	 -12,3	  -4,8	  -1,2	  -6,7	 -14,0
*	    96,2662	 1	162,89	 59,24	 -21,9	 -12,8	  -5,4	  -1,7	  -7,3	 -14,5
*	    81,1191	 1	174,41	 66,46	 -17,1	 -10,1	  -2,8	  -2,2	  -7,1	 -13,8
*	    82,3566	 1	174,24	 64,84	 -17,4	 -10,4	  -3,1	  -2,5	  -7,4	 -14,2
*	    83,6755	 1	174,06	 63,26	 -17,7	 -10,7	  -3,4	  -2,8	  -7,8	 -14,5
*	    81,6869	 1	175,66	 66,36	 -18,2	 -11,1	  -3,8	  -3,2	  -8,2	 -14,9
*	    82,9186	 1	175,48	 64,76	 -18,5	 -11,4	  -4,1	  -3,5	  -8,5	 -15,2
*	    84,2314	 1	175,30	 63,18	 -18,8	 -11,8	  -4,4	  -3,9	  -8,8	 -15,5
s	    82,5335	 3	316,97	 85,19	  21,6	  20,8	  12,1	  11,1	   4,7	  11,2
s	    84,2729	 3	 93,49	 94,00	  21,4	  20,6	  11,9	  11,0	   4,6	  11,0
s	    85,0395	 3	 77,16	 93,89	  23,0	  18,2	  -4,1	  -5,8	 -12,1	   7,3
s	    86,0553	 3	215,17	 55,89	  21,0	  17,9	  -6,4	  -5,4	  -2,0	   8,5
*	    88,3270	 1	170,64	 68,94	 -17,9	 -10,9	  -3,6	  -3,0	  -8,0	 -14,7
*	    87,2072	 1	168,89	 69,01	 -17,7	 -10,7	  -3,3	  -2,8	  -7,7	 -14,5
s	    96,2714	 3	 90,00	 17,30	  19,7	  21,5	  -3,7	  -3,1	   8,8	   9,7
#END
