#HEADER
CATT-Acoustic v8.0b    Copyright © CATT 1988-2003

 Project                : Auditorio

 GEOMETRICAL INFORMATION
 Src id and loc     [m] :   A1          -9,000        0,000        0,000
 Rec id and loc     [m] :   22           4,350        3,000        0,550

 22       39,8864

 VARIABLE SOURCE DATA
 Directivity
   Type (library)       :  OMNI.SD0
   Dir. Index (DI) [dB] :       0,0      0,0      0,0      0,0      0,0      0,0
 Level
   On axis 1m      [dB] :      58,0     64,0     70,3     70,7     65,9     59,9
   Total power     [dB] :      68,9     74,9     81,2     81,6     76,8     70,8
   Auxiliary delay [ms] :       0,0

 VARIABLE AIR DATA
 Temperature       [°C] :      20
 Relative humidity  [%] :      50
 Density        [kg/m³] :       1,2
 Sound speed      [m/s] :     343
 Impedance      [Ns/m³] :     412
 Diss. coeff. [0.001/m] :      0,10     0,30     0,63     1,07     2,28     6,83      (estimated)

#DATAFIELDS
 TYPE DELAY ORDER AZIMUTH ELEVATION SPL125 SPL250 SPL500 SPL1K SPL2K SPL4K
#DATA
d	     0,0000	 0	 90,00	 90,00	  35,3	  41,3	  47,5	  47,9	  43,0	  36,8
*	    22,0463	 1	115,69	 94,39	 -13,2	  -6,2	   1,2	   1,8	  -3,1	  -9,5
*	    15,7210	 1	111,03	 94,70	  -9,5	  -2,4	   4,9	   5,5	   0,7	  -5,7
*	    18,2793	 1	108,02	 94,11	  -9,7	  -2,7	   4,7	   5,3	   0,4	  -5,9
*	     9,9129	 1	105,82	 95,03	  -5,1	   1,9	   9,3	   9,9	   5,0	  -1,3
*	    12,3108	 1	103,10	 94,36	  -4,7	   2,3	   9,6	  10,2	   5,4	  -0,9
*	     4,9697	 1	100,04	 95,33	  -0,3	   6,7	  14,1	  14,7	   9,9	   3,6
*	     6,9185	 1	 97,75	 94,59	   1,8	   8,9	  16,2	  16,8	  12,0	   5,7
*	    11,3745	 1	 95,86	 93,98	  -0,4	   6,6	  14,0	  14,6	   9,7	   3,4
*	     1,7497	 1	 93,72	 95,61	   3,5	  10,5	  17,9	  18,5	  13,7	   7,4
*	     2,9791	 1	 91,99	 94,79	   9,4	  16,5	  23,8	  24,4	  19,6	  13,3
*	     7,8822	 1	 90,58	 94,13	   5,4	  12,4	  19,8	  20,4	  15,5	   9,2
*	     1,4217	 1	 86,96	 95,83	   2,7	   9,7	  17,1	  17,7	  12,8	   6,6
*	     3,1253	 1	 85,91	 94,96	   6,6	  13,6	  21,0	  21,6	  16,8	  10,5
*	     7,9495	 1	 85,08	 94,25	   3,4	  10,4	  17,8	  18,4	  13,6	   7,3
*	     3,5731	 1	 79,94	 95,96	  -1,3	   5,8	  13,1	  13,7	   8,9	   2,6
*	     6,1352	 1	 79,65	 95,06	  -0,4	   6,6	  14,0	  14,6	   9,7	   3,4
*	     7,0900	 1	 72,83	 96,01	  -5,3	   1,7	   9,1	   9,7	   4,9	  -1,4
*	    10,1076	 1	 73,32	 95,11	  -5,6	   1,4	   8,8	   9,4	   4,5	  -1,8
*	    11,4539	 1	 65,85	 95,97	  -8,8	  -1,8	   5,6	   6,2	   1,3	  -5,0
*	    14,6745	 1	 67,10	 95,09	  -9,6	  -2,6	   4,8	   5,4	   0,5	  -5,8
*	    16,4566	 1	 59,21	 95,85	 -12,0	  -4,9	   2,4	   3,0	  -1,8	  -8,2
s	     3,0533	 1	245,53	 94,23	  32,8	  38,5	  44,1	  42,5	  36,3	  29,8
*	     7,8184	 1	329,28	 92,13	   8,8	  14,7	  20,6	  22,9	  18,6	  11,7
*	     5,4734	 1	318,70	 92,99	  14,6	  20,5	  26,4	  28,7	  24,5	  17,6
*	     3,5487	 1	288,11	 94,81	  22,3	  28,3	  34,1	  36,5	  32,2	  25,3
*	     3,1789	 1	224,72	 94,20	  22,2	  28,1	  34,0	  36,4	  32,1	  25,2
*	     4,3203	 1	195,40	 92,06	  14,8	  20,7	  26,6	  28,9	  24,6	  17,7
*	     5,8704	 1	185,16	 91,14	   9,2	  15,2	  21,0	  23,4	  19,1	  12,2
*	     7,5894	 1	180,29	 90,70	   5,2	  11,1	  17,0	  19,4	  15,1	   8,2
*	     9,4287	 1	177,49	 90,44	   2,1	   8,0	  13,9	  16,2	  11,9	   5,0
*	    11,3733	 1	175,69	 90,26	  -0,4	   5,5	  11,4	  13,7	   9,4	   2,5
*	    13,4169	 1	174,42	 90,15	  -2,6	   3,3	   9,2	  11,5	   7,2	   0,3
*	    15,5553	 1	173,48	 90,06	  -4,5	   1,4	   7,3	   9,6	   5,3	  -1,7
*	    17,7857	 1	172,76	 90,00	  -6,2	  -0,3	   5,6	   7,9	   3,6	  -3,4
*	    20,1050	 1	172,20	 89,94	  -7,8	  -1,9	   4,0	   6,3	   2,0	  -5,0
*	    22,5101	 1	171,74	 89,90	  -9,2	  -3,3	   2,6	   4,9	   0,6	  -6,4
*	    24,9978	 1	171,36	 89,86	 -10,6	  -4,7	   1,2	   3,5	  -0,8	  -7,8
*	     6,7330	 1	 47,26	 97,00	 -16,6	 -10,7	  -4,8	  -2,5	  -6,8	 -13,7
*	     6,9836	 1	 51,30	 97,17	 -15,0	  -9,1	  -3,2	  -0,8	  -5,1	 -12,0
s	     7,0314	 1	 86,84	 89,66	  32,1	  32,8	  25,1	  25,5	  20,6	  27,5
*	    22,5617	 1	 86,50	 68,53	   0,6	   1,4	  -6,3	  -6,0	 -10,9	  -4,1
*	    22,3576	 1	 81,85	 68,17	   0,4	   1,1	  -6,6	  -6,2	 -11,1	  -4,3
*	    18,1454	 1	 86,51	 72,82	   3,8	   4,6	  -3,1	  -2,8	  -7,7	  -0,8
*	    18,0715	 1	 81,88	 72,53	   3,3	   4,1	  -3,6	  -3,2	  -8,1	  -1,3
*	    14,0693	 1	 86,52	 77,26	   7,7	   8,4	   0,7	   1,1	  -3,8	   3,1
*	    14,2113	 1	 81,91	 77,08	   6,7	   7,5	  -0,2	   0,1	  -4,8	   2,1
*	    10,4606	 1	 86,53	 81,86	  12,5	  13,3	   5,6	   5,9	   1,0	   7,9
*	    10,9687	 1	 81,94	 81,75	  10,5	  11,2	   3,5	   3,9	  -1,0	   5,9
*	     7,7355	 1	 86,54	 86,51	  18,2	  18,9	  11,2	  11,6	   6,7	  13,6
*	     8,7897	 1	 81,96	 86,51	  13,9	  14,7	   7,0	   7,4	   2,5	   9,4
*	     7,2200	 1	 86,55	 91,20	  19,9	  20,7	  13,0	  13,3	   8,4	  15,3
*	     8,4617	 1	 81,99	 91,28	  14,7	  15,5	   7,8	   8,1	   3,3	  10,1
*	    27,0296	 1	 80,69	 63,97	  -2,3	  -1,6	  -9,3	  -8,9	 -13,8	  -7,1
*	    27,1173	 1	 85,40	 64,35	  -2,1	  -1,4	  -9,1	  -8,7	 -13,6	  -6,9
*	    31,9009	 1	 80,66	 60,08	  -4,7	  -3,9	 -11,6	 -11,3	 -16,2	  -9,5
*	    32,0581	 1	 85,38	 60,50	  -4,6	  -3,8	 -11,5	 -11,2	 -16,1	  -9,4
s	     7,3436	 1	 89,16	 89,64	  32,0	  32,8	  25,1	  25,5	  20,6	  27,5
*	    24,7040	 1	 96,74	 69,10	  -0,2	   0,6	  -7,1	  -6,8	 -11,7	  -4,9
*	    23,3818	 1	 92,17	 68,86	   0,6	   1,3	  -6,4	  -6,0	 -10,9	  -4,1
*	    20,5073	 1	 96,72	 73,28	   2,7	   3,5	  -4,2	  -3,9	  -8,8	  -2,0
*	    18,9969	 1	 92,17	 73,07	   3,7	   4,5	  -3,2	  -2,9	  -7,8	  -0,9
*	    16,7439	 1	 96,70	 77,61	   5,9	   6,7	  -1,0	  -0,7	  -5,6	   1,3
*	    14,9568	 1	 92,16	 77,46	   7,5	   8,3	   0,6	   0,9	  -4,0	   2,9
*	    13,6120	 1	 96,68	 82,05	   9,4	  10,2	   2,5	   2,9	  -2,0	   4,8
*	    11,3966	 1	 92,15	 81,96	  12,2	  13,0	   5,3	   5,7	   0,8	   7,6
*	    11,5451	 1	 96,65	 86,57	  12,5	  13,3	   5,6	   6,0	   1,1	   8,0
*	     8,7441	 1	 92,14	 86,53	  17,6	  18,4	  10,6	  11,0	   6,1	  13,0
*	    11,2410	 1	 96,63	 91,09	  13,2	  14,0	   6,3	   6,7	   1,8	   8,6
*	     8,2548	 1	 92,14	 91,13	  19,1	  19,9	  12,2	  12,6	   7,7	  14,6
*	    29,9733	 1	 96,77	 64,53	  -3,1	  -2,3	 -10,0	  -9,7	 -14,6	  -7,9
*	    28,8062	 1	 92,18	 64,23	  -2,6	  -1,8	  -9,5	  -9,2	 -14,1	  -7,3
*	     7,4055	 1	 54,42	 97,25	 -13,8	  -7,8	  -2,0	   0,4	  -3,9	 -10,8
*	     8,0087	 1	 56,93	 97,31	 -12,7	  -6,8	  -0,9	   1,4	  -2,9	  -9,8
*	    11,6390	 1	306,17	 88,66	   9,5	  15,4	  21,3	  23,6	  19,3	  12,4
*	     9,8131	 1	291,68	 88,14	  12,6	  18,5	  24,4	  26,8	  22,5	  15,5
*	     8,5729	 1	269,89	 87,57	  14,9	  20,9	  26,7	  29,1	  24,8	  17,9
*	     8,2068	 1	243,96	 87,35	  15,0	  20,9	  26,8	  29,1	  24,8	  17,9
*	     8,7096	 1	222,41	 87,58	  12,9	  18,8	  24,7	  27,0	  22,7	  15,8
*	     9,7942	 1	208,13	 87,92	  10,0	  15,9	  21,8	  24,1	  19,8	  12,9
*	    11,2213	 1	199,03	 88,21	   7,2	  13,1	  19,0	  21,3	  17,0	  10,1
*	    12,8679	 1	193,02	 88,41	   4,7	  10,6	  16,5	  18,8	  14,5	   7,6
*	    14,6751	 1	188,83	 88,58	   2,5	   8,4	  14,3	  16,6	  12,3	   5,3
*	    16,6126	 1	185,77	 88,70	   0,5	   6,4	  12,3	  14,6	  10,3	   3,4
*	    18,6638	 1	183,45	 88,79	  -1,2	   4,7	  10,6	  12,9	   8,6	   1,6
*	    20,8180	 1	181,65	 88,86	  -2,8	   3,1	   9,0	  11,3	   7,0	  -0,0
*	    23,0678	 1	180,19	 88,93	  -4,3	   1,6	   7,5	   9,8	   5,5	  -1,5
*	    25,4076	 1	179,01	 88,97	  -5,7	   0,2	   6,1	   8,4	   4,1	  -2,9
*	    27,8323	 1	178,02	 89,01	  -7,0	  -1,1	   4,8	   7,1	   2,8	  -4,3
*	     8,8059	 1	 58,95	 97,33	 -11,8	  -5,9	  -0,0	   2,3	  -2,0	  -8,9
s	    10,1156	 2	248,38	 93,98	  30,8	  31,3	  23,0	  22,7	  17,5	  23,9
s	    10,4059	 2	246,20	 93,93	  30,8	  31,3	  23,0	  22,7	  17,4	  23,9
*	    13,8122	 1	 70,49	 94,82	   6,4	   7,1	  -0,6	  -0,2	  -5,1	   1,7
*	    11,9012	 1	 75,25	 94,57	   9,2	   9,9	   2,2	   2,6	  -2,3	   4,6
*	    13,1567	 1	 70,43	 89,77	   6,8	   7,6	  -0,1	   0,2	  -4,7	   2,2
*	    11,1436	 1	 75,20	 89,65	   9,9	  10,6	   2,9	   3,3	  -1,6	   5,3
*	    13,7087	 1	 70,36	 84,68	   6,3	   7,1	  -0,6	  -0,3	  -5,2	   1,7
*	    11,8401	 1	 75,15	 84,70	   9,0	   9,8	   2,1	   2,5	  -2,4	   4,5
*	    15,3770	 1	 70,29	 79,65	   5,0	   5,8	  -1,9	  -1,6	  -6,5	   0,4
*	    13,8111	 1	 75,10	 79,81	   7,1	   7,9	   0,2	   0,6	  -4,3	   2,5
*	    17,9698	 1	 70,22	 74,74	   3,3	   4,0	  -3,7	  -3,3	  -8,2	  -1,4
*	    16,7345	 1	 75,05	 75,02	   4,8	   5,5	  -2,2	  -1,8	  -6,7	   0,1
*	    21,2890	 1	 70,15	 70,01	   1,3	   2,0	  -5,7	  -5,3	 -10,2	  -3,4
*	    20,3429	 1	 74,99	 70,40	   2,3	   3,1	  -4,6	  -4,2	  -9,2	  -2,3
*	    25,1757	 1	 70,08	 65,52	  -0,8	   0,0	  -7,7	  -7,4	 -12,3	  -5,5
*	    24,4609	 1	 74,94	 66,02	  -0,0	   0,7	  -7,0	  -6,6	 -11,5	  -4,7
*	    32,7690	 1	 75,92	 58,95	  -3,9	  -3,1	 -10,8	 -10,5	 -15,4	  -8,7
*	    33,0488	 1	 71,09	 58,31	  -4,2	  -3,5	 -11,2	 -10,8	 -15,8	  -9,0
*	    27,9667	 1	 75,97	 62,87	  -1,7	  -0,9	  -8,7	  -8,3	 -13,2	  -6,5
*	    28,3818	 1	 71,16	 62,29	  -2,2	  -1,5	  -9,2	  -8,8	 -13,7	  -7,0
*	    12,4653	 1	336,86	 96,63	   1,6	   7,5	  13,4	  15,7	  11,4	   4,5
*	    15,1911	 1	101,05	 93,92	   9,6	  10,4	   2,7	   3,0	  -1,9	   5,0
*	    18,3362	 1	105,50	 93,92	   6,2	   7,0	  -0,7	  -0,4	  -5,3	   1,6
*	    14,4154	 1	101,09	 89,45	  10,4	  11,1	   3,4	   3,8	  -1,1	   5,8
*	    17,6863	 1	105,55	 89,48	   6,7	   7,5	  -0,2	   0,1	  -4,8	   2,1
*	    15,1648	 1	101,12	 84,96	   9,4	  10,2	   2,5	   2,8	  -2,0	   4,8
*	    18,2704	 1	105,60	 85,01	   6,1	   6,9	  -0,8	  -0,4	  -5,4	   1,5
*	    17,2164	 1	101,16	 80,50	   7,3	   8,1	   0,3	   0,7	  -4,2	   2,6
*	    19,9790	 1	105,65	 80,58	   4,7	   5,5	  -2,2	  -1,9	  -6,8	   0,0
*	    20,1954	 1	101,19	 76,13	   4,7	   5,5	  -2,2	  -1,8	  -6,8	   0,1
*	    22,5912	 1	105,70	 76,23	   2,8	   3,6	  -4,1	  -3,7	  -8,7	  -1,9
*	    23,8173	 1	101,23	 71,89	   2,2	   3,0	  -4,8	  -4,4	  -9,3	  -2,5
*	    25,8938	 1	105,75	 72,02	   0,8	   1,6	  -6,1	  -5,8	 -10,7	  -3,9
*	    27,9099	 1	101,26	 67,83	  -0,2	   0,6	  -7,2	  -6,8	 -11,7	  -5,0
*	    29,7264	 1	105,80	 67,96	  -1,3	  -0,5	  -8,2	  -7,9	 -12,8	  -6,0
*	    36,3978	 1	102,41	 61,07	  -4,3	  -3,5	 -11,2	 -10,9	 -15,8	  -9,1
*	    33,5428	 1	106,91	 64,96	  -3,1	  -2,3	 -10,0	  -9,7	 -14,6	  -7,9
*	    31,7341	 1	102,37	 64,78	  -2,2	  -1,4	  -9,1	  -8,8	 -13,7	  -7,0
*	    17,6288	 1	 59,66	 95,56	   3,9	   4,6	  -3,1	  -2,7	  -7,6	  -0,8
*	    15,9134	 1	 64,62	 95,20	   5,5	   6,3	  -1,4	  -1,1	  -6,0	   0,9
*	    17,0782	 1	 59,55	 90,10	   4,1	   4,9	  -2,8	  -2,4	  -7,3	  -0,5
*	    15,3281	 1	 64,53	 89,94	   5,8	   6,6	  -1,1	  -0,8	  -5,7	   1,2
*	    17,4636	 1	 59,44	 84,61	   3,9	   4,7	  -3,0	  -2,7	  -7,6	  -0,7
*	    15,7724	 1	 64,44	 84,65	   5,5	   6,3	  -1,4	  -1,1	  -6,0	   0,9
*	    18,7550	 1	 59,33	 79,19	   3,2	   4,0	  -3,7	  -3,4	  -8,3	  -1,4
*	    17,1995	 1	 64,35	 79,40	   4,6	   5,4	  -2,3	  -2,0	  -6,9	  -0,0
*	    20,8744	 1	 59,21	 73,92	   2,1	   2,9	  -4,8	  -4,4	  -9,4	  -2,5
*	    19,4969	 1	 64,25	 74,30	   3,3	   4,1	  -3,6	  -3,3	  -8,2	  -1,4
*	    23,7178	 1	 59,10	 68,88	   0,8	   1,6	  -6,1	  -5,8	 -10,7	  -3,9
*	    22,5281	 1	 64,16	 69,41	   1,7	   2,5	  -5,2	  -4,9	  -9,8	  -3,0
*	    27,1772	 1	 58,98	 64,13	  -0,7	   0,0	  -7,7	  -7,3	 -12,2	  -5,5
*	    26,1636	 1	 64,06	 64,78	   0,0	   0,8	  -6,9	  -6,6	 -11,5	  -4,7
*	    33,7517	 1	 65,04	 57,47	  -3,1	  -2,3	 -10,0	  -9,7	 -14,6	  -7,9
*	    34,3792	 1	 60,00	 56,62	  -3,5	  -2,8	 -10,5	 -10,1	 -15,1	  -8,3
*	    29,2644	 1	 65,13	 61,53	  -1,3	  -0,5	  -8,2	  -7,9	 -12,8	  -6,0
*	    30,0252	 1	 60,11	 60,76	  -1,8	  -1,1	  -8,8	  -8,4	 -13,4	  -6,6
*	    20,4544	 1	 48,03	 93,79	   3,0	   3,8	  -3,9	  -3,5	  -8,4	  -1,6
*	    19,0463	 1	 53,34	 93,41	   4,0	   4,7	  -3,0	  -2,6	  -7,5	  -0,7
*	    20,3219	 1	 47,87	 87,75	   3,1	   3,9	  -3,8	  -3,5	  -8,4	  -1,6
*	    18,9229	 1	 53,20	 87,64	   4,0	   4,8	  -2,9	  -2,6	  -7,5	  -0,7
*	    21,0109	 1	 47,71	 81,73	   2,8	   3,5	  -4,2	  -3,8	  -8,7	  -1,9
*	    19,6587	 1	 53,06	 81,88	   3,6	   4,4	  -3,3	  -2,9	  -7,8	  -1,0
*	    22,4921	 1	 47,54	 75,84	   2,1	   2,9	  -4,8	  -4,4	  -9,4	  -2,6
*	    21,2163	 1	 52,92	 76,24	   2,9	   3,7	  -4,0	  -3,7	  -8,6	  -1,8
*	    24,7081	 1	 47,38	 70,22	   1,2	   2,0	  -5,7	  -5,4	 -10,3	  -3,5
*	    23,5270	 1	 52,78	 70,82	   1,9	   2,7	  -5,1	  -4,7	  -9,6	  -2,8
*	    27,5844	 1	 47,21	 64,91	   0,0	   0,8	  -6,9	  -6,5	 -11,5	  -4,7
*	    26,5051	 1	 52,64	 65,71	   0,6	   1,4	  -6,3	  -6,0	 -10,9	  -4,1
*	    31,0390	 1	 47,04	 60,02	  -1,3	  -0,5	  -8,2	  -7,9	 -12,8	  -6,0
*	    30,0600	 1	 52,49	 60,95	  -0,8	  -0,0	  -7,7	  -7,4	 -12,3	  -5,5
*	    39,9572	 1	 53,44	 51,64	  -4,3	  -3,5	 -11,2	 -10,9	 -15,8	  -9,2
*	    40,6160	 1	 48,06	 50,48	  -4,6	  -3,8	 -11,5	 -11,2	 -16,1	  -9,5
*	    35,3610	 1	 53,58	 55,51	  -2,7	  -1,9	  -9,7	  -9,3	 -14,2	  -7,5
*	    36,0988	 1	 48,22	 54,42	  -3,1	  -2,3	 -10,0	  -9,7	 -14,6	  -7,9
*	    31,1526	 1	 53,72	 59,75	  -1,2	  -0,4	  -8,1	  -7,8	 -12,7	  -5,9
*	    31,9802	 1	 48,38	 58,75	  -1,6	  -0,8	  -8,5	  -8,2	 -13,1	  -6,4
*	    20,7332	 1	 43,15	 96,08	  -6,1	   3,0	  10,5	  14,2	   8,8	   1,9
*	    20,3911	 1	 43,01	 91,51	  -6,0	   3,1	  10,6	  14,4	   8,9	   2,1
*	    20,4558	 1	 42,88	 86,92	  -6,0	   3,1	  10,6	  14,3	   8,9	   2,0
*	    20,9258	 1	 42,74	 82,34	  -6,2	   2,9	  10,4	  14,1	   8,7	   1,8
*	    21,7918	 1	 42,61	 77,83	  -6,6	   2,5	  10,0	  13,8	   8,3	   1,4
*	    23,0373	 1	 42,47	 73,45	  -7,1	   2,0	   9,5	  13,2	   7,8	   0,9
*	    24,6404	 1	 42,33	 69,25	  -7,7	   1,4	   8,8	  12,6	   7,1	   0,2
*	    26,5750	 1	 42,19	 65,25	  -8,5	   0,6	   8,1	  11,8	   6,3	  -0,6
*	    28,8133	 1	 42,05	 61,47	  -9,4	  -0,3	   7,2	  10,9	   5,5	  -1,4
*	    31,3267	 1	 41,91	 57,93	 -10,3	  -1,2	   6,3	  10,0	   4,5	  -2,4
*	    34,0871	 1	 41,77	 54,63	 -11,3	  -2,2	   5,3	   9,0	   3,5	  -3,4
*	    37,0680	 1	 41,63	 51,58	 -12,3	  -3,2	   4,2	   8,0	   2,5	  -4,5
*	    40,2448	 1	 41,49	 48,75	 -13,4	  -4,3	   3,2	   6,9	   1,4	  -5,6
*	    43,5952	 1	 41,35	 46,13	 -14,5	  -5,4	   2,1	   5,8	   0,3	  -6,7
*	    21,7126	 1	 38,16	 95,74	  -6,0	   3,1	  10,6	  14,3	   8,9	   2,0
*	    21,4385	 1	 38,00	 90,97	  -5,9	   3,2	  10,7	  14,4	   9,0	   2,1
*	    21,5648	 1	 37,85	 86,16	  -5,9	   3,2	  10,7	  14,4	   8,9	   2,1
*	    22,0891	 1	 37,70	 81,37	  -6,1	   2,9	  10,4	  14,2	   8,7	   1,8
*	    23,0017	 1	 37,54	 76,70	  -6,5	   2,6	  10,0	  13,8	   8,3	   1,5
*	    24,2860	 1	 37,39	 72,17	  -7,1	   2,0	   9,5	  13,3	   7,8	   0,9
*	    25,9204	 1	 37,23	 67,84	  -7,7	   1,4	   8,9	  12,6	   7,1	   0,2
*	    27,8795	 1	 37,08	 63,75	  -8,5	   0,6	   8,1	  11,8	   6,4	  -0,5
*	    30,1360	 1	 36,92	 59,92	  -9,3	  -0,2	   7,2	  11,0	   5,5	  -1,4
*	    32,6620	 1	 36,76	 56,35	 -10,3	  -1,2	   6,3	  10,0	   4,6	  -2,4
*	    35,4304	 1	 36,61	 53,04	 -11,2	  -2,1	   5,3	   9,1	   3,6	  -3,4
*	    38,4155	 1	 36,45	 49,98	 -12,2	  -3,2	   4,3	   8,0	   2,5	  -4,4
*	    41,5933	 1	 36,29	 47,15	 -13,3	  -4,2	   3,3	   7,0	   1,5	  -5,5
*	    44,9421	 1	 36,13	 44,56	 -14,3	  -5,2	   2,2	   5,9	   0,4	  -6,6
*	    33,7100	 1	116,89	 69,66	  -1,4	  -0,6	  -8,3	  -8,0	 -12,9	  -6,2
*	    31,4190	 1	112,39	 69,58	  -0,2	   0,6	  -7,1	  -6,8	 -11,7	  -5,0
*	    30,6590	 1	116,81	 73,76	  -0,0	   0,7	  -7,0	  -6,6	 -11,5	  -4,8
*	    28,1472	 1	112,32	 73,68	   1,4	   2,2	  -5,5	  -5,2	 -10,1	  -3,3
*	    28,2196	 1	116,73	 78,01	   1,1	   1,9	  -5,8	  -5,4	 -10,4	  -3,6
*	    25,4889	 1	112,25	 77,94	   2,9	   3,6	  -4,1	  -3,7	  -8,6	  -1,9
*	    26,4927	 1	116,64	 82,38	   2,0	   2,8	  -4,9	  -4,6	  -9,5	  -2,7
*	    23,5728	 1	112,18	 82,31	   4,0	   4,8	  -3,0	  -2,6	  -7,5	  -0,7
*	    25,5701	 1	116,56	 86,82	   2,5	   3,3	  -4,4	  -4,0	  -9,0	  -2,2
*	    22,5286	 1	112,11	 86,74	   4,7	   5,4	  -2,3	  -1,9	  -6,8	  -0,0
*	    25,5128	 1	116,48	 91,27	   2,6	   3,4	  -4,3	  -4,0	  -8,9	  -2,1
*	    22,4489	 1	112,05	 91,20	   4,8	   5,5	  -2,2	  -1,8	  -6,7	   0,1
*	    41,9559	 1	117,07	 61,45	  -4,6	  -3,8	 -11,5	 -11,2	 -16,1	  -9,5
*	    40,0849	 1	112,54	 61,38	  -3,8	  -3,0	 -10,7	 -10,4	 -15,3	  -8,6
*	    37,8887	 1	116,98	 65,13	  -3,1	  -2,3	 -10,0	  -9,7	 -14,6	  -7,9
*	    35,8353	 1	112,47	 65,05	  -2,1	  -1,3	  -9,0	  -8,7	 -13,6	  -6,9
*	    28,6287	 1	249,13	 44,66	   4,8	   5,6	  -2,1	  -1,8	  -6,7	   0,1
*	    25,4355	 1	248,88	 54,41	   7,1	   7,8	   0,1	   0,5	  -4,4	   2,4
*	    23,0301	 1	248,62	 67,58	   9,0	   9,8	   2,1	   2,5	  -2,4	   4,3
*	    23,3289	 1	 32,78	 95,27	  -6,0	   3,1	  10,5	  14,3	   8,8	   1,9
*	    23,1228	 1	 32,61	 90,34	  -5,9	   3,2	  10,6	  14,4	   8,9	   2,0
*	    23,3090	 1	 32,44	 85,38	  -6,0	   3,1	  10,6	  14,3	   8,8	   2,0
*	    23,8845	 1	 32,27	 80,48	  -6,2	   2,8	  10,3	  14,1	   8,6	   1,7
*	    24,8390	 1	 32,10	 75,71	  -6,6	   2,5	   9,9	  13,7	   8,2	   1,3
*	    26,1559	 1	 31,93	 71,10	  -7,2	   1,9	   9,4	  13,1	   7,7	   0,8
*	    27,8137	 1	 31,76	 66,72	  -7,8	   1,3	   8,8	  12,5	   7,0	   0,1
*	    29,7876	 1	 31,59	 62,59	  -8,6	   0,5	   8,0	  11,7	   6,2	  -0,7
*	    32,0513	 1	 31,42	 58,75	  -9,4	  -0,3	   7,2	  10,9	   5,4	  -1,5
*	    34,5778	 1	 31,25	 55,17	 -10,3	  -1,2	   6,2	  10,0	   4,5	  -2,5
*	    37,3410	 1	 31,07	 51,86	 -11,3	  -2,2	   5,3	   9,0	   3,5	  -3,4
*	    40,3161	 1	 30,90	 48,83	 -12,3	  -3,2	   4,3	   8,0	   2,5	  -4,5
*	    43,4803	 1	 30,73	 46,04	 -13,3	  -4,2	   3,3	   7,0	   1,5	  -5,5
*	    46,8126	 1	 30,55	 43,49	 -14,3	  -5,2	   2,2	   6,0	   0,5	  -6,6
*	    23,2460	 1	 23,90	 94,47	  -5,5	   3,6	  11,1	  14,8	   9,3	   2,5
*	    23,1623	 1	 23,69	 88,88	  -5,5	   3,6	  11,1	  14,8	   9,4	   2,5
*	    23,4829	 1	 23,49	 83,30	  -5,6	   3,5	  11,0	  14,7	   9,2	   2,4
*	    24,2017	 1	 23,28	 77,83	  -5,9	   3,2	  10,7	  14,4	   8,9	   2,1
*	    25,3045	 1	 23,07	 72,56	  -6,4	   2,7	  10,2	  13,9	   8,5	   1,6
*	    26,7704	 1	 22,86	 67,56	  -7,0	   2,1	   9,6	  13,3	   7,8	   1,0
*	    28,5735	 1	 22,66	 62,89	  -7,7	   1,4	   8,9	  12,6	   7,1	   0,2
*	    30,6858	 1	 22,45	 58,56	  -8,5	   0,5	   8,0	  11,7	   6,3	  -0,6
*	    33,0782	 1	 22,24	 54,59	  -9,5	  -0,4	   7,1	  10,8	   5,4	  -1,6
*	    35,7223	 1	 22,02	 50,96	 -10,4	  -1,3	   6,1	   9,9	   4,4	  -2,6
*	    38,5913	 1	 21,81	 47,65	 -11,4	  -2,3	   5,1	   8,9	   3,4	  -3,6
*	    41,6604	 1	 21,60	 44,66	 -12,5	  -3,4	   4,1	   7,8	   2,3	  -4,7
*	    44,9073	 1	 21,39	 41,94	 -13,5	  -4,4	   3,0	   6,8	   1,3	  -5,7
*	    23,3328	 1	 28,48	 94,89	  -5,8	   3,3	  10,8	  14,5	   9,1	   2,2
*	    23,1875	 1	 28,30	 89,65	  -5,7	   3,4	  10,9	  14,6	   9,1	   2,3
*	    23,4391	 1	 28,11	 84,41	  -5,8	   3,3	  10,8	  14,5	   9,0	   2,2
*	    24,0831	 1	 27,92	 79,24	  -6,1	   3,0	  10,5	  14,2	   8,8	   1,9
*	    25,1077	 1	 27,74	 74,23	  -6,5	   2,6	  10,1	  13,8	   8,3	   1,5
*	    26,4945	 1	 27,55	 69,44	  -7,1	   2,0	   9,5	  13,2	   7,8	   0,9
*	    28,2201	 1	 27,36	 64,91	  -7,8	   1,3	   8,8	  12,5	   7,1	   0,2
*	    30,2585	 1	 27,17	 60,68	  -8,5	   0,5	   8,0	  11,8	   6,3	  -0,6
*	    32,5820	 1	 26,98	 56,77	  -9,4	  -0,3	   7,1	  10,9	   5,4	  -1,5
*	    35,1632	 1	 26,79	 53,16	 -10,4	  -1,3	   6,2	   9,9	   4,5	  -2,5
*	    37,9756	 1	 26,60	 49,85	 -11,3	  -2,2	   5,2	   9,0	   3,5	  -3,5
*	    40,9946	 1	 26,41	 46,82	 -12,3	  -3,3	   4,2	   7,9	   2,4	  -4,5
*	    44,1973	 1	 26,21	 44,06	 -13,4	  -4,3	   3,2	   6,9	   1,4	  -5,6
*	    28,7586	 1	235,41	 46,25	   4,5	   5,3	  -2,4	  -2,1	  -7,0	  -0,2
*	    25,6433	 1	235,03	 55,93	   6,6	   7,4	  -0,3	   0,0	  -4,9	   1,9
*	    23,3184	 1	234,64	 68,70	   8,4	   9,2	   1,5	   1,9	  -3,1	   3,7
*	    23,4619	 1	 18,75	 93,95	  -5,3	   3,8	  11,3	  15,0	   9,5	   2,7
*	    23,4426	 1	 18,52	 88,02	  -5,3	   3,8	  11,3	  15,0	   9,6	   2,7
*	    23,8350	 1	 18,30	 82,11	  -5,4	   3,6	  11,1	  14,9	   9,4	   2,5
*	    24,6309	 1	 18,07	 76,35	  -5,8	   3,3	  10,8	  14,5	   9,0	   2,2
*	    25,8133	 1	 17,84	 70,84	  -6,3	   2,8	  10,3	  14,0	   8,5	   1,6
*	    27,3583	 1	 17,61	 65,67	  -7,0	   2,1	   9,6	  13,3	   7,9	   1,0
*	    29,2376	 1	 17,38	 60,87	  -7,8	   1,3	   8,8	  12,5	   7,1	   0,2
*	    31,4209	 1	 17,15	 56,47	  -8,6	   0,5	   7,9	  11,7	   6,2	  -0,7
*	    33,8779	 1	 16,92	 52,48	  -9,6	  -0,5	   7,0	  10,7	   5,2	  -1,7
*	    36,5795	 1	 16,69	 48,85	 -10,6	  -1,5	   6,0	   9,7	   4,2	  -2,7
*	    39,4987	 1	 16,46	 45,58	 -11,6	  -2,5	   5,0	   8,7	   3,2	  -3,8
*	    42,6111	 1	 16,23	 42,64	 -12,7	  -3,6	   3,9	   7,6	   2,1	  -4,9
*	    45,8947	 1	 15,99	 39,98	 -13,7	  -4,6	   2,8	   6,6	   1,1	  -6,0
*	    30,9268	 1	 28,22	 60,46	   0,4	   1,2	  -6,5	  -6,2	 -11,1	  -4,4
*	    28,0709	 1	 28,47	 66,37	   1,5	   2,3	  -5,4	  -5,1	 -10,0	  -3,2
*	    25,8510	 1	 28,73	 72,84	   2,4	   3,2	  -4,5	  -4,2	  -9,1	  -2,3
*	    24,3358	 1	 28,99	 79,75	   3,0	   3,8	  -3,9	  -3,6	  -8,5	  -1,7
*	    23,5775	 1	 29,24	 86,93	   3,3	   4,1	  -3,6	  -3,3	  -8,2	  -1,4
*	    23,6034	 1	 29,50	 94,16	   3,3	   4,1	  -3,6	  -3,3	  -8,2	  -1,4
*	    43,1988	 1	 27,39	 45,68	  -3,8	  -3,0	 -10,8	 -10,4	 -15,4	  -8,7
*	    38,8302	 1	 27,66	 49,79	  -2,4	  -1,6	  -9,3	  -9,0	 -13,9	  -7,2
*	    34,8667	 1	 27,92	 54,45	  -1,0	  -0,2	  -8,0	  -7,6	 -12,5	  -5,8
*	    29,2327	 1	263,63	 44,89	   4,6	   5,4	  -2,3	  -1,9	  -6,9	  -0,1
*	    26,0529	 1	263,56	 54,64	   6,9	   7,7	  -0,1	   0,3	  -4,6	   2,2
*	    23,6585	 1	263,48	 67,80	   8,8	   9,6	   1,9	   2,3	  -2,7	   4,1
*	    23,6590	 1	 13,15	 93,36	  -5,1	   4,0	  11,5	  15,2	   9,8	   2,9
*	    23,7071	 1	 12,90	 87,03	  -5,1	   4,0	  11,5	  15,2	   9,7	   2,9
*	    24,1764	 1	 12,65	 80,77	  -5,3	   3,8	  11,3	  15,0	   9,5	   2,7
*	    25,0560	 1	 12,40	 74,70	  -5,7	   3,4	  10,9	  14,6	   9,1	   2,3
*	    26,3253	 1	 12,15	 68,96	  -6,3	   2,8	  10,3	  14,0	   8,5	   1,7
*	    27,9568	 1	 11,90	 63,62	  -7,0	   2,1	   9,6	  13,3	   7,8	   0,9
*	    29,9189	 1	 11,65	 58,72	  -7,8	   1,2	   8,7	  12,5	   7,0	   0,1
*	    32,1790	 1	 11,40	 54,27	  -8,8	   0,3	   7,8	  11,5	   6,0	  -0,9
*	    34,7054	 1	 11,15	 50,26	  -9,8	  -0,7	   6,8	  10,5	   5,0	  -1,9
*	    37,4684	 1	 10,90	 46,67	 -10,8	  -1,7	   5,8	   9,5	   4,0	  -3,0
*	    40,4410	 1	 10,64	 43,44	 -11,9	  -2,8	   4,7	   8,4	   2,9	  -4,1
*	    43,5990	 1	 10,39	 40,56	 -12,9	  -3,8	   3,6	   7,3	   1,8	  -5,2
*	    46,9210	 1	 10,14	 37,97	 -14,0	  -4,9	   2,5	   6,3	   0,8	  -6,3
*	    24,3439	 1	  7,98	 92,56	  -5,1	   4,0	  11,5	  15,3	   9,8	   2,9
*	    24,4634	 1	  7,72	 85,99	  -5,1	   4,0	  11,5	  15,2	   9,7	   2,9
*	    25,0081	 1	  7,45	 79,51	  -5,4	   3,7	  11,2	  15,0	   9,5	   2,6
*	    25,9643	 1	  7,19	 73,29	  -5,8	   3,3	  10,8	  14,5	   9,0	   2,1
*	    27,3084	 1	  6,93	 67,43	  -6,4	   2,7	  10,1	  13,9	   8,4	   1,5
*	    29,0102	 1	  6,66	 62,04	  -7,2	   1,9	   9,4	  13,1	   7,6	   0,7
*	    31,0363	 1	  6,40	 57,11	  -8,1	   1,0	   8,5	  12,2	   6,7	  -0,2
*	    33,3529	 1	  6,14	 52,68	  -9,0	   0,1	   7,5	  11,3	   5,8	  -1,2
*	    35,9277	 1	  5,87	 48,72	 -10,0	  -1,0	   6,5	  10,2	   4,8	  -2,2
*	    38,7313	 1	  5,61	 45,18	 -11,1	  -2,0	   5,5	   9,2	   3,7	  -3,3
*	    41,7371	 1	  5,34	 42,02	 -12,2	  -3,1	   4,4	   8,1	   2,6	  -4,4
*	    44,9216	 1	  5,08	 39,21	 -13,2	  -4,2	   3,3	   7,0	   1,5	  -5,5
*	    48,2643	 1	  4,81	 36,70	 -14,3	  -5,2	   2,2	   5,9	   0,4	  -6,6
*	    29,5807	 1	223,82	 49,14	   3,8	   4,5	  -3,2	  -2,8	  -7,7	  -1,0
*	    26,6098	 1	223,39	 58,60	   5,7	   6,4	  -1,3	  -0,9	  -5,8	   0,9
*	    24,4253	 1	222,95	 70,61	   7,2	   8,0	   0,3	   0,6	  -4,3	   2,5
*	    24,5068	 1	324,47	 87,02	  -4,9	   4,2	  11,7	  15,4	   9,9	   3,1
*	    25,0942	 1	324,15	 77,53	  -5,3	   3,8	  11,3	  15,0	   9,5	   2,7
*	    26,1879	 1	323,84	 68,75	  -6,0	   3,0	  10,5	  14,3	   8,8	   1,9
*	    27,7326	 1	323,53	 60,96	  -7,0	   2,0	   9,5	  13,3	   7,8	   0,9
*	    29,6649	 1	323,22	 54,24	  -8,2	   0,9	   8,4	  12,1	   6,6	  -0,3
*	    31,9245	 1	322,91	 48,53	  -9,5	  -0,4	   7,1	  10,8	   5,3	  -1,6
*	    34,4598	 1	322,60	 43,71	 -10,8	  -1,7	   5,8	   9,5	   4,0	  -2,9
*	    37,2284	 1	322,30	 39,63	 -12,1	  -3,0	   4,5	   8,2	   2,7	  -4,2
*	    40,1964	 1	322,00	 36,19	 -13,4	  -4,3	   3,2	   6,9	   1,4	  -5,6
*	    43,3368	 1	321,70	 33,25	 -14,6	  -5,6	   1,9	   5,6	   0,1	  -6,9
*	    46,6278	 1	321,41	 30,73	 -15,9	  -6,8	   0,7	   4,4	  -1,1	  -8,1
*	    50,0516	 1	321,12	 28,55	 -17,1	  -8,0	  -0,5	   3,2	  -2,3	  -9,4
*	    24,5238	 1	334,58	 88,57	  -4,6	   4,4	  11,9	  15,7	  10,2	   3,3
*	    24,9992	 1	334,25	 79,66	  -4,9	   4,2	  11,6	  15,4	   9,9	   3,0
*	    25,9668	 1	333,93	 71,27	  -5,6	   3,5	  11,0	  14,8	   9,3	   2,4
*	    27,3828	 1	333,60	 63,67	  -6,4	   2,7	  10,2	  13,9	   8,4	   1,5
*	    29,1928	 1	333,28	 56,99	  -7,5	   1,6	   9,1	  12,8	   7,4	   0,5
*	    31,3419	 1	332,96	 51,22	  -8,6	   0,5	   7,9	  11,7	   6,2	  -0,7
*	    33,7802	 1	332,64	 46,27	  -9,8	  -0,8	   6,7	  10,5	   5,0	  -2,0
*	    36,4656	 1	332,32	 42,05	 -11,1	  -2,0	   5,5	   9,2	   3,7	  -3,2
*	    39,3632	 1	332,01	 38,44	 -12,3	  -3,2	   4,2	   7,9	   2,5	  -4,5
*	    42,4444	 1	331,70	 35,34	 -13,6	  -4,5	   3,0	   6,7	   1,2	  -5,8
*	    45,6860	 1	331,38	 32,66	 -14,8	  -5,7	   1,8	   5,5	  -0,0	  -7,0
*	    49,0687	 1	331,07	 30,34	 -16,0	  -6,9	   0,6	   4,3	  -1,2	  -8,3
*	    24,5795	 1	279,83	 80,75	   8,4	   9,2	   1,5	   1,8	  -3,1	   3,7
*	    26,1147	 1	279,71	 66,07	   7,2	   7,9	   0,2	   0,6	  -4,3	   2,4
*	    28,6100	 1	279,61	 54,29	   5,3	   6,1	  -1,6	  -1,3	  -6,2	   0,6
*	    24,6303	 1	354,37	 90,87	  -4,7	   4,4	  11,8	  15,6	  10,1	   3,2
*	    24,9075	 1	354,06	 83,35	  -4,9	   4,2	  11,7	  15,4	  10,0	   3,1
*	    25,6365	 1	353,76	 76,06	  -5,3	   3,8	  11,3	  15,0	   9,6	   2,7
*	    26,7933	 1	353,46	 69,21	  -5,9	   3,2	  10,7	  14,4	   9,0	   2,1
*	    28,3428	 1	353,16	 62,93	  -6,7	   2,4	   9,9	  13,6	   8,2	   1,3
*	    30,2447	 1	352,86	 57,29	  -7,6	   1,5	   9,0	  12,7	   7,2	   0,3
*	    32,4580	 1	352,56	 52,29	  -8,6	   0,5	   8,0	  11,7	   6,2	  -0,7
*	    34,9444	 1	352,26	 47,89	  -9,7	  -0,6	   6,9	  10,6	   5,1	  -1,8
*	    37,6695	 1	351,96	 44,03	 -10,8	  -1,7	   5,8	   9,5	   4,0	  -3,0
*	    40,6036	 1	351,66	 40,65	 -11,9	  -2,9	   4,6	   8,3	   2,8	  -4,1
*	    43,7209	 1	351,36	 37,68	 -13,1	  -4,0	   3,5	   7,2	   1,7	  -5,3
*	    46,9995	 1	351,06	 35,06	 -14,2	  -5,1	   2,3	   6,1	   0,6	  -6,5
s	    24,6547	 2	 36,85	 90,04	  26,9	  26,4	  18,4	  19,4	  14,4	  21,4
*	    24,7371	 1	359,84	 91,86	  -4,9	   4,2	  11,7	  15,4	   9,9	   3,1
*	    24,9317	 1	359,56	 84,78	  -5,0	   4,1	  11,6	  15,3	   9,9	   3,0
*	    25,5655	 1	359,27	 77,84	  -5,3	   3,8	  11,3	  15,0	   9,5	   2,7
*	    26,6201	 1	358,99	 71,24	  -5,8	   3,3	  10,7	  14,5	   9,0	   2,1
*	    28,0661	 1	358,70	 65,12	  -6,5	   2,6	  10,0	  13,8	   8,3	   1,4
*	    29,8680	 1	358,41	 59,56	  -7,4	   1,7	   9,2	  12,9	   7,4	   0,5
*	    31,9880	 1	358,13	 54,56	  -8,3	   0,8	   8,2	  12,0	   6,5	  -0,4
*	    34,3899	 1	357,84	 50,12	  -9,4	  -0,3	   7,2	  10,9	   5,4	  -1,5
*	    37,0400	 1	357,56	 46,19	 -10,4	  -1,3	   6,1	   9,9	   4,4	  -2,6
*	    39,9083	 1	357,27	 42,71	 -11,5	  -2,4	   5,0	   8,8	   3,3	  -3,7
*	    42,9688	 1	356,99	 39,65	 -12,6	  -3,5	   3,9	   7,6	   2,1	  -4,9
*	    46,1986	 1	356,70	 36,94	 -13,7	  -4,7	   2,8	   6,5	   1,0	  -6,0
*	    49,5783	 1	356,42	 34,52	 -14,8	  -5,8	   1,7	   5,4	  -0,1	  -7,1
*	    24,8780	 1	215,18	 81,73	   6,6	   7,3	  -0,4	  -0,0	  -4,9	   1,9
*	    26,2538	 1	215,62	 69,12	   5,6	   6,4	  -1,3	  -0,9	  -5,9	   0,9
*	    28,5325	 1	216,06	 58,41	   4,2	   5,0	  -2,7	  -2,4	  -7,3	  -0,6
*	    25,0181	 1	344,56	 89,87	  -4,7	   4,3	  11,8	  15,6	  10,1	   3,2
*	    25,3855	 1	344,24	 81,76	  -4,9	   4,1	  11,6	  15,4	   9,9	   3,0
*	    26,2206	 1	343,92	 74,00	  -5,4	   3,7	  11,1	  14,9	   9,4	   2,5
*	    27,4917	 1	343,61	 66,81	  -6,1	   3,0	  10,4	  14,2	   8,7	   1,8
*	    29,1559	 1	343,30	 60,34	  -7,0	   2,1	   9,5	  13,3	   7,8	   0,9
*	    31,1666	 1	342,98	 54,62	  -8,1	   1,0	   8,5	  12,2	   6,8	  -0,2
*	    33,4786	 1	342,67	 49,63	  -9,2	  -0,1	   7,4	  11,1	   5,6	  -1,3
*	    36,0519	 1	342,36	 45,29	 -10,3	  -1,2	   6,2	  10,0	   4,5	  -2,5
*	    38,8515	 1	342,05	 41,52	 -11,5	  -2,4	   5,1	   8,8	   3,3	  -3,7
*	    41,8482	 1	341,75	 38,26	 -12,7	  -3,6	   3,9	   7,6	   2,1	  -4,9
*	    45,0173	 1	341,44	 35,42	 -13,8	  -4,8	   2,7	   6,4	   0,9	  -6,1
*	    48,3381	 1	341,13	 32,94	 -15,0	  -5,9	   1,6	   5,3	  -0,2	  -7,3
s	    25,1013	 2	307,10	 93,25	  27,6	  31,5	  36,4	  35,1	  30,1	  23,9
*	    25,3878	 1	310,50	 85,43	  -6,0	   3,1	  10,6	  14,3	   8,8	   1,9
*	    26,0825	 1	310,24	 75,63	  -6,5	   2,6	  10,1	  13,8	   8,3	   1,4
*	    27,2855	 1	309,97	 66,69	  -7,4	   1,7	   9,2	  12,9	   7,5	   0,6
*	    28,9327	 1	309,72	 58,89	  -8,5	   0,6	   8,1	  11,8	   6,4	  -0,5
*	    30,9555	 1	309,46	 52,26	  -9,7	  -0,6	   6,9	  10,6	   5,1	  -1,8
*	    33,2917	 1	309,21	 46,69	 -11,0	  -1,9	   5,5	   9,3	   3,8	  -3,1
*	    35,8897	 1	308,96	 42,01	 -12,4	  -3,3	   4,2	   7,9	   2,4	  -4,5
*	    38,7085	 1	308,71	 38,10	 -13,7	  -4,6	   2,9	   6,6	   1,1	  -5,9
*	    41,7159	 1	308,46	 34,80	 -15,0	  -5,9	   1,5	   5,3	  -0,2	  -7,2
*	    44,8866	 1	308,22	 32,00	 -16,3	  -7,2	   0,3	   4,0	  -1,5	  -8,5
*	    48,2001	 1	307,98	 29,59	 -17,5	  -8,5	  -1,0	   2,7	  -2,8	  -9,8
*	    25,5288	 1	338,18	 88,59	 -10,7	  -1,6	   5,8	   9,6	   4,1	  -2,8
*	    25,9858	 1	337,86	 80,23	 -11,0	  -1,9	   5,6	   9,3	   3,8	  -3,0
*	    26,9143	 1	337,55	 72,30	 -11,6	  -2,5	   5,0	   8,8	   3,3	  -3,6
*	    28,2772	 1	337,24	 65,05	 -12,3	  -3,2	   4,2	   8,0	   2,5	  -4,4
*	    30,0269	 1	336,93	 58,59	 -13,3	  -4,2	   3,3	   7,0	   1,5	  -5,4
*	    32,1141	 1	336,62	 52,93	 -14,4	  -5,3	   2,2	   5,9	   0,4	  -6,5
*	    34,4927	 1	336,31	 48,02	 -15,5	  -6,4	   1,0	   4,8	  -0,7	  -7,7
*	    37,1225	 1	336,00	 43,79	 -16,7	  -7,6	  -0,1	   3,6	  -1,9	  -8,9
*	    39,9693	 1	335,69	 40,14	 -17,9	  -8,8	  -1,3	   2,4	  -3,1	 -10,1
*	    43,0049	 1	335,39	 36,98	 -19,1	 -10,0	  -2,5	   1,2	  -4,3	 -11,3
*	    46,2056	 1	335,09	 34,25	 -20,3	 -11,2	  -3,7	   0,0	  -5,5	 -12,5
*	    49,5519	 1	334,79	 31,85	 -21,4	 -12,3	  -4,9	  -1,2	  -6,7	 -13,7
*	    25,8074	 1	327,36	 87,21	  -6,9	   2,2	   9,7	  13,4	   7,9	   1,0
*	    26,3686	 1	327,05	 78,32	  -7,3	   1,8	   9,3	  13,0	   7,6	   0,7
*	    27,4140	 1	326,75	 70,02	  -7,9	   1,2	   8,6	  12,4	   6,9	   0,0
*	    28,8967	 1	326,45	 62,55	  -8,8	   0,3	   7,7	  11,5	   6,0	  -0,9
*	    30,7612	 1	326,15	 56,01	  -9,9	  -0,8	   6,7	  10,4	   4,9	  -2,0
*	    32,9531	 1	325,85	 50,38	 -11,1	  -2,0	   5,5	   9,2	   3,7	  -3,2
*	    35,4238	 1	325,55	 45,57	 -12,3	  -3,2	   4,3	   8,0	   2,5	  -4,4
*	    38,1328	 1	325,26	 41,46	 -13,5	  -4,5	   3,0	   6,7	   1,3	  -5,7
*	    41,0464	 1	324,97	 37,96	 -14,8	  -5,7	   1,8	   5,5	   0,0	  -7,0
*	    44,1377	 1	324,68	 34,94	 -16,0	  -6,9	   0,5	   4,3	  -1,2	  -8,2
*	    47,3843	 1	324,39	 32,34	 -17,2	  -8,1	  -0,7	   3,1	  -2,4	  -9,5
*	    50,7680	 1	324,10	 30,08	 -18,4	  -9,3	  -1,8	   1,9	  -3,6	 -10,7
*	    33,9589	 1	345,13	 51,17	   1,5	   2,2	  -5,5	  -5,1	 -10,1	  -3,3
*	    30,8573	 1	345,55	 58,39	   2,9	   3,7	  -4,0	  -3,7	  -8,6	  -1,8
*	    28,3989	 1	345,98	 66,97	   4,2	   5,0	  -2,8	  -2,4	  -7,3	  -0,6
*	    26,7039	 1	346,41	 76,83	   5,1	   5,9	  -1,8	  -1,5	  -6,4	   0,4
*	    25,8771	 1	346,84	 87,57	   5,5	   6,3	  -1,4	  -1,0	  -6,0	   0,8
*	    46,7513	 1	343,80	 35,64	  -3,5	  -2,8	 -10,5	 -10,2	 -15,1	  -8,5
*	    42,2702	 1	344,22	 39,61	  -1,9	  -1,2	  -8,9	  -8,5	 -13,5	  -6,8
*	    38,1431	 1	344,65	 44,42	  -0,3	   0,4	  -7,3	  -6,9	 -11,9	  -5,2
*	    34,6926	 1	299,83	 43,94	   1,0	   1,7	  -6,0	  -5,6	 -10,6	  -3,9
*	    31,2752	 1	300,12	 51,55	   2,9	   3,6	  -4,1	  -3,7	  -8,6	  -1,9
*	    28,4822	 1	300,42	 61,39	   4,7	   5,4	  -2,3	  -1,9	  -6,8	  -0,1
*	    26,5002	 1	300,72	 73,69	   6,1	   6,8	  -0,9	  -0,5	  -5,4	   1,3
*	    39,4917	 1	302,91	 39,65	  -1,4	  -0,6	  -8,3	  -8,0	 -12,9	  -6,2
*	    43,7073	 1	302,61	 34,96	  -3,2	  -2,4	 -10,1	  -9,8	 -14,7	  -8,1
s	    26,8439	 2	 31,25	 90,18	  26,6	  26,1	  18,1	  19,1	  14,1	  21,1
s	    26,8846	 1	 90,00	 34,34	  28,7	  32,0	  22,1	  22,4	  25,9	  23,3
*	    38,6690	 1	326,63	 16,75	   8,1	  11,4	   1,4	   1,8	   5,3	   2,6
*	    32,5808	 1	 30,50	 20,83	   9,5	  12,8	   2,9	   3,2	   6,7	   4,1
*	    30,5321	 1	 53,40	 34,01	   9,7	  13,0	   3,0	   3,4	   6,9	   4,3
*	    32,1774	 1	 61,69	 45,00	   9,0	  12,4	   2,4	   2,7	   6,3	   3,6
*	    35,7722	 1	217,39	  7,88	   9,0	  12,3	   2,4	   2,7	   6,2	   3,6
*	    29,3626	 1	 96,00	 15,31	  10,6	  13,9	   4,0	   4,3	   7,9	   5,2
*	    26,9996	 1	 85,34	 31,83	  11,0	  14,3	   4,3	   4,7	   8,2	   5,6
*	    28,3469	 1	 82,40	 43,94	  10,5	  13,9	   3,9	   4,3	   7,8	   5,2
*	    33,4323	 1	 81,04	 52,41	   9,2	  12,5	   2,6	   2,9	   6,4	   3,8
*	    38,0570	 1	180,39	 25,13	   7,8	  11,2	   1,2	   1,6	   5,1	   2,4
*	    31,5041	 1	137,49	 27,45	   9,6	  12,9	   3,0	   3,3	   6,8	   4,2
*	    28,7799	 1	113,28	 37,11	  10,2	  13,6	   3,6	   4,0	   7,5	   4,9
*	    29,7291	 1	101,93	 46,46	  10,1	  13,4	   3,5	   3,8	   7,3	   4,7
*	    34,4892	 1	 95,82	 53,72	   9,0	  12,3	   2,4	   2,7	   6,2	   3,6
*	    44,7979	 1	174,66	 39,68	   5,3	   8,6	  -1,3	  -1,0	   2,5	  -0,2
*	    38,3691	 1	149,73	 40,40	   7,0	  10,3	   0,3	   0,7	   4,2	   1,5
*	    35,4679	 1	129,97	 45,18	   7,8	  11,1	   1,2	   1,5	   5,0	   2,4
*	    36,1368	 1	116,91	 51,06	   7,8	  11,2	   1,2	   1,5	   5,1	   2,4
*	    48,7834	 1	154,96	 50,13	   3,6	   7,0	  -3,0	  -2,7	   0,8	  -1,9
*	    45,9493	 1	139,51	 52,52	   4,4	   7,8	  -2,2	  -1,9	   1,6	  -1,1
*	    32,5584	 1	288,21	 50,08	   2,9	   3,7	  -4,0	  -3,7	  -8,6	  -1,9
*	    29,6468	 1	288,40	 59,52	   4,7	   5,5	  -2,2	  -1,8	  -6,8	  -0,0
*	    27,5091	 1	288,58	 71,45	   6,3	   7,0	  -0,7	  -0,3	  -5,3	   1,5
*	    32,9940	 1	207,77	 56,06	   1,5	   2,2	  -5,5	  -5,1	 -10,1	  -3,3
*	    30,3843	 1	207,36	 64,64	   2,8	   3,6	  -4,1	  -3,7	  -8,7	  -1,9
*	    28,5188	 1	206,95	 74,70	   3,9	   4,7	  -3,1	  -2,7	  -7,6	  -0,9
*	    38,4970	 1	126,91	 69,58	  -1,8	  -1,1	  -8,8	  -8,4	 -13,4	  -6,7
*	    36,3388	 1	122,37	 69,60	  -0,9	  -0,1	  -7,8	  -7,5	 -12,4	  -5,7
*	    35,8026	 1	126,80	 73,73	  -0,8	  -0,1	  -7,8	  -7,4	 -12,4	  -5,7
*	    33,4972	 1	122,27	 73,73	   0,3	   1,1	  -6,7	  -6,3	 -11,2	  -4,5
*	    33,6937	 1	126,69	 78,04	  -0,0	   0,8	  -7,0	  -6,6	 -11,5	  -4,8
*	    31,2545	 1	122,17	 78,01	   1,2	   2,0	  -5,7	  -5,4	 -10,3	  -3,5
*	    32,2329	 1	126,59	 82,47	   0,6	   1,4	  -6,4	  -6,0	 -10,9	  -4,2
*	    29,6874	 1	122,08	 82,41	   1,9	   2,7	  -5,0	  -4,6	  -9,6	  -2,8
*	    31,4707	 1	126,48	 86,97	   0,9	   1,7	  -6,0	  -5,7	 -10,6	  -3,9
*	    28,8606	 1	121,98	 86,88	   2,3	   3,1	  -4,6	  -4,3	  -9,2	  -2,4
*	    31,4374	 1	126,37	 91,48	   1,0	   1,7	  -6,0	  -5,6	 -10,6	  -3,8
*	    28,8146	 1	121,88	 91,36	   2,4	   3,1	  -4,6	  -4,2	  -9,1	  -2,4
*	    43,1227	 1	121,56	 62,01	  -3,3	  -2,5	 -10,2	  -9,9	 -14,8	  -8,2
*	    44,8833	 1	126,11	 61,91	  -4,0	  -3,2	 -11,0	 -10,6	 -15,6	  -8,9
*	    47,3455	 1	121,65	 58,50	  -4,7	  -3,9	 -11,6	 -11,3	 -16,3	  -9,6
*	    36,7368	 1	293,67	 46,02	  -4,7	  -3,9	 -11,6	 -11,3	 -16,2	  -9,5
*	    33,4313	 1	293,89	 53,62	  -2,9	  -2,1	  -9,9	  -9,5	 -14,4	  -7,7
*	    30,7501	 1	294,11	 63,21	  -1,3	  -0,5	  -8,2	  -7,9	 -12,8	  -6,0
*	    28,8631	 1	294,34	 74,95	  -0,0	   0,8	  -7,0	  -6,6	 -11,5	  -4,8
*	    29,3079	 1	169,74	 92,37	 -14,2	  -8,3	  -2,4	  -0,1	  -4,4	 -11,5
s	    29,3845	 3	301,91	 93,28	  25,5	  24,8	  16,2	  16,6	  11,2	  17,7
*	    29,7280	 1	170,81	 89,82	 -12,9	  -7,0	  -1,1	   1,2	  -3,1	 -10,1
*	    32,4296	 1	170,57	 89,79	 -14,0	  -8,1	  -2,3	   0,1	  -4,3	 -11,3
*	    35,1997	 1	170,36	 89,78	 -15,1	  -9,2	  -3,4	  -1,1	  -5,4	 -12,5
*	    38,0347	 1	170,18	 89,76	 -16,2	 -10,3	  -4,5	  -2,1	  -6,5	 -13,6
*	    40,9308	 1	170,01	 89,74	 -17,3	 -11,4	  -5,5	  -3,2	  -7,5	 -14,7
*	    30,0794	 1	243,62	 41,85	   2,2	   3,0	  -4,7	  -4,4	  -9,3	  -2,6
*	    30,4507	 1	230,68	 44,02	   1,8	   2,5	  -5,2	  -4,8	  -9,7	  -3,0
*	    32,9885	 1	202,11	 67,30	   1,2	   2,0	  -5,7	  -5,3	 -10,3	  -3,6
*	    31,2658	 1	201,73	 76,42	   2,1	   2,9	  -4,8	  -4,5	  -9,4	  -2,7
s	    31,3086	 2	 86,68	 38,90	  27,3	  25,4	   1,5	   1,9	   5,4	  16,0
*	    31,4648	 1	220,10	 47,22	   1,0	   1,8	  -5,9	  -5,6	 -10,5	  -3,8
s	    31,5147	 2	 89,12	 39,08	  27,3	  25,4	   1,5	   1,8	   5,4	  15,9
s	    32,1958	 2	 90,00	 31,26	  25,9	  30,3	  21,4	  22,0	  25,6	  23,0
*	    32,4509	 1	176,58	 89,08	  -9,2	  -3,3	   2,6	   4,9	   0,6	  -6,5
*	    35,0921	 1	175,95	 89,10	 -10,3	  -4,4	   1,5	   3,8	  -0,6	  -7,6
*	    37,8025	 1	175,40	 89,13	 -11,4	  -5,5	   0,4	   2,7	  -1,6	  -8,7
*	    40,5782	 1	174,91	 89,15	 -12,4	  -6,5	  -0,7	   1,7	  -2,7	  -9,8
*	    32,7573	 1	131,72	 93,82	  -7,4	   1,7	   9,2	  12,9	   7,4	   0,5
*	    32,4803	 1	131,81	 90,51	  -7,3	   1,8	   9,3	  13,0	   7,5	   0,6
*	    32,5538	 1	131,90	 87,19	  -7,3	   1,8	   9,2	  13,0	   7,5	   0,6
*	    32,9760	 1	131,99	 83,88	  -7,5	   1,6	   9,1	  12,8	   7,3	   0,4
*	    33,7397	 1	132,08	 80,59	  -7,8	   1,3	   8,8	  12,5	   7,0	   0,1
*	    34,8326	 1	132,17	 77,36	  -8,2	   0,9	   8,4	  12,1	   6,6	  -0,3
*	    36,2388	 1	132,26	 74,18	  -8,7	   0,4	   7,8	  11,6	   6,1	  -0,9
*	    37,9393	 1	132,35	 71,10	  -9,3	  -0,2	   7,2	  10,9	   5,5	  -1,5
*	    39,9136	 1	132,44	 68,13	 -10,0	  -0,9	   6,5	  10,3	   4,8	  -2,2
*	    42,1406	 1	132,53	 65,25	 -10,8	  -1,7	   5,8	   9,5	   4,0	  -3,0
*	    44,5991	 1	132,62	 62,50	 -11,6	  -2,5	   5,0	   8,7	   3,2	  -3,8
*	    47,2688	 1	132,72	 59,87	 -12,4	  -3,3	   4,1	   7,9	   2,4	  -4,7
*	    50,1302	 1	132,81	 57,36	 -13,3	  -4,2	   3,3	   7,0	   1,5	  -5,6
*	    53,1655	 1	132,90	 54,98	 -14,2	  -5,1	   2,4	   6,1	   0,6	  -6,5
*	    33,0011	 1	198,23	 84,18	   1,0	   1,8	  -5,9	  -5,6	 -10,5	  -3,8
*	    34,0710	 1	198,58	 75,28	   0,5	   1,3	  -6,4	  -6,1	 -11,0	  -4,3
*	    35,8816	 1	198,93	 67,07	  -0,3	   0,4	  -7,3	  -6,9	 -11,9	  -5,1
*	    33,0520	 1	211,90	 50,81	  -0,0	   0,7	  -7,0	  -6,6	 -11,6	  -4,8
*	    33,0993	 1	284,01	 45,47	   1,0	   1,7	  -6,0	  -5,6	 -10,6	  -3,8
*	    35,3811	 1	293,64	 49,00	  -0,2	   0,6	  -7,1	  -6,8	 -11,7	  -5,0
*	    33,1037	 1	284,04	 45,47	   0,9	   1,7	  -6,1	  -5,7	 -10,6	  -3,9
s	    34,5542	 1	135,48	 89,62	  27,1	  31,2	  36,7	  36,1	  31,5	  25,7
*	    34,7684	 1	135,13	 93,35	  -7,9	   1,2	   8,7	  12,4	   6,9	  -0,0
*	    34,5576	 1	135,23	 90,03	  -7,8	   1,3	   8,7	  12,5	   7,0	   0,0
*	    34,6836	 1	135,32	 86,70	  -7,9	   1,2	   8,7	  12,4	   6,9	  -0,0
*	    35,1440	 1	135,42	 83,37	  -8,1	   1,0	   8,5	  12,2	   6,8	  -0,2
*	    35,9318	 1	135,51	 80,09	  -8,3	   0,8	   8,2	  12,0	   6,5	  -0,5
*	    37,0361	 1	135,61	 76,86	  -8,7	   0,4	   7,8	  11,6	   6,1	  -0,9
*	    38,4421	 1	135,71	 73,70	  -9,2	  -0,1	   7,3	  11,1	   5,6	  -1,4
*	    40,1329	 1	135,80	 70,63	  -9,8	  -0,7	   6,8	  10,5	   5,0	  -2,0
*	    42,0900	 1	135,90	 67,65	 -10,5	  -1,4	   6,1	   9,8	   4,3	  -2,7
*	    44,2937	 1	136,00	 64,80	 -11,2	  -2,1	   5,4	   9,1	   3,6	  -3,4
*	    46,7247	 1	136,09	 62,06	 -11,9	  -2,8	   4,6	   8,3	   2,8	  -4,2
*	    49,3639	 1	136,19	 59,44	 -12,7	  -3,6	   3,8	   7,5	   2,0	  -5,0
*	    52,1930	 1	136,29	 56,95	 -13,6	  -4,5	   3,0	   6,7	   1,2	  -5,9
*	    55,1950	 1	136,39	 54,59	 -14,4	  -5,3	   2,1	   5,9	   0,3	  -6,7
s	    36,3121	 3	 86,66	 35,68	  24,6	  23,8	   1,0	   1,5	   5,1	  15,7
*	    36,4703	 1	264,70	 38,49	 -10,1	  -3,1	   4,3	   4,9	  -0,0	  -6,5
*	    38,3544	 1	264,73	 36,04	 -11,0	  -4,0	   3,4	   3,9	  -1,0	  -7,5
*	    40,3152	 1	264,75	 33,87	 -11,9	  -4,9	   2,4	   3,0	  -1,9	  -8,4
s	    36,5047	 3	 89,11	 35,86	  24,6	  23,8	   0,9	   1,5	   5,1	  15,7
*	    37,3734	 1	139,82	 92,93	  -8,5	   0,5	   8,0	  11,7	   6,3	  -0,7
*	    37,2240	 1	139,93	 89,58	  -8,5	   0,6	   8,1	  11,8	   6,3	  -0,7
*	    37,3959	 1	140,03	 86,23	  -8,6	   0,5	   8,0	  11,7	   6,2	  -0,7
*	    37,8868	 1	140,13	 82,90	  -8,7	   0,4	   7,8	  11,6	   6,1	  -0,9
*	    38,6902	 1	140,24	 79,60	  -9,0	   0,1	   7,6	  11,3	   5,8	  -1,2
*	    39,7961	 1	140,34	 76,36	  -9,4	  -0,3	   7,2	  10,9	   5,4	  -1,6
*	    41,1916	 1	140,45	 73,19	  -9,8	  -0,8	   6,7	  10,4	   4,9	  -2,0
*	    42,8617	 1	140,55	 70,12	 -10,4	  -1,3	   6,2	   9,9	   4,4	  -2,6
*	    44,7895	 1	140,66	 67,16	 -11,0	  -1,9	   5,6	   9,3	   3,8	  -3,2
*	    46,9577	 1	140,76	 64,31	 -11,7	  -2,6	   4,9	   8,6	   3,1	  -3,9
*	    49,3484	 1	140,87	 61,58	 -12,4	  -3,3	   4,2	   7,9	   2,4	  -4,7
*	    51,9440	 1	140,97	 58,98	 -13,1	  -4,0	   3,4	   7,1	   1,6	  -5,4
*	    54,7276	 1	141,08	 56,51	 -13,9	  -4,8	   2,6	   6,3	   0,8	  -6,3
*	    57,6829	 1	141,19	 54,16	 -14,7	  -5,6	   1,8	   5,5	   0,0	  -7,1
*	    37,6542	 1	200,91	 57,55	  -2,6	  -1,8	  -9,5	  -9,2	 -14,1	  -7,4
s	    37,7195	 3	207,08	 92,23	  24,6	  23,8	  15,2	  15,6	  10,2	  16,7
*	    41,3963	 1	195,32	 64,66	  -2,9	  -2,1	  -9,8	  -9,5	 -14,4	  -7,7
*	    39,2667	 1	195,01	 71,55	  -2,0	  -1,3	  -9,0	  -8,6	 -13,6	  -6,9
*	    37,7792	 1	194,70	 79,06	  -1,4	  -0,6	  -8,4	  -8,0	 -13,0	  -6,3
*	    38,1003	 1	142,87	 92,51	  -8,8	   0,3	   7,8	  11,5	   6,0	  -1,0
*	    38,0057	 1	142,98	 89,10	  -8,8	   0,3	   7,8	  11,5	   6,0	  -0,9
*	    38,2276	 1	143,09	 85,68	  -8,8	   0,2	   7,7	  11,4	   6,0	  -1,0
*	    38,7630	 1	143,20	 82,29	  -9,0	   0,1	   7,5	  11,3	   5,8	  -1,2
*	    39,6054	 1	143,31	 78,94	  -9,3	  -0,2	   7,3	  11,0	   5,5	  -1,5
*	    40,7449	 1	143,42	 75,65	  -9,7	  -0,6	   6,9	  10,6	   5,1	  -1,9
*	    42,1688	 1	143,53	 72,45	 -10,1	  -1,1	   6,4	  10,1	   4,6	  -2,3
*	    43,8625	 1	143,64	 69,35	 -10,7	  -1,6	   5,9	   9,6	   4,1	  -2,9
*	    45,8097	 1	143,76	 66,36	 -11,3	  -2,2	   5,3	   9,0	   3,5	  -3,5
*	    47,9935	 1	143,87	 63,50	 -11,9	  -2,9	   4,6	   8,3	   2,8	  -4,2
*	    50,3966	 1	143,98	 60,76	 -12,6	  -3,6	   3,9	   7,6	   2,1	  -4,9
*	    53,0018	 1	144,09	 58,16	 -13,4	  -4,3	   3,2	   6,9	   1,4	  -5,7
*	    55,7927	 1	144,21	 55,69	 -14,2	  -5,1	   2,4	   6,1	   0,6	  -6,5
*	    38,0675	 1	140,98	 91,69	   0,3	   1,1	  -6,7	  -6,3	 -11,2	  -4,6
*	    38,1215	 1	141,13	 86,95	   0,3	   1,0	  -6,7	  -6,3	 -11,3	  -4,6
*	    38,8082	 1	141,28	 82,23	   0,0	   0,8	  -6,9	  -6,6	 -11,5	  -4,8
*	    40,1102	 1	141,43	 77,60	  -0,4	   0,4	  -7,4	  -7,0	 -11,9	  -5,3
*	    41,9970	 1	141,58	 73,10	  -1,0	  -0,3	  -8,0	  -7,6	 -12,6	  -5,9
*	    44,4283	 1	141,73	 68,80	  -1,8	  -1,0	  -8,7	  -8,4	 -13,4	  -6,7
*	    50,4631	 1	142,02	 61,16	  -3,6	  -2,9	 -10,6	 -10,2	 -15,2	  -8,6
*	    54,2131	 1	142,18	 57,54	  -4,7	  -3,9	 -11,6	 -11,3	 -16,3	  -9,7
*	    38,5930	 1	260,35	 36,50	 -15,5	  -8,5	  -1,1	  -0,6	  -5,5	 -12,0
*	    40,5454	 1	260,39	 34,31	 -16,4	  -9,4	  -2,0	  -1,5	  -6,4	 -12,9
*	    38,6697	 1	146,09	 92,09	  -9,0	   0,1	   7,5	  11,3	   5,8	  -1,2
*	    38,6281	 1	146,21	 88,59	  -9,0	   0,1	   7,5	  11,3	   5,8	  -1,2
*	    38,8993	 1	146,32	 85,10	  -9,1	  -0,0	   7,5	  11,2	   5,7	  -1,3
*	    39,4800	 1	146,44	 81,64	  -9,3	  -0,2	   7,3	  11,0	   5,5	  -1,5
*	    40,3634	 1	146,56	 78,23	  -9,6	  -0,5	   7,0	  10,7	   5,2	  -1,8
*	    41,5395	 1	146,68	 74,88	 -10,0	  -0,9	   6,6	  10,3	   4,8	  -2,2
*	    42,9958	 1	146,80	 71,63	 -10,4	  -1,3	   6,1	   9,8	   4,3	  -2,6
*	    44,7179	 1	146,91	 68,49	 -11,0	  -1,9	   5,6	   9,3	   3,8	  -3,2
*	    46,6897	 1	147,03	 65,48	 -11,6	  -2,5	   5,0	   8,7	   3,2	  -3,8
*	    48,8947	 1	147,15	 62,60	 -12,2	  -3,1	   4,3	   8,0	   2,5	  -4,5
*	    51,3158	 1	147,27	 59,85	 -12,9	  -3,8	   3,6	   7,3	   1,8	  -5,2
*	    53,9365	 1	147,39	 57,24	 -13,7	  -4,6	   2,9	   6,6	   1,1	  -6,0
*	    56,7404	 1	147,51	 54,76	 -14,4	  -5,4	   2,1	   5,8	   0,3	  -6,8
*	    39,5534	 1	149,73	 91,66	  -9,3	  -0,2	   7,2	  11,0	   5,5	  -1,5
*	    39,5635	 1	149,85	 88,09	  -9,3	  -0,2	   7,2	  10,9	   5,5	  -1,5
*	    39,8821	 1	149,97	 84,53	  -9,4	  -0,4	   7,1	  10,8	   5,3	  -1,6
*	    40,5057	 1	150,10	 80,99	  -9,6	  -0,6	   6,9	  10,6	   5,1	  -1,8
*	    41,4273	 1	150,22	 77,52	  -9,9	  -0,9	   6,6	  10,3	   4,8	  -2,1
*	    42,6368	 1	150,35	 74,13	 -10,3	  -1,2	   6,2	  10,0	   4,5	  -2,5
*	    44,1219	 1	150,47	 70,84	 -10,8	  -1,7	   5,8	   9,5	   4,0	  -3,0
*	    45,8682	 1	150,60	 67,67	 -11,3	  -2,2	   5,2	   8,9	   3,4	  -3,6
*	    47,8601	 1	150,73	 64,63	 -11,9	  -2,8	   4,6	   8,3	   2,8	  -4,2
*	    50,0815	 1	150,85	 61,73	 -12,6	  -3,5	   4,0	   7,7	   2,2	  -4,9
*	    52,5157	 1	150,98	 58,97	 -13,3	  -4,2	   3,3	   7,0	   1,5	  -5,6
*	    55,1464	 1	151,11	 56,36	 -14,0	  -4,9	   2,5	   6,3	   0,7	  -6,3
*	    57,9577	 1	151,24	 53,88	 -14,8	  -5,7	   1,8	   5,5	  -0,0	  -7,1
*	    51,3884	 1	199,13	 52,47	 -17,2	 -12,5	   0,6	   1,9	  -1,2	  -6,1
*	    45,1596	 1	208,83	 45,18	 -14,9	 -10,2	   2,9	   4,2	   1,1	  -3,7
*	    42,8055	 1	216,07	 41,15	 -13,9	  -9,2	   3,9	   5,2	   2,1	  -2,7
*	    41,0550	 1	225,67	 37,24	 -13,1	  -8,4	   4,7	   6,0	   2,9	  -1,8
*	    39,9805	 1	238,20	 34,01	 -12,6	  -7,9	   5,3	   6,6	   3,5	  -1,3
*	    39,6407	 1	253,43	 32,18	 -12,3	  -7,6	   5,5	   6,8	   3,7	  -1,0
*	    40,0670	 1	269,73	 32,31	 -12,4	  -7,7	   5,4	   6,7	   3,6	  -1,1
*	    41,2536	 1	284,72	 34,40	 -12,9	  -8,2	   5,0	   6,3	   3,2	  -1,6
*	    39,6889	 1	289,45	 43,37	 -11,5	  -4,5	   2,9	   3,4	  -1,5	  -8,0
*	    41,5238	 1	290,76	 40,06	 -13,9	  -8,0	  -1,9	  -1,6	  -6,4	 -12,9
*	    42,3548	 1	290,72	 39,02	 -14,3	  -8,3	  -2,2	  -2,0	  -6,7	 -13,3
*	    43,2011	 1	290,68	 38,04	 -14,7	  -8,7	  -2,6	  -2,4	  -7,1	 -13,6
*	    42,0649	 1	288,28	 40,57	 -14,1	  -8,1	  -2,0	  -1,8	  -6,5	 -13,1
*	    42,8906	 1	288,25	 39,53	 -14,5	  -8,5	  -2,4	  -2,2	  -6,9	 -13,4
*	    43,7317	 1	288,22	 38,53	 -14,8	  -8,8	  -2,7	  -2,5	  -7,3	 -13,8
*	    42,6327	 1	285,89	 41,11	 -14,3	  -8,3	  -2,2	  -2,0	  -6,7	 -13,3
*	    43,4527	 1	285,86	 40,06	 -14,6	  -8,7	  -2,6	  -2,3	  -7,1	 -13,6
*	    44,2882	 1	285,83	 39,06	 -15,0	  -9,0	  -2,9	  -2,7	  -7,4	 -14,0
*	    43,2266	 1	283,58	 41,70	 -14,5	  -8,5	  -2,4	  -2,2	  -6,9	 -13,5
*	    44,0405	 1	283,56	 40,65	 -14,8	  -8,9	  -2,8	  -2,5	  -7,3	 -13,8
*	    44,8700	 1	283,54	 39,64	 -15,2	  -9,2	  -3,1	  -2,9	  -7,6	 -14,2
*	    40,3156	 1	153,34	 91,21	  -9,6	  -0,5	   6,9	  10,7	   5,2	  -1,8
*	    40,3764	 1	153,47	 87,55	  -9,6	  -0,6	   6,9	  10,6	   5,1	  -1,8
*	    40,7428	 1	153,60	 83,91	  -9,8	  -0,7	   6,8	  10,5	   5,0	  -2,0
*	    41,4107	 1	153,73	 80,31	 -10,0	  -0,9	   6,6	  10,3	   4,8	  -2,2
*	    42,3729	 1	153,87	 76,77	 -10,3	  -1,2	   6,3	  10,0	   4,5	  -2,5
*	    43,6192	 1	154,00	 73,33	 -10,7	  -1,6	   5,9	   9,6	   4,1	  -2,9
*	    45,1371	 1	154,13	 69,99	 -11,1	  -2,1	   5,4	   9,1	   3,6	  -3,4
*	    46,9123	 1	154,27	 66,80	 -11,7	  -2,6	   4,9	   8,6	   3,1	  -3,9
*	    48,9294	 1	154,40	 63,73	 -12,3	  -3,2	   4,3	   8,0	   2,5	  -4,6
*	    51,1724	 1	154,53	 60,81	 -12,9	  -3,9	   3,6	   7,3	   1,8	  -5,2
*	    53,6248	 1	154,67	 58,05	 -13,6	  -4,5	   2,9	   6,6	   1,1	  -6,0
*	    56,2707	 1	154,80	 55,43	 -14,4	  -5,3	   2,2	   5,9	   0,4	  -6,7
*	    59,0945	 1	154,94	 52,97	 -15,1	  -6,0	   1,4	   5,1	  -0,4	  -7,5
*	    40,7086	 1	187,43	 85,32	  -3,0	  -2,3	 -10,0	  -9,6	 -14,6	  -7,9
*	    41,6157	 1	187,71	 78,43	  -3,4	  -2,6	 -10,3	 -10,0	 -14,9	  -8,2
*	    43,1565	 1	187,99	 71,87	  -3,9	  -3,2	 -10,9	 -10,5	 -15,5	  -8,8
*	    45,2877	 1	188,27	 65,77	  -4,7	  -3,9	 -11,6	 -11,3	 -16,2	  -9,6
*	    45,7067	 1	236,85	 26,33	  -3,6	  -2,8	 -10,6	 -10,2	 -15,2	  -8,5
*	    40,9402	 1	236,50	 29,60	  -1,7	  -0,9	  -8,7	  -8,3	 -13,3	  -6,6
*	    45,7538	 1	250,08	 25,21	  -3,5	  -2,8	 -10,5	 -10,1	 -15,1	  -8,5
*	    40,9596	 1	249,84	 28,36	  -1,6	  -0,8	  -8,6	  -8,2	 -13,2	  -6,5
*	    41,0730	 1	176,71	 87,86	 -15,9	  -6,8	   0,7	   4,4	  -1,1	  -8,1
*	    41,4534	 1	176,89	 83,40	 -16,0	  -6,9	   0,5	   4,3	  -1,2	  -8,2
*	    42,1471	 1	177,07	 79,00	 -16,3	  -7,2	   0,3	   4,0	  -1,5	  -8,5
*	    43,1454	 1	177,25	 74,73	 -16,6	  -7,5	  -0,0	   3,7	  -1,8	  -8,8
*	    44,4358	 1	177,44	 70,62	 -17,0	  -7,9	  -0,5	   3,3	  -2,2	  -9,3
*	    46,0032	 1	177,62	 66,71	 -17,5	  -8,5	  -1,0	   2,7	  -2,8	  -9,8
*	    47,8310	 1	177,80	 63,02	 -18,1	  -9,0	  -1,6	   2,1	  -3,4	 -10,4
*	    49,9012	 1	177,98	 59,55	 -18,8	  -9,7	  -2,2	   1,5	  -4,0	 -11,1
*	    52,1958	 1	178,16	 56,31	 -19,5	 -10,4	  -2,9	   0,8	  -4,7	 -11,8
*	    54,6968	 1	178,34	 53,30	 -20,2	 -11,1	  -3,7	   0,1	  -5,5	 -12,5
*	    57,3872	 1	178,52	 50,51	 -21,0	 -11,9	  -4,4	  -0,7	  -6,2	 -13,3
*	    60,2507	 1	178,70	 47,92	 -21,8	 -12,7	  -5,2	  -1,5	  -7,0	 -14,2
*	    44,8016	 1	192,80	 66,81	  -4,1	  -3,4	 -11,1	 -10,7	 -15,7	  -9,0
*	    42,8004	 1	192,51	 73,19	  -3,4	  -2,6	 -10,4	 -10,0	 -15,0	  -8,3
*	    41,4080	 1	192,23	 80,06	  -2,9	  -2,1	  -9,8	  -9,5	 -14,4	  -7,8
*	    46,1470	 1	225,48	 28,53	  -3,9	  -3,1	 -10,8	 -10,5	 -15,4	  -8,8
*	    41,4489	 1	225,07	 32,01	  -2,0	  -1,3	  -9,0	  -8,6	 -13,6	  -6,9
*	    46,2948	 1	263,93	 25,41	  -3,7	  -2,9	 -10,6	 -10,3	 -15,2	  -8,6
*	    41,5174	 1	263,86	 28,56	  -1,8	  -1,0	  -8,7	  -8,4	 -13,3	  -6,6
s	    41,5744	 2	246,74	 50,99	  26,1	  24,3	   0,3	   0,7	   4,2	  14,7
*	    41,6250	 1	156,99	 90,72	 -10,0	  -0,9	   6,5	  10,3	   4,8	  -2,2
*	    41,7355	 1	157,13	 87,02	 -10,0	  -1,0	   6,5	  10,2	   4,7	  -2,3
*	    42,1471	 1	157,27	 83,33	 -10,2	  -1,1	   6,4	  10,1	   4,6	  -2,4
*	    42,8553	 1	157,40	 79,69	 -10,4	  -1,3	   6,2	   9,9	   4,4	  -2,6
*	    43,8527	 1	157,54	 76,13	 -10,7	  -1,6	   5,8	   9,6	   4,1	  -2,9
*	    45,1290	 1	157,68	 72,66	 -11,1	  -2,0	   5,4	   9,2	   3,7	  -3,4
*	    46,6719	 1	157,82	 69,32	 -11,6	  -2,5	   5,0	   8,7	   3,2	  -3,8
*	    48,4672	 1	157,96	 66,11	 -12,1	  -3,0	   4,4	   8,2	   2,6	  -4,4
*	    50,4998	 1	158,10	 63,04	 -12,7	  -3,6	   3,8	   7,6	   2,0	  -5,0
*	    52,7540	 1	158,23	 60,13	 -13,4	  -4,3	   3,2	   6,9	   1,4	  -5,7
*	    55,2139	 1	158,37	 57,37	 -14,0	  -5,0	   2,5	   6,2	   0,7	  -6,4
*	    57,8638	 1	158,51	 54,77	 -14,8	  -5,7	   1,8	   5,5	  -0,0	  -7,1
*	    60,6888	 1	158,65	 52,33	 -15,5	  -6,4	   1,0	   4,7	  -0,8	  -7,9
*	    41,7089	 1	171,54	 88,53	 -19,6	 -10,5	  -3,0	   0,7	  -4,8	 -11,8
*	    42,0294	 1	171,70	 84,29	 -19,7	 -10,6	  -3,1	   0,6	  -4,9	 -11,9
*	    42,6569	 1	171,87	 80,12	 -19,9	 -10,8	  -3,3	   0,4	  -5,1	 -12,1
*	    43,5840	 1	172,04	 76,06	 -20,2	 -11,1	  -3,6	   0,1	  -5,4	 -12,4
*	    44,7998	 1	172,21	 72,12	 -20,6	 -11,5	  -4,0	  -0,3	  -5,8	 -12,8
*	    46,2911	 1	172,38	 68,35	 -21,1	 -12,0	  -4,5	  -0,8	  -6,3	 -13,3
*	    48,0427	 1	172,55	 64,76	 -21,6	 -12,5	  -5,1	  -1,4	  -6,9	 -13,9
*	    50,0381	 1	172,72	 61,37	 -22,2	 -13,1	  -5,7	  -2,0	  -7,5	 -14,5
*	    52,2603	 1	172,89	 58,19	 -22,9	 -13,8	  -6,3	  -2,6	  -8,1	 -15,2
*	    42,1516	 1	160,89	 90,24	 -10,3	  -1,2	   6,3	  10,0	   4,5	  -2,5
*	    42,3119	 1	161,04	 86,43	 -10,4	  -1,3	   6,2	   9,9	   4,4	  -2,6
*	    42,7725	 1	161,18	 82,65	 -10,5	  -1,4	   6,1	   9,8	   4,3	  -2,7
*	    43,5282	 1	161,33	 78,92	 -10,7	  -1,7	   5,8	   9,5	   4,0	  -3,0
*	    44,5711	 1	161,48	 75,28	 -11,1	  -2,0	   5,5	   9,2	   3,7	  -3,3
*	    45,8906	 1	161,62	 71,75	 -11,5	  -2,4	   5,1	   8,8	   3,3	  -3,7
*	    47,4738	 1	161,77	 68,35	 -12,0	  -2,9	   4,6	   8,3	   2,8	  -4,2
*	    49,3065	 1	161,91	 65,11	 -12,5	  -3,4	   4,0	   7,8	   2,3	  -4,8
*	    51,3733	 1	162,06	 62,02	 -13,1	  -4,0	   3,4	   7,2	   1,6	  -5,4
*	    53,6584	 1	162,21	 59,09	 -13,8	  -4,7	   2,8	   6,5	   1,0	  -6,1
*	    56,1461	 1	162,35	 56,32	 -14,5	  -5,4	   2,1	   5,8	   0,3	  -6,8
*	    58,8207	 1	162,50	 53,72	 -15,2	  -6,1	   1,4	   5,1	  -0,4	  -7,6
*	    61,6673	 1	162,65	 51,27	 -15,9	  -6,8	   0,6	   4,3	  -1,2	  -8,3
*	    42,1572	 1	173,75	 88,60	 -11,2	  -2,1	   5,4	   9,1	   3,6	  -3,4
*	    42,4763	 1	173,92	 84,32	 -11,3	  -2,2	   5,3	   9,0	   3,5	  -3,5
*	    43,1023	 1	174,09	 80,11	 -11,5	  -2,4	   5,1	   8,8	   3,3	  -3,7
*	    44,0277	 1	174,26	 76,00	 -11,8	  -2,7	   4,8	   8,5	   3,0	  -4,0
*	    45,2418	 1	174,43	 72,02	 -12,2	  -3,1	   4,4	   8,1	   2,6	  -4,4
*	    46,7310	 1	174,61	 68,21	 -12,6	  -3,6	   3,9	   7,6	   2,1	  -4,9
*	    48,4801	 1	174,78	 64,60	 -13,2	  -4,1	   3,4	   7,1	   1,6	  -5,5
*	    50,4725	 1	174,95	 61,19	 -13,8	  -4,7	   2,8	   6,5	   1,0	  -6,1
*	    52,6912	 1	175,12	 57,99	 -14,5	  -5,4	   2,1	   5,8	   0,3	  -6,8
*	    55,1192	 1	175,29	 54,99	 -15,2	  -6,1	   1,4	   5,1	  -0,4	  -7,5
*	    57,7398	 1	175,47	 52,20	 -15,9	  -6,8	   0,6	   4,4	  -1,2	  -8,3
*	    60,5371	 1	175,64	 49,60	 -16,7	  -7,6	  -0,1	   3,6	  -1,9	  -9,1
*	    42,2680	 1	178,94	 87,96	 -11,6	  -2,5	   5,0	   8,7	   3,2	  -3,8
*	    42,6435	 1	179,12	 83,51	 -11,7	  -2,6	   4,8	   8,6	   3,1	  -3,9
*	    43,3291	 1	179,31	 79,12	 -11,9	  -2,9	   4,6	   8,3	   2,8	  -4,2
*	    44,3162	 1	179,48	 74,88	 -12,3	  -3,2	   4,3	   8,0	   2,5	  -4,5
*	    45,5926	 1	179,67	 70,78	 -12,7	  -3,6	   3,9	   7,6	   2,1	  -4,9
*	    47,1437	 1	179,85	 66,88	 -13,2	  -4,1	   3,3	   7,1	   1,6	  -5,5
*	    48,9530	 1	180,03	 63,20	 -13,8	  -4,7	   2,8	   6,5	   1,0	  -6,1
*	    51,0031	 1	180,21	 59,74	 -14,4	  -5,3	   2,1	   5,8	   0,3	  -6,7
*	    53,2762	 1	180,39	 56,51	 -15,1	  -6,0	   1,4	   5,1	  -0,4	  -7,4
*	    55,7547	 1	180,57	 53,50	 -15,8	  -6,8	   0,7	   4,4	  -1,1	  -8,2
*	    58,4219	 1	180,75	 50,71	 -16,6	  -7,5	  -0,1	   3,7	  -1,9	  -9,0
*	    61,2617	 1	180,93	 48,12	 -17,4	  -8,3	  -0,8	   2,9	  -2,7	  -9,8
*	    42,2767	 1	191,13	 85,48	  -3,6	  -2,8	 -10,5	 -10,2	 -15,1	  -8,5
*	    43,1711	 1	191,41	 78,62	  -3,9	  -3,1	 -10,8	 -10,5	 -15,4	  -8,8
*	    44,6920	 1	191,68	 72,08	  -4,4	  -3,7	 -11,4	 -11,0	 -16,0	  -9,4
*	    47,0578	 1	216,41	 31,42	  -4,3	  -3,5	 -11,3	 -10,9	 -15,9	  -9,2
*	    42,4619	 1	215,99	 35,14	  -2,6	  -1,8	  -9,5	  -9,2	 -14,1	  -7,5
*	    42,5868	 1	185,28	 87,30	 -12,2	  -3,2	   4,3	   8,0	   2,5	  -4,5
*	    43,0206	 1	185,47	 82,64	 -12,4	  -3,3	   4,2	   7,9	   2,4	  -4,6
*	    43,7681	 1	185,65	 78,08	 -12,7	  -3,6	   3,9	   7,6	   2,1	  -4,9
*	    44,8192	 1	185,84	 73,67	 -13,0	  -3,9	   3,5	   7,3	   1,8	  -5,3
*	    46,1602	 1	186,03	 69,46	 -13,5	  -4,4	   3,1	   6,8	   1,3	  -5,7
*	    47,7749	 1	186,22	 65,47	 -14,0	  -4,9	   2,5	   6,3	   0,8	  -6,3
*	    49,6457	 1	186,40	 61,71	 -14,6	  -5,5	   1,9	   5,6	   0,1	  -6,9
*	    51,7541	 1	186,59	 58,21	 -15,3	  -6,2	   1,3	   5,0	  -0,5	  -7,6
*	    54,0815	 1	186,78	 54,96	 -16,0	  -6,9	   0,5	   4,3	  -1,3	  -8,3
*	    56,6101	 1	186,97	 51,95	 -16,8	  -7,7	  -0,2	   3,5	  -2,0	  -9,1
*	    59,3226	 1	187,15	 49,17	 -17,5	  -8,4	  -1,0	   2,7	  -2,8	  -9,9
*	    62,2032	 1	187,34	 46,60	 -18,3	  -9,2	  -1,8	   1,9	  -3,6	 -10,7
*	    47,3243	 1	276,75	 26,91	  -4,0	  -3,3	 -11,0	 -10,6	 -15,6	  -9,0
*	    42,6077	 1	276,82	 30,21	  -2,1	  -1,4	  -9,1	  -8,8	 -13,7	  -7,0
*	    42,6815	 1	164,85	 89,73	 -10,6	  -1,5	   5,9	   9,7	   4,2	  -2,8
*	    42,8921	 1	165,00	 85,81	 -10,7	  -1,6	   5,9	   9,6	   4,1	  -2,9
*	    43,4023	 1	165,15	 81,93	 -10,8	  -1,8	   5,7	   9,4	   3,9	  -3,1
*	    44,2067	 1	165,30	 78,12	 -11,1	  -2,0	   5,5	   9,2	   3,7	  -3,3
*	    45,2966	 1	165,46	 74,41	 -11,4	  -2,4	   5,1	   8,8	   3,3	  -3,7
*	    46,6608	 1	165,61	 70,82	 -11,9	  -2,8	   4,7	   8,4	   2,9	  -4,1
*	    48,2862	 1	165,76	 67,37	 -12,4	  -3,3	   4,2	   7,9	   2,4	  -4,6
*	    50,1580	 1	165,92	 64,09	 -12,9	  -3,8	   3,6	   7,3	   1,8	  -5,2
*	    52,2608	 1	166,07	 60,97	 -13,5	  -4,4	   3,0	   6,7	   1,2	  -5,8
*	    54,5786	 1	166,22	 58,03	 -14,2	  -5,1	   2,4	   6,1	   0,5	  -6,5
*	    57,0956	 1	166,38	 55,27	 -14,9	  -5,8	   1,7	   5,4	  -0,2	  -7,3
*	    59,7963	 1	166,53	 52,67	 -15,6	  -6,5	   0,9	   4,6	  -0,9	  -8,0
*	    42,8923	 1	169,26	 89,19	 -10,9	  -1,9	   5,6	   9,3	   3,8	  -3,2
*	    43,1546	 1	169,42	 85,14	 -11,0	  -1,9	   5,5	   9,3	   3,8	  -3,2
*	    43,7180	 1	169,58	 81,13	 -11,2	  -2,1	   5,4	   9,1	   3,6	  -3,4
*	    44,5761	 1	169,74	 77,19	 -11,5	  -2,4	   5,1	   8,8	   3,3	  -3,7
*	    45,7196	 1	169,90	 73,38	 -11,8	  -2,8	   4,7	   8,4	   2,9	  -4,1
*	    47,1365	 1	170,07	 69,71	 -12,3	  -3,2	   4,3	   8,0	   2,5	  -4,5
*	    48,8128	 1	170,23	 66,20	 -12,8	  -3,7	   3,8	   7,5	   2,0	  -5,1
*	    50,7333	 1	170,39	 62,86	 -13,4	  -4,3	   3,2	   6,9	   1,4	  -5,7
*	    52,8819	 1	170,55	 59,71	 -14,0	  -4,9	   2,5	   6,3	   0,7	  -6,3
*	    55,2424	 1	170,71	 56,76	 -14,7	  -5,6	   1,9	   5,6	   0,1	  -7,0
*	    57,7987	 1	170,87	 53,98	 -15,4	  -6,3	   1,2	   4,9	  -0,7	  -7,8
*	    60,5354	 1	171,04	 51,38	 -16,1	  -7,0	   0,4	   4,1	  -1,4	  -8,5
*	    43,2823	 1	167,21	 89,02	  -0,3	   0,5	  -7,2	  -6,9	 -11,8	  -5,2
*	    43,7522	 1	167,44	 83,43	  -0,4	   0,3	  -7,4	  -7,0	 -12,0	  -5,3
*	    44,8143	 1	167,66	 77,96	  -0,8	   0,0	  -7,7	  -7,4	 -12,3	  -5,7
*	    46,4460	 1	167,88	 72,68	  -1,3	  -0,5	  -8,2	  -7,9	 -12,8	  -6,2
*	    48,6142	 1	168,10	 67,70	  -1,9	  -1,2	  -8,9	  -8,6	 -13,5	  -6,9
*	    51,2789	 1	168,32	 63,03	  -2,7	  -2,0	  -9,7	  -9,4	 -14,3	  -7,7
*	    51,8224	 1	168,36	 62,21	  -2,9	  -2,1	  -9,9	  -9,5	 -14,5	  -7,9
*	    55,0182	 1	168,58	 57,96	  -3,8	  -3,0	 -10,8	 -10,4	 -15,4	  -8,8
*	    58,6135	 1	168,81	 54,06	  -4,8	  -4,0	 -11,8	 -11,4	 -16,4	  -9,8
*	    43,4566	 1	202,35	 53,70	 -13,9	  -6,8	   0,5	   1,1	  -3,8	 -10,3
*	    45,0217	 1	202,50	 51,15	 -14,4	  -7,4	  -0,1	   0,5	  -4,4	 -11,0
*	    46,6806	 1	202,65	 48,79	 -15,0	  -8,0	  -0,7	  -0,1	  -5,0	 -11,6
*	    43,9456	 1	208,97	 38,58	  -3,3	  -2,5	 -10,2	  -9,9	 -14,8	  -8,2
*	    48,8255	 1	287,51	 29,39	  -4,6	  -3,8	 -11,5	 -11,2	 -16,1	  -9,5
*	    44,2087	 1	287,68	 32,91	  -2,8	  -2,0	  -9,7	  -9,4	 -14,3	  -7,7
s	    45,0046	 2	326,56	 52,11	  25,8	  23,9	  -0,0	   0,3	   3,8	  14,3
*	    45,3595	 1	205,08	 50,95	 -13,8	  -6,7	   0,6	   1,2	  -3,7	 -10,3
*	    47,0192	 1	205,23	 48,59	 -14,4	  -7,3	   0,0	   0,6	  -4,3	 -10,9
*	    45,8617	 1	203,60	 42,03	  -4,2	  -3,4	 -11,1	 -10,8	 -15,7	  -9,1
*	    45,9029	 1	279,19	 40,66	 -14,7	  -8,7	  -2,7	  -2,4	  -7,2	 -13,7
s	    45,9817	 3	246,83	 47,72	  23,6	  22,8	  -0,1	   0,5	   4,0	  14,5
s	    46,6389	 3	 90,38	 93,06	  23,3	  24,8	  17,6	  16,1	   9,9	  16,3
s	    47,1193	 3	104,91	 93,11	  23,3	  24,8	  17,5	  16,1	   9,9	  16,3
s	    47,1253	 3	248,24	 54,13	  24,8	  17,7	 -20,3	 -19,9	 -16,4	   7,3
s	    47,2662	 3	246,68	 54,18	  24,7	  17,7	 -20,3	 -19,9	 -16,4	   7,3
s	    48,6456	 3	 35,04	 45,43	  23,1	  22,9	  15,2	  16,4	  11,4	  18,2
s	    49,2425	 3	326,38	 48,88	  23,3	  22,5	  -0,4	   0,2	   3,7	  14,2
*	    50,1641	 1	194,50	 59,83	 -13,5	  -6,5	   0,9	   1,5	  -3,5	 -10,1
*	    53,6028	 1	199,56	 55,84	 -16,0	 -10,0	  -3,9	  -3,7	  -8,5	 -15,1
*	    54,2800	 1	199,61	 54,86	 -16,2	 -10,2	  -4,1	  -3,9	  -8,7	 -15,3
*	    52,6041	 1	198,06	 56,86	 -15,7	  -9,7	  -3,6	  -3,4	  -8,2	 -14,8
*	    53,2644	 1	198,11	 55,86	 -15,9	  -9,9	  -3,8	  -3,6	  -8,4	 -15,0
*	    53,9425	 1	198,17	 54,88	 -16,1	 -10,2	  -4,1	  -3,8	  -8,6	 -15,2
*	    52,2859	 1	196,61	 56,89	 -15,6	  -9,7	  -3,6	  -3,4	  -8,1	 -14,7
*	    52,9469	 1	196,66	 55,90	 -15,9	  -9,9	  -3,8	  -3,6	  -8,3	 -14,9
*	    53,6258	 1	196,72	 54,93	 -16,1	 -10,1	  -4,0	  -3,8	  -8,6	 -15,2
*	    51,9888	 1	195,18	 56,94	 -15,6	  -9,6	  -3,5	  -3,3	  -8,1	 -14,7
*	    52,6504	 1	195,24	 55,96	 -15,8	  -9,8	  -3,7	  -3,5	  -8,3	 -14,9
*	    53,3300	 1	195,29	 54,98	 -16,0	 -10,0	  -4,0	  -3,7	  -8,5	 -15,1
*	    51,7129	 1	193,76	 57,01	 -15,6	  -9,6	  -3,5	  -3,3	  -8,0	 -14,6
*	    52,3749	 1	193,82	 56,03	 -15,8	  -9,8	  -3,7	  -3,5	  -8,2	 -14,8
*	    53,0549	 1	193,88	 55,06	 -16,0	 -10,0	  -3,9	  -3,7	  -8,5	 -15,1
s	    50,2540	 3	 29,38	 46,58	  23,0	  22,8	  15,0	  16,3	  11,2	  18,0
s	    51,8133	 2	136,72	 52,66	  24,1	  25,6	  14,9	  14,3	  18,1	  16,0
*	    54,4322	 1	200,89	 54,75	 -15,9	  -9,9	  -3,8	  -3,6	  -8,4	 -15,0
s	    55,7500	 3	136,87	 49,50	  21,0	  24,2	  15,0	  16,3	  19,7	  17,1
s	    63,8938	 3	181,24	 58,94	  23,2	  16,1	 -21,8	 -21,5	 -18,0	   5,6
s	    65,1197	 3	211,60	 60,51	  22,1	  18,4	  -6,3	  -6,9	  -3,1	   7,9
s	    77,6889	 2	 90,77	 88,48	  23,3	  23,7	  15,3	  13,7	   7,3	  13,5
s	    79,2984	 3	 90,00	 17,23	  21,8	  22,2	  -4,6	  -4,9	   6,6	   7,1
s	    80,7314	 3	244,21	 92,83	  22,3	  22,5	  13,6	  11,2	   4,5	  10,3
s	    84,9911	 3	 91,27	 88,43	  22,0	  17,3	  -5,0	  -5,3	 -10,7	   8,4
s	    85,0712	 3	 90,38	 88,43	  22,0	  17,3	  -5,0	  -5,3	 -10,7	   8,4
s	    99,9323	 3	 75,15	 88,43	  20,1	  18,7	   9,6	   8,3	   3,2	   9,7
s	   100,1626	 3	 58,47	 88,69	  21,0	  16,3	  -6,0	  -6,4	 -11,8	   7,3
s	   101,9228	 3	 17,14	 89,97	  19,2	  18,4	   9,7	   8,7	   2,2	   8,5
s	   102,6811	 3	  3,95	 90,49	  20,8	  16,0	  -6,4	  -8,1	 -14,4	   4,8
s	   107,5596	 3	127,32	 88,79	  19,6	  18,3	   9,2	   7,9	   2,7	   9,2
#END
