#HEADER
CATT-Acoustic v8.0b    Copyright © CATT 1988-2003

 Project                : Auditorio

 GEOMETRICAL INFORMATION
 Src id and loc     [m] :   A1          -9,000        0,000        0,000
 Rec id and loc     [m] :   71          -3,750        0,000       -0,800

 71       15,4682

 VARIABLE SOURCE DATA
 Directivity
   Type (library)       :  OMNI.SD0
   Dir. Index (DI) [dB] :       0,0      0,0      0,0      0,0      0,0      0,0
 Level
   On axis 1m      [dB] :      58,0     64,0     70,3     70,7     65,9     59,9
   Total power     [dB] :      68,9     74,9     81,2     81,6     76,8     70,8
   Auxiliary delay [ms] :       0,0

 VARIABLE AIR DATA
 Temperature       [°C] :      20
 Relative humidity  [%] :      50
 Density        [kg/m³] :       1,2
 Sound speed      [m/s] :     343
 Impedance      [Ns/m³] :     412
 Diss. coeff. [0.001/m] :      0,10     0,30     0,63     1,07     2,28     6,83      (estimated)

#DATAFIELDS
 TYPE DELAY ORDER AZIMUTH ELEVATION SPL125 SPL250 SPL500 SPL1K SPL2K SPL4K
#DATA
d	     0,0000	 0	 90,00	 90,00	  43,5	  49,5	  55,8	  56,2	  51,3	  45,2
*	    23,8635	 1	151,64	 96,73	 -10,7	  -3,7	   3,7	   4,3	  -0,6	  -6,8
*	    16,4570	 1	144,82	 98,15	  -5,3	   1,8	   9,1	   9,7	   4,9	  -1,3
*	    18,2436	 1	134,79	 98,86	  -6,4	   0,6	   8,0	   8,6	   3,8	  -2,4
*	     9,6378	 1	134,56	100,03	   1,1	   8,1	  15,5	  16,1	  11,3	   5,1
*	    11,6025	 1	124,56	100,25	  -0,2	   6,9	  14,3	  14,9	  10,1	   3,9
*	     4,0173	 1	118,82	102,28	   7,9	  14,9	  22,3	  22,9	  18,1	  12,0
*	     5,9144	 1	111,05	101,58	   7,5	  14,5	  21,9	  22,5	  17,7	  11,6
*	    10,4184	 1	106,49	101,07	   3,4	  10,4	  17,8	  18,4	  13,6	   7,5
*	     0,9242	 1	 96,62	103,86	  12,7	  19,7	  27,1	  27,7	  22,9	  16,9
*	     2,3093	 1	 94,64	102,34	  15,5	  22,5	  29,9	  30,5	  25,8	  19,7
*	     7,3469	 1	 93,56	101,51	   9,3	  16,4	  23,8	  24,4	  19,6	  13,4
*	     1,9296	 1	 72,34	103,32	  11,0	  18,0	  25,4	  26,0	  21,3	  15,2
*	     3,5771	 1	 77,45	102,09	  12,1	  19,2	  26,6	  27,2	  22,4	  16,3
*	     8,3924	 1	 80,27	101,37	   7,0	  14,0	  21,4	  22,0	  17,2	  11,1
*	     6,4221	 1	 53,03	101,22	   4,7	  11,7	  19,1	  19,7	  15,0	   8,8
*	     8,4035	 1	 62,22	100,99	   3,7	  10,8	  18,1	  18,8	  14,0	   7,8
*	    12,7123	 1	 40,11	 99,09	  -2,0	   5,0	  12,4	  13,0	   8,2	   2,1
*	    14,6072	 1	 50,29	 99,59	  -3,2	   3,8	  11,2	  11,8	   7,0	   0,8
*	    19,8536	 1	 31,67	 97,43	  -7,9	  -0,9	   6,5	   7,1	   2,3	  -3,9
*	    21,5383	 1	 41,40	 98,26	  -8,9	  -1,9	   5,5	   6,1	   1,3	  -5,0
*	    27,4296	 1	 25,93	 96,20	 -13,0	  -6,0	   1,4	   2,0	  -2,8	  -9,1
*	    19,8823	 1	353,43	 89,41	   0,8	   6,7	  12,6	  14,9	  10,7	   3,8
*	    16,8293	 1	352,34	 89,31	   3,5	   9,4	  15,3	  17,6	  13,3	   6,6
*	    13,9052	 1	350,84	 89,18	   6,4	  12,4	  18,3	  20,6	  16,3	   9,6
*	    11,1344	 1	348,61	 88,98	   9,8	  15,8	  21,7	  24,0	  19,7	  13,0
*	     8,5475	 1	345,00	 88,67	  13,9	  19,8	  25,7	  28,0	  23,8	  17,0
*	     6,1906	 1	338,16	 88,10	  19,0	  24,9	  30,8	  33,1	  28,9	  22,2
*	     4,1830	 1	321,58	 86,83	  25,9	  31,8	  37,7	  40,1	  35,8	  29,1
*	     3,1236	 1	271,42	 84,90	  32,2	  38,1	  44,0	  46,3	  42,1	  35,4
*	     4,1141	 1	219,55	 86,74	  26,2	  32,2	  38,0	  40,4	  36,2	  29,4
*	     6,1015	 1	202,23	 88,07	  19,2	  25,1	  31,0	  33,4	  29,1	  22,4
*	     8,4476	 1	195,19	 88,65	  14,1	  20,0	  25,9	  28,2	  24,0	  17,2
*	    11,0264	 1	191,48	 88,98	  10,0	  15,9	  21,8	  24,1	  19,9	  13,1
*	    13,7903	 1	189,22	 89,18	   6,6	  12,5	  18,4	  20,7	  16,5	   9,7
*	    16,7087	 1	187,70	 89,31	   3,6	   9,5	  15,4	  17,7	  13,5	   6,7
*	    19,7570	 1	186,61	 89,40	   0,9	   6,8	  12,7	  15,0	  10,8	   4,0
s	     7,2795	 1	 92,35	 92,78	  38,4	  39,1	  31,5	  31,8	  27,0	  34,1
*	    29,2403	 1	105,85	 53,80	   3,4	   4,2	  -3,5	  -3,1	  -8,0	  -1,1
*	    28,2461	 1	 96,55	 53,60	   4,1	   4,9	  -2,8	  -2,4	  -7,3	  -0,4
*	    23,7105	 1	106,23	 59,63	   7,2	   8,0	   0,3	   0,6	  -4,2	   2,7
*	    22,5177	 1	 96,71	 59,45	   8,2	   9,0	   1,3	   1,6	  -3,2	   3,7
*	    18,6692	 1	106,64	 66,61	  11,3	  12,1	   4,4	   4,8	  -0,1	   6,9
*	    17,1856	 1	 96,89	 66,48	  12,9	  13,7	   6,0	   6,4	   1,5	   8,5
*	    14,3913	 1	107,07	 74,81	  15,7	  16,5	   8,8	   9,1	   4,3	  11,3
*	    12,4634	 1	 97,07	 74,76	  18,5	  19,3	  11,6	  12,0	   7,1	  14,1
*	    11,3997	 1	107,53	 84,16	  19,4	  20,2	  12,5	  12,9	   8,1	  15,1
*	     8,8712	 1	 97,26	 84,26	  24,5	  25,3	  17,6	  18,0	  13,1	  20,2
*	    10,4761	 1	108,00	 94,33	  20,5	  21,3	  13,6	  14,0	   9,1	  16,2
*	     7,7519	 1	 97,47	 94,61	  26,5	  27,3	  19,6	  20,0	  15,1	  22,2
*	    42,1782	 1	105,06	 44,30	  -3,5	  -2,7	 -10,5	 -10,1	 -15,0	  -8,2
*	    41,4493	 1	 96,22	 44,12	  -3,2	  -2,4	 -10,1	  -9,7	 -14,6	  -7,8
*	    36,0466	 1	105,42	 48,25	  -0,5	   0,3	  -7,4	  -7,0	 -11,9	  -5,1
*	    35,2143	 1	 96,37	 48,04	  -0,0	   0,8	  -6,9	  -6,6	 -11,5	  -4,6
s	     7,3272	 1	 87,49	 92,79	  38,3	  39,1	  31,4	  31,8	  27,0	  34,0
*	    28,2061	 1	 85,04	 53,66	   4,2	   5,0	  -2,7	  -2,4	  -7,3	  -0,3
*	    28,9804	 1	 75,71	 53,69	   3,6	   4,4	  -3,3	  -2,9	  -7,8	  -0,9
*	    22,4654	 1	 84,92	 59,52	   8,3	   9,1	   1,4	   1,7	  -3,1	   3,8
*	    23,4032	 1	 75,36	 59,54	   7,5	   8,2	   0,5	   0,9	  -4,0	   3,0
*	    17,1126	 1	 84,78	 66,54	  13,1	  13,8	   6,1	   6,5	   1,7	   8,7
*	    18,2958	 1	 74,99	 66,52	  11,7	  12,5	   4,8	   5,2	   0,3	   7,3
*	    12,3523	 1	 84,65	 74,82	  18,7	  19,5	  11,8	  12,2	   7,4	  14,4
*	    13,9253	 1	 74,60	 74,75	  16,3	  17,1	   9,4	   9,8	   4,9	  12,0
*	     8,6928	 1	 84,50	 84,30	  25,1	  25,9	  18,2	  18,6	  13,7	  20,8
*	    10,8269	 1	 74,19	 84,15	  20,4	  21,2	  13,5	  13,9	   9,1	  16,1
*	     7,5467	 1	 84,35	 94,66	  27,2	  28,0	  20,3	  20,7	  15,8	  22,9
*	     9,8725	 1	 73,75	 94,39	  21,6	  22,4	  14,7	  15,1	  10,2	  17,3
*	    35,1801	 1	 73,92	 48,94	   0,0	   0,8	  -6,9	  -6,6	 -11,4	  -4,6
*	    34,2856	 1	 83,00	 48,74	   0,5	   1,3	  -6,4	  -6,0	 -10,9	  -4,0
*	    41,2712	 1	 74,29	 44,88	  -3,1	  -2,3	 -10,0	  -9,6	 -14,5	  -7,7
*	    40,4897	 1	 83,16	 44,69	  -2,7	  -1,9	  -9,6	  -9,2	 -14,1	  -7,3
s	     8,3215	 1	270,00	 75,71	  38,0	  43,6	  49,3	  47,7	  41,5	  35,1
*	    22,4877	 1	343,15	 86,08	   4,0	   9,9	  15,8	  18,2	  13,9	   7,0
*	    19,6234	 1	340,55	 85,50	   6,4	  12,3	  18,2	  20,5	  16,3	   9,5
*	    16,9155	 1	337,05	 84,73	   9,0	  14,9	  20,8	  23,1	  18,9	  12,1
*	    14,4017	 1	332,13	 83,69	  11,8	  17,7	  23,6	  25,9	  21,7	  14,9
*	    12,1393	 1	324,86	 82,25	  14,9	  20,8	  26,7	  29,0	  24,8	  18,0
*	    10,2283	 1	313,54	 80,28	  18,1	  24,0	  29,9	  32,2	  28,0	  21,2
*	     8,8568	 1	295,64	 77,96	  21,0	  26,9	  32,8	  35,2	  30,9	  24,2
*	     8,3225	 1	270,54	 76,70	  22,4	  28,3	  34,2	  36,5	  32,3	  25,5
*	     8,8169	 1	245,25	 77,88	  21,1	  27,0	  32,9	  35,3	  31,0	  24,3
*	    10,1609	 1	227,02	 80,18	  18,2	  24,1	  30,0	  32,4	  28,1	  21,4
*	    12,0546	 1	215,49	 82,18	  15,0	  20,9	  26,8	  29,1	  24,9	  18,1
*	    14,3052	 1	208,10	 83,64	  11,9	  17,8	  23,7	  26,1	  21,8	  15,0
*	    16,8101	 1	203,11	 84,69	   9,1	  15,0	  20,9	  23,2	  19,0	  12,2
*	    19,5110	 1	199,56	 85,47	   6,5	  12,4	  18,3	  20,6	  16,4	   9,6
*	    22,3695	 1	196,93	 86,06	   4,1	  10,0	  15,9	  18,2	  14,0	   7,1
*	    14,3130	 1	118,61	100,29	  16,8	  17,5	   9,9	  10,2	   5,4	  12,4
*	    17,8915	 1	128,58	 99,37	  13,0	  13,8	   6,1	   6,5	   1,6	   8,6
*	    13,9279	 1	117,88	 90,15	  17,4	  18,2	  10,5	  10,8	   6,0	  13,0
*	    17,6261	 1	127,66	 89,58	  13,3	  14,1	   6,4	   6,8	   1,9	   8,9
*	    15,3984	 1	117,19	 80,45	  15,9	  16,7	   9,0	   9,4	   4,6	  11,6
*	    18,9083	 1	126,78	 80,19	  12,3	  13,1	   5,4	   5,8	   0,9	   7,9
*	    18,4401	 1	116,52	 71,68	  13,1	  13,9	   6,2	   6,6	   1,7	   8,7
*	    21,5719	 1	125,93	 71,65	  10,3	  11,0	   3,3	   3,7	  -1,2	   5,8
*	    22,5944	 1	115,88	 64,05	   9,7	  10,5	   2,8	   3,2	  -1,7	   5,3
*	    25,3193	 1	125,12	 64,16	   7,6	   8,4	   0,7	   1,0	  -3,8	   3,1
*	    27,4948	 1	115,28	 57,57	   6,3	   7,1	  -0,6	  -0,3	  -5,1	   1,8
*	    29,8599	 1	124,33	 57,75	   4,7	   5,5	  -2,2	  -1,8	  -6,7	   0,2
*	    32,9014	 1	114,70	 52,12	   3,0	   3,8	  -3,9	  -3,5	  -8,4	  -1,5
*	    34,9688	 1	123,58	 52,35	   1,8	   2,6	  -5,1	  -4,7	  -9,6	  -2,7
*	    45,5672	 1	124,28	 44,85	  -3,3	  -2,5	 -10,2	  -9,8	 -14,7	  -7,9
*	    43,7207	 1	115,77	 44,49	  -2,4	  -1,6	  -9,3	  -9,0	 -13,9	  -7,1
*	    39,8630	 1	125,01	 48,83	  -0,7	   0,1	  -7,6	  -7,2	 -12,1	  -5,3
*	    37,7957	 1	116,35	 48,46	   0,4	   1,2	  -6,5	  -6,2	 -11,1	  -4,2
*	    19,0914	 1	 48,63	 99,07	  12,0	  12,8	   5,1	   5,5	   0,6	   7,6
*	    15,2862	 1	 58,38	100,04	  15,7	  16,5	   8,8	   9,2	   4,3	  11,3
*	    18,8515	 1	 49,59	 89,42	  12,3	  13,1	   5,4	   5,8	   0,9	   7,9
*	    14,9427	 1	 59,17	 89,97	  16,2	  17,0	   9,3	   9,7	   4,8	  11,8
*	    20,0871	 1	 50,51	 80,16	  11,4	  12,1	   4,4	   4,8	  -0,0	   6,9
*	    16,3517	 1	 59,93	 80,35	  14,9	  15,7	   8,0	   8,4	   3,5	  10,5
*	    22,6533	 1	 51,40	 71,72	   9,5	  10,2	   2,5	   2,9	  -2,0	   5,0
*	    19,2737	 1	 60,65	 71,64	  12,3	  13,1	   5,4	   5,8	   0,9	   7,9
*	    26,2861	 1	 52,26	 64,29	   7,0	   7,7	   0,0	   0,4	  -4,5	   2,5
*	    23,3061	 1	 61,35	 64,03	   9,2	  10,0	   2,3	   2,6	  -2,2	   4,7
*	    30,7172	 1	 53,09	 57,91	   4,2	   5,0	  -2,7	  -2,3	  -7,2	  -0,3
*	    28,1037	 1	 62,01	 57,57	   5,9	   6,7	  -1,0	  -0,6	  -5,5	   1,4
*	    35,7300	 1	 53,88	 52,52	   1,5	   2,2	  -5,5	  -5,1	 -10,0	  -3,1
*	    33,4282	 1	 62,65	 52,13	   2,8	   3,6	  -4,1	  -3,8	  -8,7	  -1,8
*	    49,6540	 1	 66,23	 41,18	  -4,9	  -4,1	 -11,8	 -11,5	 -16,4	  -9,6
*	    43,4975	 1	 65,70	 44,52	  -2,2	  -1,5	  -9,2	  -8,8	 -13,7	  -6,9
*	    45,1957	 1	 57,13	 44,73	  -3,0	  -2,3	 -10,0	  -9,6	 -14,5	  -7,7
*	    37,5430	 1	 65,15	 48,48	   0,6	   1,4	  -6,3	  -6,0	 -10,8	  -4,0
*	    39,4494	 1	 56,42	 48,71	  -0,4	   0,4	  -7,3	  -7,0	 -11,9	  -5,0
s	    15,6257	 2	268,24	 77,04	  34,9	  35,5	  27,2	  26,9	  21,7	  28,3
s	    15,6728	 2	271,88	 77,05	  34,9	  35,4	  27,2	  26,9	  21,6	  28,2
*	    16,8985	 1	  1,89	 91,80	 -11,7	  -5,8	   0,1	   2,4	  -1,9	  -8,6
s	    17,1606	 3	 90,00	112,65	  31,7	  38,6	  45,5	  44,2	  38,3	  31,9
*	    27,1945	 1	184,38	 96,88	  -4,5	   2,7	   8,9	  11,3	   6,4	   1,1
*	    22,6183	 1	185,16	 98,09	  -1,4	   5,8	  12,0	  14,4	   9,6	   4,3
*	    26,5496	 1	355,52	 97,03	  -4,1	   3,1	   9,3	  11,7	   6,9	   1,5
*	    40,1984	 1	144,54	 55,13	   1,5	   2,3	  -5,4	  -5,1	 -10,0	  -3,1
*	    37,0367	 1	136,38	 54,72	   3,1	   3,9	  -3,9	  -3,5	  -8,4	  -1,5
*	    36,0281	 1	145,57	 60,72	   3,5	   4,3	  -3,4	  -3,0	  -7,9	  -1,1
*	    32,5778	 1	137,33	 60,39	   5,4	   6,2	  -1,5	  -1,1	  -6,0	   0,9
*	    32,5303	 1	146,63	 67,15	   5,4	   6,1	  -1,6	  -1,2	  -6,1	   0,8
*	    28,7939	 1	138,31	 66,99	   7,6	   8,4	   0,7	   1,0	  -3,8	   3,1
*	    29,8622	 1	147,71	 74,45	   6,9	   7,6	  -0,1	   0,3	  -4,6	   2,3
*	    25,8763	 1	139,32	 74,55	   9,4	  10,2	   2,5	   2,8	  -2,0	   4,9
*	    28,1763	 1	148,81	 82,50	   7,8	   8,6	   0,9	   1,3	  -3,6	   3,3
*	    24,0230	 1	140,36	 82,96	  10,6	  11,4	   3,7	   4,0	  -0,8	   6,1
*	    27,5867	 1	149,95	 91,07	   8,2	   9,0	   1,3	   1,6	  -3,2	   3,7
*	    23,3876	 1	141,43	 91,97	  11,0	  11,8	   4,1	   4,4	  -0,4	   6,5
*	    53,9652	 1	133,57	 41,80	  -4,3	  -3,5	 -11,2	 -10,9	 -15,8	  -9,0
*	    50,8675	 1	142,41	 45,65	  -3,1	  -2,3	 -10,0	  -9,7	 -14,6	  -7,8
*	    48,2601	 1	134,43	 45,20	  -2,0	  -1,3	  -9,0	  -8,6	 -13,5	  -6,7
*	    45,6905	 1	143,38	 49,65	  -1,0	  -0,2	  -7,9	  -7,6	 -12,5	  -5,7
*	    42,8414	 1	135,32	 49,21	   0,3	   1,1	  -6,6	  -6,3	 -11,2	  -4,3
*	    28,0336	 1	 28,87	 96,51	   8,0	   8,7	   1,0	   1,4	  -3,5	   3,5
*	    23,8710	 1	 37,38	 97,71	  10,7	  11,5	   3,8	   4,2	  -0,7	   6,2
*	    27,9063	 1	 30,02	 87,83	   8,1	   8,8	   1,1	   1,5	  -3,4	   3,5
*	    23,7055	 1	 38,48	 88,56	  10,8	  11,6	   3,9	   4,3	  -0,6	   6,4
*	    28,9050	 1	 31,15	 79,45	   7,5	   8,2	   0,5	   0,9	  -4,0	   3,0
*	    24,7969	 1	 39,54	 79,76	  10,1	  10,9	   3,2	   3,6	  -1,3	   5,7
*	    30,9594	 1	 32,25	 71,67	   6,3	   7,1	  -0,6	  -0,3	  -5,1	   1,8
*	    27,0519	 1	 40,58	 71,66	   8,7	   9,5	   1,8	   2,2	  -2,7	   4,2
*	    33,9388	 1	 33,32	 64,69	   4,7	   5,4	  -2,3	  -1,9	  -6,8	   0,1
*	    30,2965	 1	 41,58	 64,45	   6,8	   7,5	  -0,2	   0,2	  -4,7	   2,2
*	    37,6874	 1	 34,37	 58,59	   2,8	   3,5	  -4,2	  -3,8	  -8,7	  -1,8
*	    34,3332	 1	 42,56	 58,22	   4,5	   5,3	  -2,4	  -2,0	  -6,9	  -0,0
*	    42,0542	 1	 35,39	 53,31	   0,7	   1,5	  -6,2	  -5,9	 -10,8	  -4,0
*	    38,9824	 1	 43,50	 52,88	   2,2	   3,0	  -4,8	  -4,4	  -9,3	  -2,4
*	    53,6194	 1	 47,86	 41,81	  -4,1	  -3,3	 -11,0	 -10,7	 -15,6	  -8,8
*	    47,8810	 1	 47,02	 45,21	  -1,8	  -1,0	  -8,7	  -8,4	 -13,3	  -6,5
*	    50,3548	 1	 38,96	 45,53	  -2,8	  -2,1	  -9,8	  -9,4	 -14,3	  -7,6
*	    42,4242	 1	 46,16	 49,21	   0,6	   1,3	  -6,4	  -6,0	 -10,9	  -4,1
*	    45,1327	 1	 38,00	 49,52	  -0,7	   0,1	  -7,6	  -7,2	 -12,2	  -5,3
*	    23,9247	 1	  3,34	 91,63	 -17,2	 -11,3	  -5,4	  -3,1	  -7,4	 -14,2
*	    24,1578	 1	178,57	 91,34	 -17,4	 -11,4	  -5,6	  -3,2	  -7,5	 -14,3
*	    25,4304	 1	184,39	 93,62	  -4,9	   1,0	   6,9	   9,2	   5,0	  -1,9
*	    25,5007	 1	355,73	 92,94	 -12,0	  -6,1	  -0,2	   2,1	  -2,2	  -9,0
*	    25,5754	 1	185,25	 89,53	  -3,4	   2,5	   8,4	  10,7	   6,4	  -0,4
*	    28,8890	 1	184,71	 89,57	  -5,6	   0,4	   6,2	   8,6	   4,3	  -2,6
*	    32,2696	 1	184,28	 89,62	  -7,5	  -1,6	   4,3	   6,6	   2,3	  -4,6
*	    35,7067	 1	183,91	 89,65	  -9,4	  -3,5	   2,4	   4,7	   0,4	  -6,5
*	    39,1917	 1	183,61	 89,67	 -11,2	  -5,2	   0,6	   3,0	  -1,3	  -8,3
*	    42,7173	 1	183,35	 89,70	 -12,8	  -6,9	  -1,0	   1,3	  -3,0	 -10,0
*	    25,6883	 1	185,50	 93,45	   3,9	   9,8	  15,7	  18,0	  13,8	   6,9
*	    25,7244	 1	185,74	 92,73	 -12,2	  -6,2	  -0,4	   2,0	  -2,3	  -9,2
*	    25,7429	 1	355,24	 96,11	  -5,1	   0,8	   6,7	   9,0	   4,8	  -2,1
*	    25,7985	 1	354,38	 92,04	  -3,6	   2,3	   8,2	  10,6	   6,3	  -0,6
*	    29,1076	 1	354,95	 91,84	  -5,7	   0,2	   6,1	   8,5	   4,2	  -2,7
*	    25,8054	 1	355,14	 96,77	   3,8	   9,8	  15,6	  18,0	  13,7	   6,8
*	    27,8933	 1	193,57	 86,82	   0,2	   6,1	  12,0	  14,3	  10,0	   3,2
*	    31,0670	 1	192,23	 87,13	  -1,8	   4,1	  10,0	  12,3	   8,0	   1,2
*	    34,3208	 1	191,13	 87,38	  -3,6	   2,3	   8,2	  10,5	   6,2	  -0,7
*	    37,6426	 1	190,20	 87,60	  -5,4	   0,5	   6,4	   8,7	   4,4	  -2,5
*	    41,0225	 1	189,43	 87,78	  -7,0	  -1,1	   4,7	   7,1	   2,8	  -4,2
*	    44,4523	 1	188,75	 87,93	  -8,6	  -2,7	   3,2	   5,5	   1,2	  -5,8
*	    47,9251	 1	188,17	 88,08	 -10,1	  -4,2	   1,7	   4,0	  -0,3	  -7,3
*	    47,7053	 1	161,50	 55,81	   0,4	   1,2	  -6,5	  -6,2	 -11,1	  -4,3
*	    44,2123	 1	154,04	 55,45	   1,9	   2,7	  -5,0	  -4,7	  -9,6	  -2,7
*	    44,0536	 1	162,61	 61,16	   2,0	   2,7	  -5,0	  -4,6	  -9,5	  -2,7
*	    40,3368	 1	155,13	 60,90	   3,7	   4,4	  -3,3	  -2,9	  -7,8	  -1,0
*	    41,0399	 1	163,72	 67,20	   3,3	   4,1	  -3,6	  -3,2	  -8,1	  -1,3
*	    37,1170	 1	156,23	 67,13	   5,2	   6,0	  -1,7	  -1,4	  -6,2	   0,6
*	    38,7704	 1	164,85	 73,94	   4,4	   5,2	  -2,5	  -2,2	  -7,1	  -0,2
*	    34,6790	 1	157,36	 74,12	   6,5	   7,2	  -0,5	  -0,1	  -5,0	   1,9
*	    37,3406	 1	165,99	 81,23	   5,1	   5,9	  -1,8	  -1,5	  -6,4	   0,5
*	    33,1398	 1	158,50	 81,76	   7,3	   8,0	   0,3	   0,7	  -4,2	   2,7
*	    36,8199	 1	167,14	 88,91	   5,4	   6,1	  -1,6	  -1,2	  -6,1	   0,8
*	    32,5847	 1	159,66	 89,84	   7,6	   8,3	   0,6	   1,0	  -3,9	   3,0
*	    52,8174	 1	150,23	 46,62	  -1,6	  -0,8	  -8,5	  -8,2	 -13,1	  -6,3
*	    55,7455	 1	157,74	 46,94	  -2,7	  -1,9	  -9,6	  -9,3	 -14,2	  -7,5
*	    58,0527	 1	149,21	 43,09	  -3,5	  -2,7	 -10,5	 -10,1	 -15,0	  -8,3
*	    60,7798	 1	156,69	 43,40	  -4,5	  -3,7	 -11,4	 -11,1	 -16,0	  -9,3
*	    37,1399	 1	 12,08	 90,17	   5,3	   6,1	  -1,7	  -1,3	  -6,2	   0,7
*	    32,9091	 1	 19,51	 91,17	   7,5	   8,2	   0,5	   0,9	  -4,0	   2,9
*	    37,4983	 1	 13,24	 82,49	   5,1	   5,9	  -1,8	  -1,5	  -6,4	   0,5
*	    33,2877	 1	 20,67	 83,08	   7,3	   8,0	   0,3	   0,7	  -4,2	   2,7
*	    38,7685	 1	 14,38	 75,13	   4,5	   5,2	  -2,5	  -2,1	  -7,0	  -0,1
*	    34,6543	 1	 21,82	 75,37	   6,5	   7,3	  -0,4	  -0,0	  -4,9	   2,0
*	    40,8886	 1	 15,50	 68,32	   3,5	   4,2	  -3,5	  -3,1	  -8,0	  -1,2
*	    36,9321	 1	 22,95	 68,28	   5,4	   6,2	  -1,6	  -1,2	  -6,1	   0,8
*	    43,7676	 1	 16,62	 62,16	   2,2	   2,9	  -4,8	  -4,4	  -9,3	  -2,5
*	    40,0099	 1	 24,07	 61,93	   3,9	   4,7	  -3,0	  -2,7	  -7,6	  -0,7
*	    47,3013	 1	 17,73	 56,69	   0,7	   1,4	  -6,3	  -5,9	 -10,8	  -4,0
*	    43,7635	 1	 25,16	 56,34	   2,2	   3,0	  -4,8	  -4,4	  -9,3	  -2,5
*	    51,3865	 1	 18,82	 51,90	  -1,0	  -0,2	  -7,9	  -7,6	 -12,5	  -5,7
*	    48,0735	 1	 26,23	 51,49	   0,4	   1,1	  -6,6	  -6,2	 -11,1	  -4,3
*	    59,0581	 1	 30,52	 42,59	  -3,8	  -3,0	 -10,7	 -10,4	 -15,3	  -8,6
*	    61,7522	 1	 23,07	 42,88	  -4,7	  -4,0	 -11,7	 -11,3	 -16,3	  -9,6
*	    53,7856	 1	 29,50	 46,05	  -1,9	  -1,1	  -8,8	  -8,5	 -13,4	  -6,6
*	    56,6771	 1	 22,01	 46,35	  -3,0	  -2,2	  -9,9	  -9,6	 -14,5	  -7,8
*	    48,8483	 1	 28,47	 50,04	   0,0	   0,8	  -6,9	  -6,5	 -11,5	  -4,7
*	    51,9514	 1	 20,94	 50,35	  -1,2	  -0,4	  -8,1	  -7,8	 -12,7	  -5,9
*	    36,7760	 1	205,80	 82,86	  -0,1	   5,8	  11,6	  14,0	   9,7	   2,7
*	    39,7170	 1	203,69	 83,41	  -1,7	   4,2	  10,1	  12,4	   8,1	   1,2
*	    39,9965	 1	196,20	 85,67	  -3,8	   2,1	   8,0	  10,3	   6,0	  -1,0
*	    40,2578	 1	  3,93	 91,06	  -2,1	   7,0	  14,5	  18,2	  12,8	   5,9
*	    40,2450	 1	  4,74	 85,72	  -2,1	   7,0	  14,5	  18,2	  12,8	   5,9
*	    40,6722	 1	  5,56	 80,46	  -2,3	   6,8	  14,3	  18,0	  12,6	   5,7
*	    41,5288	 1	  6,36	 75,38	  -2,7	   6,4	  13,9	  17,6	  12,2	   5,3
*	    42,7956	 1	  7,17	 70,53	  -3,3	   5,8	  13,3	  17,0	  11,6	   4,7
*	    44,4460	 1	  7,98	 65,97	  -4,0	   5,1	  12,6	  16,3	  10,8	   4,0
*	    46,4492	 1	  8,78	 61,75	  -4,9	   4,2	  11,7	  15,4	  10,0	   3,1
*	    48,7722	 1	  9,57	 57,84	  -5,8	   3,2	  10,7	  14,5	   9,0	   2,1
*	    51,3816	 1	 10,37	 54,27	  -6,9	   2,2	   9,7	  13,4	   7,9	   1,1
*	    54,2454	 1	 11,16	 51,02	  -8,0	   1,1	   8,6	  12,3	   6,8	  -0,1
*	    57,3336	 1	 11,94	 48,06	  -9,1	  -0,0	   7,5	  11,2	   5,7	  -1,2
*	    60,6191	 1	 12,72	 45,36	 -10,3	  -1,2	   6,3	  10,0	   4,5	  -2,4
*	    64,0775	 1	 13,50	 42,91	 -11,4	  -2,3	   5,1	   8,9	   3,4	  -3,6
*	    67,6873	 1	 14,27	 40,69	 -12,6	  -3,5	   4,0	   7,7	   2,2	  -4,8
*	    40,3325	 1	177,45	 90,85	  -2,2	   6,9	  14,4	  18,1	  12,7	   5,9
*	    40,3211	 1	176,63	 85,48	  -2,2	   6,9	  14,4	  18,1	  12,7	   5,9
*	    40,7492	 1	175,82	 80,19	  -2,4	   6,7	  14,2	  17,9	  12,5	   5,7
*	    41,6065	 1	175,00	 75,09	  -2,8	   6,3	  13,8	  17,5	  12,1	   5,3
*	    42,8733	 1	174,19	 70,22	  -3,4	   5,7	  13,2	  16,9	  11,5	   4,7
*	    44,5234	 1	173,37	 65,65	  -4,1	   5,0	  12,5	  16,2	  10,8	   3,9
*	    46,5259	 1	172,57	 61,42	  -5,0	   4,1	  11,6	  15,3	   9,9	   3,0
*	    48,8476	 1	171,76	 57,50	  -5,9	   3,2	  10,6	  14,4	   8,9	   2,0
*	    51,4555	 1	170,95	 53,92	  -7,0	   2,1	   9,6	  13,3	   7,9	   1,0
*	    54,3174	 1	170,16	 50,67	  -8,1	   1,0	   8,5	  12,2	   6,8	  -0,1
*	    57,4036	 1	169,36	 47,70	  -9,2	  -0,1	   7,4	  11,1	   5,6	  -1,3
*	    60,6869	 1	168,57	 45,00	 -10,3	  -1,2	   6,2	  10,0	   4,5	  -2,5
*	    64,1430	 1	167,78	 42,56	 -11,5	  -2,4	   5,1	   8,8	   3,3	  -3,7
*	    67,7506	 1	167,00	 40,34	 -12,7	  -3,6	   3,9	   7,6	   2,1	  -4,9
*	    40,8954	 1	174,37	 89,27	   5,5	   6,2	  -1,5	  -1,1	  -6,0	   0,8
*	    41,2375	 1	173,25	 81,92	   5,3	   6,1	  -1,6	  -1,3	  -6,2	   0,6
*	    42,4340	 1	172,13	 74,86	   4,7	   5,5	  -2,2	  -1,8	  -6,7	   0,1
*	    44,4329	 1	171,02	 68,28	   3,8	   4,6	  -3,1	  -2,7	  -7,6	  -0,8
*	    47,1567	 1	169,91	 62,29	   2,7	   3,5	  -4,3	  -3,9	  -8,8	  -2,0
*	    50,5156	 1	168,81	 56,93	   1,3	   2,1	  -5,6	  -5,3	 -10,2	  -3,4
*	    54,4183	 1	167,73	 52,20	  -0,2	   0,6	  -7,1	  -6,8	 -11,7	  -5,0
*	    51,4500	 1	 10,82	 56,04	   1,0	   1,8	  -5,9	  -5,6	 -10,5	  -3,7
*	    48,0005	 1	  9,72	 61,28	   2,4	   3,2	  -4,6	  -4,2	  -9,1	  -2,3
*	    45,1681	 1	  8,62	 67,14	   3,6	   4,4	  -3,4	  -3,0	  -7,9	  -1,1
*	    43,0426	 1	  7,51	 73,61	   4,5	   5,3	  -2,4	  -2,1	  -7,0	  -0,1
*	    41,7033	 1	  6,39	 80,58	   5,1	   5,9	  -1,8	  -1,4	  -6,3	   0,5
*	    41,2072	 1	  5,27	 87,86	   5,4	   6,1	  -1,6	  -1,2	  -6,1	   0,7
*	    43,8034	 1	181,94	 89,23	  -3,3	   5,8	  13,3	  17,0	  11,5	   4,7
*	    43,8682	 1	181,15	 84,11	  -3,3	   5,7	  13,2	  17,0	  11,5	   4,7
*	    44,3466	 1	180,37	 79,09	  -3,6	   5,5	  13,0	  16,8	  11,3	   4,5
*	    45,2280	 1	179,59	 74,24	  -4,0	   5,1	  12,6	  16,4	  10,9	   4,1
*	    46,4947	 1	178,81	 69,61	  -4,5	   4,6	  12,1	  15,8	  10,3	   3,5
*	    48,1230	 1	178,03	 65,24	  -5,2	   3,9	  11,4	  15,1	   9,7	   2,8
*	    50,0856	 1	177,24	 61,17	  -6,0	   3,1	  10,6	  14,3	   8,9	   2,0
*	    52,3532	 1	176,47	 57,41	  -6,9	   2,2	   9,7	  13,4	   8,0	   1,1
*	    54,8963	 1	175,69	 53,94	  -7,8	   1,2	   8,7	  12,5	   7,0	   0,1
*	    57,6862	 1	174,91	 50,77	  -8,9	   0,2	   7,7	  11,4	   6,0	  -1,0
*	    60,6957	 1	174,13	 47,87	  -9,9	  -0,8	   6,7	  10,4	   4,9	  -2,1
*	    63,9000	 1	173,36	 45,22	 -11,0	  -1,9	   5,6	   9,3	   3,8	  -3,2
*	    67,2765	 1	172,59	 42,81	 -12,1	  -3,0	   4,5	   8,2	   2,7	  -4,3
*	    70,8052	 1	171,82	 40,61	 -13,2	  -4,1	   3,4	   7,1	   1,6	  -5,4
*	    43,8694	 1	358,42	 89,28	  -3,3	   5,8	  13,3	  17,0	  11,6	   4,7
*	    43,9338	 1	359,20	 84,19	  -3,3	   5,8	  13,2	  17,0	  11,5	   4,7
*	    44,4112	 1	359,98	 79,18	  -3,5	   5,5	  13,0	  16,8	  11,3	   4,5
*	    45,2912	 1	  0,76	 74,33	  -3,9	   5,2	  12,6	  16,4	  10,9	   4,1
*	    46,5561	 1	  1,53	 69,72	  -4,5	   4,6	  12,1	  15,8	  10,4	   3,5
*	    48,1823	 1	  2,32	 65,35	  -5,2	   3,9	  11,4	  15,1	   9,7	   2,8
*	    50,1427	 1	  3,09	 61,30	  -6,0	   3,1	  10,6	  14,3	   8,9	   2,0
*	    52,4080	 1	  3,87	 57,53	  -6,9	   2,2	   9,7	  13,4	   8,0	   1,1
*	    54,9487	 1	  4,64	 54,07	  -7,8	   1,3	   8,8	  12,5	   7,0	   0,1
*	    57,7362	 1	  5,42	 50,90	  -8,8	   0,3	   7,7	  11,5	   6,0	  -1,0
*	    60,7434	 1	  6,19	 48,00	  -9,9	  -0,8	   6,7	  10,4	   4,9	  -2,0
*	    63,9455	 1	  6,96	 45,36	 -11,0	  -1,9	   5,6	   9,3	   3,8	  -3,1
*	    67,3199	 1	  7,73	 42,94	 -12,0	  -3,0	   4,5	   8,2	   2,7	  -4,3
*	    70,8467	 1	  8,49	 40,74	 -13,1	  -4,0	   3,4	   7,1	   1,6	  -5,4
s	    44,0349	 1	 90,00	 23,56	  29,7	  33,0	  23,1	  23,4	  27,0	  24,4
*	    78,3643	 1	307,55	 37,79	   2,8	   6,2	  -3,8	  -3,5	   0,0	  -2,8
*	    66,2651	 1	324,98	 31,10	   6,4	   9,7	  -0,2	   0,1	   3,6	   0,9
*	    57,2589	 1	354,26	 27,47	   9,4	  12,7	   2,8	   3,1	   6,6	   4,0
*	    52,4541	 1	 26,55	 31,25	  11,1	  14,5	   4,5	   4,9	   8,4	   5,8
*	    73,7114	 1	286,81	 32,71	   4,2	   7,5	  -2,5	  -2,1	   1,4	  -1,4
*	    60,8910	 1	299,28	 21,65	   8,2	  11,5	   1,6	   1,9	   5,4	   2,8
*	    51,1952	 1	345,65	 11,84	  11,7	  15,0	   5,0	   5,4	   8,9	   6,3
*	    45,9420	 1	 51,84	 19,03	  13,7	  17,1	   7,1	   7,5	  11,0	   8,5
*	    46,1013	 1	 70,36	 33,70	  13,8	  17,1	   7,1	   7,5	  11,0	   8,5
*	    73,0976	 1	260,66	 31,93	   4,4	   7,7	  -2,3	  -1,9	   1,6	  -1,2
*	    60,1747	 1	253,01	 19,90	   8,4	  11,8	   1,8	   2,2	   5,7	   3,0
*	    50,3785	 1	205,13	  6,98	  12,0	  15,3	   5,4	   5,7	   9,3	   6,7
*	    45,0583	 1	113,22	 16,44	  14,1	  17,5	   7,5	   7,9	  11,4	   8,9
*	    45,2144	 1	101,04	 32,62	  14,1	  17,5	   7,5	   7,9	  11,4	   8,9
*	    76,6073	 1	237,74	 36,02	   3,3	   6,7	  -3,3	  -3,0	   0,5	  -2,3
*	    64,2466	 1	220,48	 28,07	   7,1	  10,4	   0,4	   0,8	   4,3	   1,6
*	    54,9941	 1	186,99	 23,18	  10,2	  13,5	   3,6	   3,9	   7,5	   4,8
*	    50,0313	 1	148,70	 27,56	  12,1	  15,4	   5,4	   5,8	   9,3	   6,7
*	    72,4242	 1	206,14	 38,16	   4,5	   7,8	  -2,2	  -1,8	   1,7	  -1,1
*	    64,0914	 1	184,03	 36,53	   7,0	  10,4	   0,4	   0,7	   4,2	   1,6
s	    44,0810	 3	173,70	 88,69	  26,8	  21,1	  -0,9	   0,1	  -4,9	  15,4
s	    44,3852	 3	  5,84	 88,63	  26,7	  21,0	  -1,0	   0,1	  -4,9	  15,3
s	    46,3283	 2	 91,72	 30,14	  28,5	  26,7	   2,7	   3,1	   6,6	  17,3
s	    46,3459	 2	 88,16	 30,18	  28,5	  26,7	   2,7	   3,1	   6,6	  17,3
*	    48,0099	 1	353,85	 87,74	  -4,6	   4,5	  12,0	  15,7	  10,3	   3,4
*	    48,1404	 1	354,58	 82,94	  -4,6	   4,4	  11,9	  15,7	  10,2	   3,3
*	    48,6567	 1	355,32	 78,22	  -4,9	   4,2	  11,7	  15,4	  10,0	   3,1
*	    49,5489	 1	356,05	 73,65	  -5,2	   3,9	  11,3	  15,1	   9,6	   2,7
*	    50,8013	 1	356,79	 69,29	  -5,7	   3,4	  10,8	  14,6	   9,1	   2,2
*	    52,3932	 1	357,53	 65,15	  -6,4	   2,7	  10,2	  13,9	   8,5	   1,6
*	    54,3010	 1	358,27	 61,27	  -7,1	   2,0	   9,5	  13,2	   7,7	   0,8
*	    56,4993	 1	359,01	 57,66	  -7,9	   1,2	   8,7	  12,4	   6,9	  -0,0
*	    58,9622	 1	359,75	 54,33	  -8,8	   0,3	   7,8	  11,5	   6,0	  -0,9
*	    61,6641	 1	  0,49	 51,24	  -9,7	  -0,6	   6,8	  10,6	   5,1	  -1,9
*	    64,5810	 1	  1,23	 48,42	 -10,7	  -1,6	   5,9	   9,6	   4,1	  -2,9
*	    67,6902	 1	  1,97	 45,82	 -11,7	  -2,6	   4,9	   8,6	   3,1	  -3,9
*	    70,9711	 1	  2,71	 43,45	 -12,7	  -3,6	   3,8	   7,6	   2,1	  -5,0
*	    74,4050	 1	  3,45	 41,26	 -13,7	  -4,6	   2,8	   6,5	   1,0	  -6,0
*	    48,4798	 1	187,83	 87,49	  -4,8	   4,3	  11,8	  15,5	  10,0	   3,2
*	    48,6104	 1	187,10	 82,70	  -4,9	   4,2	  11,7	  15,4	  10,0	   3,1
*	    49,1243	 1	186,37	 77,99	  -5,1	   4,0	  11,5	  15,2	   9,8	   2,9
*	    50,0119	 1	185,63	 73,42	  -5,5	   3,6	  11,1	  14,9	   9,4	   2,5
*	    51,2573	 1	184,90	 69,05	  -6,0	   3,1	  10,6	  14,3	   8,9	   2,0
*	    52,8405	 1	184,16	 64,93	  -6,6	   2,5	  10,0	  13,7	   8,3	   1,4
*	    54,7381	 1	183,42	 61,05	  -7,3	   1,8	   9,3	  13,0	   7,5	   0,6
*	    56,9249	 1	182,68	 57,45	  -8,1	   1,0	   8,5	  12,2	   6,7	  -0,2
*	    59,3754	 1	181,94	 54,12	  -9,0	   0,1	   7,6	  11,3	   5,8	  -1,1
*	    62,0646	 1	181,20	 51,03	  -9,9	  -0,8	   6,7	  10,4	   4,9	  -2,1
*	    64,9683	 1	180,46	 48,21	 -10,9	  -1,8	   5,7	   9,4	   3,9	  -3,1
*	    68,0644	 1	179,72	 45,61	 -11,9	  -2,8	   4,7	   8,4	   2,9	  -4,1
*	    71,3322	 1	178,98	 43,24	 -12,9	  -3,8	   3,7	   7,4	   1,9	  -5,1
*	    74,7533	 1	178,23	 41,05	 -13,9	  -4,8	   2,7	   6,4	   0,9	  -6,2
*	    49,7507	 1	188,83	 85,52	   3,4	   4,2	  -3,5	  -3,2	  -8,1	  -1,3
*	    50,2465	 1	187,82	 78,91	   3,2	   4,0	  -3,7	  -3,4	  -8,3	  -1,5
*	    51,4813	 1	186,80	 72,56	   2,7	   3,5	  -4,2	  -3,9	  -8,8	  -2,0
*	    53,4135	 1	185,77	 66,60	   2,0	   2,7	  -5,0	  -4,6	  -9,5	  -2,8
*	    55,9848	 1	184,75	 61,12	   1,0	   1,8	  -6,0	  -5,6	 -10,5	  -3,8
*	    59,1281	 1	183,72	 56,14	  -0,1	   0,6	  -7,1	  -6,7	 -11,7	  -5,0
*	    66,5287	 1	181,73	 48,02	  -2,6	  -1,9	  -9,6	  -9,2	 -14,2	  -7,5
*	    70,9574	 1	180,70	 44,46	  -4,0	  -3,2	 -11,0	 -10,6	 -15,6	  -8,9
*	    59,1172	 1	355,77	 56,49	  -0,1	   0,7	  -7,0	  -6,7	 -11,6	  -4,9
*	    56,0203	 1	354,75	 61,47	   1,0	   1,8	  -5,9	  -5,6	 -10,5	  -3,8
*	    53,4990	 1	353,72	 66,99	   2,0	   2,8	  -5,0	  -4,6	  -9,5	  -2,8
*	    51,6194	 1	352,70	 72,96	   2,7	   3,5	  -4,2	  -3,9	  -8,8	  -2,0
*	    50,4384	 1	351,69	 79,33	   3,2	   4,0	  -3,7	  -3,4	  -8,3	  -1,5
*	    49,9960	 1	350,68	 85,93	   3,4	   4,2	  -3,6	  -3,2	  -8,1	  -1,3
*	    71,8374	 1	359,01	 43,99	  -4,2	  -3,5	 -11,2	 -10,8	 -15,8	  -9,2
*	    67,3672	 1	357,98	 47,47	  -2,8	  -2,1	  -9,8	  -9,4	 -14,4	  -7,7
*	    63,2671	 1	356,95	 51,41	  -1,5	  -0,7	  -8,5	  -8,1	 -13,1	  -6,4
*	    50,3271	 1	349,05	 86,20	  -5,4	   3,7	  11,2	  14,9	   9,4	   2,5
*	    50,5217	 1	349,76	 81,51	  -5,5	   3,6	  11,1	  14,8	   9,3	   2,4
*	    51,0884	 1	350,47	 76,91	  -5,7	   3,4	  10,8	  14,6	   9,1	   2,2
*	    52,0169	 1	351,19	 72,46	  -6,1	   3,0	  10,5	  14,2	   8,7	   1,8
*	    53,2919	 1	351,91	 68,20	  -6,6	   2,5	  10,0	  13,7	   8,2	   1,3
*	    54,8938	 1	352,63	 64,16	  -7,2	   1,9	   9,3	  13,1	   7,6	   0,7
*	    56,8003	 1	353,35	 60,39	  -7,9	   1,2	   8,6	  12,4	   6,9	  -0,0
*	    58,9876	 1	354,07	 56,87	  -8,7	   0,4	   7,9	  11,6	   6,1	  -0,8
*	    61,4315	 1	354,80	 53,60	  -9,6	  -0,5	   7,0	  10,7	   5,2	  -1,7
*	    64,1081	 1	355,53	 50,58	 -10,5	  -1,4	   6,1	   9,8	   4,3	  -2,6
*	    66,9948	 1	356,26	 47,81	 -11,4	  -2,3	   5,2	   8,9	   3,4	  -3,6
*	    70,0703	 1	356,99	 45,25	 -12,4	  -3,3	   4,2	   7,9	   2,4	  -4,6
*	    73,3151	 1	357,72	 42,91	 -13,3	  -4,2	   3,2	   6,9	   1,4	  -5,6
s	    50,3280	 2	 90,00	 22,10	  26,7	  31,1	  22,2	  22,8	  26,4	  23,8
*	    50,7164	 1	192,06	 86,03	  -5,6	   3,5	  11,0	  14,7	   9,2	   2,3
*	    50,9105	 1	191,36	 81,35	  -5,7	   3,4	  10,9	  14,6	   9,1	   2,3
*	    51,4747	 1	190,65	 76,76	  -5,9	   3,2	  10,6	  14,4	   8,9	   2,0
*	    52,3989	 1	189,94	 72,32	  -6,3	   2,8	  10,3	  14,0	   8,5	   1,6
*	    53,6680	 1	189,22	 68,08	  -6,8	   2,3	   9,8	  13,5	   8,0	   1,1
*	    55,2626	 1	188,51	 64,05	  -7,4	   1,7	   9,2	  12,9	   7,4	   0,5
*	    57,1606	 1	187,79	 60,28	  -8,1	   1,0	   8,5	  12,2	   6,7	  -0,2
*	    59,3386	 1	187,06	 56,76	  -8,9	   0,2	   7,7	  11,4	   5,9	  -1,0
*	    61,7724	 1	186,34	 53,50	  -9,7	  -0,6	   6,8	  10,6	   5,1	  -1,9
*	    64,4387	 1	185,61	 50,48	 -10,6	  -1,5	   5,9	   9,7	   4,2	  -2,8
*	    67,3148	 1	184,88	 47,71	 -11,5	  -2,5	   5,0	   8,7	   3,2	  -3,8
*	    70,3798	 1	184,15	 45,16	 -12,5	  -3,4	   4,1	   7,8	   2,3	  -4,7
*	    73,6140	 1	183,42	 42,81	 -13,5	  -4,4	   3,1	   6,8	   1,3	  -5,7
s	    51,1365	 3	100,63	102,10	  25,6	  27,1	  19,9	  18,4	  12,2	  18,8
s	    51,1422	 3	 78,72	102,08	  25,6	  27,1	  19,9	  18,4	  12,2	  18,8
s	    51,4923	 3	122,24	100,92	  25,6	  27,1	  19,8	  18,4	  12,2	  18,8
s	    51,5131	 3	 57,22	100,87	  25,6	  27,1	  19,8	  18,4	  12,2	  18,8
s	    52,0297	 3	143,00	 98,80	  25,5	  27,0	  19,7	  18,3	  12,1	  18,7
s	    52,0538	 3	 36,51	 98,74	  25,5	  27,0	  19,7	  18,3	  12,1	  18,7
s	    52,4091	 3	 91,67	 28,13	  25,6	  24,8	   2,0	   2,6	   6,1	  16,8
s	    52,4251	 3	 88,22	 28,17	  25,6	  24,8	   2,0	   2,6	   6,1	  16,8
*	    52,6136	 1	344,23	 84,70	  -6,3	   2,8	  10,3	  14,0	   8,5	   1,7
*	    52,8681	 1	344,92	 80,12	  -6,4	   2,7	  10,2	  13,9	   8,4	   1,5
*	    53,4819	 1	345,60	 75,63	  -6,6	   2,5	   9,9	  13,7	   8,2	   1,3
*	    54,4448	 1	346,29	 71,29	  -7,0	   2,1	   9,6	  13,3	   7,8	   0,9
*	    55,7416	 1	346,99	 67,14	  -7,5	   1,6	   9,1	  12,8	   7,3	   0,4
*	    57,3538	 1	347,69	 63,21	  -8,1	   1,0	   8,5	  12,2	   6,7	  -0,2
*	    59,2602	 1	348,39	 59,52	  -8,8	   0,3	   7,8	  11,5	   6,0	  -0,9
*	    61,4385	 1	349,10	 56,07	  -9,5	  -0,5	   7,0	  10,7	   5,3	  -1,7
*	    63,8659	 1	349,80	 52,88	 -10,4	  -1,3	   6,2	   9,9	   4,4	  -2,5
*	    66,5201	 1	350,52	 49,92	 -11,2	  -2,1	   5,3	   9,1	   3,6	  -3,4
*	    69,3796	 1	351,24	 47,19	 -12,1	  -3,0	   4,4	   8,1	   2,6	  -4,4
*	    72,4245	 1	351,95	 44,67	 -13,1	  -4,0	   3,5	   7,2	   1,7	  -5,3
*	    75,6361	 1	352,67	 42,36	 -14,0	  -4,9	   2,6	   6,3	   0,8	  -6,3
*	    52,9270	 1	196,47	 84,61	  -6,4	   2,7	  10,1	  13,9	   8,4	   1,5
*	    53,1808	 1	195,79	 80,03	  -6,5	   2,5	  10,0	  13,8	   8,3	   1,4
*	    53,7923	 1	195,11	 75,55	  -6,8	   2,3	   9,8	  13,5	   8,0	   1,1
*	    54,7515	 1	194,42	 71,22	  -7,2	   1,9	   9,4	  13,1	   7,7	   0,7
*	    56,0434	 1	193,73	 67,09	  -7,6	   1,4	   8,9	  12,6	   7,2	   0,2
*	    57,6496	 1	193,04	 63,16	  -8,2	   0,8	   8,3	  12,1	   6,6	  -0,4
*	    59,5492	 1	192,34	 59,48	  -8,9	   0,2	   7,6	  11,4	   5,9	  -1,1
*	    61,7201	 1	191,63	 56,04	  -9,7	  -0,6	   6,9	  10,6	   5,1	  -1,8
*	    64,1396	 1	190,93	 52,84	 -10,5	  -1,4	   6,1	   9,8	   4,3	  -2,7
*	    66,7856	 1	190,22	 49,89	 -11,4	  -2,3	   5,2	   8,9	   3,4	  -3,6
*	    69,6369	 1	189,51	 47,16	 -12,3	  -3,2	   4,3	   8,0	   2,5	  -4,5
*	    72,6734	 1	188,79	 44,65	 -13,2	  -4,1	   3,4	   7,1	   1,6	  -5,4
*	    75,8768	 1	188,07	 42,34	 -14,1	  -5,0	   2,4	   6,2	   0,6	  -6,4
*	    54,4910	 1	 71,63	 36,49	   2,5	   7,2	  20,3	  21,7	  18,6	  13,9
*	    53,5796	 1	101,49	 35,65	   2,8	   7,6	  20,7	  22,0	  19,0	  14,2
*	    55,2158	 1	339,69	 83,32	  -7,2	   1,9	   9,3	  13,1	   7,6	   0,7
*	    55,5246	 1	340,34	 78,87	  -7,4	   1,7	   9,2	  12,9	   7,5	   0,5
*	    56,1792	 1	340,99	 74,51	  -7,6	   1,5	   9,0	  12,7	   7,2	   0,3
*	    57,1694	 1	341,65	 70,30	  -8,0	   1,1	   8,6	  12,3	   6,8	  -0,1
*	    58,4808	 1	342,32	 66,28	  -8,5	   0,6	   8,1	  11,8	   6,3	  -0,6
*	    60,0959	 1	342,99	 62,46	  -9,0	   0,0	   7,5	  11,3	   5,8	  -1,2
*	    61,9948	 1	343,66	 58,87	  -9,7	  -0,6	   6,9	  10,6	   5,1	  -1,9
*	    64,1567	 1	344,34	 55,51	 -10,4	  -1,3	   6,1	   9,9	   4,4	  -2,6
*	    66,5604	 1	345,02	 52,39	 -11,2	  -2,1	   5,3	   9,1	   3,6	  -3,4
*	    69,1850	 1	345,71	 49,49	 -12,1	  -3,0	   4,5	   8,2	   2,7	  -4,3
*	    72,0105	 1	346,40	 46,81	 -12,9	  -3,8	   3,6	   7,4	   1,8	  -5,2
*	    75,0180	 1	347,10	 44,34	 -13,8	  -4,7	   2,7	   6,5	   0,9	  -6,1
*	    78,1900	 1	347,79	 42,06	 -14,7	  -5,6	   1,8	   5,6	   0,0	  -7,0
*	    55,6384	 1	201,02	 83,24	  -7,4	   1,7	   9,1	  12,9	   7,4	   0,5
*	    55,9456	 1	200,37	 78,80	  -7,6	   1,5	   9,0	  12,7	   7,3	   0,3
*	    56,5968	 1	199,73	 74,47	  -7,8	   1,3	   8,8	  12,5	   7,0	   0,1
*	    57,5818	 1	199,07	 70,28	  -8,2	   0,9	   8,4	  12,1	   6,6	  -0,3
*	    58,8865	 1	198,41	 66,26	  -8,6	   0,4	   7,9	  11,6	   6,2	  -0,8
*	    60,4935	 1	197,75	 62,45	  -9,2	  -0,1	   7,3	  11,1	   5,6	  -1,4
*	    62,3833	 1	197,08	 58,88	  -9,9	  -0,8	   6,7	  10,4	   4,9	  -2,0
*	    64,5354	 1	196,41	 55,52	 -10,6	  -1,5	   6,0	   9,7	   4,2	  -2,8
*	    66,9287	 1	195,73	 52,41	 -11,4	  -2,3	   5,2	   8,9	   3,4	  -3,6
*	    69,5425	 1	195,05	 49,51	 -12,2	  -3,1	   4,4	   8,1	   2,6	  -4,4
*	    72,3571	 1	194,36	 46,83	 -13,1	  -4,0	   3,5	   7,2	   1,7	  -5,3
*	    75,3537	 1	193,67	 44,36	 -13,9	  -4,9	   2,6	   6,3	   0,8	  -6,2
*	    78,5149	 1	192,97	 42,08	 -14,8	  -5,8	   1,7	   5,4	  -0,1	  -7,2
*	    57,8005	 1	335,20	 82,01	  -8,2	   0,9	   8,4	  12,1	   6,6	  -0,3
*	    58,1597	 1	335,81	 77,68	  -8,4	   0,7	   8,2	  11,9	   6,5	  -0,5
*	    58,8523	 1	336,43	 73,45	  -8,6	   0,5	   8,0	  11,7	   6,2	  -0,7
*	    59,8681	 1	337,06	 69,37	  -9,0	   0,1	   7,6	  11,3	   5,8	  -1,1
*	    61,1934	 1	337,69	 65,46	  -9,4	  -0,4	   7,1	  10,8	   5,4	  -1,6
*	    62,8114	 1	338,32	 61,74	 -10,0	  -0,9	   6,6	  10,3	   4,8	  -2,2
*	    64,7038	 1	338,96	 58,24	 -10,6	  -1,6	   5,9	   9,6	   4,1	  -2,8
*	    66,8510	 1	339,61	 54,98	 -11,4	  -2,3	   5,2	   8,9	   3,4	  -3,6
*	    69,2330	 1	340,26	 51,92	 -12,1	  -3,0	   4,4	   8,2	   2,7	  -4,3
*	    71,8305	 1	340,92	 49,08	 -12,9	  -3,8	   3,6	   7,4	   1,9	  -5,2
*	    74,6245	 1	341,58	 46,45	 -13,7	  -4,7	   2,8	   6,5	   1,0	  -6,0
*	    77,5973	 1	342,25	 44,02	 -14,6	  -5,5	   2,0	   5,7	   0,2	  -6,9
*	    80,7322	 1	342,93	 41,76	 -15,5	  -6,4	   1,1	   4,8	  -0,7	  -7,8
*	    58,2337	 1	205,36	 81,95	  -8,4	   0,7	   8,2	  11,9	   6,4	  -0,5
*	    58,5911	 1	204,76	 77,65	  -8,5	   0,5	   8,0	  11,7	   6,3	  -0,7
*	    59,2799	 1	204,14	 73,44	  -8,8	   0,3	   7,8	  11,5	   6,0	  -0,9
*	    60,2902	 1	203,53	 69,37	  -9,2	  -0,1	   7,4	  11,1	   5,6	  -1,3
*	    61,6085	 1	202,90	 65,48	  -9,6	  -0,5	   6,9	  10,7	   5,2	  -1,8
*	    63,2184	 1	202,27	 61,78	 -10,2	  -1,1	   6,4	  10,1	   4,6	  -2,4
*	    65,1017	 1	201,63	 58,29	 -10,8	  -1,7	   5,7	   9,5	   4,0	  -3,0
*	    67,2389	 1	200,99	 55,02	 -11,5	  -2,4	   5,0	   8,8	   3,3	  -3,7
*	    69,6106	 1	200,35	 51,97	 -12,3	  -3,2	   4,3	   8,0	   2,5	  -4,5
*	    72,1973	 1	199,69	 49,14	 -13,1	  -4,0	   3,5	   7,2	   1,7	  -5,3
*	    74,9804	 1	199,04	 46,51	 -13,9	  -4,8	   2,7	   6,4	   0,9	  -6,2
*	    77,9423	 1	198,37	 44,08	 -14,7	  -5,6	   1,8	   5,5	   0,0	  -7,1
*	    81,0664	 1	197,70	 41,83	 -15,6	  -6,5	   0,9	   4,7	  -0,9	  -8,0
*	    60,3667	 1	331,94	 80,93	  -9,1	  -0,0	   7,5	  11,2	   5,7	  -1,2
*	    60,7723	 1	332,52	 76,74	  -9,3	  -0,2	   7,3	  11,0	   5,6	  -1,4
*	    61,4994	 1	333,11	 72,65	  -9,5	  -0,4	   7,1	  10,8	   5,3	  -1,7
*	    62,5381	 1	333,70	 68,69	  -9,9	  -0,8	   6,7	  10,4	   4,9	  -2,0
*	    63,8754	 1	334,30	 64,90	 -10,3	  -1,2	   6,2	   9,9	   4,5	  -2,5
*	    65,4955	 1	334,90	 61,31	 -10,9	  -1,8	   5,7	   9,4	   3,9	  -3,1
*	    67,3810	 1	335,51	 57,90	 -11,5	  -2,4	   5,1	   8,8	   3,3	  -3,7
*	    69,5137	 1	336,13	 54,71	 -12,2	  -3,1	   4,4	   8,1	   2,6	  -4,4
*	    71,8750	 1	336,75	 51,73	 -12,9	  -3,8	   3,7	   7,4	   1,9	  -5,2
*	    74,4465	 1	337,38	 48,95	 -13,7	  -4,6	   2,9	   6,6	   1,1	  -6,0
*	    77,2105	 1	338,01	 46,37	 -14,5	  -5,4	   2,1	   5,8	   0,3	  -6,8
*	    80,1503	 1	338,65	 43,98	 -15,3	  -6,2	   1,3	   5,0	  -0,6	  -7,6
*	    83,2500	 1	339,29	 41,76	 -16,1	  -7,1	   0,4	   4,1	  -1,4	  -8,5
*	    61,2855	 1	209,11	 80,85	  -9,5	  -0,4	   7,1	  10,8	   5,3	  -1,6
*	    61,6864	 1	208,54	 76,70	  -9,6	  -0,5	   7,0	  10,7	   5,2	  -1,8
*	    62,4053	 1	207,97	 72,65	  -9,9	  -0,8	   6,7	  10,4	   4,9	  -2,0
*	    63,4325	 1	207,39	 68,73	 -10,2	  -1,1	   6,3	  10,1	   4,6	  -2,4
*	    64,7553	 1	206,80	 64,98	 -10,7	  -1,6	   5,9	   9,6	   4,1	  -2,9
*	    66,3585	 1	206,21	 61,41	 -11,2	  -2,1	   5,4	   9,1	   3,6	  -3,4
*	    68,2252	 1	205,61	 58,03	 -11,8	  -2,7	   4,8	   8,5	   3,0	  -4,0
*	    70,3376	 1	205,01	 54,85	 -12,5	  -3,4	   4,1	   7,8	   2,3	  -4,7
*	    72,6775	 1	204,40	 51,89	 -13,2	  -4,1	   3,4	   7,1	   1,6	  -5,5
*	    75,2270	 1	203,78	 49,11	 -13,9	  -4,9	   2,6	   6,3	   0,8	  -6,2
*	    77,9686	 1	203,16	 46,54	 -14,7	  -5,6	   1,8	   5,5	   0,0	  -7,0
*	    80,8860	 1	202,53	 44,15	 -15,5	  -6,5	   1,0	   4,7	  -0,8	  -7,9
*	    83,9634	 1	201,90	 41,92	 -16,4	  -7,3	   0,2	   3,9	  -1,6	  -8,7
s	    62,7849	 3	 12,02	 90,09	  26,1	  21,4	  -0,9	  -1,2	  -6,5	  13,0
s	    62,8194	 3	167,21	 90,21	  26,1	  21,4	  -0,9	  -1,2	  -6,5	  13,0
s	    63,4119	 3	146,42	 93,11	  26,0	  21,3	  -0,9	  -1,3	  -6,6	  12,9
s	    63,4386	 3	 33,01	 93,04	  26,0	  21,3	  -0,9	  -1,3	  -6,6	  12,9
s	    63,5213	 3	101,82	 96,79	  26,0	  21,3	  -1,0	  -1,3	  -6,6	  12,9
s	    63,5223	 3	124,50	 95,46	  26,0	  21,3	  -1,0	  -1,3	  -6,6	  12,9
*	    63,5346	 1	326,65	 79,68	 -10,4	  -1,3	   6,2	   9,9	   4,4	  -2,5
*	    63,9809	 1	327,18	 75,63	 -10,5	  -1,4	   6,0	   9,8	   4,3	  -2,7
*	    64,7357	 1	327,72	 71,68	 -10,8	  -1,7	   5,8	   9,5	   4,0	  -3,0
*	    65,7895	 1	328,26	 67,86	 -11,1	  -2,0	   5,4	   9,1	   3,7	  -3,3
*	    67,1299	 1	328,81	 64,19	 -11,6	  -2,5	   5,0	   8,7	   3,2	  -3,8
*	    68,7423	 1	329,37	 60,70	 -12,1	  -3,0	   4,5	   8,2	   2,7	  -4,3
*	    70,6107	 1	329,94	 57,40	 -12,7	  -3,6	   3,9	   7,6	   2,1	  -4,9
*	    72,7182	 1	330,51	 54,30	 -13,3	  -4,2	   3,2	   6,9	   1,4	  -5,6
*	    75,0475	 1	331,09	 51,38	 -14,0	  -4,9	   2,5	   6,2	   0,7	  -6,3
*	    77,5815	 1	331,67	 48,66	 -14,8	  -5,7	   1,8	   5,5	  -0,0	  -7,1
*	    80,3039	 1	332,26	 46,12	 -15,5	  -6,4	   1,0	   4,7	  -0,8	  -7,9
*	    83,1988	 1	332,86	 43,76	 -16,3	  -7,2	   0,2	   3,9	  -1,6	  -8,7
*	    86,2515	 1	333,46	 41,58	 -17,1	  -8,0	  -0,6	   3,1	  -2,4	  -9,5
s	    63,5619	 3	 77,45	 96,77	  26,0	  21,3	  -1,0	  -1,3	  -6,6	  12,9
s	    63,5634	 3	 54,88	 95,41	  26,0	  21,3	  -1,0	  -1,3	  -6,6	  12,9
s	    63,6394	 3	 78,86	 96,81	  26,0	  21,3	  -1,0	  -1,3	  -6,6	  12,9
s	    63,6835	 3	100,42	 96,84	  26,0	  21,3	  -1,0	  -1,3	  -6,6	  12,9
*	    63,7835	 1	213,50	 79,68	 -10,5	  -1,4	   6,1	   9,8	   4,3	  -2,7
*	    64,2284	 1	212,97	 75,65	 -10,6	  -1,6	   5,9	   9,6	   4,1	  -2,8
*	    64,9808	 1	212,43	 71,71	 -10,9	  -1,8	   5,7	   9,4	   3,9	  -3,1
*	    66,0314	 1	211,89	 67,89	 -11,3	  -2,2	   5,3	   9,0	   3,5	  -3,5
*	    67,3678	 1	211,34	 64,23	 -11,7	  -2,6	   4,9	   8,6	   3,1	  -3,9
*	    68,9757	 1	210,78	 60,75	 -12,2	  -3,1	   4,3	   8,1	   2,6	  -4,5
*	    70,8391	 1	210,22	 57,46	 -12,8	  -3,7	   3,8	   7,5	   2,0	  -5,1
*	    72,9411	 1	209,65	 54,36	 -13,4	  -4,4	   3,1	   6,8	   1,3	  -5,7
*	    75,2648	 1	209,08	 51,45	 -14,1	  -5,1	   2,4	   6,1	   0,6	  -6,4
*	    77,7930	 1	208,50	 48,73	 -14,9	  -5,8	   1,7	   5,4	  -0,1	  -7,2
*	    80,5094	 1	207,91	 46,20	 -15,6	  -6,5	   0,9	   4,6	  -0,9	  -8,0
*	    83,3984	 1	207,32	 43,85	 -16,4	  -7,3	   0,1	   3,8	  -1,7	  -8,8
*	    86,4451	 1	206,71	 41,65	 -17,2	  -8,1	  -0,7	   3,0	  -2,5	  -9,6
s	    63,8859	 3	 56,25	 95,53	  26,0	  21,3	  -1,0	  -1,3	  -6,6	  12,9
s	    63,9287	 3	123,13	 95,58	  26,0	  21,3	  -1,0	  -1,3	  -6,6	  12,8
s	    64,2944	 3	303,14	 81,05	  25,9	  26,1	  17,2	  14,9	   8,2	  14,3
s	    64,2985	 3	237,42	 81,00	  25,9	  26,1	  17,2	  14,9	   8,2	  14,3
s	    64,5829	 3	281,37	 79,83	  25,9	  26,1	  17,2	  14,8	   8,2	  14,2
s	    64,5870	 3	259,29	 79,82	  25,9	  26,1	  17,2	  14,8	   8,2	  14,2
*	    65,1524	 1	323,18	 78,61	 -11,1	  -2,1	   5,4	   9,1	   3,6	  -3,3
*	    65,6453	 1	323,68	 74,64	 -11,3	  -2,2	   5,3	   9,0	   3,5	  -3,5
*	    66,4398	 1	324,19	 70,75	 -11,6	  -2,5	   5,0	   8,7	   3,2	  -3,8
*	    67,5264	 1	324,71	 67,00	 -11,9	  -2,9	   4,6	   8,3	   2,8	  -4,2
*	    68,8930	 1	325,24	 63,40	 -12,4	  -3,3	   4,2	   7,9	   2,4	  -4,6
*	    70,5252	 1	325,77	 59,97	 -12,9	  -3,8	   3,7	   7,4	   1,9	  -5,1
*	    72,4074	 1	326,30	 56,73	 -13,5	  -4,4	   3,1	   6,8	   1,3	  -5,7
*	    74,5234	 1	326,85	 53,67	 -14,1	  -5,0	   2,4	   6,2	   0,6	  -6,4
*	    76,8565	 1	327,40	 50,82	 -14,8	  -5,7	   1,8	   5,5	  -0,1	  -7,1
*	    79,3902	 1	327,96	 48,14	 -15,5	  -6,4	   1,0	   4,7	  -0,8	  -7,9
*	    82,1087	 1	328,52	 45,64	 -16,3	  -7,2	   0,3	   4,0	  -1,5	  -8,6
*	    84,9968	 1	329,09	 43,31	 -17,0	  -8,0	  -0,5	   3,2	  -2,3	  -9,4
*	    66,2692	 1	217,70	 78,59	 -11,5	  -2,5	   5,0	   8,7	   3,2	  -3,8
*	    66,7553	 1	217,21	 74,67	 -11,7	  -2,6	   4,8	   8,6	   3,1	  -3,9
*	    67,5391	 1	216,71	 70,84	 -12,0	  -2,9	   4,6	   8,3	   2,8	  -4,2
*	    68,6115	 1	216,21	 67,13	 -12,3	  -3,2	   4,2	   8,0	   2,5	  -4,6
*	    69,9608	 1	215,69	 63,56	 -12,8	  -3,7	   3,8	   7,5	   2,0	  -5,0
*	    71,5731	 1	215,18	 60,18	 -13,3	  -4,2	   3,3	   7,0	   1,5	  -5,5
*	    73,4333	 1	214,65	 56,96	 -13,8	  -4,7	   2,7	   6,4	   0,9	  -6,1
*	    75,5257	 1	214,12	 53,93	 -14,5	  -5,4	   2,1	   5,8	   0,3	  -6,8
*	    77,8340	 1	213,58	 51,08	 -15,1	  -6,0	   1,4	   5,1	  -0,4	  -7,4
*	    80,3423	 1	213,04	 48,41	 -15,8	  -6,7	   0,7	   4,4	  -1,1	  -8,2
*	    83,0350	 1	212,49	 45,92	 -16,6	  -7,5	  -0,0	   3,7	  -1,8	  -8,9
*	    85,8972	 1	211,93	 43,61	 -17,3	  -8,2	  -0,8	   2,9	  -2,6	  -9,7
*	    67,9874	 1	219,84	 77,65	  -0,3	   0,5	  -7,2	  -6,9	 -11,8	  -5,2
*	    68,8338	 1	219,18	 72,24	  -0,6	   0,2	  -7,5	  -7,2	 -12,1	  -5,5
*	    70,2553	 1	218,50	 67,04	  -1,0	  -0,2	  -8,0	  -7,6	 -12,6	  -5,9
*	    72,2217	 1	217,81	 62,13	  -1,6	  -0,9	  -8,6	  -8,2	 -13,2	  -6,6
*	    74,6948	 1	217,10	 57,54	  -2,4	  -1,6	  -9,3	  -9,0	 -14,0	  -7,3
*	    77,6323	 1	216,39	 53,30	  -3,2	  -2,5	 -10,2	  -9,9	 -14,8	  -8,2
*	    78,2227	 1	216,25	 52,57	  -3,4	  -2,6	 -10,4	 -10,0	 -15,0	  -8,4
*	    81,6538	 1	215,52	 48,75	  -4,4	  -3,6	 -11,3	 -11,0	 -16,0	  -9,4
*	    68,0484	 1	317,94	 77,48	 -12,5	  -3,4	   4,1	   7,8	   2,3	  -4,7
*	    68,5780	 1	318,39	 73,62	 -12,6	  -3,6	   3,9	   7,6	   2,1	  -4,9
*	    69,3985	 1	318,85	 69,87	 -12,9	  -3,8	   3,6	   7,4	   1,9	  -5,2
*	    70,5007	 1	319,32	 66,23	 -13,3	  -4,2	   3,3	   7,0	   1,5	  -5,5
*	    71,8731	 1	319,80	 62,72	 -13,7	  -4,6	   2,9	   6,6	   1,1	  -6,0
*	    73,5023	 1	320,28	 59,39	 -14,2	  -5,1	   2,4	   6,1	   0,6	  -6,5
*	    75,3736	 1	320,77	 56,23	 -14,8	  -5,7	   1,8	   5,5	  -0,0	  -7,1
*	    77,4717	 1	321,26	 53,26	 -15,4	  -6,3	   1,2	   4,9	  -0,6	  -7,7
*	    79,7812	 1	321,77	 50,46	 -16,0	  -6,9	   0,5	   4,2	  -1,3	  -8,4
*	    82,2865	 1	322,28	 47,84	 -16,7	  -7,6	  -0,2	   3,5	  -2,0	  -9,1
*	    84,9728	 1	322,79	 45,38	 -17,4	  -8,4	  -0,9	   2,8	  -2,7	  -9,8
*	    87,8257	 1	323,32	 43,09	 -18,2	  -9,1	  -1,6	   2,1	  -3,5	 -10,6
*	    75,3683	 1	322,64	 56,73	  -2,5	  -1,8	  -9,5	  -9,2	 -14,1	  -7,5
*	    72,8110	 1	321,93	 61,25	  -1,8	  -1,0	  -8,7	  -8,4	 -13,3	  -6,7
*	    70,7522	 1	321,25	 66,10	  -1,1	  -0,4	  -8,1	  -7,7	 -12,7	  -6,1
*	    69,2307	 1	320,57	 71,24	  -0,6	   0,1	  -7,6	  -7,3	 -12,2	  -5,6
*	    68,2785	 1	319,90	 76,62	  -0,3	   0,4	  -7,3	  -6,9	 -11,9	  -5,2
*	    82,3219	 1	324,19	 48,24	  -4,5	  -3,7	 -11,5	 -11,1	 -16,1	  -9,6
*	    78,8418	 1	323,46	 52,00	  -3,5	  -2,8	 -10,5	 -10,2	 -15,1	  -8,6
*	    68,6492	 1	222,35	 77,51	 -12,7	  -3,6	   3,8	   7,6	   2,1	  -4,9
*	    69,1748	 1	221,90	 73,67	 -12,9	  -3,8	   3,7	   7,4	   1,9	  -5,1
*	    69,9894	 1	221,44	 69,94	 -13,1	  -4,1	   3,4	   7,1	   1,6	  -5,4
*	    71,0839	 1	220,98	 66,32	 -13,5	  -4,4	   3,1	   6,8	   1,3	  -5,8
*	    72,4471	 1	220,51	 62,85	 -13,9	  -4,8	   2,6	   6,4	   0,8	  -6,2
*	    74,0657	 1	220,03	 59,53	 -14,4	  -5,3	   2,1	   5,9	   0,3	  -6,7
*	    75,9254	 1	219,55	 56,39	 -15,0	  -5,9	   1,6	   5,3	  -0,2	  -7,3
*	    78,0111	 1	219,06	 53,42	 -15,6	  -6,5	   1,0	   4,7	  -0,8	  -7,9
*	    80,3075	 1	218,57	 50,63	 -16,2	  -7,1	   0,3	   4,0	  -1,5	  -8,6
*	    82,7995	 1	218,06	 48,02	 -16,9	  -7,8	  -0,4	   3,4	  -2,2	  -9,3
*	    85,4722	 1	217,55	 45,56	 -17,6	  -8,5	  -1,1	   2,6	  -2,9	 -10,0
*	    88,3115	 1	217,03	 43,27	 -18,4	  -9,3	  -1,8	   1,9	  -3,6	 -10,8
*	    68,7872	 1	225,46	 76,45	 -10,6	  -1,6	   5,9	   9,6	   4,1	  -2,9
*	    69,3654	 1	225,03	 72,61	 -10,8	  -1,8	   5,7	   9,4	   3,9	  -3,1
*	    70,2313	 1	224,59	 68,87	 -11,1	  -2,0	   5,4	   9,2	   3,7	  -3,4
*	    71,3753	 1	224,15	 65,25	 -11,5	  -2,4	   5,1	   8,8	   3,3	  -3,7
*	    72,7857	 1	223,70	 61,79	 -11,9	  -2,8	   4,6	   8,3	   2,8	  -4,2
*	    74,4490	 1	223,24	 58,49	 -12,4	  -3,3	   4,1	   7,8	   2,3	  -4,7
*	    76,3507	 1	222,77	 55,37	 -13,0	  -3,9	   3,6	   7,3	   1,8	  -5,3
*	    78,4755	 1	222,30	 52,42	 -13,6	  -4,5	   2,9	   6,7	   1,1	  -5,9
*	    80,8081	 1	221,82	 49,65	 -14,3	  -5,2	   2,3	   6,0	   0,5	  -6,6
*	    83,3333	 1	221,34	 47,06	 -15,0	  -5,9	   1,6	   5,3	  -0,2	  -7,3
*	    86,0366	 1	220,85	 44,64	 -15,7	  -6,6	   0,9	   4,6	  -1,0	  -8,1
*	    88,9038	 1	220,34	 42,37	 -16,4	  -7,3	   0,1	   3,8	  -1,7	  -8,8
*	    69,4481	 1	267,98	 70,79	   0,5	   1,2	  -6,5	  -6,1	 -11,1	  -4,5
*	    70,6655	 1	267,95	 65,26	   0,1	   0,8	  -6,9	  -6,6	 -11,5	  -4,9
*	    72,4387	 1	267,92	 60,03	  -0,5	   0,3	  -7,5	  -7,1	 -12,1	  -5,5
*	    69,7148	 1	312,71	 76,33	 -13,7	  -4,6	   2,9	   6,6	   1,1	  -5,9
*	    70,2871	 1	313,12	 72,52	 -13,9	  -4,8	   2,7	   6,4	   0,9	  -6,1
*	    71,1443	 1	313,54	 68,82	 -14,1	  -5,1	   2,4	   6,1	   0,6	  -6,4
*	    72,2770	 1	313,96	 65,23	 -14,5	  -5,4	   2,1	   5,8	   0,3	  -6,8
*	    73,6738	 1	314,40	 61,79	 -14,9	  -5,8	   1,6	   5,3	  -0,2	  -7,2
*	    75,3216	 1	314,84	 58,52	 -15,4	  -6,3	   1,1	   4,8	  -0,7	  -7,7
*	    77,2062	 1	315,28	 55,41	 -16,0	  -6,9	   0,6	   4,3	  -1,2	  -8,3
*	    79,3128	 1	315,74	 52,48	 -16,6	  -7,5	  -0,0	   3,7	  -1,8	  -8,9
*	    81,6262	 1	316,20	 49,71	 -17,2	  -8,1	  -0,7	   3,0	  -2,5	  -9,6
*	    84,1318	 1	316,66	 47,13	 -17,9	  -8,8	  -1,4	   2,3	  -3,2	 -10,3
*	    86,8149	 1	317,14	 44,70	 -18,6	  -9,5	  -2,1	   1,6	  -3,9	 -11,0
*	    89,6618	 1	317,62	 42,44	 -19,3	 -10,3	  -2,8	   0,9	  -4,6	 -11,8
*	    69,9069	 1	315,03	 76,62	 -11,0	  -1,9	   5,6	   9,3	   3,8	  -3,2
*	    70,4767	 1	315,45	 72,84	 -11,2	  -2,1	   5,4	   9,1	   3,6	  -3,4
*	    71,3306	 1	315,89	 69,15	 -11,5	  -2,4	   5,1	   8,8	   3,3	  -3,7
*	    72,4593	 1	316,33	 65,60	 -11,8	  -2,7	   4,8	   8,5	   3,0	  -4,1
*	    73,8515	 1	316,77	 62,18	 -12,2	  -3,1	   4,3	   8,0	   2,5	  -4,5
*	    75,4943	 1	317,23	 58,92	 -12,7	  -3,6	   3,8	   7,5	   2,0	  -5,0
*	    77,3735	 1	317,69	 55,82	 -13,3	  -4,2	   3,3	   7,0	   1,5	  -5,6
*	    79,4745	 1	318,15	 52,90	 -13,9	  -4,8	   2,7	   6,4	   0,9	  -6,2
*	    81,7823	 1	318,63	 50,15	 -14,5	  -5,4	   2,0	   5,7	   0,2	  -6,9
*	    84,2822	 1	319,11	 47,57	 -15,2	  -6,1	   1,4	   5,1	  -0,5	  -7,6
*	    86,9598	 1	319,59	 45,16	 -15,9	  -6,8	   0,6	   4,4	  -1,2	  -8,3
*	    89,8014	 1	320,09	 42,89	 -16,6	  -7,5	  -0,1	   3,6	  -1,9	  -9,1
*	    70,1920	 1	227,42	 76,36	 -13,9	  -4,8	   2,7	   6,4	   0,9	  -6,1
*	    70,7610	 1	227,01	 72,58	 -14,1	  -5,0	   2,5	   6,2	   0,7	  -6,3
*	    71,6133	 1	226,59	 68,90	 -14,3	  -5,2	   2,2	   5,9	   0,4	  -6,6
*	    72,7397	 1	226,17	 65,33	 -14,7	  -5,6	   1,9	   5,6	   0,1	  -7,0
*	    74,1291	 1	225,74	 61,91	 -15,1	  -6,0	   1,4	   5,2	  -0,4	  -7,4
*	    75,7685	 1	225,30	 58,64	 -15,6	  -6,5	   0,9	   4,7	  -0,9	  -7,9
*	    77,6439	 1	224,86	 55,54	 -16,2	  -7,1	   0,4	   4,1	  -1,4	  -8,5
*	    79,7407	 1	224,41	 52,62	 -16,8	  -7,7	  -0,2	   3,5	  -2,0	  -9,1
*	    82,0439	 1	223,96	 49,87	 -17,4	  -8,3	  -0,8	   2,9	  -2,7	  -9,8
*	    84,5388	 1	223,49	 47,28	 -18,1	  -9,0	  -1,5	   2,2	  -3,3	 -10,5
*	    87,2113	 1	223,02	 44,87	 -18,8	  -9,7	  -2,2	   1,5	  -4,1	 -11,2
*	    90,0476	 1	222,55	 42,61	 -19,5	 -10,4	  -3,0	   0,8	  -4,8	 -11,9
*	    74,0742	 1	272,10	 56,41	  -1,0	  -0,3	  -8,0	  -7,6	 -12,6	  -6,0
*	    71,9155	 1	272,06	 61,39	  -0,3	   0,4	  -7,3	  -7,0	 -11,9	  -5,3
*	    70,2862	 1	272,03	 66,71	   0,2	   0,9	  -6,8	  -6,4	 -11,4	  -4,7
*	    70,6711	 1	230,96	 75,33	 -10,5	  -1,4	   6,0	   9,8	   4,3	  -2,8
*	    71,2891	 1	230,58	 71,57	 -10,7	  -1,6	   5,8	   9,6	   4,0	  -3,0
*	    72,1881	 1	230,19	 67,89	 -11,0	  -1,9	   5,5	   9,3	   3,8	  -3,3
*	    73,3585	 1	229,79	 64,35	 -11,4	  -2,3	   5,2	   8,9	   3,4	  -3,6
*	    74,7889	 1	229,39	 60,94	 -11,8	  -2,7	   4,7	   8,5	   3,0	  -4,1
*	    76,4661	 1	228,98	 57,71	 -12,3	  -3,2	   4,2	   8,0	   2,4	  -4,6
*	    78,3761	 1	228,57	 54,63	 -12,9	  -3,8	   3,7	   7,4	   1,9	  -5,2
*	    80,5043	 1	228,15	 51,74	 -13,5	  -4,4	   3,1	   6,8	   1,3	  -5,8
*	    82,8358	 1	227,72	 49,01	 -14,1	  -5,0	   2,4	   6,1	   0,6	  -6,5
*	    85,3562	 1	227,28	 46,45	 -14,8	  -5,7	   1,8	   5,5	  -0,1	  -7,2
*	    88,0513	 1	226,84	 44,06	 -15,5	  -6,4	   1,1	   4,8	  -0,8	  -7,9
*	    90,9076	 1	226,38	 41,82	 -16,2	  -7,1	   0,3	   4,0	  -1,5	  -8,7
*	    72,3405	 1	277,21	 61,58	  -0,5	   0,3	  -7,4	  -7,1	 -12,1	  -5,4
*	    70,7204	 1	277,09	 66,87	   0,0	   0,8	  -6,9	  -6,6	 -11,5	  -4,9
*	    74,6327	 1	261,60	 56,70	  -1,2	  -0,4	  -8,2	  -7,8	 -12,8	  -6,2
*	    72,4893	 1	261,74	 61,65	  -0,5	   0,2	  -7,5	  -7,2	 -12,1	  -5,5
*	    70,8723	 1	261,87	 66,92	  -0,0	   0,8	  -7,0	  -6,6	 -11,6	  -4,9
*	    71,3452	 1	308,23	 75,32	 -14,9	  -5,8	   1,7	   5,4	  -0,1	  -7,1
*	    71,9584	 1	308,60	 71,58	 -15,1	  -6,0	   1,5	   5,2	  -0,3	  -7,3
*	    72,8505	 1	308,98	 67,93	 -15,3	  -6,3	   1,2	   4,9	  -0,6	  -7,6
*	    74,0123	 1	309,37	 64,41	 -15,7	  -6,6	   0,9	   4,6	  -0,9	  -8,0
*	    75,4325	 1	309,76	 61,04	 -16,1	  -7,0	   0,4	   4,1	  -1,4	  -8,4
*	    77,0982	 1	310,16	 57,81	 -16,6	  -7,5	  -0,1	   3,6	  -1,9	  -8,9
*	    78,9956	 1	310,56	 54,75	 -17,2	  -8,1	  -0,6	   3,1	  -2,4	  -9,5
*	    81,1103	 1	310,97	 51,87	 -17,8	  -8,7	  -1,2	   2,5	  -3,0	 -10,1
*	    83,4278	 1	311,39	 49,15	 -18,4	  -9,3	  -1,9	   1,9	  -3,7	 -10,8
*	    85,9337	 1	311,82	 46,59	 -19,1	 -10,0	  -2,5	   1,2	  -4,3	 -11,5
*	    88,6142	 1	312,25	 44,20	 -19,8	 -10,7	  -3,2	   0,5	  -5,1	 -12,2
*	    91,4558	 1	312,69	 41,96	 -20,5	 -11,4	  -3,9	  -0,2	  -5,8	 -12,9
*	    73,2330	 1	282,22	 61,98	  -0,8	  -0,0	  -7,7	  -7,4	 -12,4	  -5,7
*	    71,6317	 1	282,03	 67,19	  -0,3	   0,5	  -7,2	  -6,9	 -11,8	  -5,2
*	    73,4779	 1	256,77	 62,08	  -0,9	  -0,1	  -7,8	  -7,5	 -12,4	  -5,8
*	    71,8817	 1	256,97	 67,28	  -0,4	   0,4	  -7,3	  -7,0	 -11,9	  -5,3
*	    72,1123	 1	310,09	 75,60	 -11,0	  -1,9	   5,6	   9,3	   3,8	  -3,2
*	    72,7190	 1	310,47	 71,91	 -11,2	  -2,1	   5,4	   9,1	   3,6	  -3,4
*	    73,6021	 1	310,86	 68,30	 -11,4	  -2,3	   5,1	   8,8	   3,3	  -3,7
*	    74,7527	 1	311,25	 64,83	 -11,8	  -2,7	   4,8	   8,5	   3,0	  -4,1
*	    76,1597	 1	311,65	 61,48	 -12,2	  -3,1	   4,4	   8,1	   2,6	  -4,5
*	    77,8107	 1	312,06	 58,29	 -12,7	  -3,6	   3,9	   7,6	   2,1	  -5,0
*	    79,6922	 1	312,47	 55,26	 -13,2	  -4,1	   3,3	   7,0	   1,5	  -5,6
*	    81,7902	 1	312,89	 52,39	 -13,8	  -4,7	   2,7	   6,5	   0,9	  -6,2
*	    84,0903	 1	313,32	 49,69	 -14,4	  -5,4	   2,1	   5,8	   0,3	  -6,8
*	    86,5786	 1	313,75	 47,15	 -15,1	  -6,0	   1,5	   5,2	  -0,4	  -7,5
*	    89,2413	 1	314,20	 44,77	 -15,8	  -6,7	   0,8	   4,5	  -1,1	  -8,2
*	    92,0652	 1	314,64	 42,54	 -16,5	  -7,4	   0,1	   3,8	  -1,8	  -9,0
*	    72,2043	 1	253,42	 71,59	  -0,5	   0,3	  -7,4	  -7,1	 -12,0	  -5,4
*	    73,3783	 1	253,17	 66,29	  -0,8	  -0,1	  -7,8	  -7,5	 -12,4	  -5,8
*	    75,0920	 1	252,91	 61,25	  -1,4	  -0,6	  -8,3	  -8,0	 -13,0	  -6,4
*	    72,6558	 1	232,30	 75,40	 -15,3	  -6,2	   1,2	   5,0	  -0,5	  -7,6
*	    73,2595	 1	231,94	 71,72	 -15,5	  -6,4	   1,0	   4,8	  -0,7	  -7,8
*	    74,1382	 1	231,57	 68,14	 -15,8	  -6,7	   0,8	   4,5	  -1,0	  -8,1
*	    75,2830	 1	231,19	 64,66	 -16,1	  -7,0	   0,4	   4,1	  -1,4	  -8,4
*	    76,6831	 1	230,81	 61,32	 -16,5	  -7,5	   0,0	   3,7	  -1,8	  -8,9
*	    78,3261	 1	230,43	 58,14	 -17,0	  -7,9	  -0,5	   3,2	  -2,3	  -9,4
*	    80,1988	 1	230,03	 55,11	 -17,6	  -8,5	  -1,0	   2,7	  -2,8	  -9,9
*	    82,2872	 1	229,64	 52,25	 -18,1	  -9,1	  -1,6	   2,1	  -3,4	 -10,5
*	    84,5772	 1	229,23	 49,54	 -18,8	  -9,7	  -2,2	   1,5	  -4,0	 -11,2
*	    87,0550	 1	228,81	 47,00	 -19,4	 -10,3	  -2,9	   0,8	  -4,7	 -11,8
*	    89,7069	 1	228,40	 44,63	 -20,1	 -11,0	  -3,6	   0,2	  -5,4	 -12,5
*	    92,5198	 1	227,97	 42,40	 -20,8	 -11,7	  -4,3	  -0,6	  -6,1	 -13,3
*	    76,6674	 1	287,28	 57,73	  -1,9	  -1,1	  -8,8	  -8,5	 -13,4	  -6,8
*	    74,5777	 1	287,01	 62,55	  -1,2	  -0,5	  -8,2	  -7,8	 -12,8	  -6,2
*	    73,0039	 1	286,75	 67,67	  -0,7	   0,0	  -7,7	  -7,3	 -12,3	  -5,7
*	    73,8057	 1	302,91	 74,40	 -16,5	  -7,4	   0,0	   3,7	  -1,8	  -8,8
*	    74,4520	 1	303,23	 70,75	 -16,7	  -7,6	  -0,2	   3,5	  -2,0	  -9,0
*	    75,3691	 1	303,56	 67,20	 -17,0	  -7,9	  -0,5	   3,3	  -2,3	  -9,3
*	    76,5481	 1	303,89	 63,77	 -17,4	  -8,3	  -0,8	   2,9	  -2,6	  -9,7
*	    77,9780	 1	304,23	 60,47	 -17,8	  -8,7	  -1,2	   2,5	  -3,0	 -10,1
*	    79,6466	 1	304,57	 57,32	 -18,3	  -9,2	  -1,7	   2,0	  -3,5	 -10,6
*	    81,5408	 1	304,92	 54,33	 -18,8	  -9,7	  -2,3	   1,5	  -4,1	 -11,2
*	    83,6470	 1	305,27	 51,50	 -19,4	 -10,3	  -2,8	   0,9	  -4,6	 -11,8
*	    85,9514	 1	305,64	 48,84	 -20,0	 -10,9	  -3,5	   0,3	  -5,3	 -12,4
*	    88,4402	 1	306,01	 46,33	 -20,6	 -11,6	  -4,1	  -0,4	  -5,9	 -13,1
*	    91,1004	 1	306,38	 43,97	 -21,3	 -12,2	  -4,8	  -1,1	  -6,6	 -13,8
*	    74,4472	 1	291,83	 72,18	  -1,2	  -0,4	  -8,2	  -7,8	 -12,8	  -6,2
*	    75,5883	 1	292,15	 67,06	  -1,6	  -0,8	  -8,5	  -8,2	 -13,1	  -6,5
*	    77,2565	 1	292,47	 62,16	  -2,1	  -1,3	  -9,0	  -8,7	 -13,7	  -7,1
*	    74,9404	 1	240,52	 72,80	  -1,5	  -0,8	  -8,5	  -8,1	 -13,1	  -6,5
*	    76,0714	 1	240,11	 67,75	  -1,9	  -1,1	  -8,8	  -8,5	 -13,5	  -6,9
*	    77,7264	 1	239,69	 62,92	  -2,4	  -1,6	  -9,3	  -9,0	 -14,0	  -7,4
*	    79,8753	 1	239,26	 58,36	  -3,0	  -2,2	  -9,9	  -9,6	 -14,6	  -8,0
*	    82,4832	 1	238,81	 54,11	  -3,7	  -3,0	 -10,7	 -10,3	 -15,3	  -8,8
*	    84,1373	 1	238,56	 51,86	  -4,2	  -3,4	 -11,1	 -10,8	 -15,8	  -9,2
*	    75,0704	 1	270,00	 54,42	  -3,0	  -2,2	  -9,9	  -9,6	 -14,5	  -7,9
*	    78,8133	 1	247,27	 58,74	  -2,5	  -1,8	  -9,5	  -9,1	 -14,1	  -7,5
*	    76,7771	 1	247,60	 63,43	  -1,9	  -1,2	  -8,9	  -8,5	 -13,5	  -6,9
*	    75,2460	 1	247,93	 68,40	  -1,5	  -0,7	  -8,4	  -8,1	 -13,0	  -6,4
*	    75,2985	 1	275,31	 54,56	  -3,0	  -2,3	 -10,0	  -9,7	 -14,6	  -8,0
*	    75,2993	 1	264,70	 54,56	  -3,0	  -2,3	 -10,0	  -9,6	 -14,6	  -8,0
*	    81,3205	 1	300,95	 55,94	  -3,4	  -2,6	 -10,4	 -10,0	 -15,0	  -8,4
*	    78,9103	 1	300,52	 60,34	  -2,7	  -1,9	  -9,7	  -9,3	 -14,3	  -7,7
*	    76,9747	 1	300,09	 65,01	  -2,1	  -1,4	  -9,1	  -8,8	 -13,7	  -7,1
*	    75,5467	 1	299,67	 69,94	  -1,7	  -0,9	  -8,7	  -8,3	 -13,3	  -6,7
*	    85,0600	 1	303,04	 52,37	  -4,4	  -3,6	 -11,4	 -11,0	 -16,0	  -9,5
*	    75,6120	 1	237,68	 74,55	 -17,1	  -8,0	  -0,6	   3,1	  -2,4	  -9,4
*	    76,2449	 1	237,37	 70,97	 -17,3	  -8,2	  -0,8	   3,0	  -2,6	  -9,6
*	    77,1434	 1	237,06	 67,49	 -17,6	  -8,5	  -1,0	   2,7	  -2,8	  -9,9
*	    78,2993	 1	236,74	 64,12	 -17,9	  -8,8	  -1,4	   2,3	  -3,2	 -10,3
*	    79,7020	 1	236,42	 60,88	 -18,3	  -9,2	  -1,8	   1,9	  -3,6	 -10,7
*	    81,3402	 1	236,09	 57,79	 -18,8	  -9,7	  -2,2	   1,5	  -4,1	 -11,2
*	    83,2013	 1	235,75	 54,83	 -19,3	 -10,2	  -2,8	   0,9	  -4,6	 -11,7
*	    85,2723	 1	235,41	 52,04	 -19,9	 -10,8	  -3,3	   0,4	  -5,1	 -12,3
*	    87,5399	 1	235,06	 49,40	 -20,5	 -11,4	  -3,9	  -0,2	  -5,8	 -12,9
*	    89,9910	 1	234,71	 46,91	 -21,1	 -12,0	  -4,6	  -0,8	  -6,4	 -13,5
*	    92,6129	 1	234,35	 44,57	 -21,8	 -12,7	  -5,2	  -1,5	  -7,1	 -14,2
*	    95,3931	 1	233,98	 42,38	 -22,4	 -13,3	  -5,9	  -2,2	  -7,7	 -14,9
*	    75,9799	 1	280,51	 54,93	  -3,3	  -2,5	 -10,2	  -9,9	 -14,8	  -8,2
*	    80,5287	 1	296,05	 59,50	  -3,1	  -2,3	 -10,0	  -9,7	 -14,7	  -8,1
*	    78,5332	 1	295,68	 64,09	  -2,5	  -1,7	  -9,4	  -9,1	 -14,1	  -7,5
*	    77,0345	 1	295,32	 68,94	  -2,0	  -1,3	  -9,0	  -8,7	 -13,6	  -7,0
*	    77,1062	 1	254,52	 55,53	  -3,6	  -2,8	 -10,5	 -10,2	 -15,2	  -8,6
*	    78,9780	 1	243,49	 64,26	  -2,5	  -1,8	  -9,5	  -9,2	 -14,1	  -7,6
*	    77,4872	 1	243,85	 69,07	  -2,1	  -1,3	  -9,1	  -8,7	 -13,7	  -7,1
*	    80,6016	 1	294,56	 57,27	  -4,7	  -3,9	 -11,6	 -11,3	 -16,3	  -9,7
*	    80,6064	 1	294,56	 57,27	  -4,7	  -3,9	 -11,7	 -11,3	 -16,3	  -9,7
*	    82,5311	 1	252,98	 52,42	 -14,7	  -7,7	  -0,3	   0,2	  -4,7	 -11,3
*	    83,9043	 1	252,86	 50,57	 -15,1	  -8,0	  -0,7	  -0,1	  -5,1	 -11,7
*	    85,3621	 1	252,73	 48,78	 -15,5	  -8,4	  -1,1	  -0,5	  -5,5	 -12,1
*	    82,6738	 1	287,61	 52,51	 -14,7	  -7,7	  -0,4	   0,2	  -4,7	 -11,4
*	    84,0449	 1	287,74	 50,65	 -15,1	  -8,1	  -0,7	  -0,2	  -5,1	 -11,8
*	    85,5005	 1	287,86	 48,88	 -15,5	  -8,5	  -1,1	  -0,6	  -5,5	 -12,2
*	    82,8224	 1	285,86	 52,46	 -17,9	 -10,9	  -3,6	  -3,0	  -7,9	 -14,6
*	    84,1917	 1	285,97	 50,62	 -18,3	 -11,3	  -4,0	  -3,4	  -8,3	 -15,0
*	    85,6454	 1	286,09	 48,83	 -18,7	 -11,7	  -4,4	  -3,8	  -8,7	 -15,4
*	    87,0269	 1	272,24	 40,34	  -4,7	  -3,9	 -11,7	 -11,3	 -16,3	  -9,8
*	    83,1876	 1	272,21	 43,84	  -3,7	  -2,9	 -10,6	 -10,3	 -15,3	  -8,7
*	    87,0689	 1	266,59	 40,37	  -4,7	  -3,9	 -11,7	 -11,3	 -16,3	  -9,8
*	    83,2312	 1	266,65	 43,87	  -3,7	  -2,9	 -10,6	 -10,3	 -15,3	  -8,7
*	    83,4708	 1	254,52	 52,67	 -18,1	 -11,1	  -3,7	  -3,2	  -8,1	 -14,7
*	    84,8311	 1	254,41	 50,83	 -18,5	 -11,4	  -4,1	  -3,5	  -8,5	 -15,1
*	    86,2755	 1	254,30	 49,06	 -18,9	 -11,8	  -4,5	  -3,9	  -8,9	 -15,5
*	    87,3849	 1	277,84	 40,61	  -4,8	  -4,0	 -11,8	 -11,4	 -16,4	  -9,9
*	    83,5602	 1	277,71	 44,10	  -3,8	  -3,0	 -10,7	 -10,4	 -15,4	  -8,8
*	    88,8211	 1	247,03	 49,96	 -20,8	 -16,1	  -3,0	  -1,7	  -4,8	  -9,7
*	    85,2062	 1	258,34	 47,91	 -19,9	 -15,1	  -2,0	  -0,7	  -3,8	  -8,8
*	    91,4200	 1	259,80	 50,22	 -21,4	 -16,7	  -3,6	  -2,3	  -5,4	 -10,4
*	    97,7522	 1	261,00	 52,27	 -22,9	 -18,2	  -5,1	  -3,8	  -7,0	 -12,0
*	    84,1378	 1	264,55	 47,28	 -19,6	 -14,8	  -1,7	  -0,4	  -3,6	  -8,5
*	    90,4151	 1	265,42	 49,72	 -21,2	 -16,5	  -3,4	  -2,1	  -5,2	 -10,1
*	    96,8047	 1	266,15	 51,87	 -22,7	 -18,0	  -4,9	  -3,6	  -6,7	 -11,7
*	    83,5868	 1	270,97	 47,01	 -19,4	 -14,7	  -1,6	  -0,3	  -3,4	  -8,3
*	    89,8973	 1	271,20	 49,50	 -21,0	 -16,3	  -3,2	  -1,9	  -5,0	 -10,0
*	    96,3168	 1	271,41	 51,69	 -22,6	 -17,9	  -4,8	  -3,5	  -6,6	 -11,6
*	    83,5623	 1	277,44	 47,08	 -19,4	 -14,7	  -1,6	  -0,3	  -3,4	  -8,3
*	    89,8740	 1	277,04	 49,57	 -21,0	 -16,3	  -3,2	  -1,9	  -5,0	 -10,0
*	    96,2945	 1	276,70	 51,76	 -22,6	 -17,9	  -4,8	  -3,5	  -6,6	 -11,6
*	    84,0643	 1	283,82	 47,52	 -19,6	 -14,8	  -1,7	  -0,4	  -3,5	  -8,5
*	    90,3453	 1	282,79	 49,92	 -21,2	 -16,4	  -3,3	  -2,0	  -5,2	 -10,1
*	    96,7382	 1	281,95	 52,06	 -22,7	 -18,0	  -4,9	  -3,6	  -6,7	 -11,7
*	    85,0843	 1	289,93	 48,29	 -19,8	 -15,1	  -2,0	  -0,7	  -3,8	  -8,7
*	    86,6056	 1	295,69	 49,33	 -20,2	 -15,5	  -2,4	  -1,1	  -4,2	  -9,2
*	    87,5104	 1	261,02	 40,70	  -4,8	  -4,1	 -11,8	 -11,5	 -16,4	  -9,9
*	    83,6908	 1	261,17	 44,19	  -3,8	  -3,0	 -10,8	 -10,4	 -15,4	  -8,9
*	    84,3444	 1	283,04	 44,66	  -4,0	  -3,2	 -11,0	 -10,6	 -15,6	  -9,1
*	    84,5600	 1	255,89	 44,80	  -4,1	  -3,3	 -11,0	 -10,7	 -15,7	  -9,1
*	    85,5301	 1	288,12	 45,46	  -4,3	  -3,6	 -11,3	 -11,0	 -16,0	  -9,4
*	    85,8280	 1	250,89	 45,65	  -4,4	  -3,7	 -11,4	 -11,1	 -16,0	  -9,5
*	    87,9913	 1	244,81	 54,90	 -16,9	  -9,9	  -2,6	  -2,0	  -6,9	 -13,6
*	    86,3860	 1	242,60	 54,57	 -16,5	  -9,5	  -2,1	  -1,6	  -6,5	 -13,2
*	    88,1020	 1	295,14	 54,86	 -16,9	  -9,9	  -2,6	  -2,0	  -6,9	 -13,6
*	    86,5025	 1	297,36	 54,54	 -16,5	  -9,5	  -2,2	  -1,6	  -6,5	 -13,2
*	    87,1025	 1	292,84	 46,46	  -4,8	  -4,0	 -11,8	 -11,4	 -16,4	  -9,9
s	    93,5163	 3	300,16	 50,55	  22,8	  15,7	 -22,2	 -21,9	 -18,4	   5,1
s	   104,6779	 3	 90,00	 15,98	  19,8	  21,6	  -3,5	  -3,0	   8,9	   9,9
s	   118,2654	 3	147,42	 69,00	  21,0	  13,9	 -24,0	 -23,7	 -20,3	   3,1
s	   118,8913	 3	 54,91	 71,66	  21,0	  13,9	 -24,1	 -23,8	 -20,4	   3,0
s	   118,8979	 3	124,46	 71,72	  21,0	  13,9	 -24,1	 -23,8	 -20,4	   3,0
s	   119,0739	 3	 78,00	 73,16	  21,0	  13,9	 -24,1	 -23,8	 -20,4	   3,0
s	   119,0776	 3	101,27	 73,19	  21,0	  13,9	 -24,1	 -23,8	 -20,4	   3,0
s	   133,9497	 3	332,65	 63,14	  20,1	  13,0	 -25,0	 -24,7	 -21,3	   2,0
#END
