#HEADER
CATT-Acoustic v8.0b    Copyright © CATT 1988-2003

 Project                : Auditorio

 GEOMETRICAL INFORMATION
 Src id and loc     [m] :   A1          -9,000        0,000        0,000
 Rec id and loc     [m] :   42          -1,050        3,000       -0,350

 42       24,7708

 VARIABLE SOURCE DATA
 Directivity
   Type (library)       :  OMNI.SD0
   Dir. Index (DI) [dB] :       0,0      0,0      0,0      0,0      0,0      0,0
 Level
   On axis 1m      [dB] :      58,0     64,0     70,3     70,7     65,9     59,9
   Total power     [dB] :      68,9     74,9     81,2     81,6     76,8     70,8
   Auxiliary delay [ms] :       0,0

 VARIABLE AIR DATA
 Temperature       [°C] :      20
 Relative humidity  [%] :      50
 Density        [kg/m³] :       1,2
 Sound speed      [m/s] :     343
 Impedance      [Ns/m³] :     412
 Diss. coeff. [0.001/m] :      0,10     0,30     0,63     1,07     2,28     6,83      (estimated)

#DATAFIELDS
 TYPE DELAY ORDER AZIMUTH ELEVATION SPL125 SPL250 SPL500 SPL1K SPL2K SPL4K
#DATA
d	     0,0000	 0	 90,00	 90,00	  39,4	  45,4	  51,7	  52,1	  47,2	  41,1
s	     0,3507	 1	 90,00	102,23	  37,5	  43,2	  48,8	  47,2	  41,0	  34,6
*	    26,1816	 1	125,71	 95,89	 -12,8	  -5,7	   1,6	   2,2	  -2,6	  -8,9
*	    18,9325	 1	121,05	 96,47	  -8,3	  -1,3	   6,1	   6,7	   1,9	  -4,4
*	    20,7380	 1	115,02	 96,19	  -8,7	  -1,6	   5,7	   6,3	   1,5	  -4,8
*	    12,1408	 1	115,19	 97,13	  -3,2	   3,9	  11,2	  11,8	   7,0	   0,8
*	    13,9103	 1	109,12	 96,69	  -3,1	   4,0	  11,3	  11,9	   7,1	   0,9
*	     6,2006	 1	107,75	 97,86	   2,5	   9,6	  17,0	  17,6	  12,8	   6,6
*	     7,6865	 1	102,00	 97,19	   4,2	  11,2	  18,6	  19,2	  14,4	   8,2
*	    11,8221	 1	 97,61	 96,62	   1,4	   8,5	  15,8	  16,4	  11,6	   5,4
*	     2,0562	 1	 98,42	 98,59	   7,2	  14,3	  21,6	  22,3	  17,4	  11,3
*	     3,0133	 1	 93,54	 97,64	  12,4	  19,4	  26,8	  27,4	  22,6	  16,4
*	     7,7388	 1	 90,01	 96,91	   7,7	  14,7	  22,1	  22,7	  17,9	  11,7
*	     1,0048	 1	 87,04	 99,16	   7,1	  14,2	  21,6	  22,2	  17,4	  11,2
*	     2,6116	 1	 83,80	 97,95	  10,0	  17,1	  24,5	  25,1	  20,3	  14,1
*	     7,3783	 1	 81,55	 97,09	   6,0	  13,1	  20,4	  21,1	  16,3	  10,1
*	     2,7795	 1	 74,05	 99,38	   3,6	  10,7	  18,0	  18,7	  13,9	   7,7
*	     5,3455	 1	 73,14	 98,03	   3,3	  10,3	  17,7	  18,3	  13,5	   7,3
*	     6,3611	 1	 60,54	 99,13	  -0,5	   6,6	  14,0	  14,6	   9,8	   3,6
*	     9,3649	 1	 62,21	 97,84	  -2,0	   5,1	  12,4	  13,0	   8,2	   2,0
*	    11,2139	 1	 47,95	 98,42	  -4,5	   2,5	   9,9	  10,5	   5,7	  -0,5
*	    14,2925	 1	 51,77	 97,38	  -6,3	   0,8	   8,1	   8,7	   3,9	  -2,3
*	    17,0122	 1	 37,19	 97,50	  -8,5	  -1,4	   5,9	   6,5	   1,7	  -4,6
s	     2,9319	 1	230,85	 86,06	  36,6	  42,3	  48,0	  46,4	  40,2	  33,8
*	     8,4483	 1	321,28	 89,54	  12,0	  17,9	  23,8	  26,2	  21,9	  15,1
*	     5,8015	 1	310,70	 89,81	  18,1	  24,0	  29,9	  32,3	  28,0	  21,2
*	     3,6035	 1	280,15	 90,53	  26,1	  32,0	  37,9	  40,2	  36,0	  29,2
*	     2,9998	 1	216,76	 91,39	  26,1	  32,1	  38,0	  40,3	  36,0	  29,3
*	     3,9529	 1	187,42	 91,26	  18,8	  24,7	  30,6	  33,0	  28,7	  21,9
*	     5,3628	 1	177,17	 91,13	  13,4	  19,3	  25,2	  27,6	  23,3	  16,5
*	     6,9950	 1	172,30	 91,06	   9,5	  15,4	  21,3	  23,6	  19,4	  12,6
*	     8,8043	 1	169,50	 91,02	   6,4	  12,3	  18,2	  20,5	  16,3	   9,5
*	    10,7771	 1	167,69	 90,99	   3,8	   9,7	  15,6	  17,9	  13,7	   6,9
*	    12,9058	 1	166,41	 90,96	   1,6	   7,5	  13,4	  15,7	  11,4	   4,6
*	    15,1835	 1	165,48	 90,95	  -0,5	   5,4	  11,3	  13,7	   9,4	   2,5
*	    17,6027	 1	164,76	 90,93	  -2,3	   3,6	   9,5	  11,8	   7,5	   0,7
*	    20,1545	 1	164,20	 90,92	  -4,1	   1,8	   7,7	  10,0	   5,8	  -1,1
*	    22,8292	 1	163,74	 90,91	  -5,7	   0,2	   6,1	   8,4	   4,1	  -2,8
*	    25,6167	 1	163,36	 90,91	  -7,3	  -1,4	   4,5	   6,8	   2,5	  -4,4
*	     5,2348	 1	 11,87	 98,18	  -2,2	   3,7	   9,6	  11,9	   7,7	   0,9
*	     6,4791	 1	344,93	 93,34	  -5,9	   0,0	   5,9	   8,2	   4,0	  -2,8
s	     6,7307	 1	 83,56	 90,49	  35,5	  36,3	  28,6	  29,0	  24,1	  31,2
*	    24,8638	 1	 83,95	 59,82	   2,9	   3,6	  -4,1	  -3,7	  -8,6	  -1,7
*	    24,5548	 1	 77,07	 58,69	   2,8	   3,5	  -4,2	  -3,8	  -8,7	  -1,8
*	    19,7318	 1	 83,92	 65,32	   6,5	   7,2	  -0,5	  -0,1	  -5,0	   2,0
*	    19,5178	 1	 77,00	 64,30	   6,2	   6,9	  -0,8	  -0,4	  -5,3	   1,7
*	    14,9976	 1	 83,89	 71,42	  10,7	  11,5	   3,8	   4,2	  -0,7	   6,2
*	    14,9649	 1	 76,93	 70,56	  10,0	  10,7	   3,0	   3,4	  -1,5	   5,5
*	    10,8224	 1	 83,86	 78,04	  15,9	  16,7	   9,0	   9,3	   4,5	  11,5
*	    11,1254	 1	 76,86	 77,41	  14,1	  14,9	   7,2	   7,5	   2,7	   9,7
*	     7,6550	 1	 83,83	 85,08	  21,8	  22,6	  14,9	  15,2	  10,4	  17,4
*	     8,4817	 1	 76,79	 84,72	  17,8	  18,6	  10,9	  11,3	   6,4	  13,4
*	     6,8461	 1	 83,79	 92,35	  23,6	  24,4	  16,7	  17,1	  12,2	  19,3
*	     7,8494	 1	 76,72	 92,30	  18,7	  19,5	  11,8	  12,2	   7,3	  14,3
*	    29,9988	 1	 75,44	 53,49	  -0,4	   0,4	  -7,3	  -7,0	 -11,9	  -5,0
*	    30,1376	 1	 82,41	 54,61	  -0,3	   0,5	  -7,2	  -6,8	 -11,7	  -4,9
*	    35,6498	 1	 75,52	 49,13	  -3,2	  -2,4	 -10,1	  -9,7	 -14,6	  -7,8
*	    35,8315	 1	 82,45	 50,27	  -3,1	  -2,4	 -10,1	  -9,7	 -14,6	  -7,8
*	    12,1035	 1	298,19	 84,79	  12,7	  18,6	  24,5	  26,8	  22,5	  15,7
*	    10,0155	 1	283,66	 83,79	  15,9	  21,9	  27,8	  30,1	  25,8	  19,0
*	     8,5413	 1	261,80	 83,05	  18,4	  24,3	  30,2	  32,6	  28,3	  21,5
*	     7,9725	 1	235,80	 83,44	  18,6	  24,6	  30,4	  32,8	  28,5	  21,7
*	     8,3093	 1	214,26	 84,79	  16,6	  22,6	  28,4	  30,8	  26,5	  19,7
*	     9,2705	 1	200,00	 86,09	  13,9	  19,8	  25,7	  28,0	  23,7	  16,9
*	    10,6214	 1	190,94	 87,05	  11,1	  17,0	  22,9	  25,3	  21,0	  14,2
*	    12,2409	 1	184,93	 87,73	   8,6	  14,6	  20,5	  22,8	  18,5	  11,7
*	    14,0708	 1	180,75	 88,23	   6,4	  12,3	  18,2	  20,6	  16,3	   9,5
*	    16,0800	 1	177,70	 88,59	   4,4	  10,3	  16,2	  18,6	  14,3	   7,4
*	    18,2496	 1	175,40	 88,87	   2,6	   8,5	  14,4	  16,7	  12,4	   5,6
*	    20,5656	 1	173,60	 89,08	   0,8	   6,8	  12,6	  15,0	  10,7	   3,8
*	    23,0162	 1	172,15	 89,26	  -0,8	   5,1	  11,0	  13,3	   9,0	   2,1
*	    25,5906	 1	170,97	 89,41	  -2,3	   3,6	   9,5	  11,8	   7,5	   0,6
*	    28,2786	 1	169,98	 89,53	  -3,8	   2,1	   8,0	  10,3	   6,0	  -0,9
*	    27,7475	 1	 98,44	 61,97	   1,8	   2,6	  -5,1	  -4,8	  -9,7	  -2,8
*	    26,0183	 1	 92,11	 61,03	   2,7	   3,5	  -4,2	  -3,8	  -8,7	  -1,9
*	    22,9145	 1	 98,48	 67,23	   5,0	   5,8	  -1,9	  -1,6	  -6,5	   0,4
*	    20,9601	 1	 92,12	 66,39	   6,3	   7,0	  -0,7	  -0,3	  -5,2	   1,7
*	    18,5680	 1	 98,52	 72,97	   8,5	   9,3	   1,6	   2,0	  -2,9	   4,0
*	    16,3022	 1	 92,13	 72,29	  10,4	  11,2	   3,5	   3,9	  -1,0	   5,9
*	    14,9331	 1	 98,56	 79,14	  12,3	  13,1	   5,4	   5,8	   0,9	   7,9
*	    12,2101	 1	 92,14	 78,67	  15,4	  16,2	   8,5	   8,9	   4,0	  11,0
*	    12,4685	 1	 98,60	 85,65	  15,6	  16,4	   8,7	   9,1	   4,2	  11,2
*	     9,1398	 1	 92,16	 85,41	  21,0	  21,8	  14,1	  14,4	   9,6	  16,6
*	    11,8912	 1	 98,65	 92,33	  16,4	  17,2	   9,5	   9,9	   5,0	  12,0
*	     8,3682	 1	 92,17	 92,36	  22,7	  23,4	  15,8	  16,1	  11,3	  18,3
*	    39,3064	 1	 98,36	 52,35	  -4,2	  -3,4	 -11,1	 -10,8	 -15,7	  -8,9
*	    37,9118	 1	 92,09	 51,29	  -3,6	  -2,8	 -10,5	 -10,2	 -15,1	  -8,3
*	    33,7864	 1	 98,40	 56,52	  -1,6	  -0,8	  -8,5	  -8,1	 -13,0	  -6,2
*	    32,2552	 1	 92,10	 55,49	  -0,9	  -0,1	  -7,8	  -7,4	 -12,3	  -5,5
*	     9,7531	 1	 16,34	 97,28	  -7,0	  -1,1	   4,8	   7,1	   2,8	  -4,0
s	     9,7550	 2	236,30	 86,34	  34,0	  34,5	  26,3	  26,0	  20,7	  27,3
*	     9,8514	 1	 26,16	 98,72	  -6,0	  -0,1	   5,8	   8,1	   3,9	  -3,0
s	    10,1944	 2	233,20	 86,44	  33,9	  34,4	  26,2	  25,9	  20,6	  27,2
*	    10,2448	 1	  3,05	 94,98	  -9,1	  -3,1	   2,7	   5,1	   0,8	  -6,0
*	    13,1953	 1	 57,74	 97,29	  10,8	  11,6	   3,9	   4,3	  -0,6	   6,4
*	    11,1172	 1	 65,73	 97,25	  13,5	  14,3	   6,6	   7,0	   2,1	   9,1
*	    12,7447	 1	 57,92	 88,93	  11,2	  12,0	   4,3	   4,7	  -0,2	   6,8
*	    10,5597	 1	 65,86	 89,20	  14,1	  14,9	   7,2	   7,6	   2,7	   9,7
*	    13,6996	 1	 58,11	 80,69	  10,5	  11,3	   3,6	   3,9	  -0,9	   6,0
*	    11,6441	 1	 66,00	 81,26	  13,1	  13,9	   6,2	   6,6	   1,7	   8,7
*	    15,9436	 1	 58,29	 72,90	   8,8	   9,6	   1,9	   2,3	  -2,6	   4,4
*	    14,1683	 1	 66,13	 73,71	  10,9	  11,6	   3,9	   4,3	  -0,6	   6,4
*	    19,2427	 1	 58,46	 65,77	   6,6	   7,4	  -0,3	   0,0	  -4,8	   2,1
*	    17,7721	 1	 66,26	 66,77	   8,1	   8,8	   1,1	   1,5	  -3,4	   3,6
*	    23,3513	 1	 58,64	 59,43	   4,1	   4,9	  -2,8	  -2,5	  -7,3	  -0,4
*	    22,1445	 1	 66,39	 60,54	   5,1	   5,9	  -1,8	  -1,4	  -6,3	   0,6
*	    28,0667	 1	 58,82	 53,86	   1,5	   2,3	  -5,4	  -5,0	  -9,9	  -3,1
*	    27,0691	 1	 66,52	 55,05	   2,3	   3,1	  -4,7	  -4,3	  -9,2	  -2,3
*	    42,6115	 1	 68,52	 43,51	  -4,9	  -4,1	 -11,8	 -11,5	 -16,4	  -9,6
*	    36,7684	 1	 68,40	 47,26	  -2,4	  -1,7	  -9,4	  -9,0	 -13,9	  -7,1
*	    37,3374	 1	 60,92	 45,93	  -2,8	  -2,0	  -9,7	  -9,4	 -14,3	  -7,5
*	    31,1669	 1	 68,28	 51,54	   0,2	   1,0	  -6,7	  -6,4	 -11,3	  -4,4
*	    31,8546	 1	 60,76	 50,22	  -0,3	   0,5	  -7,2	  -6,9	 -11,8	  -4,9
*	    11,4971	 1	346,57	 91,72	 -13,8	  -7,9	  -2,0	   0,4	  -3,9	 -10,7
*	    13,3636	 1	331,37	 96,06	  -7,8	  -1,9	   4,0	   6,3	   2,0	  -4,8
*	    13,6200	 1	331,14	102,44	   2,8	   8,7	  14,6	  17,0	  12,7	   5,8
*	    13,7547	 1	328,49	 94,53	   4,4	  10,3	  16,2	  18,5	  14,3	   7,4
*	    18,0898	 1	 38,76	 97,21	   8,5	   9,3	   1,6	   2,0	  -2,9	   4,0
*	    15,7594	 1	 47,56	 97,30	  10,2	  11,0	   3,3	   3,6	  -1,2	   5,7
*	    17,7599	 1	 39,05	 88,16	   8,7	   9,5	   1,8	   2,2	  -2,7	   4,2
*	    15,3869	 1	 47,80	 88,53	  10,5	  11,2	   3,5	   3,9	  -1,0	   6,0
*	    18,5807	 1	 39,34	 79,27	   8,2	   9,0	   1,3	   1,7	  -3,2	   3,7
*	    16,2536	 1	 48,04	 79,90	   9,9	  10,7	   3,0	   3,3	  -1,5	   5,4
*	    20,4903	 1	 39,63	 70,95	   7,1	   7,9	   0,2	   0,5	  -4,3	   2,6
*	    18,2835	 1	 48,28	 71,79	   8,6	   9,4	   1,7	   2,0	  -2,8	   4,1
*	    23,3591	 1	 39,91	 63,44	   5,5	   6,3	  -1,4	  -1,1	  -6,0	   0,9
*	    21,3165	 1	 48,52	 64,43	   6,8	   7,6	  -0,1	   0,2	  -4,7	   2,3
*	    27,0276	 1	 40,19	 56,83	   3,6	   4,4	  -3,4	  -3,0	  -7,9	  -1,0
*	    25,1636	 1	 48,76	 57,93	   4,7	   5,4	  -2,3	  -1,9	  -6,8	   0,1
*	    31,3387	 1	 40,47	 51,14	   1,5	   2,3	  -5,4	  -5,1	 -10,0	  -3,1
*	    29,6479	 1	 48,99	 52,29	   2,4	   3,1	  -4,6	  -4,2	  -9,1	  -2,2
*	    44,2022	 1	 51,47	 40,73	  -3,8	  -3,1	 -10,8	 -10,4	 -15,4	  -8,6
*	    45,3539	 1	 43,24	 39,47	  -4,3	  -3,6	 -11,3	 -10,9	 -15,8	  -9,1
*	    38,5895	 1	 51,26	 44,42	  -1,6	  -0,8	  -8,6	  -8,2	 -13,1	  -6,3
*	    39,8592	 1	 42,98	 43,14	  -2,2	  -1,4	  -9,1	  -8,8	 -13,7	  -6,9
*	    33,2793	 1	 51,04	 48,73	   0,7	   1,5	  -6,2	  -5,9	 -10,8	  -4,0
*	    34,6859	 1	 42,71	 47,45	  -0,0	   0,8	  -6,9	  -6,6	 -11,5	  -4,7
*	    16,3838	 1	104,93	 96,38	  12,7	  13,5	   5,8	   6,2	   1,3	   8,2
*	    20,2884	 1	111,07	 96,18	   9,0	   9,8	   2,1	   2,4	  -2,5	   4,5
*	    15,7967	 1	104,86	 89,91	  13,4	  14,2	   6,5	   6,9	   2,0	   9,0
*	    19,8274	 1	110,97	 89,90	   9,4	  10,2	   2,5	   2,9	  -2,0	   4,9
*	    16,8550	 1	104,79	 83,49	  12,4	  13,1	   5,4	   5,8	   0,9	   7,9
*	    20,7102	 1	110,88	 83,68	   8,7	   9,5	   1,8	   2,2	  -2,7	   4,2
*	    19,3240	 1	104,72	 77,29	  10,0	  10,8	   3,1	   3,5	  -1,4	   5,5
*	    22,8162	 1	110,79	 77,65	   7,1	   7,9	   0,2	   0,6	  -4,3	   2,6
*	    22,8093	 1	104,66	 71,43	   7,2	   8,0	   0,3	   0,6	  -4,3	   2,6
*	    25,9074	 1	110,70	 71,94	   5,0	   5,8	  -1,9	  -1,6	  -6,5	   0,4
*	    27,0030	 1	104,59	 65,98	   4,3	   5,1	  -2,6	  -2,2	  -7,1	  -0,2
*	    29,7490	 1	110,61	 66,62	   2,7	   3,4	  -4,3	  -3,9	  -8,8	  -1,9
*	    31,7087	 1	104,52	 61,01	   1,6	   2,4	  -5,3	  -5,0	  -9,9	  -3,0
*	    34,1591	 1	110,52	 61,72	   0,3	   1,1	  -6,6	  -6,3	 -11,2	  -4,3
*	    43,6643	 1	111,73	 54,30	  -4,0	  -3,2	 -10,9	 -10,6	 -15,5	  -8,7
*	    41,4615	 1	105,85	 53,44	  -3,1	  -2,3	 -10,0	  -9,6	 -14,6	  -7,8
*	    38,5964	 1	111,82	 58,39	  -1,8	  -1,0	  -8,7	  -8,4	 -13,3	  -6,5
*	    36,1704	 1	105,92	 57,58	  -0,7	   0,1	  -7,6	  -7,2	 -12,1	  -5,3
*	    23,1995	 1	 18,20	 92,32	   7,5	   8,2	   0,5	   0,9	  -4,0	   2,9
*	    20,6521	 1	 27,65	 92,64	   8,7	   9,5	   1,8	   2,2	  -2,7	   4,2
*	    23,4152	 1	 18,57	 82,78	   7,3	   8,1	   0,4	   0,8	  -4,1	   2,8
*	    20,8667	 1	 28,00	 83,29	   8,6	   9,4	   1,7	   2,0	  -2,9	   4,1
*	    24,6498	 1	 18,95	 73,67	   6,6	   7,4	  -0,3	   0,1	  -4,8	   2,1
*	    22,1444	 1	 28,34	 74,32	   7,9	   8,6	   0,9	   1,3	  -3,6	   3,3
*	    26,8248	 1	 19,32	 65,37	   5,5	   6,3	  -1,5	  -1,1	  -6,0	   0,9
*	    24,4007	 1	 28,67	 66,12	   6,6	   7,4	  -0,3	   0,1	  -4,8	   2,1
*	    29,8229	 1	 19,69	 58,06	   4,0	   4,7	  -3,0	  -2,6	  -7,5	  -0,6
*	    27,5078	 1	 29,01	 58,90	   5,0	   5,8	  -1,9	  -1,5	  -6,4	   0,4
*	    33,5137	 1	 20,05	 51,78	   2,2	   3,0	  -4,7	  -4,3	  -9,2	  -2,4
*	    31,3241	 1	 29,34	 52,65	   3,2	   3,9	  -3,8	  -3,4	  -8,3	  -1,5
*	    37,7732	 1	 20,42	 46,45	   0,4	   1,2	  -6,6	  -6,2	 -11,1	  -4,3
*	    35,7152	 1	 29,68	 47,32	   1,2	   2,0	  -5,7	  -5,4	 -10,3	  -3,5
*	    47,1751	 1	 32,61	 38,17	  -3,3	  -2,6	 -10,3	  -9,9	 -14,8	  -8,1
*	    48,7983	 1	 23,56	 37,16	  -3,9	  -3,1	 -10,8	 -10,5	 -15,4	  -8,7
*	    41,8336	 1	 32,29	 41,83	  -1,3	  -0,5	  -8,3	  -7,9	 -12,8	  -6,0
*	    43,5726	 1	 23,20	 40,78	  -2,0	  -1,2	  -8,9	  -8,5	 -13,5	  -6,7
*	    36,8291	 1	 31,97	 46,11	   0,7	   1,5	  -6,2	  -5,9	 -10,8	  -4,0
*	    38,6906	 1	 22,85	 45,06	  -0,0	   0,8	  -7,0	  -6,6	 -11,5	  -4,7
s	    24,5723	 1	  7,36	 89,12	  30,7	  34,8	  40,3	  39,8	  35,2	  29,5
*	    24,7366	 1	  8,30	 94,71	  -0,3	   8,8	  16,2	  20,0	  14,5	   7,8
*	    24,5917	 1	  8,59	 87,60	  -0,3	   8,8	  16,3	  20,1	  14,6	   7,8
*	    24,9614	 1	  8,88	 80,58	  -0,5	   8,6	  16,1	  19,8	  14,4	   7,6
*	    25,8316	 1	  9,17	 73,84	  -1,0	   8,1	  15,6	  19,3	  13,9	   7,1
*	    27,1732	 1	  9,46	 67,54	  -1,7	   7,4	  14,9	  18,6	  13,2	   6,4
*	    28,9464	 1	  9,75	 61,77	  -2,6	   6,5	  13,9	  17,7	  12,2	   5,4
*	    31,1063	 1	 10,04	 56,58	  -3,7	   5,4	  12,9	  16,6	  11,1	   4,3
*	    33,6071	 1	 10,32	 51,94	  -4,9	   4,2	  11,7	  15,4	   9,9	   3,1
*	    36,4052	 1	 10,61	 47,83	  -6,2	   2,9	  10,4	  14,1	   8,7	   1,8
*	    39,4607	 1	 10,90	 44,19	  -7,5	   1,6	   9,1	  12,8	   7,4	   0,5
*	    42,7383	 1	 11,18	 40,99	  -8,8	   0,3	   7,8	  11,5	   6,0	  -0,9
*	    46,2071	 1	 11,47	 38,16	 -10,1	  -1,0	   6,4	  10,2	   4,7	  -2,2
*	    49,8407	 1	 11,75	 35,65	 -11,5	  -2,4	   5,1	   8,8	   3,4	  -3,6
*	    53,6165	 1	 12,04	 33,41	 -12,8	  -3,7	   3,8	   7,5	   2,0	  -4,9
s	    24,7492	 2	  7,11	 95,28	  29,9	  33,8	  38,7	  37,5	  32,6	  26,4
*	    39,9148	 1	124,65	 64,92	  -0,1	   0,7	  -7,0	  -6,7	 -11,6	  -4,8
*	    36,7530	 1	119,03	 64,38	   1,4	   2,2	  -5,5	  -5,2	 -10,1	  -3,3
*	    36,3838	 1	124,79	 69,75	   1,5	   2,3	  -5,4	  -5,1	 -10,0	  -3,2
*	    32,9665	 1	119,15	 69,30	   3,3	   4,0	  -3,7	  -3,3	  -8,2	  -1,4
*	    33,5001	 1	124,93	 74,92	   2,9	   3,7	  -4,1	  -3,7	  -8,6	  -1,8
*	    29,8336	 1	119,27	 74,59	   4,9	   5,7	  -2,0	  -1,6	  -6,5	   0,3
*	    31,3809	 1	125,06	 80,41	   4,0	   4,7	  -3,0	  -2,6	  -7,5	  -0,7
*	    27,5019	 1	119,39	 80,22	   6,3	   7,0	  -0,7	  -0,3	  -5,2	   1,7
*	    30,1335	 1	125,20	 86,12	   4,6	   5,4	  -2,3	  -2,0	  -6,9	  -0,0
*	    26,1180	 1	119,51	 86,07	   7,1	   7,9	   0,2	   0,5	  -4,4	   2,5
*	    29,8306	 1	125,34	 91,94	   4,8	   5,5	  -2,2	  -1,8	  -6,7	   0,1
*	    25,7876	 1	119,63	 92,06	   7,3	   8,1	   0,3	   0,7	  -4,2	   2,7
*	    51,7096	 1	118,66	 51,50	  -4,6	  -3,9	 -11,6	 -11,2	 -16,2	  -9,5
*	    49,2461	 1	124,37	 55,81	  -3,8	  -3,0	 -10,7	 -10,4	 -15,3	  -8,6
*	    46,5867	 1	118,78	 55,15	  -2,7	  -2,0	  -9,7	  -9,3	 -14,3	  -7,5
*	    44,6735	 1	124,50	 59,80	  -2,0	  -1,3	  -9,0	  -8,6	 -13,6	  -6,8
*	    41,7930	 1	118,89	 59,19	  -0,8	  -0,0	  -7,8	  -7,4	 -12,3	  -5,5
*	    27,1348	 1	359,88	 93,10	  -0,8	   8,2	  15,7	  19,5	  14,0	   7,2
*	    27,0863	 1	  0,17	 86,02	  -0,8	   8,3	  15,8	  19,5	  14,0	   7,3
*	    27,5346	 1	  0,47	 79,04	  -1,1	   8,0	  15,5	  19,2	  13,8	   7,0
*	    28,4635	 1	  0,76	 72,39	  -1,6	   7,5	  15,0	  18,7	  13,3	   6,5
*	    29,8429	 1	  1,05	 66,19	  -2,3	   6,8	  14,2	  18,0	  12,5	   5,7
*	    31,6343	 1	  1,34	 60,53	  -3,3	   5,8	  13,3	  17,1	  11,6	   4,8
*	    33,7947	 1	  1,64	 55,44	  -4,3	   4,8	  12,3	  16,0	  10,6	   3,7
*	    36,2812	 1	  1,93	 50,91	  -5,5	   3,6	  11,1	  14,9	   9,4	   2,5
*	    39,0532	 1	  2,22	 46,89	  -6,7	   2,4	   9,9	  13,6	   8,2	   1,3
*	    42,0735	 1	  2,51	 43,33	  -7,9	   1,2	   8,6	  12,4	   6,9	   0,0
*	    45,3095	 1	  2,80	 40,20	  -9,2	  -0,1	   7,4	  11,1	   5,6	  -1,3
*	    48,7325	 1	  3,10	 37,42	 -10,5	  -1,4	   6,1	   9,8	   4,3	  -2,6
*	    52,3177	 1	  3,39	 34,96	 -11,7	  -2,7	   4,8	   8,5	   3,1	  -3,9
*	    56,0438	 1	  3,68	 32,77	 -13,0	  -3,9	   3,6	   7,3	   1,8	  -5,2
s	    28,3386	 2	309,73	 87,09	  29,3	  33,2	  38,1	  36,9	  31,9	  25,8
*	    30,3114	 1	352,14	 91,47	  -1,7	   7,4	  14,9	  18,6	  13,2	   6,3
*	    30,3509	 1	352,42	 84,63	  -1,7	   7,4	  14,8	  18,6	  13,1	   6,3
*	    30,8616	 1	352,70	 77,92	  -2,0	   7,1	  14,6	  18,3	  12,8	   6,0
*	    31,8264	 1	352,98	 71,53	  -2,5	   6,6	  14,0	  17,8	  12,3	   5,5
*	    33,2170	 1	353,26	 65,57	  -3,2	   5,8	  13,3	  17,1	  11,6	   4,8
*	    34,9977	 1	353,54	 60,12	  -4,1	   5,0	  12,5	  16,2	  10,7	   3,9
*	    37,1293	 1	353,82	 55,20	  -5,1	   4,0	  11,5	  15,2	   9,7	   2,9
*	    39,5728	 1	354,11	 50,80	  -6,2	   2,9	  10,4	  14,1	   8,6	   1,8
*	    42,2912	 1	354,39	 46,89	  -7,3	   1,8	   9,2	  13,0	   7,5	   0,6
*	    45,2506	 1	354,67	 43,41	  -8,5	   0,6	   8,0	  11,8	   6,3	  -0,6
*	    48,4209	 1	354,95	 40,34	  -9,7	  -0,6	   6,8	  10,6	   5,1	  -1,8
*	    51,7754	 1	355,24	 37,59	 -10,9	  -1,8	   5,6	   9,4	   3,9	  -3,1
*	    55,2911	 1	355,52	 35,16	 -12,1	  -3,0	   4,4	   8,1	   2,7	  -4,3
*	    58,9478	 1	355,80	 32,99	 -13,3	  -4,2	   3,2	   7,0	   1,5	  -5,6
*	    30,6635	 1	161,94	 93,52	 -11,4	  -5,5	   0,4	   2,7	  -1,6	  -8,6
*	    30,9483	 1	162,81	 90,89	 -10,1	  -4,1	   1,7	   4,1	  -0,2	  -7,2
*	    33,9997	 1	162,57	 90,89	 -11,5	  -5,6	   0,3	   2,6	  -1,7	  -8,7
*	    37,1270	 1	162,36	 90,89	 -12,8	  -6,9	  -1,1	   1,3	  -3,1	 -10,1
*	    40,3219	 1	162,18	 90,88	 -14,2	  -8,3	  -2,4	  -0,1	  -4,4	 -11,4
*	    43,5770	 1	162,00	 90,88	 -15,5	  -9,5	  -3,7	  -1,4	  -5,7	 -12,7
*	    46,8858	 1	161,87	 90,87	 -16,7	 -10,8	  -4,9	  -2,6	  -6,9	 -14,0
*	    41,7842	 1	349,02	 49,21	   1,9	   2,7	  -5,0	  -4,7	  -9,6	  -2,8
*	    38,3126	 1	348,63	 55,32	   3,4	   4,2	  -3,5	  -3,1	  -8,1	  -1,3
*	    35,4636	 1	348,24	 62,47	   4,8	   5,5	  -2,2	  -1,8	  -6,7	   0,1
*	    33,3448	 1	347,85	 70,67	   5,8	   6,6	  -1,1	  -0,8	  -5,7	   1,2
*	    32,0578	 1	347,45	 79,74	   6,5	   7,3	  -0,4	  -0,1	  -5,0	   1,9
*	    31,6774	 1	347,07	 89,32	   6,7	   7,5	  -0,2	   0,1	  -4,8	   2,1
*	    55,6951	 1	350,27	 35,47	  -3,3	  -2,5	 -10,2	  -9,9	 -14,8	  -8,2
*	    50,8617	 1	349,87	 39,10	  -1,6	  -0,8	  -8,6	  -8,2	 -13,1	  -6,4
*	    46,3791	 1	349,47	 43,36	   0,1	   0,8	  -6,9	  -6,5	 -11,5	  -4,7
*	    31,7787	 1	344,88	 89,97	  -2,1	   7,0	  14,5	  18,2	  12,8	   5,9
*	    31,9030	 1	345,16	 83,08	  -2,2	   6,9	  14,4	  18,1	  12,7	   5,8
*	    32,4905	 1	345,44	 76,37	  -2,5	   6,6	  14,1	  17,8	  12,3	   5,5
*	    33,5222	 1	345,71	 69,99	  -3,1	   6,0	  13,5	  17,3	  11,8	   5,0
*	    34,9681	 1	345,99	 64,08	  -3,8	   5,3	  12,8	  16,5	  11,1	   4,2
*	    36,7918	 1	346,27	 58,69	  -4,7	   4,4	  11,9	  15,6	  10,2	   3,3
*	    38,9547	 1	346,55	 53,85	  -5,7	   3,4	  10,9	  14,6	   9,2	   2,3
*	    41,4186	 1	346,83	 49,53	  -6,8	   2,3	   9,8	  13,6	   8,1	   1,2
*	    44,1479	 1	347,11	 45,69	  -7,9	   1,2	   8,7	  12,4	   6,9	   0,0
*	    47,1103	 1	347,39	 42,29	  -9,0	   0,0	   7,5	  11,2	   5,8	  -1,2
*	    50,2769	 1	347,67	 39,27	 -10,2	  -1,1	   6,3	  10,1	   4,6	  -2,4
*	    53,6226	 1	347,95	 36,60	 -11,4	  -2,3	   5,1	   8,9	   3,4	  -3,6
*	    57,1254	 1	348,23	 34,22	 -12,6	  -3,5	   4,0	   7,7	   2,2	  -4,8
*	    33,3182	 1	337,43	 88,46	  -2,6	   6,5	  13,9	  17,7	  12,2	   5,4
*	    33,5243	 1	337,70	 81,55	  -2,8	   6,3	  13,8	  17,6	  12,1	   5,3
*	    34,1851	 1	337,96	 74,86	  -3,1	   6,0	  13,5	  17,2	  11,7	   4,9
*	    35,2794	 1	338,23	 68,54	  -3,7	   5,4	  12,9	  16,6	  11,2	   4,3
*	    36,7761	 1	338,50	 62,70	  -4,4	   4,7	  12,1	  15,9	  10,4	   3,6
*	    38,6386	 1	338,77	 57,40	  -5,3	   3,8	  11,2	  15,0	   9,5	   2,6
*	    40,8289	 1	339,04	 52,64	  -6,3	   2,8	  10,2	  14,0	   8,5	   1,6
*	    43,3100	 1	339,31	 48,40	  -7,4	   1,7	   9,2	  12,9	   7,4	   0,5
*	    46,0476	 1	339,58	 44,65	  -8,5	   0,6	   8,1	  11,8	   6,3	  -0,6
*	    49,0108	 1	339,85	 41,32	  -9,7	  -0,6	   6,9	  10,6	   5,1	  -1,8
*	    52,1722	 1	340,12	 38,37	 -10,8	  -1,7	   5,7	   9,5	   4,0	  -3,0
*	    55,5078	 1	340,40	 35,75	 -12,0	  -2,9	   4,6	   8,3	   2,8	  -4,2
*	    58,9968	 1	340,68	 33,42	 -13,1	  -4,1	   3,4	   7,1	   1,6	  -5,4
*	    33,4325	 1	168,55	 89,70	  -6,4	  -0,5	   5,4	   7,7	   3,4	  -3,6
*	    36,3894	 1	167,92	 89,77	  -7,7	  -1,8	   4,1	   6,4	   2,1	  -4,9
*	    39,4250	 1	167,37	 89,84	  -9,0	  -3,1	   2,8	   5,1	   0,8	  -6,3
*	    42,5314	 1	166,89	 89,90	 -10,3	  -4,4	   1,5	   3,8	  -0,5	  -7,5
*	    45,7017	 1	166,45	 89,96	 -11,5	  -5,6	   0,3	   2,6	  -1,7	  -8,8
*	    48,9293	 1	166,06	 90,01	 -12,7	  -6,8	  -0,9	   1,4	  -2,9	 -10,0
*	    52,2084	 1	165,72	 90,04	 -13,8	  -7,9	  -2,0	   0,3	  -4,1	 -11,2
*	    46,9148	 1	136,77	 65,71	  -0,9	  -0,1	  -7,8	  -7,5	 -12,4	  -5,7
*	    43,7194	 1	131,36	 65,35	   0,4	   1,2	  -6,5	  -6,2	 -11,1	  -4,3
*	    43,8137	 1	136,93	 70,37	   0,3	   1,1	  -6,6	  -6,3	 -11,2	  -4,5
*	    40,4376	 1	131,51	 70,08	   1,8	   2,5	  -5,2	  -4,8	  -9,7	  -3,0
*	    41,3223	 1	137,10	 75,34	   1,3	   2,1	  -5,6	  -5,3	 -10,2	  -3,4
*	    37,7841	 1	131,67	 75,15	   2,9	   3,7	  -4,0	  -3,7	  -8,6	  -1,8
*	    39,5158	 1	137,26	 80,58	   2,0	   2,8	  -4,9	  -4,5	  -9,5	  -2,7
*	    35,8500	 1	131,82	 80,49	   3,8	   4,5	  -3,2	  -2,8	  -7,7	  -0,9
*	    38,4567	 1	137,43	 86,01	   2,5	   3,3	  -4,5	  -4,1	  -9,0	  -2,2
*	    34,7134	 1	131,98	 86,05	   4,3	   5,1	  -2,6	  -2,3	  -7,2	  -0,4
*	    38,1851	 1	137,60	 91,55	   2,6	   3,4	  -4,3	  -4,0	  -8,9	  -2,1
*	    34,4256	 1	132,13	 91,70	   4,4	   5,2	  -2,5	  -2,2	  -7,1	  -0,2
*	    51,2043	 1	129,84	 56,94	  -2,4	  -1,6	  -9,3	  -9,0	 -13,9	  -7,2
*	    53,9198	 1	135,27	 57,34	  -3,4	  -2,6	 -10,3	 -10,0	 -14,9	  -8,2
*	    55,8890	 1	129,70	 53,27	  -4,0	  -3,2	 -10,9	 -10,6	 -15,5	  -8,9
*	    58,4317	 1	135,11	 53,71	  -4,8	  -4,1	 -11,8	 -11,5	 -16,4	  -9,7
*	    35,3152	 1	330,11	 86,99	  -3,4	   5,7	  13,2	  16,9	  11,5	   4,6
*	    35,5971	 1	330,35	 80,19	  -3,6	   5,5	  13,0	  16,8	  11,3	   4,5
*	    36,3204	 1	330,60	 73,63	  -3,9	   5,2	  12,6	  16,4	  10,9	   4,1
*	    37,4628	 1	330,85	 67,44	  -4,5	   4,6	  12,1	  15,8	  10,3	   3,5
*	    38,9935	 1	331,10	 61,75	  -5,3	   3,8	  11,3	  15,0	   9,6	   2,7
*	    40,8769	 1	331,35	 56,58	  -6,2	   2,9	  10,4	  14,2	   8,7	   1,8
*	    43,0766	 1	331,60	 51,93	  -7,1	   2,0	   9,4	  13,2	   7,7	   0,8
*	    45,5572	 1	331,85	 47,80	  -8,2	   0,9	   8,4	  12,1	   6,6	  -0,3
*	    48,2863	 1	332,11	 44,11	  -9,3	  -0,2	   7,3	  11,0	   5,5	  -1,4
*	    51,2346	 1	332,36	 40,85	 -10,4	  -1,3	   6,2	   9,9	   4,4	  -2,5
*	    54,3761	 1	332,62	 37,95	 -11,5	  -2,4	   5,0	   8,8	   3,3	  -3,7
*	    57,6881	 1	332,88	 35,38	 -12,6	  -3,6	   3,9	   7,6	   2,1	  -4,9
*	    61,1507	 1	333,14	 33,09	 -13,8	  -4,7	   2,8	   6,5	   1,0	  -6,0
s	    36,6321	 1	 90,00	 26,13	  29,4	  32,8	  22,8	  23,2	  26,7	  24,1
*	    61,0527	 1	271,39	 30,99	   5,4	   8,7	  -1,3	  -0,9	   2,6	  -0,2
*	    50,1494	 1	293,70	 18,09	   8,8	  12,2	   2,2	   2,5	   6,1	   3,4
*	    43,0850	 1	  2,26	 14,11	  11,2	  14,5	   4,6	   4,9	   8,4	   5,8
*	    40,7029	 1	 41,15	 26,43	  11,9	  15,2	   5,3	   5,6	   9,2	   6,6
*	    58,3335	 1	239,08	 29,62	   6,1	   9,5	  -0,5	  -0,1	   3,4	   0,7
*	    46,9968	 1	225,76	 14,36	   9,9	  13,2	   3,2	   3,6	   7,1	   4,5
*	    39,4932	 1	115,84	  8,12	  12,5	  15,9	   5,9	   6,2	   9,8	   7,2
*	    36,7519	 1	 82,74	 24,34	  13,5	  16,8	   6,9	   7,2	  10,8	   8,2
*	    39,0939	 1	 76,98	 38,60	  12,7	  16,0	   6,1	   6,4	  10,0	   7,4
*	    60,0889	 1	211,85	 35,32	   5,5	   8,8	  -1,2	  -0,8	   2,7	  -0,1
*	    48,9465	 1	187,73	 26,39	   9,0	  12,4	   2,4	   2,7	   6,3	   3,6
*	    41,4574	 1	146,75	 24,37	  11,6	  15,0	   5,0	   5,4	   8,9	   6,3
*	    38,5076	 1	114,70	 32,19	  12,8	  16,1	   6,2	   6,5	  10,1	   7,5
*	    40,5416	 1	 99,05	 42,47	  12,2	  15,6	   5,6	   6,0	   9,5	   6,9
*	    65,9443	 1	195,82	 43,54	   3,6	   6,9	  -3,1	  -2,7	   0,8	  -2,0
*	    55,4958	 1	176,38	 38,99	   6,7	  10,0	   0,0	   0,4	   3,9	   1,2
*	    48,4545	 1	152,13	 38,32	   9,0	  12,3	   2,3	   2,7	   6,2	   3,6
*	    45,5818	 1	130,12	 42,30	  10,1	  13,4	   3,4	   3,8	   7,3	   4,7
*	    65,6012	 1	171,42	 48,74	   3,5	   6,8	  -3,1	  -2,8	   0,7	  -2,1
*	    59,2474	 1	154,30	 48,58	   5,4	   8,7	  -1,3	  -0,9	   2,6	  -0,1
*	    37,4172	 1	322,84	 85,58	  -4,3	   4,8	  12,3	  16,0	  10,6	   3,7
*	    37,7695	 1	323,07	 78,94	  -4,5	   4,6	  12,1	  15,8	  10,4	   3,5
*	    38,5490	 1	323,29	 72,54	  -4,9	   4,2	  11,7	  15,4	  10,0	   3,1
*	    39,7330	 1	323,51	 66,53	  -5,5	   3,6	  11,1	  14,8	   9,4	   2,5
*	    41,2913	 1	323,74	 60,98	  -6,2	   2,9	  10,4	  14,1	   8,6	   1,7
*	    43,1897	 1	323,97	 55,96	  -7,1	   2,0	   9,5	  13,2	   7,8	   0,9
*	    45,3934	 1	324,20	 51,43	  -8,0	   1,1	   8,5	  12,3	   6,8	  -0,1
*	    47,8691	 1	324,43	 47,39	  -9,0	   0,0	   7,5	  11,3	   5,8	  -1,2
*	    50,5859	 1	324,66	 43,79	 -10,1	  -1,0	   6,5	  10,2	   4,7	  -2,2
*	    53,5161	 1	324,89	 40,59	 -11,2	  -2,1	   5,4	   9,1	   3,6	  -3,4
*	    56,6352	 1	325,12	 37,74	 -12,3	  -3,2	   4,3	   8,0	   2,5	  -4,5
*	    59,9215	 1	325,36	 35,21	 -13,4	  -4,3	   3,2	   6,9	   1,4	  -5,6
*	    63,3561	 1	325,60	 32,95	 -14,5	  -5,4	   2,1	   5,8	   0,3	  -6,7
s	    39,6424	 2	 84,00	 31,61	  28,2	  26,3	   2,4	   2,7	   6,3	  16,9
*	    39,7026	 1	317,46	 84,37	  -5,2	   3,9	  11,4	  15,1	   9,6	   2,8
*	    40,1173	 1	317,66	 77,96	  -5,4	   3,7	  11,2	  14,9	   9,4	   2,5
*	    40,9425	 1	317,86	 71,80	  -5,8	   3,3	  10,7	  14,5	   9,0	   2,1
*	    42,1562	 1	318,06	 66,02	  -6,4	   2,7	  10,2	  13,9	   8,4	   1,5
*	    43,7295	 1	318,26	 60,67	  -7,1	   2,0	   9,4	  13,2	   7,7	   0,8
*	    45,6305	 1	318,47	 55,82	  -8,0	   1,1	   8,6	  12,3	   6,8	  -0,1
*	    47,8267	 1	318,67	 51,42	  -8,9	   0,2	   7,7	  11,4	   5,9	  -1,0
*	    50,2868	 1	318,88	 47,49	  -9,9	  -0,8	   6,7	  10,4	   4,9	  -2,0
*	    52,9818	 1	319,09	 43,97	 -10,9	  -1,8	   5,7	   9,4	   3,9	  -3,1
*	    55,8857	 1	319,30	 40,83	 -11,9	  -2,9	   4,6	   8,3	   2,8	  -4,1
*	    58,9750	 1	319,51	 38,04	 -13,0	  -3,9	   3,6	   7,3	   1,8	  -5,2
*	    62,2294	 1	319,72	 35,53	 -14,1	  -5,0	   2,5	   6,2	   0,7	  -6,3
*	    65,6306	 1	319,93	 33,29	 -15,1	  -6,0	   1,4	   5,1	  -0,4	  -7,4
*	    40,9340	 1	144,81	 93,78	  -5,1	   4,0	  11,5	  15,2	   9,7	   2,8
*	    40,8056	 1	144,68	 89,84	  -5,1	   4,0	  11,5	  15,2	   9,8	   2,9
*	    41,0548	 1	144,54	 85,90	  -5,2	   3,9	  11,4	  15,1	   9,7	   2,8
*	    41,6775	 1	144,41	 82,02	  -5,4	   3,7	  11,2	  14,9	   9,4	   2,5
*	    42,6633	 1	144,28	 78,23	  -5,8	   3,3	  10,8	  14,5	   9,0	   2,1
*	    43,9962	 1	144,15	 74,54	  -6,3	   2,8	  10,3	  14,0	   8,5	   1,6
*	    45,6561	 1	144,02	 71,00	  -6,9	   2,2	   9,6	  13,4	   7,9	   1,0
*	    47,6198	 1	143,89	 67,61	  -7,7	   1,4	   8,9	  12,6	   7,2	   0,2
*	    49,8631	 1	143,76	 64,38	  -8,5	   0,6	   8,1	  11,8	   6,3	  -0,6
*	    52,3610	 1	143,63	 61,34	  -9,3	  -0,2	   7,2	  11,0	   5,5	  -1,5
*	    55,0893	 1	143,50	 58,47	 -10,2	  -1,2	   6,3	  10,0	   4,5	  -2,4
*	    58,0249	 1	143,37	 55,77	 -11,2	  -2,1	   5,4	   9,1	   3,6	  -3,4
*	    61,1464	 1	143,24	 53,25	 -12,2	  -3,1	   4,4	   8,1	   2,6	  -4,4
*	    64,4341	 1	143,12	 50,88	 -13,2	  -4,1	   3,4	   7,1	   1,6	  -5,4
s	    41,7678	 3	233,50	154,34	  27,0	  30,4	  20,0	  19,8	  23,1	  20,2
*	    42,5631	 1	309,09	 83,17	  -6,6	   2,5	  10,0	  13,7	   8,3	   1,4
*	    43,0329	 1	309,25	 77,02	  -6,8	   2,3	   9,8	  13,5	   8,0	   1,1
*	    43,8954	 1	309,42	 71,12	  -7,2	   1,9	   9,4	  13,1	   7,6	   0,7
*	    45,1291	 1	309,59	 65,56	  -7,8	   1,3	   8,8	  12,5	   7,0	   0,1
*	    46,7072	 1	309,75	 60,42	  -8,5	   0,6	   8,1	  11,8	   6,3	  -0,6
*	    48,6000	 1	309,92	 55,73	  -9,3	  -0,2	   7,3	  11,0	   5,5	  -1,4
*	    50,7774	 1	310,09	 51,47	 -10,2	  -1,1	   6,4	  10,1	   4,6	  -2,3
*	    53,2104	 1	310,26	 47,64	 -11,1	  -2,0	   5,5	   9,2	   3,7	  -3,3
*	    55,8720	 1	310,44	 44,20	 -12,1	  -3,0	   4,5	   8,2	   2,7	  -4,3
*	    58,7378	 1	310,61	 41,12	 -13,1	  -4,0	   3,5	   7,2	   1,7	  -5,3
*	    61,7857	 1	310,79	 38,35	 -14,1	  -5,0	   2,5	   6,2	   0,7	  -6,3
*	    64,9963	 1	310,96	 35,88	 -15,1	  -6,0	   1,4	   5,2	  -0,4	  -7,4
*	    68,3523	 1	311,14	 33,65	 -16,1	  -7,0	   0,4	   4,1	  -1,4	  -8,4
s	    42,6222	 2	 90,00	 23,90	  26,5	  30,9	  22,0	  22,6	  26,2	  23,6
*	    43,8888	 1	148,59	 92,92	  -5,9	   3,1	  10,6	  14,4	   8,9	   2,0
*	    43,8317	 1	148,45	 89,06	  -5,9	   3,2	  10,7	  14,4	   8,9	   2,0
*	    44,1340	 1	148,32	 85,22	  -6,0	   3,1	  10,5	  14,3	   8,8	   1,9
*	    44,7911	 1	148,18	 81,43	  -6,3	   2,8	  10,3	  14,0	   8,5	   1,6
*	    45,7931	 1	148,05	 77,73	  -6,7	   2,4	   9,9	  13,6	   8,2	   1,2
*	    47,1253	 1	147,92	 74,13	  -7,1	   1,9	   9,4	  13,2	   7,7	   0,7
*	    48,7697	 1	147,78	 70,68	  -7,7	   1,4	   8,8	  12,6	   7,1	   0,1
*	    50,7055	 1	147,65	 67,37	  -8,4	   0,7	   8,1	  11,9	   6,4	  -0,6
*	    52,9108	 1	147,52	 64,22	  -9,2	  -0,1	   7,4	  11,1	   5,6	  -1,3
*	    55,3631	 1	147,38	 61,24	 -10,0	  -0,9	   6,6	  10,3	   4,8	  -2,2
*	    58,0402	 1	147,25	 58,42	 -10,9	  -1,8	   5,7	   9,4	   3,9	  -3,1
*	    60,9209	 1	147,12	 55,78	 -11,7	  -2,7	   4,8	   8,5	   3,0	  -4,0
*	    63,9853	 1	146,99	 53,31	 -12,7	  -3,6	   3,9	   7,6	   2,1	  -4,9
*	    67,2149	 1	146,86	 50,98	 -13,6	  -4,5	   2,9	   6,7	   1,1	  -5,9
*	    44,0667	 1	303,71	 82,04	  -7,4	   1,7	   9,1	  12,9	   7,4	   0,5
*	    44,5971	 1	303,85	 76,03	  -7,7	   1,4	   8,9	  12,6	   7,1	   0,2
*	    45,5100	 1	304,00	 70,27	  -8,1	   1,0	   8,4	  12,2	   6,7	  -0,2
*	    46,7840	 1	304,14	 64,85	  -8,7	   0,4	   7,9	  11,6	   6,1	  -0,8
*	    48,3928	 1	304,29	 59,84	  -9,4	  -0,3	   7,2	  10,9	   5,4	  -1,5
*	    50,3075	 1	304,43	 55,26	 -10,2	  -1,1	   6,4	  10,1	   4,6	  -2,3
*	    52,4991	 1	304,58	 51,10	 -11,1	  -2,0	   5,5	   9,2	   3,7	  -3,2
*	    54,9399	 1	304,73	 47,36	 -12,0	  -2,9	   4,6	   8,3	   2,8	  -4,2
*	    57,6039	 1	304,88	 43,99	 -12,9	  -3,9	   3,6	   7,3	   1,8	  -5,2
*	    60,4677	 1	305,03	 40,97	 -13,9	  -4,8	   2,6	   6,4	   0,9	  -6,2
*	    63,5102	 1	305,18	 38,25	 -14,9	  -5,8	   1,6	   5,4	  -0,2	  -7,2
*	    66,7126	 1	305,33	 35,81	 -15,9	  -6,8	   0,6	   4,4	  -1,2	  -8,2
s	    45,3760	 3	 84,04	 29,01	  25,4	  24,5	   1,7	   2,3	   5,8	  16,5
*	    46,9208	 1	295,77	 81,10	  -9,0	   0,0	   7,5	  11,2	   5,8	  -1,2
*	    47,4962	 1	295,88	 75,35	  -9,3	  -0,2	   7,3	  11,0	   5,5	  -1,4
*	    48,4372	 1	295,99	 69,84	  -9,7	  -0,6	   6,8	  10,6	   5,1	  -1,9
*	    49,7238	 1	296,10	 64,66	 -10,3	  -1,2	   6,3	  10,0	   4,5	  -2,4
*	    51,3314	 1	296,21	 59,85	 -11,0	  -1,9	   5,6	   9,3	   3,8	  -3,1
*	    53,2336	 1	296,32	 55,43	 -11,7	  -2,6	   4,8	   8,6	   3,1	  -3,9
*	    55,4037	 1	296,43	 51,41	 -12,5	  -3,5	   4,0	   7,7	   2,2	  -4,7
*	    57,8159	 1	296,54	 47,76	 -13,4	  -4,3	   3,1	   6,9	   1,4	  -5,6
*	    60,4459	 1	296,65	 44,48	 -14,3	  -5,3	   2,2	   5,9	   0,4	  -6,6
*	    63,2719	 1	296,77	 41,50	 -15,3	  -6,2	   1,3	   5,0	  -0,5	  -7,6
*	    66,2739	 1	296,88	 38,83	 -16,2	  -7,1	   0,3	   4,0	  -1,5	  -8,5
*	    69,4341	 1	297,00	 36,41	 -17,2	  -8,1	  -0,6	   3,1	  -2,4	  -9,5
*	    55,3667	 1	299,19	 51,87	  -0,3	   0,5	  -7,2	  -6,9	 -11,8	  -5,1
*	    52,3988	 1	299,02	 57,68	   0,9	   1,6	  -6,1	  -5,7	 -10,7	  -4,0
*	    49,9924	 1	298,86	 64,28	   1,9	   2,6	  -5,1	  -4,7	  -9,7	  -3,0
*	    48,2217	 1	298,69	 71,61	   2,6	   3,4	  -4,3	  -4,0	  -8,9	  -2,2
*	    47,1533	 1	298,52	 79,54	   3,1	   3,9	  -3,8	  -3,5	  -8,4	  -1,7
*	    67,5648	 1	299,74	 38,11	  -4,4	  -3,6	 -11,3	 -11,0	 -15,9	  -9,4
*	    63,2784	 1	299,57	 41,84	  -3,0	  -2,2	 -10,0	  -9,6	 -14,6	  -8,0
*	    59,3467	 1	299,39	 46,13	  -1,7	  -0,9	  -8,7	  -8,3	 -13,3	  -6,6
*	    47,5983	 1	 73,93	 39,62	   1,5	   6,2	  19,4	  20,7	  17,6	  12,9
*	    49,1491	 1	 97,14	 43,18	   1,1	   5,8	  18,9	  20,2	  17,2	  12,4
*	    47,8076	 1	153,67	 92,02	  -7,0	   2,1	   9,5	  13,3	   7,8	   0,9
*	    47,8157	 1	153,54	 88,27	  -7,0	   2,1	   9,5	  13,3	   7,8	   0,8
*	    48,1622	 1	153,40	 84,54	  -7,2	   1,9	   9,4	  13,1	   7,7	   0,7
*	    48,8422	 1	153,26	 80,86	  -7,4	   1,7	   9,2	  12,9	   7,4	   0,5
*	    49,8468	 1	153,12	 77,27	  -7,8	   1,3	   8,8	  12,5	   7,1	   0,1
*	    51,1629	 1	152,99	 73,78	  -8,2	   0,9	   8,4	  12,1	   6,6	  -0,4
*	    52,7748	 1	152,85	 70,42	  -8,8	   0,3	   7,8	  11,5	   6,0	  -0,9
*	    54,6643	 1	152,71	 67,21	  -9,4	  -0,3	   7,2	  10,9	   5,4	  -1,6
*	    56,8122	 1	152,58	 64,14	 -10,1	  -1,0	   6,5	  10,2	   4,7	  -2,3
*	    59,1984	 1	152,44	 61,23	 -10,8	  -1,8	   5,7	   9,4	   3,9	  -3,1
*	    61,8032	 1	152,30	 58,48	 -11,6	  -2,5	   4,9	   8,6	   3,1	  -3,9
*	    64,6075	 1	152,17	 55,90	 -12,5	  -3,4	   4,1	   7,8	   2,3	  -4,8
*	    67,5931	 1	152,03	 53,46	 -13,3	  -4,2	   3,2	   6,9	   1,4	  -5,6
*	    70,7429	 1	151,90	 51,18	 -14,2	  -5,1	   2,3	   6,1	   0,5	  -6,5
*	    48,6922	 1	288,01	 80,12	 -10,6	  -1,5	   6,0	   9,7	   4,2	  -2,7
*	    49,3191	 1	288,08	 74,53	 -10,9	  -1,8	   5,7	   9,4	   3,9	  -3,0
*	    50,3012	 1	288,16	 69,17	 -11,3	  -2,2	   5,3	   9,0	   3,5	  -3,4
*	    51,6186	 1	288,23	 64,14	 -11,8	  -2,8	   4,7	   8,4	   3,0	  -4,0
*	    53,2477	 1	288,31	 59,47	 -12,5	  -3,4	   4,1	   7,8	   2,3	  -4,7
*	    55,1632	 1	288,39	 55,16	 -13,3	  -4,2	   3,3	   7,0	   1,5	  -5,4
*	    57,3395	 1	288,46	 51,24	 -14,1	  -5,0	   2,5	   6,2	   0,7	  -6,3
*	    59,7519	 1	288,54	 47,68	 -14,9	  -5,8	   1,6	   5,4	  -0,1	  -7,2
*	    62,3775	 1	288,62	 44,44	 -15,8	  -6,7	   0,7	   4,5	  -1,1	  -8,1
*	    65,1952	 1	288,70	 41,53	 -16,7	  -7,7	  -0,2	   3,5	  -2,0	  -9,0
*	    68,1858	 1	288,78	 38,89	 -17,7	  -8,6	  -1,1	   2,6	  -2,9	 -10,0
*	    71,3322	 1	288,86	 36,50	 -18,6	  -9,5	  -2,1	   1,7	  -3,9	 -11,0
*	    48,8211	 1	291,43	 80,23	  -7,5	   1,6	   9,1	  12,8	   7,3	   0,4
*	    49,4449	 1	291,52	 74,67	  -7,8	   1,3	   8,8	  12,5	   7,0	   0,1
*	    50,4225	 1	291,61	 69,36	  -8,2	   0,9	   8,4	  12,1	   6,6	  -0,3
*	    51,7344	 1	291,70	 64,35	  -8,7	   0,3	   7,8	  11,5	   6,1	  -0,9
*	    53,3574	 1	291,78	 59,70	  -9,4	  -0,3	   7,2	  10,9	   5,4	  -1,6
*	    55,2664	 1	291,87	 55,41	 -10,1	  -1,0	   6,4	  10,1	   4,7	  -2,3
*	    57,4361	 1	291,97	 51,49	 -10,9	  -1,9	   5,6	   9,3	   3,8	  -3,2
*	    59,8421	 1	292,06	 47,94	 -11,8	  -2,7	   4,8	   8,5	   3,0	  -4,0
*	    62,4616	 1	292,15	 44,72	 -12,7	  -3,6	   3,9	   7,6	   2,1	  -4,9
*	    65,2735	 1	292,24	 41,80	 -13,6	  -4,5	   3,0	   6,7	   1,2	  -5,9
*	    68,2588	 1	292,34	 39,17	 -14,5	  -5,4	   2,0	   5,7	   0,2	  -6,8
*	    71,4003	 1	292,43	 36,77	 -15,5	  -6,4	   1,1	   4,8	  -0,7	  -7,8
*	    48,8657	 1	154,78	 90,56	   1,5	   2,2	  -5,5	  -5,1	 -10,1	  -3,3
*	    49,1553	 1	154,58	 85,30	   1,4	   2,1	  -5,6	  -5,2	 -10,2	  -3,5
*	    50,1054	 1	154,39	 80,15	   1,0	   1,8	  -5,9	  -5,6	 -10,5	  -3,8
*	    51,6914	 1	154,19	 75,16	   0,5	   1,2	  -6,5	  -6,1	 -11,1	  -4,4
*	    53,8748	 1	154,00	 70,40	  -0,3	   0,5	  -7,2	  -6,9	 -11,8	  -5,1
*	    56,6076	 1	153,81	 65,94	  -1,1	  -0,4	  -8,1	  -7,8	 -12,7	  -6,0
*	    63,2112	 1	153,43	 58,20	  -3,2	  -2,4	 -10,1	  -9,8	 -14,8	  -8,1
*	    67,2420	 1	153,24	 54,63	  -4,4	  -3,6	 -11,3	 -11,0	 -15,9	  -9,3
*	    49,4491	 1	157,22	 91,23	  -7,6	   1,5	   9,0	  12,7	   7,2	   0,3
*	    49,5168	 1	157,08	 87,49	  -7,6	   1,5	   9,0	  12,7	   7,2	   0,3
*	    49,9143	 1	156,94	 83,77	  -7,7	   1,4	   8,8	  12,6	   7,1	   0,1
*	    50,6365	 1	156,80	 80,12	  -8,0	   1,1	   8,6	  12,3	   6,8	  -0,1
*	    51,6743	 1	156,66	 76,54	  -8,3	   0,8	   8,2	  12,0	   6,5	  -0,5
*	    53,0149	 1	156,52	 73,09	  -8,8	   0,3	   7,8	  11,5	   6,0	  -1,0
*	    54,6431	 1	156,38	 69,75	  -9,3	  -0,2	   7,2	  11,0	   5,5	  -1,5
*	    56,5416	 1	156,23	 66,57	  -9,9	  -0,9	   6,6	  10,3	   4,8	  -2,1
*	    58,6919	 1	156,09	 63,54	 -10,6	  -1,5	   5,9	   9,7	   4,2	  -2,9
*	    61,0751	 1	155,95	 60,66	 -11,4	  -2,3	   5,2	   8,9	   3,4	  -3,6
*	    63,6724	 1	155,82	 57,95	 -12,1	  -3,1	   4,4	   8,1	   2,6	  -4,4
*	    66,4654	 1	155,68	 55,39	 -13,0	  -3,9	   3,6	   7,3	   1,8	  -5,3
*	    69,4368	 1	155,54	 52,98	 -13,8	  -4,7	   2,8	   6,5	   1,0	  -6,1
*	    50,5226	 1	281,55	 79,29	 -12,2	  -3,1	   4,4	   8,1	   2,6	  -4,3
*	    51,1960	 1	281,59	 73,88	 -12,5	  -3,4	   4,1	   7,8	   2,3	  -4,6
*	    52,2136	 1	281,64	 68,70	 -12,9	  -3,8	   3,7	   7,4	   1,9	  -5,1
*	    53,5563	 1	281,69	 63,82	 -13,4	  -4,4	   3,1	   6,8	   1,3	  -5,6
*	    55,2014	 1	281,74	 59,29	 -14,1	  -5,0	   2,5	   6,2	   0,7	  -6,3
*	    57,1250	 1	281,79	 55,11	 -14,8	  -5,7	   1,7	   5,5	  -0,0	  -7,0
*	    59,3026	 1	281,83	 51,28	 -15,6	  -6,5	   0,9	   4,7	  -0,8	  -7,8
*	    61,7111	 1	281,88	 47,81	 -16,5	  -7,4	   0,1	   3,8	  -1,7	  -8,7
*	    64,3283	 1	281,93	 44,65	 -17,3	  -8,2	  -0,8	   3,0	  -2,6	  -9,6
*	    67,1343	 1	281,98	 41,79	 -18,2	  -9,1	  -1,7	   2,1	  -3,5	 -10,5
*	    70,1106	 1	282,03	 39,18	 -19,1	 -10,0	  -2,6	   1,1	  -4,4	 -11,5
*	    73,2408	 1	282,08	 36,84	 -20,0	 -11,0	  -3,5	   0,2	  -5,3	 -12,4
*	    50,9965	 1	160,96	 90,43	  -8,1	   1,0	   8,5	  12,2	   6,7	  -0,3
*	    51,1212	 1	160,81	 86,68	  -8,2	   0,9	   8,4	  12,1	   6,6	  -0,3
*	    51,5683	 1	160,66	 82,98	  -8,3	   0,8	   8,3	  12,0	   6,5	  -0,5
*	    52,3322	 1	160,52	 79,34	  -8,6	   0,5	   8,0	  11,7	   6,2	  -0,7
*	    53,4037	 1	160,37	 75,78	  -8,9	   0,2	   7,6	  11,4	   5,9	  -1,1
*	    54,7702	 1	160,23	 72,35	  -9,4	  -0,3	   7,2	  10,9	   5,4	  -1,6
*	    56,4169	 1	160,08	 69,05	  -9,9	  -0,8	   6,6	  10,4	   4,9	  -2,1
*	    58,3272	 1	159,94	 65,89	 -10,5	  -1,4	   6,0	   9,8	   4,3	  -2,7
*	    60,4834	 1	159,80	 62,88	 -11,2	  -2,1	   5,4	   9,1	   3,6	  -3,4
*	    62,8672	 1	159,65	 60,04	 -11,9	  -2,8	   4,6	   8,4	   2,9	  -4,2
*	    65,4607	 1	159,51	 57,35	 -12,7	  -3,6	   3,9	   7,6	   2,1	  -5,0
*	    68,2464	 1	159,37	 54,82	 -13,5	  -4,4	   3,1	   6,8	   1,3	  -5,8
*	    71,2075	 1	159,22	 52,44	 -14,3	  -5,2	   2,3	   6,0	   0,5	  -6,6
*	    51,1944	 1	284,32	 79,45	  -7,5	   1,6	   9,1	  12,8	   7,3	   0,3
*	    51,8595	 1	284,37	 74,11	  -7,8	   1,3	   8,8	  12,5	   7,0	   0,1
*	    52,8652	 1	284,43	 69,00	  -8,2	   0,9	   8,4	  12,1	   6,6	  -0,4
*	    54,1931	 1	284,49	 64,19	  -8,7	   0,3	   7,8	  11,5	   6,0	  -0,9
*	    55,8214	 1	284,55	 59,70	  -9,4	  -0,3	   7,2	  10,9	   5,4	  -1,6
*	    57,7267	 1	284,60	 55,55	 -10,1	  -1,0	   6,5	  10,2	   4,7	  -2,3
*	    59,8854	 1	284,66	 51,76	 -10,9	  -1,8	   5,7	   9,4	   3,9	  -3,1
*	    62,2745	 1	284,72	 48,29	 -11,7	  -2,6	   4,9	   8,6	   3,1	  -4,0
*	    64,8726	 1	284,78	 45,13	 -12,5	  -3,5	   4,0	   7,7	   2,2	  -4,8
*	    67,6597	 1	284,84	 42,27	 -13,4	  -4,3	   3,1	   6,8	   1,3	  -5,7
*	    70,6176	 1	284,91	 39,67	 -14,3	  -5,2	   2,2	   5,9	   0,4	  -6,7
*	    73,7300	 1	284,97	 37,31	 -15,2	  -6,1	   1,3	   5,0	  -0,5	  -7,6
*	    52,9690	 1	164,97	 89,61	  -8,8	   0,3	   7,8	  11,5	   6,0	  -0,9
*	    53,1476	 1	164,82	 85,89	  -8,8	   0,3	   7,7	  11,5	   6,0	  -1,0
*	    53,6399	 1	164,67	 82,22	  -9,0	   0,1	   7,6	  11,3	   5,8	  -1,2
*	    54,4401	 1	164,53	 78,60	  -9,3	  -0,2	   7,3	  11,0	   5,5	  -1,4
*	    55,5389	 1	164,38	 75,08	  -9,6	  -0,5	   6,9	  10,7	   5,2	  -1,8
*	    56,9242	 1	164,23	 71,68	 -10,1	  -1,0	   6,5	  10,2	   4,7	  -2,3
*	    58,5818	 1	164,08	 68,42	 -10,6	  -1,5	   6,0	   9,7	   4,2	  -2,8
*	    60,4957	 1	163,94	 65,30	 -11,2	  -2,1	   5,4	   9,1	   3,6	  -3,4
*	    62,6491	 1	163,79	 62,33	 -11,8	  -2,8	   4,7	   8,4	   2,9	  -4,1
*	    65,0248	 1	163,64	 59,51	 -12,5	  -3,5	   4,0	   7,7	   2,2	  -4,8
*	    67,6056	 1	163,50	 56,87	 -13,3	  -4,2	   3,3	   7,0	   1,5	  -5,6
*	    70,3748	 1	163,35	 54,36	 -14,0	  -5,0	   2,5	   6,2	   0,7	  -6,4
*	    73,3165	 1	163,21	 52,02	 -14,8	  -5,8	   1,7	   5,4	  -0,1	  -7,2
*	    53,3366	 1	274,22	 78,72	 -14,5	  -5,4	   2,1	   5,8	   0,3	  -6,7
*	    54,0420	 1	274,24	 73,58	 -14,8	  -5,7	   1,8	   5,5	   0,0	  -7,0
*	    55,0766	 1	274,26	 68,65	 -15,2	  -6,1	   1,4	   5,1	  -0,4	  -7,4
*	    56,4229	 1	274,27	 64,01	 -15,7	  -6,6	   0,8	   4,5	  -0,9	  -7,9
*	    58,0601	 1	274,29	 59,66	 -16,3	  -7,3	   0,2	   3,9	  -1,6	  -8,6
*	    59,9663	 1	274,31	 55,64	 -17,0	  -8,0	  -0,5	   3,2	  -2,3	  -9,3
*	    62,1192	 1	274,32	 51,94	 -17,8	  -8,7	  -1,2	   2,5	  -3,0	 -10,0
*	    64,4972	 1	274,34	 48,56	 -18,6	  -9,5	  -2,0	   1,7	  -3,8	 -10,9
*	    67,0799	 1	274,36	 45,48	 -19,4	 -10,3	  -2,9	   0,9	  -4,7	 -11,7
*	    69,8484	 1	274,38	 42,66	 -20,3	 -11,2	  -3,7	  -0,0	  -5,5	 -12,6
*	    72,7853	 1	274,39	 40,10	 -21,1	 -12,1	  -4,6	  -0,9	  -6,4	 -13,5
s	    53,6015	 3	103,45	 96,30	  24,2	  25,7	  18,4	  17,0	  10,8	  17,3
*	    55,3829	 1	238,85	 65,46	   1,4	   2,2	  -5,5	  -5,2	 -10,1	  -3,4
*	    53,6440	 1	239,01	 72,09	   2,1	   2,9	  -4,8	  -4,5	  -9,4	  -2,7
*	    55,5188	 1	245,13	 65,13	   1,5	   2,2	  -5,5	  -5,1	 -10,1	  -3,4
*	    53,7739	 1	245,27	 71,81	   2,1	   2,9	  -4,8	  -4,5	  -9,4	  -2,7
*	    53,9106	 1	228,57	 78,02	   1,9	   2,6	  -5,1	  -4,7	  -9,7	  -3,0
*	    55,1429	 1	228,37	 71,33	   1,4	   2,2	  -5,5	  -5,2	 -10,1	  -3,5
*	    56,9942	 1	228,17	 65,07	   0,7	   1,5	  -6,2	  -5,9	 -10,8	  -4,2
*	    58,0768	 1	232,60	 60,09	   0,4	   1,2	  -6,6	  -6,2	 -11,2	  -4,5
*	    55,7715	 1	232,79	 66,06	   1,2	   2,0	  -5,7	  -5,4	 -10,3	  -3,6
*	    54,0537	 1	232,97	 72,56	   1,9	   2,7	  -5,1	  -4,7	  -9,7	  -3,0
*	    58,5068	 1	251,38	 59,02	   0,4	   1,2	  -6,6	  -6,2	 -11,2	  -4,5
*	    56,1831	 1	251,48	 65,10	   1,3	   2,0	  -5,7	  -5,3	 -10,3	  -3,6
*	    54,4480	 1	251,58	 71,76	   1,9	   2,7	  -5,0	  -4,7	  -9,6	  -2,9
*	    54,8139	 1	168,88	 88,80	  -9,4	  -0,3	   7,1	  10,9	   5,4	  -1,6
*	    55,0441	 1	168,73	 85,11	  -9,5	  -0,4	   7,1	  10,8	   5,3	  -1,7
*	    55,5804	 1	168,58	 81,45	  -9,7	  -0,6	   6,9	  10,6	   5,1	  -1,9
*	    56,4168	 1	168,43	 77,87	 -10,0	  -0,9	   6,6	  10,3	   4,8	  -2,2
*	    57,5440	 1	168,28	 74,38	 -10,3	  -1,2	   6,2	  10,0	   4,5	  -2,5
*	    58,9501	 1	168,13	 71,01	 -10,8	  -1,7	   5,8	   9,5	   4,0	  -3,0
*	    60,6213	 1	167,99	 67,78	 -11,3	  -2,2	   5,3	   9,0	   3,5	  -3,5
*	    62,5423	 1	167,84	 64,69	 -11,9	  -2,8	   4,7	   8,4	   2,9	  -4,1
*	    64,6971	 1	167,69	 61,76	 -12,5	  -3,4	   4,1	   7,8	   2,3	  -4,8
*	    67,0689	 1	167,54	 58,98	 -13,2	  -4,1	   3,4	   7,1	   1,6	  -5,5
*	    69,6416	 1	167,39	 56,36	 -13,9	  -4,8	   2,7	   6,4	   0,8	  -6,2
*	    72,3992	 1	167,24	 53,90	 -14,7	  -5,6	   1,9	   5,6	   0,1	  -7,0
*	    75,3263	 1	167,09	 51,57	 -15,4	  -6,3	   1,1	   4,8	  -0,7	  -7,8
*	    55,1145	 1	259,05	 77,12	   1,8	   2,5	  -5,2	  -4,9	  -9,8	  -3,1
*	    56,3574	 1	259,00	 70,22	   1,3	   2,0	  -5,7	  -5,3	 -10,3	  -3,6
*	    58,2198	 1	258,94	 63,79	   0,6	   1,3	  -6,4	  -6,1	 -11,0	  -4,3
*	    61,9843	 1	269,40	 54,64	  -1,0	  -0,3	  -8,0	  -7,6	 -12,6	  -6,0
*	    59,2513	 1	269,40	 60,17	  -0,1	   0,7	  -7,0	  -6,7	 -11,6	  -5,0
*	    57,0522	 1	269,40	 66,32	   0,8	   1,5	  -6,2	  -5,9	 -10,8	  -4,1
*	    55,4456	 1	269,41	 73,02	   1,4	   2,1	  -5,6	  -5,2	 -10,2	  -3,5
*	    65,9239	 1	271,77	 50,16	  -2,3	  -1,6	  -9,3	  -8,9	 -13,9	  -7,3
*	    69,5165	 1	271,78	 45,84	  -3,5	  -2,7	 -10,4	 -10,1	 -15,0	  -8,5
*	    73,4733	 1	271,79	 42,02	  -4,6	  -3,9	 -11,6	 -11,3	 -16,2	  -9,7
*	    60,2602	 1	221,68	 62,15	  -0,5	   0,3	  -7,5	  -7,1	 -12,1	  -5,4
*	    58,0496	 1	221,89	 67,82	   0,3	   1,0	  -6,7	  -6,4	 -11,3	  -4,6
*	    56,4094	 1	222,09	 73,95	   0,9	   1,6	  -6,1	  -5,8	 -10,7	  -4,0
*	    57,1699	 1	172,49	 88,03	 -10,2	  -1,1	   6,4	  10,1	   4,6	  -2,4
*	    57,4476	 1	172,34	 84,39	 -10,3	  -1,2	   6,3	  10,0	   4,5	  -2,5
*	    58,0224	 1	172,19	 80,79	 -10,4	  -1,4	   6,1	   9,8	   4,3	  -2,7
*	    58,8882	 1	172,04	 77,26	 -10,7	  -1,6	   5,8	   9,6	   4,1	  -2,9
*	    60,0358	 1	171,89	 73,84	 -11,1	  -2,0	   5,5	   9,2	   3,7	  -3,3
*	    61,4540	 1	171,74	 70,53	 -11,5	  -2,4	   5,0	   8,8	   3,3	  -3,8
*	    63,1293	 1	171,59	 67,36	 -12,0	  -2,9	   4,5	   8,3	   2,7	  -4,3
*	    65,0474	 1	171,44	 64,33	 -12,6	  -3,5	   4,0	   7,7	   2,2	  -4,9
*	    67,1930	 1	171,29	 61,44	 -13,2	  -4,1	   3,4	   7,1	   1,5	  -5,5
*	    69,5505	 1	171,14	 58,71	 -13,9	  -4,8	   2,7	   6,4	   0,9	  -6,2
*	    72,1042	 1	171,00	 56,12	 -14,6	  -5,5	   2,0	   5,7	   0,2	  -6,9
*	    74,8392	 1	170,85	 53,69	 -15,3	  -6,2	   1,3	   5,0	  -0,6	  -7,7
*	    77,7409	 1	170,70	 51,41	 -16,0	  -7,0	   0,5	   4,2	  -1,3	  -8,5
*	    61,2915	 1	263,62	 59,96	  -0,5	   0,2	  -7,5	  -7,2	 -12,1	  -5,5
*	    59,0472	 1	263,65	 65,87	   0,3	   1,0	  -6,7	  -6,3	 -11,3	  -4,6
*	    57,3758	 1	263,69	 72,32	   0,9	   1,7	  -6,1	  -5,7	 -10,7	  -4,0
*	    59,8818	 1	217,18	 68,88	  -0,5	   0,3	  -7,4	  -7,1	 -12,0	  -5,4
*	    58,2925	 1	217,39	 74,76	   0,1	   0,9	  -6,9	  -6,5	 -11,5	  -4,8
*	    58,8441	 1	176,56	 87,22	 -10,9	  -1,8	   5,7	   9,4	   3,9	  -3,1
*	    59,1697	 1	176,41	 83,59	 -11,0	  -1,9	   5,6	   9,3	   3,8	  -3,2
*	    59,7865	 1	176,26	 80,00	 -11,2	  -2,1	   5,4	   9,1	   3,6	  -3,4
*	    60,6880	 1	176,11	 76,50	 -11,4	  -2,4	   5,1	   8,8	   3,3	  -3,7
*	    61,8651	 1	175,96	 73,10	 -11,8	  -2,7	   4,8	   8,5	   3,0	  -4,1
*	    63,3064	 1	175,81	 69,81	 -12,2	  -3,1	   4,3	   8,0	   2,5	  -4,5
*	    64,9991	 1	175,66	 66,67	 -12,7	  -3,7	   3,8	   7,5	   2,0	  -5,0
*	    66,9290	 1	175,51	 63,67	 -13,3	  -4,2	   3,3	   7,0	   1,5	  -5,6
*	    69,0814	 1	175,36	 60,81	 -13,9	  -4,8	   2,6	   6,4	   0,8	  -6,2
*	    71,4411	 1	175,21	 58,10	 -14,6	  -5,5	   2,0	   5,7	   0,2	  -6,9
*	    73,9932	 1	175,06	 55,55	 -15,2	  -6,2	   1,3	   5,0	  -0,5	  -7,6
*	    76,7232	 1	174,91	 53,15	 -16,0	  -6,9	   0,6	   4,3	  -1,2	  -8,4
*	    79,6170	 1	174,76	 50,88	 -16,7	  -7,6	  -0,2	   3,6	  -2,0	  -9,1
*	    58,8572	 1	242,43	 56,80	  -1,4	  -0,7	  -8,4	  -8,0	 -13,0	  -6,3
*	    58,9103	 1	236,17	 57,32	  -1,5	  -0,7	  -8,5	  -8,1	 -13,1	  -6,4
*	    59,3297	 1	214,15	 79,78	  -0,3	   0,4	  -7,3	  -7,0	 -11,9	  -5,3
*	    60,4494	 1	213,94	 73,89	  -0,7	   0,0	  -7,7	  -7,3	 -12,3	  -5,6
*	    62,1435	 1	213,73	 68,30	  -1,3	  -0,5	  -8,2	  -7,9	 -12,9	  -6,2
*	    59,4576	 1	230,21	 58,14	  -1,7	  -1,0	  -8,7	  -8,4	 -13,3	  -6,7
*	    60,4829	 1	224,68	 59,21	  -2,2	  -1,4	  -9,1	  -8,8	 -13,7	  -7,1
*	    60,5104	 1	180,55	 86,42	 -11,6	  -2,5	   5,0	   8,7	   3,2	  -3,8
*	    60,8824	 1	180,40	 82,80	 -11,7	  -2,6	   4,9	   8,6	   3,1	  -3,9
*	    61,5399	 1	180,25	 79,24	 -11,9	  -2,8	   4,7	   8,4	   2,9	  -4,1
*	    62,4761	 1	180,10	 75,76	 -12,2	  -3,1	   4,4	   8,1	   2,6	  -4,4
*	    63,6819	 1	179,95	 72,39	 -12,5	  -3,5	   4,0	   7,7	   2,2	  -4,8
*	    65,1462	 1	179,80	 69,13	 -13,0	  -3,9	   3,6	   7,3	   1,8	  -5,3
*	    66,8563	 1	179,65	 66,01	 -13,5	  -4,4	   3,1	   6,8	   1,3	  -5,8
*	    68,7983	 1	179,50	 63,03	 -14,0	  -4,9	   2,5	   6,2	   0,7	  -6,4
*	    70,9580	 1	179,35	 60,21	 -14,6	  -5,6	   1,9	   5,6	   0,1	  -7,0
*	    73,3208	 1	179,20	 57,54	 -15,3	  -6,2	   1,3	   5,0	  -0,5	  -7,6
*	    75,8721	 1	179,05	 55,01	 -16,0	  -6,9	   0,6	   4,3	  -1,2	  -8,3
*	    78,5980	 1	178,90	 52,63	 -16,7	  -7,6	  -0,1	   3,6	  -1,9	  -9,1
s	    60,6478	 3	 10,59	 35,65	  22,2	  28,2	  35,5	  37,0	  32,0	  25,7
*	    61,4909	 1	187,66	 84,73	 -12,9	  -3,8	   3,7	   7,4	   1,9	  -5,1
*	    61,9639	 1	187,51	 81,06	 -13,0	  -4,0	   3,5	   7,2	   1,7	  -5,3
*	    62,7189	 1	187,36	 77,44	 -13,3	  -4,2	   3,3	   7,0	   1,5	  -5,5
*	    63,7484	 1	187,20	 73,92	 -13,6	  -4,5	   3,0	   6,7	   1,2	  -5,9
*	    65,0423	 1	187,05	 70,52	 -14,0	  -4,9	   2,6	   6,3	   0,8	  -6,3
*	    66,5888	 1	186,90	 67,26	 -14,4	  -5,3	   2,1	   5,8	   0,3	  -6,7
*	    68,3749	 1	186,74	 64,15	 -14,9	  -5,9	   1,6	   5,3	  -0,2	  -7,3
*	    70,3866	 1	186,59	 61,18	 -15,5	  -6,4	   1,0	   4,7	  -0,8	  -7,9
*	    72,6095	 1	186,44	 58,38	 -16,1	  -7,0	   0,4	   4,1	  -1,4	  -8,5
*	    75,0292	 1	186,28	 55,73	 -16,8	  -7,7	  -0,2	   3,5	  -2,1	  -9,2
*	    77,6313	 1	186,13	 53,24	 -17,5	  -8,4	  -0,9	   2,8	  -2,7	  -9,9
*	    80,4023	 1	185,98	 50,89	 -18,2	  -9,1	  -1,6	   2,1	  -3,5	 -10,6
*	    61,6717	 1	261,27	 57,38	  -2,3	  -1,5	  -9,2	  -8,9	 -13,9	  -7,2
*	    63,5552	 1	267,03	 58,21	  -2,9	  -2,1	  -9,9	  -9,5	 -14,5	  -7,9
*	    61,6754	 1	261,28	 57,38	  -2,3	  -1,6	  -9,3	  -8,9	 -13,9	  -7,3
*	    61,7711	 1	182,73	 85,61	  -0,7	   0,0	  -7,7	  -7,3	 -12,3	  -5,7
*	    62,4567	 1	182,52	 80,55	  -0,9	  -0,2	  -7,9	  -7,6	 -12,5	  -5,9
*	    63,6996	 1	182,31	 75,63	  -1,3	  -0,6	  -8,3	  -7,9	 -12,9	  -6,3
*	    65,4757	 1	182,10	 70,91	  -1,8	  -1,1	  -8,8	  -8,5	 -13,4	  -6,8
*	    67,7533	 1	181,88	 66,44	  -2,5	  -1,7	  -9,5	  -9,1	 -14,1	  -7,5
*	    70,4955	 1	181,67	 62,27	  -3,3	  -2,5	 -10,2	  -9,9	 -14,9	  -8,3
*	    71,0502	 1	181,63	 61,52	  -3,4	  -2,7	 -10,4	 -10,1	 -15,0	  -8,5
*	    74,2916	 1	181,42	 57,70	  -4,3	  -3,6	 -11,3	 -10,9	 -15,9	  -9,4
*	    61,9655	 1	184,98	 85,59	 -12,4	  -3,3	   4,2	   7,9	   2,4	  -4,6
*	    62,3837	 1	184,83	 81,97	 -12,5	  -3,4	   4,1	   7,8	   2,3	  -4,7
*	    63,0827	 1	184,68	 78,41	 -12,7	  -3,6	   3,9	   7,6	   2,1	  -5,0
*	    64,0555	 1	184,53	 74,94	 -13,0	  -3,9	   3,6	   7,3	   1,8	  -5,3
*	    65,2929	 1	184,38	 71,57	 -13,4	  -4,3	   3,2	   6,9	   1,4	  -5,6
*	    66,7837	 1	184,23	 68,34	 -13,8	  -4,7	   2,8	   6,5	   1,0	  -6,1
*	    68,5153	 1	184,08	 65,24	 -14,3	  -5,2	   2,3	   6,0	   0,5	  -6,6
*	    70,4743	 1	183,92	 62,29	 -14,8	  -5,8	   1,7	   5,4	  -0,1	  -7,2
*	    72,6465	 1	183,77	 59,48	 -15,4	  -6,4	   1,1	   4,8	  -0,7	  -7,8
*	    75,0178	 1	183,62	 56,83	 -16,1	  -7,0	   0,5	   4,2	  -1,4	  -8,5
*	    77,5741	 1	183,47	 54,33	 -16,7	  -7,7	  -0,2	   3,5	  -2,0	  -9,2
*	    80,3018	 1	183,32	 51,98	 -17,4	  -8,4	  -0,9	   2,8	  -2,7	  -9,9
*	    62,2639	 1	192,87	 83,79	 -12,2	  -3,1	   4,4	   8,1	   2,6	  -4,5
*	    62,7865	 1	192,72	 80,07	 -12,4	  -3,3	   4,2	   7,9	   2,4	  -4,6
*	    63,5890	 1	192,56	 76,42	 -12,6	  -3,5	   3,9	   7,7	   2,1	  -4,9
*	    64,6632	 1	192,41	 72,87	 -12,9	  -3,9	   3,6	   7,3	   1,8	  -5,2
*	    65,9988	 1	192,26	 69,46	 -13,3	  -4,3	   3,2	   6,9	   1,4	  -5,6
*	    67,5837	 1	192,10	 66,19	 -13,8	  -4,7	   2,7	   6,5	   0,9	  -6,1
*	    69,4047	 1	191,95	 63,08	 -14,3	  -5,3	   2,2	   5,9	   0,4	  -6,7
*	    71,4477	 1	191,80	 60,11	 -14,9	  -5,8	   1,6	   5,3	  -0,2	  -7,3
*	    73,6984	 1	191,64	 57,32	 -15,5	  -6,4	   1,0	   4,7	  -0,8	  -7,9
*	    76,1423	 1	191,49	 54,68	 -16,2	  -7,1	   0,4	   4,1	  -1,5	  -8,6
*	    78,7655	 1	191,34	 52,20	 -16,9	  -7,8	  -0,3	   3,4	  -2,2	  -9,3
*	    81,5545	 1	191,18	 49,88	 -17,6	  -8,5	  -1,0	   2,7	  -2,9	 -10,0
*	    62,4997	 1	189,66	 84,67	 -13,1	  -4,0	   3,5	   7,2	   1,7	  -5,3
*	    62,9683	 1	189,51	 81,01	 -13,2	  -4,1	   3,3	   7,1	   1,5	  -5,5
*	    63,7161	 1	189,35	 77,41	 -13,5	  -4,4	   3,1	   6,8	   1,3	  -5,7
*	    64,7358	 1	189,20	 73,91	 -13,8	  -4,7	   2,8	   6,5	   1,0	  -6,0
*	    66,0176	 1	189,05	 70,53	 -14,1	  -5,1	   2,4	   6,1	   0,6	  -6,4
*	    67,5500	 1	188,90	 67,28	 -14,6	  -5,5	   2,0	   5,7	   0,2	  -6,9
*	    69,3202	 1	188,75	 64,17	 -15,1	  -6,0	   1,5	   5,2	  -0,4	  -7,4
*	    71,3145	 1	188,60	 61,21	 -15,7	  -6,6	   0,9	   4,6	  -0,9	  -8,0
*	    73,5188	 1	188,44	 58,42	 -16,3	  -7,2	   0,3	   4,0	  -1,5	  -8,6
*	    75,9190	 1	188,29	 55,78	 -16,9	  -7,8	  -0,4	   3,4	  -2,2	  -9,3
*	    78,5011	 1	188,14	 53,28	 -17,6	  -8,5	  -1,0	   2,7	  -2,9	 -10,0
*	    81,2517	 1	187,99	 50,95	 -18,3	  -9,2	  -1,7	   2,0	  -3,6	 -10,7
*	    66,7629	 1	209,04	 66,00	  -2,8	  -2,1	  -9,8	  -9,5	 -14,4	  -7,8
*	    64,7585	 1	209,25	 71,05	  -2,2	  -1,5	  -9,2	  -8,8	 -13,8	  -7,2
*	    63,2825	 1	209,46	 76,42	  -1,8	  -1,0	  -8,7	  -8,4	 -13,3	  -6,7
*	    63,8678	 1	215,14	 61,79	  -3,4	  -2,6	 -10,4	 -10,0	 -15,0	  -8,4
*	    63,9514	 1	194,51	 83,81	 -14,1	  -5,0	   2,5	   6,2	   0,7	  -6,3
*	    64,4646	 1	194,36	 80,15	 -14,2	  -5,1	   2,3	   6,0	   0,5	  -6,5
*	    65,2528	 1	194,21	 76,56	 -14,5	  -5,4	   2,1	   5,8	   0,3	  -6,8
*	    66,3083	 1	194,06	 73,07	 -14,8	  -5,7	   1,8	   5,5	  -0,0	  -7,1
*	    67,6212	 1	193,91	 69,71	 -15,2	  -6,1	   1,4	   5,1	  -0,4	  -7,5
*	    69,1799	 1	193,76	 66,47	 -15,6	  -6,5	   0,9	   4,6	  -0,9	  -7,9
*	    70,9719	 1	193,61	 63,38	 -16,1	  -7,0	   0,4	   4,1	  -1,4	  -8,5
*	    72,9835	 1	193,46	 60,45	 -16,7	  -7,6	  -0,1	   3,6	  -1,9	  -9,0
*	    75,2011	 1	193,31	 57,67	 -17,3	  -8,2	  -0,7	   3,0	  -2,6	  -9,7
*	    77,6107	 1	193,16	 55,05	 -17,9	  -8,8	  -1,4	   2,3	  -3,2	 -10,3
*	    80,1988	 1	193,01	 52,59	 -18,6	  -9,5	  -2,0	   1,7	  -3,9	 -11,0
*	    82,9522	 1	192,86	 50,28	 -19,3	 -10,2	  -2,7	   1,0	  -4,6	 -11,7
*	    64,5133	 1	202,52	 81,23	  -2,3	  -1,5	  -9,3	  -8,9	 -13,9	  -7,3
*	    65,5451	 1	202,31	 75,97	  -2,6	  -1,9	  -9,6	  -9,2	 -14,2	  -7,6
*	    67,1144	 1	202,10	 70,94	  -3,1	  -2,3	 -10,1	  -9,7	 -14,7	  -8,1
*	    69,1912	 1	201,89	 66,16	  -3,7	  -2,9	 -10,7	 -10,3	 -15,3	  -8,7
*	    71,7401	 1	201,68	 61,72	  -4,4	  -3,7	 -11,4	 -11,1	 -16,0	  -9,5
*	    64,8126	 1	251,92	 52,90	 -12,9	  -5,9	   1,5	   2,1	  -2,9	  -9,4
*	    66,3211	 1	251,88	 50,74	 -13,4	  -6,4	   1,0	   1,6	  -3,4	  -9,9
*	    67,9175	 1	251,83	 48,69	 -13,9	  -6,9	   0,5	   1,1	  -3,9	 -10,5
*	    65,1502	 1	249,84	 53,19	 -17,6	 -10,6	  -3,3	  -2,7	  -7,6	 -14,2
*	    66,6515	 1	249,79	 51,03	 -18,1	 -11,1	  -3,7	  -3,2	  -8,1	 -14,7
*	    68,2408	 1	249,74	 48,99	 -18,6	 -11,6	  -4,2	  -3,7	  -8,6	 -15,2
s	    65,4248	 3	145,37	 90,69	  23,1	  22,4	  13,7	  12,7	   6,3	  12,9
*	    65,7745	 1	200,05	 82,95	 -15,3	  -6,3	   1,2	   4,9	  -0,6	  -7,6
*	    66,3293	 1	199,90	 79,30	 -15,5	  -6,4	   1,0	   4,8	  -0,8	  -7,8
*	    67,1540	 1	199,76	 75,73	 -15,8	  -6,7	   0,8	   4,5	  -1,0	  -8,1
*	    68,2407	 1	199,61	 72,26	 -16,1	  -7,0	   0,5	   4,2	  -1,3	  -8,4
*	    69,5795	 1	199,47	 68,92	 -16,5	  -7,4	   0,1	   3,8	  -1,7	  -8,8
*	    71,1589	 1	199,32	 65,71	 -16,9	  -7,8	  -0,4	   3,3	  -2,2	  -9,3
*	    72,9664	 1	199,18	 62,65	 -17,4	  -8,3	  -0,9	   2,8	  -2,7	  -9,8
*	    74,9890	 1	199,03	 59,74	 -18,0	  -8,9	  -1,4	   2,3	  -3,3	 -10,4
*	    77,2131	 1	198,88	 57,00	 -18,6	  -9,5	  -2,0	   1,7	  -3,9	 -11,0
*	    79,6252	 1	198,74	 54,41	 -19,2	 -10,1	  -2,7	   1,0	  -4,5	 -11,6
*	    82,2124	 1	198,59	 51,97	 -19,9	 -10,8	  -3,3	   0,4	  -5,2	 -12,3
*	    84,9617	 1	198,44	 49,69	 -20,5	 -11,5	  -4,0	  -0,3	  -5,8	 -13,0
*	    67,6771	 1	205,94	 72,10	  -3,1	  -2,3	 -10,1	  -9,7	 -14,7	  -8,1
*	    66,2586	 1	206,15	 77,21	  -2,7	  -1,9	  -9,6	  -9,3	 -14,3	  -7,6
*	    76,6147	 1	209,95	 56,45	 -20,2	 -15,5	  -2,4	  -1,1	  -4,2	  -9,1
*	    71,3961	 1	219,54	 52,82	 -18,7	 -14,0	  -0,9	   0,4	  -2,7	  -7,6
*	    77,2164	 1	222,79	 55,17	 -20,2	 -15,5	  -2,4	  -1,1	  -4,2	  -9,2
*	    69,4961	 1	225,33	 51,12	 -18,1	 -13,4	  -0,3	   1,0	  -2,1	  -7,0
*	    75,4315	 1	228,18	 53,80	 -19,7	 -15,0	  -1,9	  -0,6	  -3,7	  -8,6
*	    68,1179	 1	231,78	 49,65	 -17,7	 -12,9	   0,2	   1,5	  -1,6	  -6,5
*	    74,1417	 1	234,09	 52,63	 -19,3	 -14,6	  -1,5	  -0,2	  -3,3	  -8,2
*	    67,2915	 1	238,83	 48,51	 -17,4	 -12,7	   0,5	   1,8	  -1,3	  -6,2
*	    73,3721	 1	240,43	 51,73	 -19,1	 -14,4	  -1,3	   0,0	  -3,1	  -8,0
*	    79,6071	 1	241,71	 54,55	 -20,7	 -16,0	  -2,9	  -1,6	  -4,7	  -9,7
*	    67,0385	 1	246,35	 47,78	 -17,3	 -12,5	   0,6	   1,9	  -1,2	  -6,1
*	    73,1401	 1	247,10	 51,18	 -19,0	 -14,3	  -1,2	   0,1	  -3,0	  -7,9
*	    79,3940	 1	247,69	 54,10	 -20,6	 -15,9	  -2,8	  -1,5	  -4,6	  -9,6
*	    67,3691	 1	254,08	 47,56	 -17,3	 -12,6	   0,5	   1,8	  -1,3	  -6,1
*	    68,2810	 1	261,77	 47,87	 -17,6	 -12,8	   0,3	   1,6	  -1,5	  -6,4
*	    71,6047	 1	238,03	 41,30	  -3,9	  -3,1	 -10,9	 -10,5	 -15,5	  -8,9
*	    67,5171	 1	238,20	 45,05	  -2,7	  -1,9	  -9,6	  -9,3	 -14,3	  -7,7
*	    69,2632	 1	262,68	 54,83	 -15,6	  -8,6	  -1,3	  -0,7	  -5,6	 -12,2
*	    67,5240	 1	265,17	 53,94	 -15,1	  -8,1	  -0,7	  -0,2	  -5,1	 -11,7
*	    71,7647	 1	244,46	 40,89	  -3,9	  -3,2	 -10,9	 -10,6	 -15,5	  -9,0
*	    67,6745	 1	244,60	 44,63	  -2,7	  -1,9	  -9,7	  -9,3	 -14,3	  -7,7
*	    71,8675	 1	231,85	 42,09	  -4,0	  -3,3	 -11,0	 -10,6	 -15,6	  -9,1
*	    67,8035	 1	232,04	 45,83	  -2,8	  -2,1	  -9,8	  -9,4	 -14,4	  -7,8
*	    72,3476	 1	250,98	 40,87	  -4,1	  -3,3	 -11,0	 -10,7	 -15,7	  -9,1
*	    68,2763	 1	251,08	 44,62	  -2,9	  -2,1	  -9,8	  -9,5	 -14,5	  -7,9
*	    72,5470	 1	226,10	 43,21	  -4,3	  -3,5	 -11,2	 -10,9	 -15,9	  -9,3
*	    68,5261	 1	226,30	 46,94	  -3,1	  -2,3	 -10,0	  -9,7	 -14,7	  -8,1
s	    68,9196	 2	105,14	 91,65	  25,2	  25,7	  17,3	  15,7	   9,4	  15,7
s	    69,0199	 2	124,68	 91,32	  25,2	  25,7	  17,3	  15,7	   9,4	  15,7
*	    73,3476	 1	257,38	 41,27	  -4,4	  -3,6	 -11,3	 -11,0	 -16,0	  -9,4
*	    69,3158	 1	257,45	 45,01	  -3,2	  -2,4	 -10,1	  -9,8	 -14,8	  -8,2
*	    69,4755	 1	214,54	 58,49	 -14,6	  -7,5	  -0,2	   0,4	  -4,5	 -11,2
*	    70,8722	 1	214,45	 56,49	 -15,0	  -7,9	  -0,6	  -0,0	  -5,0	 -11,6
*	    72,3564	 1	214,35	 54,57	 -15,4	  -8,4	  -1,0	  -0,5	  -5,4	 -12,0
*	    73,6318	 1	220,83	 44,57	  -4,6	  -3,9	 -11,6	 -11,2	 -16,2	  -9,7
*	    69,6711	 1	221,04	 48,29	  -3,5	  -2,7	 -10,4	 -10,1	 -15,1	  -8,5
*	    70,1457	 1	216,30	 58,57	 -16,3	  -9,2	  -1,9	  -1,3	  -6,2	 -12,9
*	    71,5340	 1	216,21	 56,57	 -16,7	  -9,6	  -2,3	  -1,7	  -6,7	 -13,3
*	    73,0096	 1	216,12	 54,65	 -17,1	 -10,1	  -2,7	  -2,1	  -7,1	 -13,7
*	    74,7529	 1	263,49	 42,04	  -4,8	  -4,0	 -11,7	 -11,4	 -16,4	  -9,8
*	    70,7798	 1	263,52	 45,77	  -3,6	  -2,8	 -10,6	 -10,2	 -15,2	  -8,6
s	    70,8239	 3	195,47	 88,76	  24,4	  24,5	  15,6	  13,3	   6,6	  12,5
*	    71,2201	 1	216,32	 49,81	  -4,0	  -3,2	 -11,0	 -10,6	 -15,6	  -9,0
s	    71,4609	 3	214,55	 88,05	  24,3	  24,5	  15,5	  13,2	   6,5	  12,5
s	    72,5278	 3	276,12	 52,38	  20,5	  21,4	  10,8	  12,5	  15,8	  13,4
*	    73,1506	 1	212,12	 51,44	  -4,6	  -3,9	 -11,6	 -11,2	 -16,2	  -9,7
s	    73,2367	 3	272,07	 52,66	  22,1	  19,0	  -5,3	  -4,2	  -0,9	   9,7
*	    76,1597	 1	208,35	 61,90	 -15,9	  -8,9	  -1,5	  -1,0	  -5,9	 -12,6
*	    74,9502	 1	205,95	 61,78	 -15,6	  -8,6	  -1,2	  -0,7	  -5,6	 -12,2
s	    75,6828	 3	126,55	 91,31	  23,9	  19,2	  -3,1	  -3,4	  -8,8	  10,6
s	    76,0329	 3	106,30	 91,68	  23,9	  19,2	  -3,1	  -3,4	  -8,8	  10,6
s	    76,3478	 3	105,22	 91,70	  23,9	  19,2	  -3,1	  -3,5	  -8,8	  10,5
s	    87,5118	 3	 23,30	 90,41	  22,0	  20,7	  11,6	  10,3	   5,2	  11,9
s	    92,1626	 3	 70,51	 91,72	  21,6	  20,3	  11,2	   9,9	   4,9	  11,5
s	    93,1906	 3	 46,54	 91,22	  21,6	  20,2	  11,1	   9,9	   4,8	  11,4
s	    99,3092	 3	 90,00	 13,86	  21,2	  22,1	  -3,9	  -3,5	   8,6	   9,5
#END
