   11.804	 -59.0565
   11.929	 -59.0266
   12.056	 -58.9745
   12.184	 -58.9198
   12.314	 -58.8653
   12.445	 -58.8111
   12.578	 -58.7572
   12.711	 -58.7035
   12.847	 -58.6503
   12.983	 -58.5973
   13.122	 -58.5448
   13.261	 -58.4926
   13.402	 -58.4408
   13.545	 -58.3895
   13.689	 -58.3387
   13.835	 -58.2883
   13.982	 -58.2384
   14.131	 -58.1891
   14.281	 -58.1403
   14.433	 -58.0921
   14.587	 -58.0445
   14.742	 -57.9976
   14.899	 -57.9513
   15.057	 -57.9057
   15.217	 -57.8608
   15.379	 -57.8167
   15.543	 -57.7734
   15.708	 -57.7309
   15.875	 -57.6892
   16.044	 -57.6485
   16.215	 -57.6086
   16.388	 -57.5697
   16.562	 -57.5318
   16.738	 -57.4949
   16.916	 -57.4590
   17.096	 -57.4242
   17.278	 -57.3906
   17.462	 -57.3582
   17.648	 -57.3269
   17.836	 -57.2969
   18.025	 -57.2682
   18.217	 -57.2408
   18.411	 -57.2148
   18.607	 -57.1902
   18.805	 -57.1671
   19.005	 -57.1455
   19.207	 -57.1255
   19.412	 -57.1070
   19.618	 -57.0902
   19.827	 -57.0751
   20.038	 -57.0618
   20.251	 -57.0502
   20.467	 -57.0406
   20.684	 -57.0328
   20.905	 -57.0270
   21.127	 -57.0232
   21.352	 -57.0215
   21.579	 -57.0219
   21.809	 -57.0245
   22.041	 -57.0294
   22.275	 -57.0366
   22.512	 -57.0461
   22.752	 -57.0581
   22.994	 -57.0726
   23.239	 -57.0898
   23.486	 -57.1112
   23.736	 -57.1390
   23.988	 -57.1754
   24.244	 -57.2209
   24.501	 -57.2754
   24.762	 -57.3389
   25.026	 -57.4111
   25.292	 -57.4918
   25.561	 -57.5807
   25.833	 -57.6776
   26.108	 -57.7823
   26.386	 -57.8944
   26.667	 -58.0135
   26.950	 -58.1392
   27.237	 -58.2713
   27.527	 -58.4092
   27.820	 -58.5524
   28.116	 -58.7004
   28.415	 -58.8528
   28.717	 -59.0088
   29.023	 -59.1678
   29.332	 -59.3293
   29.644	 -59.4923
   29.959	 -59.6562
   30.278	 -59.8202
   30.600	 -59.9833
   30.926	 -60.1446
   31.255	 -60.3031
   31.587	 -60.4577
   31.924	 -60.6074
   32.263	 -60.7509
   32.607	 -60.8870
   32.953	 -61.0143
   33.304	 -61.1314
   33.658	 -61.2369
   34.017	 -61.3292
   34.379	 -61.4066
   34.744	 -61.4656
   35.114	 -61.4860
   35.488	 -61.4629
   35.865	 -61.4040
   36.247	 -61.3319
   36.633	 -61.2515
   37.022	 -61.1634
   37.416	 -61.0680
   37.815	 -60.9657
   38.217	 -60.8571
   38.624	 -60.7425
   39.035	 -60.6225
   39.450	 -60.4978
   39.870	 -60.3689
   40.294	 -60.2366
   40.723	 -60.1016
   41.156	 -59.9645
   41.594	 -59.8264
   42.036	 -59.6880
   42.484	 -59.5502
   42.936	 -59.4142
   43.393	 -59.2808
   43.854	 -59.1514
   44.321	 -59.0269
   44.793	 -58.9088
   45.269	 -58.7982
   45.751	 -58.6968
   46.238	 -58.6049
   46.730	 -58.5146
   47.227	 -58.4213
   47.730	 -58.3265
   48.237	 -58.2395
   48.751	 -58.1638
   49.269	 -58.0986
   49.794	 -58.0427
   50.323	 -57.9950
   50.859	 -57.9541
   51.400	 -57.9185
   51.947	 -57.8867
   52.500	 -57.8571
   53.058	 -57.8279
   53.623	 -57.7973
   54.194	 -57.7631
   54.770	 -57.7234
   55.353	 -57.6758
   55.942	 -57.6180
   56.537	 -57.5473
   57.139	 -57.4611
   57.747	 -57.3515
   58.361	 -57.1604
   58.982	 -56.8404
   59.610	 -56.3978
   60.244	 -55.8878
   60.885	 -55.3436
   61.533	 -54.7708
   62.188	 -54.1730
   62.850	 -53.5540
   63.518	 -52.9178
   64.194	 -52.2689
   64.877	 -51.6119
   65.568	 -50.9518
   66.265	 -50.2938
   66.970	 -49.6436
   67.683	 -49.0070
   68.403	 -48.3904
   69.131	 -47.7986
   69.867	 -47.2203
   70.610	 -46.6302
   71.361	 -46.0248
   72.121	 -45.4165
   72.888	 -44.8218
   73.664	 -44.2427
   74.448	 -43.6798
   75.240	 -43.1339
   76.040	 -42.6054
   76.849	 -42.0952
   77.667	 -41.6038
   78.494	 -41.1321
   79.329	 -40.6808
   80.173	 -40.2505
   81.026	 -39.8714
   81.888	 -39.8468
   82.759	 -40.3591
   83.640	 -41.5309
   84.530	 -43.1847
   85.430	 -45.1917
   86.339	 -47.4801
   87.257	 -49.9783
   88.186	 -52.6059
   89.124	 -55.2734
   90.072	 -57.8807
   91.031	 -60.3154
   91.999	 -62.4479
   92.978	 -64.0910
   93.968	 -64.9837
   94.968	 -65.1322
   95.978	 -64.8283
   96.999	 -64.3612
   98.032	 -63.7897
   99.075	 -63.1539
  100.129	 -62.4955
  101.194	 -61.8579
  102.271	 -61.2862
  103.359	 -60.8270
  104.459	 -60.5208
  105.571	 -60.3510
  106.694	 -60.2732
  107.829	 -60.2378
  108.977	 -60.2347
  110.136	 -60.2645
  111.308	 -60.3282
  112.492	 -60.4268
  113.689	 -60.5614
  114.899	 -60.7331
  116.122	 -60.9427
  117.357	 -61.1905
  118.606	 -61.4781
  119.868	 -61.8044
  121.144	 -62.1646
  122.433	 -62.5477
  123.735	 -62.9417
  125.052	 -63.3334
  126.383	 -63.7090
  127.727	 -64.0560
  129.087	 -64.3719
  130.460	 -64.6542
  131.848	 -64.9049
  133.251	 -65.1257
  134.669	 -65.3309
  136.102	 -65.5369
  137.550	 -65.7610
  139.014	 -66.0229
  140.493	 -66.3580
  141.988	 -66.7852
  143.499	 -67.3034
  145.026	 -67.8787
  146.569	 -68.4856
  148.129	 -69.0997
  149.705	 -69.6956
  151.298	 -70.2550
  152.908	 -70.7794
  154.535	 -71.2748
  156.179	 -71.7425
  157.841	 -72.1702
  159.520	 -72.5551
  161.218	 -72.8928
  162.933	 -73.1408
  164.667	 -73.1995
  166.419	 -73.0335
  168.190	 -72.6985
  169.979	 -72.3034
  171.788	 -71.9117
  173.616	 -71.5809
  175.463	 -71.3375
  177.330	 -71.1726
  179.217	 -71.0627
  181.124	 -70.9965
  183.052	 -70.9762
  184.999	 -71.0024
  186.968	 -71.0682
  188.957	 -71.2003
  190.968	 -71.4220
  193.000	 -71.7339
  195.054	 -72.0672
  197.129	 -72.2498
  199.227	 -71.4149
  201.347	 -69.4154
  203.489	 -66.8099
  205.654	 -64.1297
  207.843	 -61.4818
  210.054	 -58.8790
  212.289	 -56.3016
  214.548	 -53.7611
  216.831	 -51.2736
  219.138	 -48.8795
  221.470	 -46.7867
  223.827	 -45.2043
  226.208	 -44.1437
  228.615	 -43.5705
  231.048	 -43.4349
  233.506	 -43.8357
  235.991	 -44.8533
  238.502	 -46.5045
  241.040	 -48.5882
  243.605	 -50.7176
  246.197	 -52.5782
  248.816	 -54.0600
  251.464	 -55.2813
  254.140	 -56.3242
  256.844	 -57.1666
  259.577	 -57.8129
  262.339	 -58.3193
  265.130	 -58.7836
  267.952	 -59.2446
  270.803	 -59.7059
  273.684	 -60.1678
  276.596	 -60.6337
  279.540	 -61.1369
  282.514	 -61.7546
  285.520	 -62.5561
  288.558	 -63.5779
  291.629	 -64.8248
  294.732	 -66.4133
  297.868	 -68.4300
  301.037	 -70.7619
  304.241	 -71.5373
  307.478	 -68.5612
  310.750	 -64.0908
  314.056	 -60.3520
  317.398	 -57.6332
  320.775	 -55.6239
  324.189	 -53.5427
  327.638	 -50.1633
  331.124	 -45.1051
  334.648	 -40.2111
  338.209	 -37.7206
  341.807	 -37.3445
  345.444	 -38.8636
  349.120	 -42.0131
  352.835	 -44.6895
  356.589	 -45.9107
  360.384	 -46.2850
  364.218	 -46.2031
  368.094	 -45.6923
  372.011	 -44.5531
  375.969	 -42.1902
  379.970	 -38.9741
  384.013	 -36.1478
  388.099	 -34.2346
  392.228	 -33.3062
  396.402	 -33.4376
  400.620	 -34.6235
  404.883	 -36.8124
  409.191	 -39.5815
  413.545	 -42.1289
  417.945	 -44.1775
  422.393	 -45.7517
  426.887	 -46.8752
  431.429	 -47.6994
  436.020	 -48.4522
  440.660	 -49.1615
  445.348	 -49.7799
  450.087	 -50.2934
  454.876	 -50.7353
  459.717	 -51.1841
  464.608	 -51.6281
  469.552	 -51.9768
  474.548	 -52.1919
  479.598	 -52.3032
  484.701	 -52.3958
  489.858	 -52.4826
  495.071	 -52.5610
  500.339	 -52.5675
  505.663	 -52.3562
  511.043	 -51.8846
  516.481	 -51.2157
  521.977	 -50.5194
  527.531	 -50.1395
  533.144	 -50.0696
  538.817	 -49.7113
  544.550	 -48.5144
  550.345	 -46.6537
  556.201	 -44.7104
  562.119	 -43.6474
  568.100	 -43.3904
  574.145	 -43.8812
  580.255	 -44.4983
  586.429	 -44.9553
  592.669	 -45.0851
  598.975	 -44.8314
  605.349	 -44.2531
  611.790	 -43.1462
  618.300	 -40.7243
  624.879	 -36.9357
  631.528	 -34.4839
  638.248	 -32.8929
  645.039	 -30.6093
  651.903	 -28.3350
  658.839	 -27.5816
  665.850	 -28.6214
  672.935	 -31.8726
  680.095	 -36.8570
  687.332	 -41.9692
  694.645	 -45.0016
  702.037	 -44.8478
  709.507	 -40.9208
  717.057	 -35.2100
  724.686	 -32.7662
  732.398	 -32.3364
  740.191	 -34.0885
  748.067	 -37.3448
  756.027	 -40.7380
  764.071	 -43.1355
  772.201	 -44.8292
  780.418	 -46.1842
  788.722	 -47.3334
  797.115	 -48.3086
  805.597	 -49.1348
  814.169	 -49.8617
  822.832	 -50.5518
  831.587	 -51.2013
  840.436	 -51.8176
  849.379	 -52.4112
  858.417	 -53.0215
  867.551	 -53.5761
  876.782	 -54.0287
  886.111	 -54.3633
  895.540	 -54.5473
  905.069	 -54.4044
  914.700	 -53.4718
  924.433	 -51.0736
  934.269	 -48.7589
  944.210	 -47.6121
  954.257	 -47.8098
  964.411	 -49.3555
  974.673	 -51.9869
  985.044	 -53.9098
  995.526	 -53.8050
 1006.119	 -52.8583
 1016.824	 -52.7939
 1027.644	 -52.8137
 1038.579	 -52.5955
 1049.630	 -51.9185
 1060.799	 -51.0144
 1072.086	 -50.2281
 1083.494	 -49.2805
 1095.023	 -46.9569
 1106.674	 -42.4621
 1118.450	 -38.6455
 1130.351	 -37.9698
 1142.379	 -39.2029
 1154.534	 -44.0359
 1166.819	 -48.9142
 1179.235	 -51.7037
 1191.783	 -53.5396
 1204.464	 -55.4982
 1217.280	 -56.9098
 1230.233	 -57.5555
 1243.323	 -57.8691
 1256.553	 -57.7949
 1269.923	 -56.8385
 1283.436	 -54.1197
 1297.093	 -51.5160
 1310.895	 -51.5230
 1324.843	 -53.4720
 1338.940	 -60.6470
 1353.188	 -69.1870
 1367.586	 -74.9087
 1382.138	 -70.5203
 1396.845	 -66.0309
 1411.708	 -64.6555
 1426.730	 -64.8212
 1441.911	 -66.4756
 1457.254	 -67.3424
 1472.760	 -67.9730
 1488.431	 -68.1122
 1504.269	 -67.5776
 1520.275	 -68.4962
 1536.452	 -69.7554
 1552.801	 -68.9563
 1569.323	 -63.1441
 1586.022	 -57.2225
 1602.898	 -54.6294
 1619.954	 -54.6024
 1637.191	 -56.8327
 1654.612	 -61.5859
 1672.218	 -63.4135
 1690.011	 -63.6132
 1707.994	 -63.0611
 1726.168	 -62.9010
 1744.536	 -62.8573
 1763.099	 -62.9035
 1781.859	 -61.7574
 1800.819	 -58.6595
 1819.981	 -53.0434
 1839.347	 -46.6761
 1858.918	 -45.7049
 1878.698	 -46.3679
 1898.689	 -50.3892
 1918.892	 -50.9275
 1939.310	 -50.3373
 1959.946	 -45.9969
 1980.801	 -42.8591
 2001.878	 -41.1105
 2023.179	 -41.9236
 2044.707	 -44.5186
 2066.464	 -50.7743
 2088.452	 -54.8862
 2110.674	 -56.8753
 2133.133	 -57.6778
 2155.831	 -55.1835
 2178.771	 -48.3532
 2201.954	 -46.3039
 2225.384	 -46.4585
 2249.063	 -49.8038
 2272.995	 -55.4917
 2297.181	 -58.6629
 2321.624	 -58.4484
 2346.328	 -58.0383
 2371.294	 -58.5358
 2396.526	 -57.7825
 2422.027	 -53.0318
 2447.798	 -49.3944
 2473.844	 -48.7745
 2500.168	 -48.1205
 2526.771	 -46.8765
 2553.657	 -46.7890
 2580.830	 -48.6515
 2608.291	 -55.8568
 2636.045	 -63.5181
 2664.094	 -65.9529
 2692.442	 -62.5452
 2721.091	 -61.4474
 2750.045	 -61.9345
 2779.307	 -62.3251
 2808.881	 -61.9555
 2838.769	 -62.4050
 2868.975	 -65.9136
 2899.503	 -64.1003
 2930.355	 -54.5217
 2961.536	 -50.6711
 2993.049	 -50.2545
 3024.896	 -51.1637
 3057.083	 -51.0079
 3089.612	 -49.6136
 3122.488	 -47.1309
 3155.713	 -41.1981
 3189.292	 -34.6100
 3223.228	 -33.7986
 3257.525	 -34.7551
 3292.187	 -41.8881
 3327.218	 -48.6102
 3362.621	 -52.7449
 3398.402	 -55.0519
 3434.563	 -53.3899
 3471.108	 -51.9993
 3508.043	 -50.7340
 3545.371	 -48.9218
 3583.096	 -48.0116
 3621.222	 -47.1876
 3659.754	 -46.8922
 3698.696	 -46.4863
 3738.052	 -44.6624
 3777.827	 -43.0914
 3818.026	 -43.2262
 3858.652	 -45.6165
 3899.710	 -51.2519
 3941.206	 -52.7032
 3983.142	 -50.4997
 4025.525	 -42.8416
 4068.360	 -34.9612
 4111.649	 -33.9542
 4155.400	 -34.7109
 4199.616	 -41.3977
 4244.302	 -47.3980
 4289.464	 -48.3443
 4335.106	 -45.9872
 4381.235	 -42.3057
 4427.854	 -42.1328
 4474.969	 -43.4657
 4522.585	 -50.0383
 4570.708	 -53.0458
 4619.343	 -50.8569
 4668.496	 -49.1098
 4718.171	 -48.0420
 4768.376	 -48.3515
 4819.114	 -48.6212
 4870.393	 -44.8748
 4922.216	 -40.8029
 4974.592	 -40.0280
 5027.524	 -41.3944
 5081.021	 -46.5988
 5135.085	 -47.2790
 5189.726	 -40.7461
 5244.948	 -39.0173
 5300.757	 -39.4186
 5357.161	 -43.4996
 5414.164	 -50.1376
 5471.774	 -52.5735
 5529.997	 -52.5495
 5588.839	 -48.5702
 5648.308	 -43.5122
 5708.409	 -43.0825
 5769.150	 -44.5642
 5830.538	 -54.8559
 5892.578	 -62.8144
 5955.279	 -61.1412
 6018.646	 -56.4003
 6082.688	 -53.0668
 6147.412	 -52.3531
 6212.824	 -52.9392
 6278.932	 -51.7239
 6345.744	 -47.7247
 6413.267	 -47.3470
 6481.507	 -48.3330
 6550.475	 -52.5560
 6620.176	 -54.0229
 6690.619	 -57.1759
 6761.811	 -64.0748
 6833.760	 -68.6782
 6906.476	 -72.2883
 6979.965	 -74.7088
 7054.236	 -77.1240
 7129.297	 -79.3757
 7205.157	 -79.5467
 7281.825	 -79.9254
 7359.308	 -79.9794
 7437.615	 -79.3099
 7516.756	 -72.9444
 7596.739	 -63.2418
 7677.572	 -57.5218
 7759.267	 -56.8238
 7841.830	 -58.0336
 7925.271	 -64.2866
 8009.601	 -66.4909
 8094.828	 -63.9668
 8180.962	 -62.2649
 8268.013	 -60.5136
 8355.989	 -61.3777
 8444.902	 -63.4380
 8534.761	 -70.8414
 8625.576	 -74.8553
 8717.357	 -75.0851
 8810.115	 -72.9308
 8903.860	 -67.1333
 8998.603	 -62.8056
 9094.354	 -61.3642
 9191.123	 -61.1509
 9288.922	 -60.3162
 9387.762	 -60.8280
 9487.653	 -62.3123
 9588.607	 -66.5057
 9690.636	 -59.9133
 9793.750	 -54.1365
 9897.962	 -53.2544
10003.282	 -54.3572
10109.723	 -60.7713
10217.297	 -68.7427
10326.015	 -71.1720
10435.890	 -69.4589
10546.934	 -68.7415
10659.160	 -69.4270
10772.580	 -72.4147
10887.206	 -75.4478
11003.053	 -75.7262
11120.132	 -76.2495
11238.457	 -79.0024
11358.041	 -81.8049
11478.897	 -82.1906
11601.040	 -82.1075
11724.481	 -82.2217
11849.237	 -82.7021
11975.320	 -83.5775
12102.745	 -84.6673
12231.525	 -83.6728
12361.677	 -82.9813
12493.212	 -82.7180
12626.147	 -83.9851
12760.497	 -83.8221
12896.277	 -83.8756
13033.501	 -84.1717
13172.186	 -84.8478
13312.346	 -84.9675
13453.997	 -85.3278
13597.155	 -85.5322
13741.838	 -85.2681
13888.059	 -85.2137
14035.836	 -85.6951
14185.187	 -86.2658
14336.125	 -86.2907
14488.670	 -85.5534
14642.839	 -85.3856
14798.647	 -85.6668
14956.113	 -86.7311
15115.256	 -87.2613
15276.091	 -87.2301
15438.638	 -86.7137
15602.915	 -86.7416
15768.939	 -86.9073
15936.730	 -86.9895
16106.307	 -86.8798
16277.688	 -86.9453
16450.893	 -87.1948
16625.939	 -87.0466
16802.850	 -86.7363
16981.643	 -86.6034
17162.336	 -86.7875
17344.955	 -87.1597
17529.516	 -87.1599
17716.039	 -87.1056
17904.549	 -87.0204
18095.064	 -87.2900
18287.607	 -87.2070
18482.199	 -87.4810
18678.859	 -87.5371
18877.615	 -87.8654
19078.484	 -87.9513
19281.490	 -88.0102
19486.656	 -87.7509
19694.008	 -87.6877
19903.563	 -87.4621
20115.350	 -87.4154
20329.389	 -87.0252
20545.705	 -87.1755
20764.324	 -87.1631
20985.270	 -87.7188
21208.564	 -88.0417
21434.236	 -87.8796
21662.311	 -87.0288
21892.811	 -86.8468
22125.764	 -86.7883
22361.195	 -87.2259
22599.131	 -87.0082
22839.600	 -87.3564
23082.627	 -87.2984
23328.240	 -87.5861
23576.467	 -87.4087
23827.334	 -87.4415
