   11.804	 -56.2567
   11.929	 -56.3085
   12.056	 -56.4003
   12.184	 -56.4977
   12.314	 -56.5956
   12.445	 -56.6939
   12.578	 -56.7926
   12.711	 -56.8916
   12.847	 -56.9909
   12.983	 -57.0904
   13.122	 -57.1899
   13.261	 -57.2895
   13.402	 -57.3891
   13.545	 -57.4885
   13.689	 -57.5877
   13.835	 -57.6865
   13.982	 -57.7849
   14.131	 -57.8828
   14.281	 -57.9800
   14.433	 -58.0764
   14.587	 -58.1719
   14.742	 -58.2664
   14.899	 -58.3597
   15.057	 -58.4517
   15.217	 -58.5422
   15.379	 -58.6311
   15.543	 -58.7182
   15.708	 -58.8033
   15.875	 -58.8862
   16.044	 -58.9668
   16.215	 -59.0448
   16.388	 -59.1200
   16.562	 -59.1922
   16.738	 -59.2612
   16.916	 -59.3267
   17.096	 -59.3884
   17.278	 -59.4462
   17.462	 -59.4997
   17.648	 -59.5486
   17.836	 -59.5927
   18.025	 -59.6315
   18.217	 -59.6648
   18.411	 -59.6923
   18.607	 -59.7135
   18.805	 -59.7282
   19.005	 -59.7358
   19.207	 -59.7360
   19.412	 -59.7284
   19.618	 -59.7125
   19.827	 -59.6878
   20.038	 -59.6540
   20.251	 -59.6104
   20.467	 -59.5565
   20.684	 -59.4918
   20.905	 -59.4158
   21.127	 -59.3278
   21.352	 -59.2271
   21.579	 -59.1133
   21.809	 -58.9856
   22.041	 -58.8432
   22.275	 -58.6856
   22.512	 -58.5118
   22.752	 -58.3212
   22.994	 -58.1130
   23.239	 -57.8866
   23.486	 -57.6448
   23.736	 -57.3927
   23.988	 -57.1347
   24.244	 -56.8724
   24.501	 -56.6058
   24.762	 -56.3349
   25.026	 -56.0597
   25.292	 -55.7799
   25.561	 -55.4955
   25.833	 -55.2066
   26.108	 -54.9129
   26.386	 -54.6143
   26.667	 -54.3109
   26.950	 -54.0025
   27.237	 -53.6889
   27.527	 -53.3702
   27.820	 -53.0463
   28.116	 -52.7169
   28.415	 -52.3821
   28.717	 -52.0418
   29.023	 -51.6957
   29.332	 -51.3439
   29.644	 -50.9862
   29.959	 -50.6225
   30.278	 -50.2527
   30.600	 -49.8767
   30.926	 -49.4944
   31.255	 -49.1056
   31.587	 -48.7103
   31.924	 -48.3083
   32.263	 -47.8994
   32.607	 -47.4836
   32.953	 -47.0608
   33.304	 -46.6307
   33.658	 -46.1934
   34.017	 -45.7485
   34.379	 -45.2961
   34.744	 -44.8370
   35.114	 -44.3822
   35.488	 -43.9321
   35.865	 -43.4816
   36.247	 -43.0200
   36.633	 -42.5453
   37.022	 -42.0579
   37.416	 -41.5581
   37.815	 -41.0465
   38.217	 -40.5234
   38.624	 -39.9895
   39.035	 -39.4452
   39.450	 -38.8913
   39.870	 -38.3284
   40.294	 -37.7572
   40.723	 -37.1784
   41.156	 -36.5930
   41.594	 -36.0018
   42.036	 -35.4058
   42.484	 -34.8059
   42.936	 -34.2033
   43.393	 -33.5990
   43.854	 -32.9944
   44.321	 -32.3907
   44.793	 -31.7893
   45.269	 -31.1916
   45.751	 -30.5993
   46.238	 -30.0294
   46.730	 -29.6368
   47.227	 -29.5006
   47.730	 -29.6139
   48.237	 -29.8503
   48.751	 -30.1401
   49.269	 -30.4742
   49.794	 -30.8486
   50.323	 -31.2589
   50.859	 -31.7003
   51.400	 -32.1679
   51.947	 -32.6562
   52.500	 -33.1594
   53.058	 -33.6712
   53.623	 -34.1849
   54.194	 -34.6934
   54.770	 -35.1890
   55.353	 -35.6636
   55.942	 -36.1086
   56.537	 -36.5145
   57.139	 -36.8715
   57.747	 -37.1710
   58.361	 -37.4263
   58.982	 -37.6640
   59.610	 -37.9019
   60.244	 -38.1336
   60.885	 -38.3471
   61.533	 -38.5408
   62.188	 -38.7138
   62.850	 -38.8656
   63.518	 -38.9954
   64.194	 -39.1024
   64.877	 -39.1859
   65.568	 -39.2450
   66.265	 -39.2791
   66.970	 -39.2872
   67.683	 -39.2685
   68.403	 -39.2222
   69.131	 -39.1450
   69.867	 -39.0091
   70.610	 -38.7737
   71.361	 -38.4417
   72.121	 -38.0490
   72.888	 -37.6328
   73.664	 -37.1984
   74.448	 -36.7488
   75.240	 -36.2871
   76.040	 -35.8167
   76.849	 -35.3410
   77.667	 -34.8639
   78.494	 -34.3894
   79.329	 -33.9218
   80.173	 -33.4655
   81.026	 -33.0235
   81.888	 -32.5813
   82.759	 -32.1309
   83.640	 -31.6722
   84.530	 -31.2166
   85.430	 -30.7677
   86.339	 -30.3263
   87.257	 -29.8925
   88.186	 -29.4668
   89.124	 -29.0495
   90.072	 -28.6409
   91.031	 -28.2415
   91.999	 -27.8591
   92.978	 -27.5901
   93.968	 -27.6789
   94.968	 -28.1623
   95.978	 -28.9717
   96.999	 -29.8350
   98.032	 -30.7227
   99.075	 -31.6354
  100.129	 -32.5738
  101.194	 -33.5384
  102.271	 -34.5298
  103.359	 -35.5486
  104.459	 -36.5929
  105.571	 -37.6499
  106.694	 -38.7182
  107.829	 -39.8053
  108.977	 -40.9350
  110.136	 -42.1014
  111.308	 -43.2940
  112.492	 -44.5018
  113.689	 -45.7129
  114.899	 -46.9123
  116.122	 -48.0426
  117.357	 -48.8649
  118.606	 -49.2531
  119.868	 -49.2953
  121.144	 -49.2672
  122.433	 -49.2113
  123.735	 -49.1462
  125.052	 -49.0917
  126.383	 -49.0681
  127.727	 -49.0905
  129.087	 -49.1500
  130.460	 -49.2462
  131.848	 -49.3789
  133.251	 -49.5564
  134.669	 -49.7604
  136.102	 -49.9684
  137.550	 -50.1563
  139.014	 -50.2915
  140.493	 -50.2731
  141.988	 -50.0072
  143.499	 -49.4714
  145.026	 -48.7526
  146.569	 -47.9498
  148.129	 -47.1600
  149.705	 -46.4837
  151.298	 -46.0466
  152.908	 -45.9216
  154.535	 -46.0757
  156.179	 -46.4138
  157.841	 -46.8517
  159.520	 -47.3840
  161.218	 -48.0127
  162.933	 -48.7283
  164.667	 -49.5263
  166.419	 -50.4220
  168.190	 -51.4364
  169.979	 -52.5534
  171.788	 -53.6953
  173.616	 -54.7632
  175.463	 -55.5801
  177.330	 -56.0316
  179.217	 -56.1508
  181.124	 -56.1294
  183.052	 -56.0847
  184.999	 -56.1020
  186.968	 -56.2237
  188.957	 -56.4824
  190.968	 -56.8786
  193.000	 -57.3938
  195.054	 -57.9418
  197.129	 -58.3396
  199.227	 -57.8335
  201.347	 -56.3012
  203.489	 -54.2253
  205.654	 -52.0910
  207.843	 -49.9502
  210.054	 -47.8072
  212.289	 -45.6563
  214.548	 -43.5008
  216.831	 -41.3468
  219.138	 -39.2312
  221.470	 -37.4053
  223.827	 -36.1469
  226.208	 -35.5035
  228.615	 -35.4549
  231.048	 -35.9296
  233.506	 -37.0126
  235.991	 -38.8443
  238.502	 -41.5583
  241.040	 -45.1146
  243.605	 -48.9234
  246.197	 -52.1716
  248.816	 -54.3335
  251.464	 -55.6035
  254.140	 -56.3130
  256.844	 -56.4731
  259.577	 -55.9943
  262.339	 -54.9719
  265.130	 -53.8068
  267.952	 -53.0294
  270.803	 -52.9058
  273.684	 -53.4306
  276.596	 -54.3289
  279.540	 -55.0387
  282.514	 -55.1479
  285.520	 -54.7415
  288.558	 -54.1624
  291.629	 -53.5725
  294.732	 -52.9862
  297.868	 -52.4038
  301.037	 -51.8264
  304.241	 -51.2679
  307.478	 -50.7489
  310.750	 -50.2493
  314.056	 -49.5915
  317.398	 -48.4511
  320.775	 -46.8544
  324.189	 -45.0015
  327.638	 -43.0638
  331.124	 -41.0392
  334.648	 -39.0435
  338.209	 -37.6571
  341.807	 -37.2452
  345.444	 -37.7206
  349.120	 -38.6099
  352.835	 -39.1276
  356.589	 -39.1673
  360.384	 -39.0298
  364.218	 -38.8723
  368.094	 -38.6902
  372.011	 -38.1721
  375.969	 -36.0573
  379.970	 -32.5407
  384.013	 -29.3129
  388.099	 -26.9751
  392.228	 -25.6075
  396.402	 -25.3611
  400.620	 -26.1859
  404.883	 -28.0184
  409.191	 -30.4017
  413.545	 -32.8706
  417.945	 -35.3422
  422.393	 -37.6842
  426.887	 -39.6709
  431.429	 -41.0765
  436.020	 -42.0092
  440.660	 -42.6285
  445.348	 -43.1840
  450.087	 -43.8325
  454.876	 -44.5719
  459.717	 -45.3640
  464.608	 -46.2083
  469.552	 -47.1479
  474.548	 -48.1867
  479.598	 -49.1639
  484.701	 -49.8005
  489.858	 -49.9211
  495.071	 -49.5802
  500.339	 -49.2342
  505.663	 -49.4725
  511.043	 -50.3671
  516.481	 -51.4528
  521.977	 -51.8212
  527.531	 -51.5647
  533.144	 -51.0125
  538.817	 -50.2482
  544.550	 -49.2335
  550.345	 -47.8090
  556.201	 -46.0862
  562.119	 -44.6022
  568.100	 -43.4871
  574.145	 -42.6812
  580.255	 -42.0085
  586.429	 -41.4463
  592.669	 -41.0039
  598.975	 -40.6807
  605.349	 -40.2123
  611.790	 -38.9653
  618.300	 -36.5246
  624.879	 -33.4683
  631.528	 -32.4994
  638.248	 -32.9618
  645.039	 -33.4235
  651.903	 -31.1941
  658.839	 -29.3134
  665.850	 -29.2172
  672.935	 -30.8395
  680.095	 -33.8775
  687.332	 -36.5546
  694.645	 -37.6875
  702.037	 -38.1148
  709.507	 -37.4508
  717.057	 -34.6400
  724.686	 -33.1446
  732.398	 -33.4413
  740.191	 -36.2838
  748.067	 -42.1686
  756.027	 -49.1954
  764.071	 -51.8442
  772.201	 -53.7208
  780.418	 -56.3896
  788.722	 -57.4661
  797.115	 -58.1210
  805.597	 -59.1112
  814.169	 -60.7584
  822.832	 -61.7574
  831.587	 -62.1033
  840.436	 -61.5620
  849.379	 -60.5979
  858.417	 -60.3548
  867.551	 -60.8402
  876.782	 -61.7140
  886.111	 -61.5111
  895.540	 -60.0870
  905.069	 -57.9505
  914.700	 -55.9426
  924.433	 -54.1827
  934.269	 -52.8665
  944.210	 -51.4798
  954.257	 -49.1260
  964.411	 -45.4859
  974.673	 -41.6758
  985.044	 -41.0885
  995.526	 -42.0843
 1006.119	 -46.6067
 1016.824	 -49.9954
 1027.644	 -52.3064
 1038.579	 -53.0673
 1049.630	 -53.6913
 1060.799	 -53.5618
 1072.086	 -52.1706
 1083.494	 -50.6103
 1095.023	 -48.6879
 1106.674	 -44.9174
 1118.450	 -40.9806
 1130.351	 -40.0874
 1142.379	 -41.0662
 1154.534	 -45.2755
 1166.819	 -50.0435
 1179.235	 -53.1994
 1191.783	 -55.8511
 1204.464	 -56.9091
 1217.280	 -56.4853
 1230.233	 -56.3239
 1243.323	 -56.2620
 1256.553	 -56.1146
 1269.923	 -54.9185
 1283.436	 -52.5834
 1297.093	 -52.5107
 1310.895	 -54.0516
 1324.843	 -60.2634
 1338.940	 -65.8882
 1353.188	 -69.1130
 1367.586	 -71.3249
 1382.138	 -68.5276
 1396.845	 -63.0699
 1411.708	 -61.1660
 1426.730	 -61.1562
 1441.911	 -62.8271
 1457.254	 -63.9588
 1472.760	 -63.7200
 1488.431	 -64.1751
 1504.269	 -65.2584
 1520.275	 -65.3359
 1536.452	 -63.3007
 1552.801	 -60.4501
 1569.323	 -57.1596
 1586.022	 -57.0709
 1602.898	 -58.4427
 1619.954	 -65.2688
 1637.191	 -69.5943
 1654.612	 -73.5121
 1672.218	 -75.1967
 1690.011	 -76.0102
 1707.994	 -74.7427
 1726.168	 -73.5971
 1744.536	 -72.8312
 1763.099	 -69.5365
 1781.859	 -64.2722
 1800.819	 -63.3969
 1819.981	 -61.6097
 1839.347	 -55.1230
 1858.918	 -53.3277
 1878.698	 -52.4559
 1898.689	 -51.0880
 1918.892	 -49.9829
 1939.310	 -50.6108
 1959.946	 -54.3353
 1980.801	 -60.1376
 2001.878	 -59.1709
 2023.179	 -58.7763
 2044.707	 -60.4395
 2066.464	 -65.1432
 2088.452	 -67.5760
 2110.674	 -69.6432
 2133.133	 -68.9463
 2155.831	 -65.4007
 2178.771	 -63.1808
 2201.954	 -62.0004
 2225.384	 -62.9313
 2249.063	 -64.7201
 2272.995	 -63.5738
 2297.181	 -62.2264
 2321.624	 -61.4498
 2346.328	 -62.5521
 2371.294	 -63.6710
 2396.526	 -64.8225
 2422.027	 -66.3649
 2447.798	 -65.2758
 2473.844	 -63.3365
 2500.168	 -60.1975
 2526.771	 -55.8888
 2553.657	 -55.3341
 2580.830	 -56.3589
 2608.291	 -61.8294
 2636.045	 -64.1108
 2664.094	 -62.2937
 2692.442	 -61.1749
 2721.091	 -61.8989
 2750.045	 -64.9285
 2779.307	 -73.1106
 2808.881	 -74.4457
 2838.769	 -70.0384
 2868.975	 -67.4041
 2899.503	 -60.9564
 2930.355	 -51.6318
 2961.536	 -48.6334
 2993.049	 -48.0791
 3024.896	 -50.2685
 3057.083	 -54.9510
 3089.612	 -60.3080
 3122.488	 -58.8817
 3155.713	 -54.3774
 3189.292	 -50.8209
 3223.228	 -50.5432
 3257.525	 -52.2382
 3292.187	 -58.7107
 3327.218	 -61.7794
 3362.621	 -57.1739
 3398.402	 -51.3512
 3434.563	 -49.4759
 3471.108	 -48.0774
 3508.043	 -43.9956
 3545.371	 -38.2230
 3583.096	 -36.6200
 3621.222	 -37.1553
 3659.754	 -40.9745
 3698.696	 -46.8211
 3738.052	 -49.5455
 3777.827	 -51.2749
 3818.026	 -52.8347
 3858.652	 -54.7849
 3899.710	 -56.2395
 3941.206	 -54.7166
 3983.142	 -53.9831
 4025.525	 -53.5209
 4068.360	 -47.5644
 4111.649	 -46.7859
 4155.400	 -47.1858
 4199.616	 -51.3040
 4244.302	 -45.5498
 4289.464	 -36.7942
 4335.106	 -35.3729
 4381.235	 -35.7021
 4427.854	 -38.5550
 4474.969	 -39.5291
 4522.585	 -40.2917
 4570.708	 -44.2645
 4619.343	 -47.7369
 4668.496	 -47.4653
 4718.171	 -45.7422
 4768.376	 -43.0244
 4819.114	 -41.3676
 4870.393	 -36.9005
 4922.216	 -35.8631
 4974.592	 -36.2080
 5027.524	 -40.2282
 5081.021	 -45.4549
 5135.085	 -46.8188
 5189.726	 -42.5341
 5244.948	 -37.9902
 5300.757	 -37.7454
 5357.161	 -39.2279
 5414.164	 -44.9482
 5471.774	 -45.8704
 5529.997	 -46.6915
 5588.839	 -48.1094
 5648.308	 -41.7074
 5708.409	 -40.9088
 5769.150	 -41.7474
 5830.538	 -49.4611
 5892.578	 -53.5085
 5955.279	 -53.5378
 6018.646	 -53.1893
 6082.688	 -54.5542
 6147.412	 -55.9242
 6212.824	 -58.3049
 6278.932	 -58.1241
 6345.744	 -55.9875
 6413.267	 -55.2935
 6481.507	 -54.1340
 6550.475	 -54.5266
 6620.176	 -55.7418
 6690.619	 -61.9205
 6761.811	 -66.4198
 6833.760	 -66.5619
 6906.476	 -68.4019
 6979.965	 -68.4467
 7054.236	 -68.1463
 7129.297	 -68.2695
 7205.157	 -68.6898
 7281.825	 -69.3636
 7359.308	 -69.5481
 7437.615	 -70.8230
 7516.756	 -70.3542
 7596.739	 -65.9945
 7677.572	 -58.8911
 7759.267	 -58.0898
 7841.830	 -58.7434
 7925.271	 -64.1056
 8009.601	 -63.3571
 8094.828	 -60.3898
 8180.962	 -59.5269
 8268.013	 -59.2002
 8355.989	 -61.3321
 8444.902	 -63.7092
 8534.761	 -70.5439
 8625.576	 -72.9024
 8717.357	 -73.6525
 8810.115	 -73.8834
 8903.860	 -68.4320
 8998.603	 -66.6517
 9094.354	 -64.5601
 9191.123	 -63.5956
 9288.922	 -62.8512
 9387.762	 -64.0938
 9487.653	 -66.7420
 9588.607	 -68.6762
 9690.636	 -60.2708
 9793.750	 -54.0610
 9897.962	 -53.4834
10003.282	 -54.7821
10109.723	 -63.0683
10217.297	 -65.7739
10326.015	 -65.8998
10435.890	 -65.4216
10546.934	 -66.3949
10659.160	 -67.3310
10772.580	 -71.6026
10887.206	 -72.2321
11003.053	 -72.6765
11120.132	 -75.4002
11238.457	 -78.8467
11358.041	 -81.7842
11478.897	 -80.9965
11601.040	 -81.0221
11724.481	 -81.8719
11849.237	 -82.6890
11975.320	 -81.3008
12102.745	 -80.4991
12231.525	 -80.8043
12361.677	 -82.6639
12493.212	 -84.0835
12626.147	 -84.0466
12760.497	 -83.4162
12896.277	 -84.1319
13033.501	 -85.7500
13172.186	 -87.3194
13312.346	 -87.0047
13453.997	 -86.4520
13597.155	 -86.4541
13741.838	 -86.2954
13888.059	 -86.5005
14035.836	 -86.3104
14185.187	 -86.3421
14336.125	 -86.5412
14488.670	 -86.9310
14642.839	 -87.5404
14798.647	 -87.1029
14956.113	 -87.1344
15115.256	 -87.6894
15276.091	 -88.8913
15438.638	 -88.9530
15602.915	 -88.7408
15768.939	 -88.7722
15936.730	 -88.9532
16106.307	 -88.7137
16277.688	 -88.2340
16450.893	 -88.1157
16625.939	 -88.1712
16802.850	 -88.4984
16981.643	 -88.5023
17162.336	 -88.8044
17344.955	 -88.8359
17529.516	 -88.8418
17716.039	 -88.2091
17904.549	 -87.7853
18095.064	 -87.8360
18287.607	 -88.6702
18482.199	 -89.3176
18678.859	 -89.2272
18877.615	 -88.7411
19078.484	 -88.5099
19281.490	 -88.4631
19486.656	 -88.6298
19694.008	 -88.8295
19903.563	 -89.1925
20115.350	 -89.5320
20329.389	 -89.7261
20545.705	 -89.4312
20764.324	 -89.0060
20985.270	 -88.7780
21208.564	 -88.8123
21434.236	 -88.5815
21662.311	 -88.6915
21892.811	 -88.6670
22125.764	 -88.7294
22361.195	 -88.7394
22599.131	 -88.9416
22839.600	 -88.6164
23082.627	 -88.2211
23328.240	 -88.3095
23576.467	 -88.6104
23827.334	 -88.8140
