   11.804	 -46.7599
   11.929	 -46.8479
   12.056	 -47.0045
   12.184	 -47.1714
   12.314	 -47.3397
   12.445	 -47.5094
   12.578	 -47.6805
   12.711	 -47.8530
   12.847	 -48.0267
   12.983	 -48.2018
   13.122	 -48.3780
   13.261	 -48.5555
   13.402	 -48.7341
   13.545	 -48.9138
   13.689	 -49.0945
   13.835	 -49.2762
   13.982	 -49.4588
   14.131	 -49.6423
   14.281	 -49.8265
   14.433	 -50.0114
   14.587	 -50.1969
   14.742	 -50.3830
   14.899	 -50.5696
   15.057	 -50.7564
   15.217	 -50.9436
   15.379	 -51.1309
   15.543	 -51.3182
   15.708	 -51.5055
   15.875	 -51.6926
   16.044	 -51.8793
   16.215	 -52.0656
   16.388	 -52.2514
   16.562	 -52.4363
   16.738	 -52.6204
   16.916	 -52.8034
   17.096	 -52.9851
   17.278	 -53.1655
   17.462	 -53.3442
   17.648	 -53.5211
   17.836	 -53.6960
   18.025	 -53.8687
   18.217	 -54.0390
   18.411	 -54.2065
   18.607	 -54.3711
   18.805	 -54.5325
   19.005	 -54.6904
   19.207	 -54.8446
   19.412	 -54.9947
   19.618	 -55.1404
   19.827	 -55.2814
   20.038	 -55.4174
   20.251	 -55.5481
   20.467	 -55.6730
   20.684	 -55.7917
   20.905	 -55.9039
   21.127	 -56.0092
   21.352	 -56.1070
   21.579	 -56.1970
   21.809	 -56.2787
   22.041	 -56.3516
   22.275	 -56.4151
   22.512	 -56.4688
   22.752	 -56.5121
   22.994	 -56.5443
   23.239	 -56.5652
   23.486	 -56.5764
   23.736	 -56.5810
   23.988	 -56.5822
   24.244	 -56.5812
   24.501	 -56.5782
   24.762	 -56.5730
   25.026	 -56.5659
   25.292	 -56.5568
   25.561	 -56.5459
   25.833	 -56.5331
   26.108	 -56.5186
   26.386	 -56.5023
   26.667	 -56.4845
   26.950	 -56.4652
   27.237	 -56.4446
   27.527	 -56.4226
   27.820	 -56.3994
   28.116	 -56.3752
   28.415	 -56.3501
   28.717	 -56.3243
   29.023	 -56.2978
   29.332	 -56.2709
   29.644	 -56.2437
   29.959	 -56.2165
   30.278	 -56.1894
   30.600	 -56.1626
   30.926	 -56.1365
   31.255	 -56.1111
   31.587	 -56.0868
   31.924	 -56.0639
   32.263	 -56.0426
   32.607	 -56.0232
   32.953	 -56.0061
   33.304	 -55.9917
   33.658	 -55.9801
   34.017	 -55.9720
   34.379	 -55.9676
   34.744	 -55.9669
   35.114	 -55.9655
   35.488	 -55.9619
   35.865	 -55.9564
   36.247	 -55.9536
   36.633	 -55.9542
   37.022	 -55.9581
   37.416	 -55.9651
   37.815	 -55.9750
   38.217	 -55.9875
   38.624	 -56.0025
   39.035	 -56.0196
   39.450	 -56.0386
   39.870	 -56.0592
   40.294	 -56.0810
   40.723	 -56.1037
   41.156	 -56.1269
   41.594	 -56.1502
   42.036	 -56.1732
   42.484	 -56.1954
   42.936	 -56.2163
   43.393	 -56.2354
   43.854	 -56.2523
   44.321	 -56.2662
   44.793	 -56.2766
   45.269	 -56.2829
   45.751	 -56.2843
   46.238	 -56.2800
   46.730	 -56.2672
   47.227	 -56.2413
   47.730	 -56.1987
   48.237	 -56.1385
   48.751	 -56.0621
   49.269	 -55.9708
   49.794	 -55.8660
   50.323	 -55.7493
   50.859	 -55.6224
   51.400	 -55.4869
   51.947	 -55.3448
   52.500	 -55.1982
   53.058	 -55.0492
   53.623	 -54.9000
   54.194	 -54.7532
   54.770	 -54.6114
   55.353	 -54.4773
   55.942	 -54.3538
   56.537	 -54.2440
   57.139	 -54.1513
   57.747	 -54.0785
   58.361	 -54.0226
   58.982	 -53.9807
   59.610	 -53.9545
   60.244	 -53.9508
   60.885	 -53.9744
   61.533	 -54.0266
   62.188	 -54.1082
   62.850	 -54.2202
   63.518	 -54.3634
   64.194	 -54.5390
   64.877	 -54.7477
   65.568	 -54.9908
   66.265	 -55.2692
   66.970	 -55.5839
   67.683	 -55.9361
   68.403	 -56.3268
   69.131	 -56.7593
   69.867	 -57.2664
   70.610	 -57.9519
   71.361	 -58.9189
   72.121	 -60.2318
   72.888	 -61.8510
   73.664	 -63.7352
   74.448	 -65.8407
   75.240	 -68.1193
   76.040	 -70.5182
   76.849	 -72.9791
   77.667	 -75.4379
   78.494	 -77.8237
   79.329	 -80.0584
   80.173	 -82.0553
   81.026	 -83.6965
   81.888	 -84.5554
   82.759	 -84.2526
   83.640	 -82.9253
   84.530	 -81.0497
   85.430	 -78.8067
   86.339	 -76.3027
   87.257	 -73.6425
   88.186	 -70.9327
   89.124	 -68.2816
   90.072	 -65.7980
   91.031	 -63.5913
   91.999	 -61.7684
   92.978	 -60.4060
   93.968	 -59.4308
   94.968	 -58.7294
   95.978	 -58.1944
   96.999	 -57.7974
   98.032	 -57.5407
   99.075	 -57.4287
  100.129	 -57.4657
  101.194	 -57.6563
  102.271	 -58.0051
  103.359	 -58.5162
  104.459	 -59.1834
  105.571	 -59.9730
  106.694	 -60.9267
  107.829	 -62.1114
  108.977	 -63.6250
  110.136	 -65.4022
  111.308	 -67.3480
  112.492	 -69.3553
  113.689	 -71.3021
  114.899	 -73.0481
  116.122	 -74.3849
  117.357	 -74.8865
  118.606	 -74.3881
  119.868	 -73.1616
  121.144	 -71.6020
  122.433	 -69.8664
  123.735	 -68.0928
  125.052	 -66.4185
  126.383	 -64.9773
  127.727	 -63.8669
  129.087	 -63.0192
  130.460	 -62.3694
  131.848	 -61.8602
  133.251	 -61.5126
  134.669	 -61.3333
  136.102	 -61.3273
  137.550	 -61.5000
  139.014	 -61.8583
  140.493	 -62.4331
  141.988	 -63.3146
  143.499	 -64.5783
  145.026	 -66.2429
  146.569	 -68.1706
  148.129	 -70.1749
  149.705	 -72.0292
  151.298	 -73.3950
  152.908	 -73.8524
  154.535	 -73.3530
  156.179	 -72.2721
  157.841	 -70.9801
  159.520	 -69.6806
  161.218	 -68.5600
  162.933	 -67.7961
  164.667	 -67.4178
  166.419	 -67.3240
  168.190	 -67.3511
  169.979	 -67.3978
  171.788	 -67.4444
  173.616	 -67.4784
  175.463	 -67.4972
  177.330	 -67.4984
  179.217	 -67.4831
  181.124	 -67.4521
  183.052	 -67.4171
  184.999	 -67.4044
  186.968	 -67.5511
  188.957	 -68.0137
  190.968	 -68.8749
  193.000	 -70.0435
  195.054	 -71.3077
  197.129	 -72.4324
  199.227	 -73.1348
  201.347	 -73.3423
  203.489	 -73.1843
  205.654	 -72.8483
  207.843	 -72.3484
  210.054	 -71.6991
  212.289	 -70.8800
  214.548	 -69.8885
  216.831	 -68.7850
  219.138	 -67.7097
  221.470	 -66.8150
  223.827	 -66.1588
  226.208	 -65.7299
  228.615	 -65.4864
  231.048	 -65.4153
  233.506	 -65.5457
  235.991	 -65.8812
  238.502	 -66.3991
  241.040	 -67.0438
  243.605	 -67.7879
  246.197	 -68.5999
  248.816	 -69.4677
  251.464	 -70.3946
  254.140	 -71.4303
  256.844	 -72.6165
  259.577	 -74.0719
  262.339	 -75.8937
  265.130	 -78.0389
  267.952	 -79.7852
  270.803	 -79.7261
  273.684	 -77.7561
  276.596	 -75.2701
  279.540	 -73.0604
  282.514	 -71.1749
  285.520	 -69.6266
  288.558	 -68.4229
  291.629	 -67.7514
  294.732	 -67.8356
  297.868	 -68.6677
  301.037	 -69.9347
  304.241	 -70.6441
  307.478	 -69.9486
  310.750	 -68.3857
  314.056	 -67.3163
  317.398	 -67.5308
  320.775	 -69.1734
  324.189	 -72.2209
  327.638	 -74.9734
  331.124	 -75.5066
  334.648	 -74.5290
  338.209	 -73.5459
  341.807	 -72.9239
  345.444	 -72.7588
  349.120	 -73.1613
  352.835	 -74.5485
  356.589	 -77.1288
  360.384	 -81.0725
  364.218	 -82.8343
  368.094	 -79.7750
  372.011	 -76.9281
  375.969	 -75.9336
  379.970	 -76.4754
  384.013	 -77.9261
  388.099	 -77.6686
  392.228	 -75.3196
  396.402	 -73.6922
  400.620	 -73.5662
  404.883	 -74.8629
  409.191	 -76.5609
  413.545	 -76.3284
  417.945	 -75.0906
  422.393	 -74.7135
  426.887	 -75.4710
  431.429	 -77.1095
  436.020	 -78.4711
  440.660	 -78.9325
  445.348	 -78.2910
  450.087	 -76.7104
  454.876	 -76.0038
  459.717	 -76.8923
  464.608	 -79.7786
  469.552	 -82.2751
  474.548	 -78.8425
  479.598	 -77.1579
  484.701	 -77.3134
  489.858	 -79.2939
  495.071	 -80.1711
  500.339	 -78.2497
  505.663	 -75.3817
  511.043	 -73.0102
  516.481	 -72.4657
  521.977	 -73.4014
  527.531	 -76.1945
  533.144	 -79.1582
  538.817	 -79.9882
  544.550	 -77.1747
  550.345	 -76.5343
  556.201	 -77.6343
  562.119	 -81.8360
  568.100	 -81.1199
  574.145	 -77.9907
  580.255	 -76.3814
  586.429	 -76.9351
  592.669	 -79.3155
  598.975	 -81.9111
  605.349	 -81.0726
  611.790	 -81.3735
  618.300	 -84.0093
  624.879	 -85.0986
  631.528	 -83.7324
  638.248	 -83.8154
  645.039	 -86.7293
  651.903	 -87.8218
  658.839	 -85.2729
  665.850	 -81.4190
  672.935	 -77.5214
  680.095	 -75.7893
  687.332	 -76.0863
  694.645	 -78.7592
  702.037	 -83.4985
  709.507	 -83.7842
  717.057	 -82.6264
  724.686	 -82.3816
  732.398	 -82.9878
  740.191	 -82.2266
  748.067	 -82.8129
  756.027	 -84.7878
  764.071	 -87.6013
  772.201	 -83.8408
  780.418	 -81.5136
  788.722	 -81.7372
  797.115	 -84.4558
  805.597	 -88.6318
  814.169	 -83.3929
  822.832	 -79.9509
  831.587	 -79.5493
  840.436	 -80.3550
  849.379	 -79.9024
  858.417	 -78.7368
  867.551	 -78.8339
  876.782	 -81.5564
  886.111	 -85.2477
  895.540	 -84.2821
  905.069	 -79.2186
  914.700	 -78.6954
  924.433	 -79.7864
  934.269	 -84.4694
  944.210	 -84.1294
  954.257	 -83.5920
  964.411	 -83.9978
  974.673	 -84.0004
  985.044	 -82.7985
  995.526	 -82.5752
 1006.119	 -81.5805
 1016.824	 -80.8039
 1027.644	 -80.3713
 1038.579	 -80.9181
 1049.630	 -80.1786
 1060.799	 -79.8011
 1072.086	 -80.8458
 1083.494	 -84.0223
 1095.023	 -85.0286
 1106.674	 -84.7825
 1118.450	 -85.7639
 1130.351	 -87.8116
 1142.379	 -87.8919
 1154.534	 -88.7786
 1166.819	 -89.3008
 1179.235	 -87.5901
 1191.783	 -86.7973
 1204.464	 -86.8477
 1217.280	 -90.1906
 1230.233	 -88.1065
 1243.323	 -87.7806
 1256.553	 -86.2210
 1269.923	 -85.6552
 1283.436	 -84.5328
 1297.093	 -85.6028
 1310.895	 -86.4428
 1324.843	 -87.9395
 1338.940	 -84.9388
 1353.188	 -82.1360
 1367.586	 -81.3599
 1382.138	 -82.0753
 1396.845	 -84.2291
 1411.708	 -84.5100
 1426.730	 -85.5919
 1441.911	 -85.6617
 1457.254	 -83.2166
 1472.760	 -82.2935
 1488.431	 -82.5451
 1504.269	 -85.2180
 1520.275	 -85.4722
 1536.452	 -86.6718
 1552.801	 -86.8804
 1569.323	 -88.5914
 1586.022	 -87.5433
 1602.898	 -88.1808
 1619.954	 -89.4169
 1637.191	 -91.8520
 1654.612	 -90.1328
 1672.218	 -88.7782
 1690.011	 -87.3606
 1707.994	 -85.8212
 1726.168	 -85.4095
 1744.536	 -85.8536
 1763.099	 -87.9931
 1781.859	 -88.3385
 1800.819	 -89.0909
 1819.981	 -87.9992
 1839.347	 -88.9549
 1858.918	 -90.1805
 1878.698	 -89.9614
 1898.689	 -87.9898
 1918.892	 -86.1785
 1939.310	 -86.0009
 1959.946	 -85.9251
 1980.801	 -87.0313
 2001.878	 -88.4310
 2023.179	 -89.4506
 2044.707	 -90.3635
 2066.464	 -91.7104
 2088.452	 -94.2562
 2110.674	 -89.2382
 2133.133	 -88.0748
 2155.831	 -88.3069
 2178.771	 -88.8622
 2201.954	 -88.1635
 2225.384	 -87.5901
 2249.063	 -88.3902
 2272.995	 -88.0421
 2297.181	 -88.6406
 2321.624	 -88.8109
 2346.328	 -88.7557
 2371.294	 -87.6027
 2396.526	 -87.7087
 2422.027	 -89.1585
 2447.798	 -89.6768
 2473.844	 -90.3908
 2500.168	 -90.4036
 2526.771	 -92.2224
 2553.657	 -92.7644
 2580.830	 -90.4500
 2608.291	 -89.6587
 2636.045	 -89.1290
 2664.094	 -90.4955
 2692.442	 -91.0180
 2721.091	 -90.6511
 2750.045	 -90.8533
 2779.307	 -91.5864
 2808.881	 -92.4790
 2838.769	 -91.3441
 2868.975	 -90.5165
 2899.503	 -91.2271
 2930.355	 -92.0260
 2961.536	 -93.1286
 2993.049	 -92.6037
 3024.896	 -91.0603
 3057.083	 -90.8528
 3089.612	 -91.7187
 3122.488	 -93.7130
 3155.713	 -92.8366
 3189.292	 -91.2185
 3223.228	 -91.1475
 3257.525	 -91.5951
 3292.187	 -93.5405
 3327.218	 -94.5812
 3362.621	 -95.6048
 3398.402	 -93.0497
 3434.563	 -92.7546
 3471.108	 -92.2621
 3508.043	 -93.3410
 3545.371	 -93.3666
 3583.096	 -94.5502
 3621.222	 -94.1180
 3659.754	 -93.2956
 3698.696	 -93.2406
 3738.052	 -93.7781
 3777.827	 -93.5284
 3818.026	 -92.5849
 3858.652	 -91.4249
 3899.710	 -91.1715
 3941.206	 -91.4175
 3983.142	 -92.0646
 4025.525	 -92.3106
 4068.360	 -92.4794
 4111.649	 -92.5173
 4155.400	 -92.3145
 4199.616	 -92.5223
 4244.302	 -93.4164
 4289.464	 -93.5701
 4335.106	 -93.7478
 4381.235	 -94.6706
 4427.854	 -95.7097
 4474.969	 -95.8825
 4522.585	 -94.5840
 4570.708	 -94.0659
 4619.343	 -93.4607
 4668.496	 -93.6751
 4718.171	 -93.7411
 4768.376	 -94.8401
 4819.114	 -94.8531
 4870.393	 -95.5346
 4922.216	 -95.0783
 4974.592	 -94.5267
 5027.524	 -94.8536
 5081.021	 -95.2565
 5135.085	 -95.3821
 5189.726	 -94.2256
 5244.948	 -94.3181
 5300.757	 -94.9544
 5357.161	 -95.7831
 5414.164	 -96.3980
 5471.774	 -97.0858
 5529.997	 -97.3546
 5588.839	 -97.2742
 5648.308	 -97.7043
 5708.409	 -96.8589
 5769.150	 -95.7042
 5830.538	 -95.0834
 5892.578	 -95.1858
 5955.279	 -96.1370
 6018.646	 -96.9361
 6082.688	 -96.4380
 6147.412	 -95.0437
 6212.824	 -94.4469
 6278.932	 -94.6643
 6345.744	 -95.3534
 6413.267	 -95.6961
 6481.507	 -96.3981
 6550.475	 -96.8523
 6620.176	 -97.2356
 6690.619	 -97.2399
 6761.811	 -97.2832
 6833.760	 -97.4671
 6906.476	 -97.4766
 6979.965	 -97.0455
 7054.236	 -95.5101
 7129.297	 -95.1852
 7205.157	 -95.7415
 7281.825	 -96.5747
 7359.308	 -96.4836
 7437.615	 -96.5677
 7516.756	 -97.5858
 7596.739	 -98.0142
 7677.572	 -97.0625
 7759.267	 -96.1423
 7841.830	 -96.3639
 7925.271	 -96.9822
 8009.601	 -98.3362
 8094.828	 -98.4770
 8180.962	 -98.6687
 8268.013	 -98.2700
 8355.989	 -97.9544
 8444.902	 -97.7584
 8534.761	 -96.9871
 8625.576	 -97.1646
 8717.357	 -97.2397
 8810.115	 -98.0330
 8903.860	 -98.2457
 8998.603	 -98.0333
 9094.354	 -97.6085
 9191.123	 -97.6109
 9288.922	 -98.2764
 9387.762	 -98.5704
 9487.653	 -98.6457
 9588.607	 -98.5609
 9690.636	 -98.3303
 9793.750	 -98.4018
 9897.962	 -98.7454
10003.282	 -99.2869
10109.723	 -99.2573
10217.297	 -99.3286
10326.015	 -98.9062
10435.890	 -98.5888
10546.934	 -98.5476
10659.160	 -99.2973
10772.580	 -100.1123
10887.206	 -99.7718
11003.053	 -99.7022
11120.132	 -99.4157
11238.457	 -99.8145
11358.041	 -99.5525
11478.897	 -99.2866
11601.040	 -99.0693
11724.481	 -99.3114
11849.237	 -99.8039
11975.320	 -99.8996
12102.745	 -99.6431
12231.525	 -99.4115
12361.677	 -99.6828
12493.212	 -99.5774
12626.147	 -99.8102
12760.497	 -99.5212
12896.277	 -99.5911
13033.501	 -99.4721
13172.186	 -99.8338
13312.346	 -99.9518
13453.997	 -100.1993
13597.155	 -100.3432
13741.838	 -99.5833
13888.059	 -99.3740
14035.836	 -98.8367
14185.187	 -99.2258
14336.125	 -98.7624
14488.670	 -99.3035
14642.839	 -99.4396
14798.647	 -99.3764
14956.113	 -98.9624
15115.256	 -99.0800
15276.091	 -99.4212
15438.638	 -99.1579
15602.915	 -99.0725
15768.939	 -98.5161
15936.730	 -98.0981
16106.307	 -97.6661
16277.688	 -98.2579
16450.893	 -98.8407
16625.939	 -98.9431
16802.850	 -98.9288
16981.643	 -98.5527
17162.336	 -98.5362
17344.955	 -98.3226
17529.516	 -98.7142
17716.039	 -98.9997
17904.549	 -99.2003
18095.064	 -99.4981
18287.607	 -98.6697
18482.199	 -97.8703
18678.859	 -97.2041
18877.615	 -96.8890
19078.484	 -96.6244
19281.490	 -96.5684
19486.656	 -96.9926
19694.008	 -96.9256
19903.563	 -96.3720
20115.350	 -95.8019
20329.389	 -95.1256
20545.705	 -94.6043
20764.324	 -94.6677
20985.270	 -95.1268
21208.564	 -95.1906
21434.236	 -94.9758
21662.311	 -94.9096
21892.811	 -94.2943
22125.764	 -93.3758
22361.195	 -93.0399
22599.131	 -93.3175
22839.600	 -93.9013
23082.627	 -94.0353
23328.240	 -94.5023
23576.467	 -94.4762
23827.334	 -94.6962
