10.00       70.71       12.05
11.22       72.52       10.37
12.59       75.91       4.95
14.13       79.48       -2.75
15.85       83.55       -12.22
17.78       87.74       -23.25
19.95       92.15       -36.84
22.39       96.62       -52.35
25.12       101.07      -68.24
28.18       105.79      -86.40
31.62       110.28      -106.30
35.48       115.19      -129.88
39.81       119.57      -162.48
44.67       122.59      151.36
50.12       123.86      104.42
56.23       123.71      65.40
63.10       122.72      30.38
70.79       121.37      1.19
79.43       119.90      -23.78
89.13       118.54      -44.73
100.00      117.23      -62.88
112.20      115.84      -80.45
125.89      114.52      -97.46
141.25      113.40      -111.61
158.49      113.11      -128.68
177.83      112.38      -164.35
199.53      108.97      168.97
223.87      102.70      169.96
251.19      100.57      174.63
281.84      102.22      172.16
316.23      105.26      158.69
354.81      108.76      124.10
398.11      109.25      68.00
446.68      106.04      14.07
501.19      101.68      -20.74
562.34      100.23      -62.94
630.96      96.80       -88.87
707.95      95.21       -94.40
794.33      103.17      -163.21
891.25      104.59      62.49
1000.00     101.13      -86.97
1122.02     93.85       141.67
1258.93     86.11       46.77
1412.54     84.10       -55.05
1584.89     82.57       -124.62
1778.28     83.43       -80.82
1995.26     85.07       -62.52
2238.72     87.59       -3.04
2511.89     89.97       76.83
2818.38     93.94       53.98
3162.28     93.40       79.65
3548.13     86.05       110.14
3981.07     75.04       21.79
4466.84     73.77       -93.41
5011.87     77.62       -166.00
5623.41     77.84       -157.97
6309.57     73.00       -39.12
7079.46     68.52       117.47
7943.28     68.73       158.53
8912.51     65.82       119.53
10000.00    63.55       116.38
11220.19    64.42       143.18
12589.26    61.88       -176.74
14125.38    56.42       -166.56
15848.94    51.58       -114.90
17782.80    57.59       -52.72
19952.63    57.46       -40.11
22387.22    51.14       -32.30
