10.00       63.26       -5.04
11.22       61.97       -8.43
12.59       58.28       -30.30
14.13       56.40       -90.30
15.85       62.31       -162.31
17.78       68.98       163.33
19.95       74.71       146.81
22.39       79.53       130.10
25.12       83.78       115.03
28.18       87.53       98.30
31.62       90.75       82.70
35.48       93.45       64.57
39.81       94.74       49.68
44.67       96.66       47.11
50.12       101.03      45.94
56.23       104.85      32.25
63.10       107.68      9.60
70.79       109.59      -13.30
79.43       111.06      -34.67
89.13       112.23      -53.73
100.00      113.12      -70.42
112.20      113.80      -86.17
125.89      114.28      -100.88
141.25      114.63      -114.97
158.49      114.72      -128.55
177.83      114.50      -141.87
199.53      114.40      -151.37
223.87      114.60      -160.74
251.19      114.51      -172.72
281.84      114.17      177.57
316.23      113.76      169.19
354.81      113.47      161.34
398.11      113.51      153.73
446.68      113.32      144.06
501.19      112.99      136.13
562.34      112.96      128.40
630.96      112.94      117.23
707.95      112.54      105.65
794.33      112.18      95.68
891.25      112.31      83.40
1000.00     112.13      66.10
1122.02     110.98      47.90
1258.93     109.16      37.50
1412.54     108.98      32.75
1584.89     109.95      16.69
1778.28     109.90      -8.37
1995.26     109.21      -31.79
2238.72     108.30      -55.36
2511.89     107.73      -75.64
2818.38     109.19      -99.99
3162.28     110.39      -142.16
3548.13     109.57      162.06
3981.07     106.88      103.31
4466.84     103.08      54.61
5011.87     99.75       5.11
5623.41     97.43       -46.20
6309.57     92.10       -105.83
7079.46     91.79       -160.13
7943.28     92.16       139.72
8912.51     89.26       23.21
10000.00    83.96       -66.57
11220.19    81.86       -53.14
12589.26    83.32       21.11
14125.38    82.40       94.62
15848.94    79.80       76.16
17782.80    78.28       15.82
19952.63    75.83       22.62
22387.22    72.04       42.35
