10.00       65.53       -1.51
11.22       65.45       -4.16
12.59       65.04       -8.02
14.13       64.58       -12.15
15.85       64.50       -18.16
17.78       64.19       -22.63
19.95       63.43       -27.03
22.39       62.76       -32.93
25.12       62.34       -37.13
28.18       63.29       -51.46
31.62       64.37       -93.93
35.48       64.71       -157.96
39.81       72.88       142.20
44.67       80.33       80.45
50.12       82.31       10.44
56.23       81.33       -43.13
63.10       79.99       -68.21
70.79       80.02       -86.49
79.43       80.46       -110.54
89.13       80.64       -132.94
100.00      80.78       -157.84
112.20      81.10       178.56
125.89      83.19       160.25
141.25      86.19       127.98
158.49      87.47       83.82
177.83      86.44       36.52
199.53      84.24       0.15
223.87      83.49       -20.72
251.19      84.78       -48.26
281.84      86.62       -94.12
316.23      85.95       -150.66
354.81      84.44       163.60
398.11      86.19       111.58
446.68      85.62       38.45
501.19      83.95       -20.70
562.34      85.02       -87.20
630.96      84.90       -172.60
707.95      84.85       96.92
794.33      85.25       -8.53
891.25      84.51       -127.10
1000.00     83.46       100.88
1122.02     83.04       -44.24
1258.93     81.92       141.72
1412.54     79.16       53.19
1584.89     76.05       150.15
1778.28     74.14       -55.24
1995.26     72.26       61.85
2238.72     72.88       164.76
2511.89     77.24       -147.78
2818.38     80.29       -160.26
3162.28     81.01       141.65
3548.13     81.09       32.65
3981.07     82.04       -30.51
4466.84     82.62       55.68
5011.87     83.81       167.33
5623.41     84.38       -169.54
6309.57     83.96       122.18
7079.46     84.45       59.52
7943.28     83.44       104.26
8912.51     81.76       123.11
10000.00    81.03       66.47
11220.19    76.95       56.12
12589.26    72.29       19.19
14125.38    70.76       -26.83
15848.94    72.75       59.56
17782.80    75.06       100.88
19952.63    73.70       66.87
22387.22    71.20       65.77
