10.00       63.90       1.85
11.22       63.78       -1.95
12.59       63.53       -6.82
14.13       63.19       -11.16
15.85       62.14       -18.19
17.78       60.67       -25.06
19.95       59.34       -25.42
22.39       57.18       -11.08
25.12       56.20       11.88
28.18       56.96       21.97
31.62       56.92       37.66
35.48       62.54       88.63
39.81       75.32       111.60
44.67       82.99       83.27
50.12       85.27       41.17
56.23       86.13       9.88
63.10       88.14       -11.36
70.79       89.64       -32.84
79.43       90.83       -54.20
89.13       91.76       -76.17
100.00      92.21       -93.84
112.20      92.89       -109.16
125.89      93.60       -126.88
141.25      94.55       -147.01
158.49      94.49       -172.25
177.83      92.69       165.34
199.53      92.59       161.61
223.87      93.55       152.91
251.19      92.98       132.49
281.84      92.09       123.73
316.23      91.76       110.90
354.81      92.85       95.02
398.11      94.22       80.25
446.68      94.74       55.04
501.19      95.26       30.71
562.34      95.51       2.67
630.96      95.72       -28.28
707.95      96.03       -57.53
794.33      96.29       -91.32
891.25      96.21       -131.20
1000.00     95.66       -173.09
1122.02     95.21       142.23
1258.93     94.35       93.73
1412.54     93.33       48.38
1584.89     92.05       2.80
1778.28     90.31       -20.99
1995.26     92.85       -29.12
2238.72     98.08       -57.26
2511.89     101.38      -102.07
2818.38     102.67      -149.11
3162.28     103.19      170.44
3548.13     103.80      135.43
3981.07     104.29      98.71
4466.84     104.93      61.29
5011.87     105.81      21.96
5623.41     107.57      -15.50
6309.57     109.44      -65.17
7079.46     110.66      -127.12
7943.28     110.61      167.95
8912.51     110.03      105.81
10000.00    111.52      44.18
11220.19    113.01      -41.58
12589.26    112.81      -148.22
14125.38    111.68      104.32
15848.94    109.99      -6.88
17782.80    107.30      -128.74
19952.63    103.77      101.81
22387.22    101.65      43.08
