#HEADER
CATT-Acoustic v8.0b    Copyright © CATT 1988-2003

 Project                : Restaurante

 GEOMETRICAL INFORMATION
 Src id and loc     [m] :   E3           6,110        3,380        1,400
 Rec id and loc     [m] :   07           3,620        5,270        1,500

 07        9,1099

 VARIABLE SOURCE DATA
 Directivity
   Type (library)       :  Voz.SD0
   Dir. Index (DI) [dB] :       1,1      2,0      3,0      0,7      2,3      5,1
 Level
   On axis 1m      [dB] :      51,2     57,2     59,8     53,5     48,8     43,8
   Total power     [dB] :      61,1     66,2     67,8     63,8     57,5     49,7
 Aim
   Horizontal angle [°] :      -0,0
   Vertical   angle [°] :       0,0
   Point            [m] :                6,110        4,100        1,400
   Roll angle       [°] :       0,0
   Auxiliary delay [ms] :       0,0

 VARIABLE AIR DATA
 Temperature       [°C] :      20
 Relative humidity  [%] :      70
 Density        [kg/m³] :       1,2
 Sound speed      [m/s] :     343
 Impedance      [Ns/m³] :     412
 Diss. coeff. [0.001/m] :      0,08     0,26     0,64     1,15     2,08     5,31      (estimated)

#DATAFIELDS
 TYPE DELAY ORDER AZIMUTH ELEVATION SPL125 SPL250 SPL500 SPL1K SPL2K SPL4K
#DATA
d	     0,0000	 0	 93,09	 88,67	  39,8	  45,8	  49,4	  44,1	  41,9	  31,8
*	     0,7602	 1	 89,92	 88,61	  33,8	  31,0	  32,3	  22,8	  15,8	   5,2
*	     1,4855	 1	110,08	104,07	  16,0	  18,0	  23,6	  14,8	  15,5	   3,9
*	     2,0843	 1	103,42	 99,70	  19,0	  20,9	  25,6	  18,6	  14,2	   3,6
*	     2,8646	 1	114,26	100,85	  14,1	  16,0	  21,6	  12,8	  14,0	   2,7
s	     3,1138	 1	 93,26	 44,99	  37,3	  41,5	  40,7	  32,7	  26,1	  10,7
*	    27,4945	 1	 96,64	 76,87	  -3,8	   1,0	   4,5	   3,4	  -8,6	 -16,4
*	    23,1001	 1	111,25	 75,75	  -0,5	   6,4	   9,3	   8,9	  -2,6	  -8,9
*	    22,9410	 1	128,89	 75,58	  -0,4	   6,3	  10,2	   8,0	   1,2	  -6,9
*	    26,8190	 1	146,76	 76,75	  -3,1	   3,7	   7,7	   5,0	  -0,9	 -10,5
*	    18,8024	 1	 85,88	 74,34	   4,2	   7,2	  11,2	   8,3	  -3,9	 -13,3
*	    12,6308	 1	103,37	 71,50	  11,2	  17,7	  20,2	  19,2	   8,1	   1,1
*	    12,6318	 1	128,20	 70,29	  11,0	  17,3	  20,4	  18,3	  12,0	   3,1
*	    17,9900	 1	153,78	 72,61	   5,3	  11,9	  15,0	  12,8	   5,0	  -2,3
*	    13,6637	 1	 68,62	 71,50	   9,8	  12,7	  16,2	  13,4	  -0,5	 -12,2
*	     5,4442	 1	 86,42	 64,14	  23,4	  28,6	  30,9	  28,8	  18,1	   9,7
*	     5,2429	 1	126,32	 57,44	  22,7	  28,6	  30,4	  29,5	  21,1	  13,9
*	    11,9558	 1	169,67	 64,84	  12,2	  18,7	  21,1	  19,1	  10,3	   5,2
*	    14,2197	 1	 43,63	 70,25	   7,7	  11,0	  15,0	  12,3	   0,2	  -8,6
*	     6,2436	 1	 46,73	 56,74	  18,3	  24,9	  27,6	  26,7	  15,5	   8,8
*	     4,0404	 1	 97,59	 12,16	  25,1	  31,6	  34,8	  32,6	  26,6	  17,6
*	    10,7681	 1	212,66	 55,43	  14,7	  21,3	  24,6	  22,3	  14,9	   7,1
s	     3,6095	 1	336,04	 92,60	  35,6	  41,1	  43,8	  36,6	  33,9	  19,2
*	    10,0514	 1	247,68	 63,37	  10,0	  17,2	  22,6	  21,5	  18,2	   9,9
*	     9,0440	 1	247,03	 91,09	  12,0	  19,3	  24,9	  23,7	  20,4	  12,0
*	     6,8240	 1	271,68	 48,57	  15,8	  22,9	  28,3	  27,2	  24,4	  16,1
*	     5,3877	 1	271,76	 89,99	  20,4	  27,6	  33,4	  32,1	  29,4	  20,9
*	     5,2429	 1	328,61	 42,04	  17,9	  25,0	  30,4	  29,5	  26,2	  18,8
*	     3,6276	 1	331,60	 87,73	  23,7	  31,0	  36,7	  35,6	  32,7	  25,0
*	     5,6868	 1	  5,86	 55,68	  14,9	  22,0	  27,2	  27,2	  21,3	  15,9
*	     4,4499	 1	  7,86	 87,40	  17,6	  24,9	  30,4	  30,4	  24,7	  19,4
*	     5,3058	 1	  9,84	120,36	  15,4	  22,7	  27,9	  28,0	  21,5	  16,1
*	     7,4497	 1	 19,14	 65,77	  10,4	  17,7	  22,1	  23,4	  14,5	   9,8
*	     6,4672	 1	 20,35	 87,52	  12,0	  19,3	  23,9	  25,6	  16,4	  11,8
*	    10,0975	 1	 25,20	 71,49	   6,2	  13,2	  17,0	  18,4	   9,3	   3,6
*	     9,2758	 1	 26,03	 87,61	   7,2	  14,2	  18,1	  19,6	  10,5	   4,8
*	    13,4117	 1	 28,59	 74,96	   2,0	   7,4	  12,0	  12,7	   3,5	  -3,0
*	    12,7130	 1	 29,22	 87,67	   2,7	   8,0	  12,7	  13,4	   4,2	  -2,3
s	     3,8127	 2	 88,24	127,66	  29,7	  34,1	  31,6	  30,1	  10,4	   1,0
*	     4,2264	 1	213,11	 98,00	  21,1	  22,4	  27,1	  16,8	  17,3	   4,2
*	     5,4048	 1	210,86	134,78	  16,8	  18,1	  22,7	  12,7	  12,9	  -0,2
*	     4,7256	 1	110,17	 88,60	  18,5	  19,8	  24,8	  14,6	  16,0	   2,3
s	     5,5395	 2	 93,33	 35,27	  32,3	  38,7	  37,1	  32,7	  17,9	  10,8
*	     6,5891	 1	163,22	116,93	   4,5	   5,6	   9,6	  -0,6	  -0,8	 -11,6
*	     5,7269	 1	163,58	101,53	   6,5	   7,7	  11,7	   0,1	  -0,2	 -10,2
s	     5,9967	 2	334,15	 58,66	  34,3	  38,7	  38,6	  31,0	  23,8	   8,8
s	     6,0002	 2	 92,89	139,78	  34,8	  38,2	  36,9	  28,9	  21,8	   6,9
*	     7,5163	 1	161,65	114,17	   3,3	   4,1	   8,1	  -1,9	  -2,3	 -12,7
*	     8,7299	 1	 39,44	 89,74	   8,8	   8,4	  12,3	   4,1	  -1,1	 -12,7
s	     9,3238	 2	110,13	114,31	  26,9	  32,9	  33,1	  28,9	  20,3	  13,7
*	    10,4912	 1	147,35	 94,25	  -1,4	  -0,2	   3,8	  -7,8	  -8,1	 -18,3
*	    10,2892	 1	148,33	106,61	  -1,4	  -0,5	   3,5	  -6,4	  -6,7	 -17,3
*	    10,3122	 1	148,17	105,52	  -1,1	  -0,2	   3,8	  -6,2	  -6,5	 -17,1
*	    11,1656	 1	151,05	 90,03	   6,9	   8,2	  12,2	   0,1	  -0,1	 -10,0
*	    11,5581	 1	105,44	 91,23	   1,5	   2,8	   6,2	  -1,0	  -6,6	 -16,7
s	    11,5722	 3	332,38	 39,32	  26,9	  27,8	  30,0	  22,8	   9,1	  -0,6
*	    12,9568	 1	145,14	102,14	  -5,2	  -3,9	   0,1	  -9,9	  -9,9	 -21,5
*	    12,4919	 1	145,38	 94,16	  -4,4	  -3,1	   0,9	  -9,8	 -10,0	 -21,2
*	    12,5335	 1	101,99	103,99	  19,4	  26,7	  24,9	  24,0	   8,4	   2,5
*	    12,6902	 1	106,76	 88,06	  -4,9	  -3,6	   0,1	  -7,2	 -12,4	 -22,4
*	    13,2343	 1	106,63	 96,22	  -5,6	  -4,3	  -1,4	  -8,7	 -15,6	 -25,7
*	    13,3197	 1	135,79	 92,48	  -1,4	  -0,1	   4,6	  -5,6	  -5,1	 -18,4
s	    14,6018	 1	202,41	 91,91	  33,0	  38,5	  40,2	  31,1	  27,2	  15,2
*	    29,6877	 1	155,31	 82,32	  -0,6	   6,7	  11,9	  10,7	   7,0	  -0,8
*	    23,4036	 1	161,51	 83,29	  -5,6	   5,5	   5,3	   0,3	  -0,5	 -11,3
*	    25,6627	 1	158,76	 83,61	  -7,7	   3,5	   3,5	  -1,3	  -1,9	 -13,4
*	    19,5299	 1	168,57	 82,57	  -1,8	   9,3	   9,0	   2,8	   2,0	  -7,3
*	    21,3863	 1	164,68	 82,96	  -3,6	   7,5	   7,3	   1,6	   0,8	  -9,3
*	    16,7406	 1	178,38	 81,74	   0,3	  11,5	  10,9	   5,5	   4,0	  -4,4
*	    18,0774	 1	172,78	 82,18	  -0,7	  10,5	  10,0	   4,1	   3,0	  -5,8
*	    15,1139	 1	193,08	 80,93	   2,9	  14,1	  13,7	   7,6	   6,6	  -2,3
*	    15,7591	 1	184,97	 81,29	   1,6	  12,7	  12,2	   6,7	   5,2	  -3,2
*	    15,0687	 1	212,86	 81,10	   3,3	  14,4	  14,2	   8,8	   8,0	  -2,3
*	    14,8671	 1	202,28	 81,02	   3,5	  14,7	  14,4	   8,4	   7,6	  -2,0
*	    16,8610	 1	234,86	 82,18	   1,1	  12,2	  12,4	   7,6	   7,2	  -4,6
*	    15,7409	 1	224,02	 81,49	   2,5	  13,6	  13,4	   8,7	   7,9	  -3,2
s	    15,9634	 2	203,45	 72,25	  31,2	  35,8	  35,4	  27,5	  19,3	   5,9
s	    16,2088	 2	247,17	 93,58	  31,5	  36,8	  38,3	  31,1	  26,9	  13,6
*	    16,4056	 1	144,85	 96,05	  -7,9	  -5,9	   0,1	  -9,5	  -8,6	 -21,1
s	    17,1096	 1	 56,33	 88,00	  29,6	  31,2	  31,1	  26,6	  15,6	   8,9
*	    20,1642	 1	 32,42	 81,65	  -0,9	   2,3	   7,9	   5,7	  -2,7	  -9,4
*	    19,1245	 1	 37,70	 81,37	   0,1	   3,0	   8,3	   5,8	  -2,6	  -9,1
*	    18,8707	 1	 42,81	 75,99	   0,6	   3,5	   8,5	   6,2	  -2,7	  -9,9
*	    18,3132	 1	 43,03	 81,14	   1,0	   3,6	   8,6	   5,8	  -2,7	  -9,0
*	    18,0471	 1	 43,24	 86,40	   1,1	   3,6	   8,6	   5,5	  -2,7	  -8,5
*	    25,6292	 1	 84,61	 78,31	  -4,4	  -1,4	   4,0	   1,8	  -7,0	 -14,1
*	    25,1549	 1	 84,63	 82,05	  -4,2	  -1,2	   4,0	   1,5	  -6,9	 -13,4
*	    24,9274	 1	 84,65	 85,83	  -4,0	  -1,2	   4,0	   1,3	  -6,9	 -13,1
*	    18,6088	 1	 39,42	 88,59	   4,6	   1,9	   8,8	  -1,8	  -5,8	 -16,8
*	    18,7985	 1	 39,16	 82,58	   4,5	   1,9	   8,8	  -1,7	  -5,8	 -17,1
*	    19,7563	 1	 33,43	 88,85	   3,5	   1,1	   8,4	  -1,9	  -5,8	 -17,2
*	    19,9362	 1	 33,15	 82,89	   3,4	   1,1	   8,3	  -1,8	  -5,9	 -17,5
*	    17,5283	 1	 51,01	 81,41	   4,8	  11,4	  10,5	   4,7	  -1,1	 -12,2
*	    17,7031	 1	 62,95	 81,40	   4,0	  13,0	  10,4	   5,8	  -1,7	 -14,6
*	    19,6295	 1	 73,05	 81,75	   3,1	  10,7	   8,6	   3,9	  -3,2	 -14,8
*	    23,0285	 1	 81,22	 82,19	   0,5	   6,9	   7,0	   0,5	  -4,3	 -15,4
*	    27,5448	 1	 87,84	 82,66	  -3,2	   4,0	   4,8	  -1,0	  -5,7	 -17,2
s	    17,2313	 3	203,85	 65,42	  27,9	  33,6	  34,1	  29,9	  23,1	  14,4
s	    17,4883	 3	247,57	 75,06	  30,2	  34,5	  34,3	  27,1	  19,1	   4,6
s	    17,5790	 3	246,77	111,36	  26,6	  27,2	  33,8	  26,9	  24,8	  15,1
*	    17,6377	 1	117,99	 88,17	   5,6	   6,9	  11,6	   2,8	   0,6	  -9,9
s	    17,8766	 2	118,25	 94,91	  22,0	  27,5	  28,9	  24,8	  18,5	  12,2
s	    18,3472	 2	 55,76	 70,10	  28,3	  29,6	  29,8	  23,2	   9,7	  -0,6
s	    18,5714	 2	 15,84	 89,74	  28,9	  29,6	  31,1	  25,5	  15,8	   9,2
*	    19,9187	 1	156,66	 99,89	  -7,7	  -6,4	  -2,4	 -12,7	 -12,8	 -24,4
*	    19,3340	 1	156,64	 93,53	  -7,0	  -5,7	  -1,7	 -12,4	 -12,7	 -24,0
s	    19,7464	 3	 14,91	 72,74	  27,9	  28,0	  29,0	  22,0	   9,4	  -0,3
*	    20,7455	 1	155,06	 89,71	   0,7	   2,0	   6,0	  -4,2	  -4,5	 -16,3
s	    21,3072	 1	119,89	 87,81	  28,4	  33,9	  37,4	  33,7	  27,2	  20,9
*	    30,6360	 1	 90,73	 79,14	  -7,2	  -3,2	   2,0	   0,9	  -7,9	 -14,7
*	    30,2389	 1	 90,73	 82,30	  -7,0	  -3,1	   2,2	   0,9	  -7,7	 -14,4
*	    30,0336	 1	 90,73	 85,50	  -6,9	  -3,1	   2,3	   0,9	  -7,6	 -14,3
*	    28,9843	 1	 93,32	 78,87	  -6,0	  -1,6	   3,5	   3,1	  -5,9	 -12,7
*	    28,5675	 1	 93,31	 82,14	  -5,8	  -1,4	   3,7	   3,2	  -5,7	 -12,4
*	    28,3517	 1	 93,30	 85,46	  -5,7	  -1,3	   3,8	   3,2	  -5,6	 -12,2
*	    24,9019	 1	102,23	 78,12	  -2,9	   3,5	   7,5	   8,7	  -0,5	  -6,5
*	    24,4284	 1	102,18	 81,73	  -2,6	   3,8	   7,9	   9,1	  -0,1	  -6,1
*	    24,1820	 1	102,14	 85,38	  -2,4	   4,0	   8,1	   9,4	   0,2	  -5,8
*	    24,0745	 1	104,47	 96,55	   2,8	   4,5	   9,4	   3,4	  -3,5	 -13,9
*	    26,0646	 1	 97,98	 82,33	  -0,6	   8,7	   8,5	   5,7	   0,1	 -11,1
*	    23,0220	 1	106,88	 82,09	   1,8	  12,9	  12,0	  10,1	   4,5	  -5,7
*	    21,6112	 1	117,38	 82,06	   2,9	  14,0	  14,2	  11,5	   7,6	  -2,2
*	    22,0436	 1	128,49	 82,32	   2,3	  13,4	  14,2	   9,8	   9,7	  -2,1
*	    24,0446	 1	139,52	 82,82	   0,8	  11,9	  12,7	   7,9	   8,8	  -4,5
*	    27,2944	 1	149,88	 83,51	  -1,2	   9,9	  10,7	   5,9	   6,1	  -7,0
s	    22,3802	 2	120,33	 72,25	  27,3	  32,2	  33,9	  29,2	  19,6	  12,0
s	    25,4560	 2	319,52	 92,54	  27,0	  32,3	  35,5	  32,6	  25,5	  19,1
s	    25,6825	 3	119,05	116,29	  26,5	  31,4	  31,5	  23,8	  14,8	   1,0
s	    26,4039	 3	318,94	 78,79	  25,9	  30,6	  32,1	  28,2	  18,0	  10,4
s	    28,3661	 2	167,33	 89,75	  26,7	  32,1	  35,6	  31,0	  27,9	  18,2
s	    29,2422	 3	168,02	 77,05	  25,7	  30,4	  32,2	  26,7	  20,5	   9,7
s	    30,0011	 2	 90,19	 87,26	  25,5	  27,7	  30,0	  22,5	  14,3	   0,6
s	    30,8413	 3	 90,19	 75,06	  24,5	  26,2	  26,9	  18,8	   7,3	  -7,8
s	    31,8053	 3	276,82	 93,55	  25,5	  30,6	  33,9	  29,9	  26,8	  17,0
s	    33,3079	 3	346,77	 91,12	  24,6	  27,0	  28,8	  22,7	  13,9	   0,2
s	    33,7721	 2	210,50	 92,00	  24,8	  26,8	  26,0	  22,3	  10,7	   3,1
s	    34,5397	 3	211,03	 80,85	  23,4	  25,6	  24,2	  18,4	   4,1	  -5,5
s	    39,8302	 2	123,86	 87,71	  23,6	  29,1	  31,1	  25,8	  18,6	   6,5
s	    40,5042	 3	124,17	 77,92	  22,6	  27,5	  28,0	  21,6	  11,4	  -2,0
s	    42,6692	 3	184,98	 90,60	  23,2	  23,9	  26,7	  20,4	  11,8	   4,7
s	    44,0156	 3	316,30	 92,50	  22,6	  27,6	  29,3	  25,3	  17,4	   5,1
s	    44,5034	 3	155,21	 88,98	  22,5	  27,6	  29,8	  24,0	  20,5	   5,6
s	    44,6555	 2	 48,01	 87,96	  25,3	  30,8	  32,4	  23,4	  19,0	   7,7
s	    45,2698	 3	 47,68	 79,03	  24,4	  29,4	  30,1	  23,0	  15,0	   8,7
s	    45,3833	 3	 28,13	 88,81	  24,2	  28,9	  31,4	  23,1	  18,7	   7,3
s	    45,6588	 3	102,92	 87,22	  22,3	  26,3	  27,5	  22,3	  13,3	  -0,2
s	    51,9878	 3	 69,58	 87,31	  23,4	  29,0	  30,5	  22,9	  19,0	   5,3
s	    61,6052	 3	214,35	 92,02	  22,5	  27,8	  29,2	  21,0	  16,1	   4,8
s	    62,3923	 3	125,91	 87,67	  20,4	  25,8	  28,5	  26,2	  17,7	  11,6
s	    64,2133	 3	 45,93	 87,95	  19,6	  22,2	  20,9	  17,3	   5,6	  -2,8
#END
