#HEADER
CATT-Acoustic v8.0b    Copyright © CATT 1988-2003

 Project                : Restaurante

 GEOMETRICAL INFORMATION
 Src id and loc     [m] :   F3           6,110        0,850        1,400
 Rec id and loc     [m] :   07           3,620        5,270        1,500

 07       14,7793

 VARIABLE SOURCE DATA
 Directivity
   Type (library)       :  Voz.SD0
   Dir. Index (DI) [dB] :       1,1      2,0      3,0      0,7      2,3      5,1
 Level
   On axis 1m      [dB] :      51,2     57,2     59,8     53,5     48,8     43,8
   Total power     [dB] :      61,1     66,2     67,8     63,8     57,5     49,7
 Aim
   Horizontal angle [°] :      -0,0
   Vertical   angle [°] :       0,0
   Point            [m] :                6,110        1,550        1,400
   Roll angle       [°] :       0,0
   Auxiliary delay [ms] :       0,0

 VARIABLE AIR DATA
 Temperature       [°C] :      20
 Relative humidity  [%] :      70
 Density        [kg/m³] :       1,2
 Sound speed      [m/s] :     343
 Impedance      [Ns/m³] :     412
 Diss. coeff. [0.001/m] :      0,08     0,26     0,64     1,15     2,08     5,31      (estimated)

#DATAFIELDS
 TYPE DELAY ORDER AZIMUTH ELEVATION SPL125 SPL250 SPL500 SPL1K SPL2K SPL4K
#DATA
d	     0,0000	 0	 69,68	 88,16	  37,1	  43,1	  45,7	  40,3	  36,6	  28,6
*	     0,7766	 1	 68,25	 95,73	  12,2	  14,2	  19,2	  10,7	   6,9	  -3,8
*	     0,5817	 1	 72,27	 96,76	   9,1	  11,1	  16,7	   7,9	   8,5	  -3,2
*	     1,3475	 1	 74,53	 95,06	  13,4	  15,4	  20,0	  12,8	   8,1	  -2,4
*	     1,1184	 1	 68,02	 88,16	  29,5	  27,0	  27,9	  18,6	  11,4	   0,5
*	     2,9404	 1	 68,18	 96,25	  13,0	  14,2	  11,4	   6,1	 -12,1	 -21,2
*	     3,7860	 1	234,52	147,82	  11,2	  13,1	  18,8	   9,0	   9,7	  -1,9
*	     3,3620	 1	171,76	136,29	  10,5	  12,5	  18,1	   7,7	   8,4	  -2,5
*	     1,9741	 1	  6,90	163,76	  14,2	  16,2	  22,0	  12,4	  13,1	   1,2
*	     1,5181	 1	111,47	142,02	  13,3	  15,2	  20,9	  10,8	  11,5	   0,3
s	     2,0984	 1	 69,03	 58,14	  34,6	  39,3	  39,1	  31,1	  23,9	   8,9
*	    20,0061	 1	 96,64	 76,87	  -2,0	   4,9	   8,2	   7,5	  -3,5	  -9,6
*	    18,9652	 1	111,25	 75,75	  -1,8	   5,0	   8,9	   6,3	   0,6	  -8,5
*	    21,4507	 1	128,89	 75,58	  -3,2	   3,6	   7,6	   4,9	  -1,3	 -10,7
*	    26,7614	 1	146,76	 76,75	  -6,2	   0,6	   4,1	   1,5	  -5,6	 -13,6
*	    10,2885	 1	 85,88	 74,34	   8,7	  15,4	  18,2	  16,5	   6,5	   0,1
*	     9,3857	 1	103,37	 71,50	   8,4	  14,9	  18,1	  16,0	   9,4	   0,5
*	    12,5818	 1	128,20	 70,29	   5,2	  11,7	  14,8	  12,5	   4,5	  -2,3
*	    18,9430	 1	153,78	 72,61	   0,2	   6,9	  10,0	   6,6	  -1,0	  -7,0
*	     4,1696	 1	 68,62	 71,50	  19,3	  25,4	  26,4	  23,4	  14,5	   7,4
*	     3,0679	 1	 86,42	 64,14	  17,2	  23,1	  25,3	  24,4	  15,0	   8,8
*	     6,0718	 1	126,32	 57,44	  13,0	  19,6	  22,1	  19,7	  11,3	   6,3
*	    13,3399	 1	169,67	 64,84	   5,6	  12,5	  15,1	  12,0	   4,1	  -0,6
*	     5,9122	 1	 43,63	 70,25	  11,5	  18,3	  21,2	  19,8	   9,6	   3,3
*	     2,8176	 1	 46,73	 56,74	  15,9	  22,5	  25,9	  23,6	  17,3	   8,3
*	     3,7488	 1	 97,59	 12,16	  20,1	  26,7	  29,9	  27,6	  19,9	  12,6
*	    11,5800	 1	212,66	 55,43	   9,9	  16,7	  19,8	  16,5	   9,0	   2,7
s	     2,2410	 1	 70,27	116,78	  30,8	  31,9	  38,7	  31,5	  28,3	  18,7
*	     9,1798	 1	101,99	103,99	  16,7	  24,0	  25,7	  22,3	  16,6	   8,2
*	    12,2098	 1	125,46	106,59	  13,6	  20,9	  22,4	  18,3	  14,4	   6,7
s	     2,4608	 1	358,67	 91,04	  34,2	  39,7	  42,1	  34,7	  31,6	  16,4
*	    10,2708	 1	247,68	 63,37	   6,3	  13,5	  18,1	  17,0	  12,5	   6,2
*	     9,3576	 1	247,03	 91,09	   8,2	  15,5	  20,2	  18,8	  14,6	   8,2
*	     6,5454	 1	271,68	 48,57	  12,2	  19,3	  24,2	  23,1	  18,9	  12,0
*	     5,2195	 1	271,76	 89,99	  16,7	  24,0	  28,9	  27,6	  23,6	  16,7
*	     4,2412	 1	328,61	 42,04	  14,5	  21,7	  26,8	  25,7	  21,9	  14,3
*	     2,7478	 1	331,60	 87,73	  20,3	  27,5	  32,8	  31,5	  27,8	  20,3
*	     3,6558	 1	  5,86	 55,68	  11,7	  18,9	  24,3	  23,2	  19,9	  11,6
*	     2,5366	 1	  7,86	 87,40	  14,3	  21,6	  27,3	  26,0	  22,8	  14,3
*	     4,0400	 1	 19,14	 65,77	   8,3	  15,4	  20,8	  19,7	  16,9	   8,6
*	     3,1429	 1	 20,35	 87,52	   9,6	  16,8	  22,5	  21,3	  18,6	  10,1
*	     5,0264	 1	 25,20	 71,49	   5,6	  12,8	  18,1	  17,3	  13,8	   6,5
*	     4,2291	 1	 26,03	 87,61	   6,4	  13,7	  19,4	  18,4	  15,3	   7,7
*	     6,5946	 1	 28,59	 74,96	   3,5	  10,7	  15,9	  15,9	   9,8	   4,4
*	     5,8498	 1	 29,22	 87,67	   4,2	  11,5	  17,0	  17,1	  11,2	   5,8
*	     2,6820	 1	 67,24	 98,93	   7,9	   9,3	   7,1	  -1,2	 -13,0	 -23,7
*	     3,3133	 1	 72,05	 98,30	   7,6	   9,0	   6,5	  -1,7	 -13,6	 -24,3
*	     2,7492	 1	104,84	113,75	   2,6	   3,3	   7,3	  -2,8	  -3,5	 -13,5
s	     3,2048	 2	 68,07	115,09	  26,8	  29,4	  28,0	  24,2	   9,4	  -1,0
*	     3,3221	 1	 82,08	 87,98	  14,2	  15,5	  20,5	  10,2	  11,8	  -1,9
*	     3,6937	 1	 77,10	 99,24	  -0,6	   1,3	   2,1	  -6,6	 -15,8	 -26,2
s	     3,9301	 2	 68,77	 49,21	  30,8	  36,8	  37,0	  33,3	  22,8	  14,5
s	     4,2903	 2	357,12	 64,80	  32,7	  37,2	  37,4	  29,6	  23,2	   7,0
s	     4,4675	 1	 62,42	 88,06	  32,3	  33,4	  34,6	  28,9	  19,1	  12,5
*	    10,6334	 1	 32,42	 81,65	  -2,6	   4,6	   8,3	   9,9	   0,8	  -4,8
*	     9,1856	 1	 37,70	 81,37	  -0,6	   6,3	  10,2	  11,6	   2,5	  -3,3
*	     8,6647	 1	 42,81	 75,99	   0,8	   7,2	  11,1	  12,2	   3,1	  -3,0
*	     7,9031	 1	 43,03	 81,14	   1,6	   8,1	  12,1	  13,3	   4,2	  -1,8
*	     7,5246	 1	 43,24	 86,40	   2,1	   8,5	  12,6	  13,9	   4,8	  -1,2
*	    15,8139	 1	 84,61	 78,31	  -5,3	   1,4	   5,2	   6,5	  -2,5	  -8,5
*	    15,1886	 1	 84,63	 82,05	  -4,8	   2,1	   6,0	   7,4	  -1,8	  -7,6
*	    14,8799	 1	 84,65	 85,83	  -4,4	   2,5	   6,3	   7,9	  -1,3	  -7,1
*	    10,5776	 1	 77,24	 97,21	   6,1	   6,8	  10,7	   5,1	  -7,2	 -19,1
*	     8,4554	 1	 39,42	 88,59	   4,5	   5,9	  11,5	   5,2	   0,2	 -10,5
*	     8,7131	 1	 39,16	 82,58	   4,2	   5,6	  11,1	   4,8	  -0,1	 -11,0
*	    10,1107	 1	 33,43	 88,85	   2,1	   3,9	   9,2	   3,2	  -1,8	 -12,3
*	    10,3373	 1	 33,15	 82,89	   1,9	   3,6	   9,0	   2,8	  -2,1	 -12,7
*	     6,2649	 1	 51,01	 81,41	   8,4	  17,7	  17,4	  14,5	   8,9	  -2,3
*	     5,2247	 1	 62,95	 81,40	  15,1	  22,2	  22,2	  18,4	  10,7	  -4,1
*	     7,7074	 1	 73,05	 81,75	  10,0	  18,1	  18,3	  14,4	   8,4	  -3,5
*	    12,4749	 1	 81,22	 82,19	   1,5	  11,8	  11,1	   8,7	   3,1	  -7,7
*	    18,0750	 1	 87,84	 82,66	  -5,0	   6,1	   5,1	   3,1	  -2,4	 -12,8
*	     4,8491	 1	213,11	 98,00	  19,0	  20,3	  24,3	  13,2	  13,0	   2,0
*	     5,9470	 1	210,86	134,78	  14,8	  16,0	  20,0	   9,3	   9,1	  -2,0
s	     5,1154	 2	 84,80	111,97	  27,1	  32,9	  33,7	  29,1	  23,1	  15,0
*	     5,4118	 1	110,17	 88,60	   7,0	   8,3	  12,3	   0,2	  -0,0	  -9,9
s	     5,9459	 3	 82,20	110,92	  20,7	  22,3	  20,6	  15,7	   1,4	  -8,4
s	     6,1221	 2	 61,76	 64,24	  31,3	  31,8	  33,2	  26,1	  13,2	   2,4
s	     6,4158	 2	  7,58	 90,37	  31,2	  31,8	  34,5	  28,0	  19,5	  12,6
s	     7,1663	 3	356,13	 51,91	  25,2	  30,3	  28,6	  24,1	  11,9	   4,0
s	     7,6648	 2	 70,85	135,85	  33,0	  36,8	  35,1	  27,7	  20,5	   5,4
s	     7,9289	 3	  6,33	 68,57	  30,2	  30,6	  32,1	  25,8	  13,1	   3,0
*	     8,8895	 1	105,44	 91,23	  -2,5	  -1,3	   3,5	  -6,7	  -6,3	 -19,5
s	    10,8283	 3	 63,63	128,46	  30,5	  31,6	  33,0	  28,2	  13,7	   1,6
*	    11,1556	 1	 86,00	 87,70	  -3,9	  -2,6	   1,0	  -6,2	 -11,5	 -21,6
*	    11,7842	 1	121,34	 95,35	  -8,8	  -6,8	  -1,1	 -10,7	 -10,0	 -21,9
*	    12,6478	 1	126,93	 99,90	  -6,2	  -4,9	  -0,9	 -11,2	 -11,4	 -22,9
*	    12,0848	 1	126,75	 92,80	  -5,6	  -4,3	  -0,3	 -11,0	 -11,2	 -22,5
s	    14,0529	 3	 67,64	 27,88	  30,4	  33,2	  29,4	  21,0	  10,4	  -5,8
*	    14,8148	 1	 96,63	 87,68	   3,6	   4,9	   9,6	   0,9	  -1,5	 -12,0
s	    16,0304	 1	206,61	 91,96	  30,8	  36,3	  38,0	  28,6	  24,7	  13,1
*	    30,1531	 1	155,31	 82,32	  -1,8	   5,4	  10,1	   8,7	   4,3	  -2,0
*	    24,5328	 1	161,51	 83,29	  -7,9	   3,2	   3,0	  -3,2	  -3,9	 -13,6
*	    26,5557	 1	158,76	 83,61	  -9,6	   1,6	   1,4	  -4,3	  -5,0	 -15,3
*	    21,0241	 1	168,57	 82,57	  -5,3	   5,9	   5,6	  -0,7	  -1,7	 -10,6
*	    22,7162	 1	164,68	 82,96	  -6,4	   4,8	   4,6	  -2,1	  -2,8	 -12,0
*	    18,3909	 1	178,38	 81,74	  -3,3	   7,9	   7,4	   1,9	   0,3	  -8,0
*	    19,6735	 1	172,78	 82,18	  -4,3	   6,8	   6,5	   0,6	  -0,7	  -9,3
*	    16,6769	 1	193,08	 80,93	  -0,7	  10,4	  10,1	   4,1	   2,9	  -5,8
*	    17,3982	 1	184,97	 81,29	  -2,1	   9,1	   8,7	   3,1	   1,6	  -6,8
*	    16,3196	 1	212,86	 81,10	   0,7	  11,9	  11,7	   5,2	   4,6	  -4,9
*	    16,3014	 1	202,28	 81,02	   0,3	  11,5	  11,2	   4,8	   3,9	  -5,1
*	    17,6435	 1	234,86	 82,18	  -0,6	  10,5	  10,4	   4,8	   4,2	  -6,3
*	    16,7695	 1	224,02	 81,49	   0,3	  11,5	  11,3	   5,3	   4,6	  -5,3
s	    17,0902	 2	207,38	 76,61	  29,1	  34,1	  33,9	  24,6	  17,1	   4,3
s	    17,7881	 1	107,02	 87,49	  27,8	  33,3	  37,1	  32,2	  28,6	  20,3
*	    21,6713	 1	 90,73	 79,14	  -4,1	   3,1	   6,9	   8,4	  -0,7	  -6,2
*	    21,2037	 1	 90,73	 82,30	  -3,7	   3,5	   7,4	   9,0	  -0,2	  -5,7
*	    20,9590	 1	 90,73	 85,50	  -3,6	   3,7	   7,6	   9,3	   0,1	  -5,3
*	    20,6415	 1	 93,32	 78,87	  -3,4	   3,8	   8,0	   9,4	   0,4	  -4,7
*	    20,1631	 1	 93,31	 82,14	  -3,1	   4,2	   8,5	  10,0	   0,9	  -4,1
*	    19,9128	 1	 93,30	 85,46	  -2,9	   4,4	   8,7	  10,4	   1,2	  -3,8
*	    18,7793	 1	102,23	 78,12	  -2,3	   4,8	  10,1	   9,9	   4,3	  -1,3
*	    18,2940	 1	102,18	 81,73	  -2,1	   5,2	  10,7	  10,5	   5,0	  -0,5
*	    18,0411	 1	102,14	 85,38	  -1,9	   5,3	  11,0	  10,8	   5,4	  -0,1
*	    22,8065	 1	134,66	 98,37	   0,1	   1,9	   8,8	  -0,1	   0,3	 -12,4
*	    18,8521	 1	 97,98	 82,33	   1,0	  12,2	  12,4	   9,7	   5,6	  -4,1
*	    18,0257	 1	106,88	 82,09	   1,2	  12,3	  13,1	   8,7	   8,6	  -3,2
*	    18,7162	 1	117,38	 82,06	   0,5	  11,7	  12,5	   7,7	   8,6	  -4,7
*	    20,6715	 1	128,49	 82,32	  -0,5	  10,6	  11,3	   6,5	   6,7	  -6,3
*	    23,6593	 1	139,52	 82,82	  -2,2	   8,9	   9,2	   4,4	   4,1	  -8,0
*	    27,5330	 1	149,88	 83,51	  -4,3	   6,8	   6,7	   1,9	   1,3	 -10,1
s	    18,7925	 2	107,27	 72,92	  26,8	  31,7	  33,7	  28,0	  21,0	  11,7
s	    20,0438	 2	 99,51	 87,36	  26,9	  30,4	  33,1	  29,7	  20,4	  12,8
s	    20,8617	 2	208,49	 91,98	  26,5	  28,3	  27,6	  23,9	  12,4	   5,1
s	    20,9849	 3	 99,64	 73,70	  25,8	  28,8	  30,0	  25,7	  13,3	   4,4
s	    21,6931	 2	331,02	 91,99	  26,5	  31,8	  35,4	  31,4	  26,9	  19,1
*	    21,7739	 1	155,06	 89,71	  -1,6	  -0,3	   3,7	  -7,9	  -8,2	 -18,6
s	    21,7817	 3	209,15	 78,64	  25,1	  27,0	  26,1	  20,1	   6,0	  -3,8
s	    22,1504	 3	 52,34	100,72	  20,0	  19,3	  24,6	  15,7	  13,1	   5,2
s	    22,5927	 3	330,38	 78,94	  25,5	  30,2	  32,1	  27,1	  19,5	  10,5
s	    23,7207	 3	337,93	 91,62	  25,8	  29,5	  31,7	  29,3	  19,6	  12,1
s	    27,5462	 2	175,31	 90,14	  26,2	  31,6	  35,1	  30,4	  26,8	  17,1
s	    28,3238	 3	175,93	 78,85	  25,2	  30,1	  32,1	  26,0	  19,6	   8,8
s	    30,6194	 3	269,02	 93,53	  25,1	  30,2	  33,5	  29,5	  25,9	  16,1
s	    31,1825	 3	179,67	 90,35	  24,2	  25,3	  28,4	  22,5	  13,9	   6,5
s	    35,5255	 2	115,49	 87,48	  23,4	  28,9	  31,4	  25,0	  20,1	   7,3
s	    36,1815	 3	115,72	 77,94	  22,4	  27,3	  28,3	  20,9	  12,8	  -1,2
s	    39,6059	 3	324,04	 92,17	  22,4	  27,7	  30,0	  24,3	  18,8	   6,1
s	    42,3292	 3	161,92	 89,31	  22,1	  27,4	  29,8	  22,9	  20,6	   4,8
s	    43,6202	 3	112,54	 87,36	  19,8	  25,6	  27,3	  26,7	  16,9	  10,3
s	    46,2958	 2	 47,08	 87,96	  24,1	  29,7	  31,2	  22,3	  17,8	   6,6
s	    46,8373	 3	 46,78	 80,08	  22,9	  27,9	  27,6	  18,2	  10,6	  -1,7
s	    51,2150	 3	 46,57	 87,95	  20,5	  23,0	  21,9	  18,2	   6,6	  -1,7
s	    52,8401	 3	 66,52	 87,34	  22,8	  28,3	  29,8	  21,8	  17,9	   4,6
s	    57,6638	 3	120,09	 87,49	  20,3	  25,7	  28,7	  25,7	  18,8	  12,2
s	    63,2696	 3	214,91	 92,03	  21,6	  26,9	  28,3	  20,1	  15,2	   3,9
#END
