#HEADER
CATT-Acoustic v8.0b    Copyright © CATT 1988-2003

 Project                : Restaurante

 GEOMETRICAL INFORMATION
 Src id and loc     [m] :   B3           8,450        3,380        1,400
 Rec id and loc     [m] :   06           6,110        1,550        1,500

 06        8,6574

 VARIABLE SOURCE DATA
 Directivity
   Type (library)       :  Voz.SD0
   Dir. Index (DI) [dB] :       1,1      2,0      3,0      0,7      2,3      5,1
 Level
   On axis 1m      [dB] :      51,2     57,2     59,8     53,5     48,8     43,8
   Total power     [dB] :      61,1     66,2     67,8     63,8     57,5     49,7
 Aim
   Horizontal angle [°] :      -0,0
   Vertical   angle [°] :       0,0
   Point            [m] :                8,450        4,100        1,400
   Roll angle       [°] :       0,0
   Auxiliary delay [ms] :       0,0

 VARIABLE AIR DATA
 Temperature       [°C] :      20
 Relative humidity  [%] :      70
 Density        [kg/m³] :       1,2
 Sound speed      [m/s] :     343
 Impedance      [Ns/m³] :     412
 Diss. coeff. [0.001/m] :      0,08     0,26     0,64     1,15     2,08     5,31      (estimated)

#DATAFIELDS
 TYPE DELAY ORDER AZIMUTH ELEVATION SPL125 SPL250 SPL500 SPL1K SPL2K SPL4K
#DATA
d	     0,0000	 0	 14,56	 91,41	  39,7	  42,7	  45,8	  40,9	  32,7	  24,7
*	     2,1446	 1	 24,81	103,03	   9,4	  11,8	  15,2	   6,9	  -0,3	 -10,6
*	     3,5875	 1	 35,05	109,53	   5,0	   6,7	   9,0	   0,1	  -6,8	 -17,4
*	     2,2681	 1	 34,07	 97,88	   8,7	  10,1	  14,6	   4,9	   3,6	  -8,2
*	     2,8434	 1	 43,95	 97,32	   5,2	   6,5	  11,3	   2,0	   0,4	 -10,5
*	     2,8495	 1	 19,83	109,61	  14,7	  16,2	  14,2	   6,0	  -5,7	 -16,4
*	     3,2073	 1	112,04	135,90	  15,1	  15,6	  20,7	  13,4	   8,0	  -3,7
s	     3,2329	 1	 12,60	 46,21	  36,6	  39,5	  39,7	  32,1	  20,3	   5,5
*	    12,6992	 1	328,02	 72,11	  10,3	  13,1	  17,0	  14,0	   1,5	  -8,1
*	    10,3566	 1	356,72	 72,14	  14,6	  21,0	  23,5	  22,2	  11,2	   4,1
*	    14,9943	 1	 18,03	 74,90	  10,0	  16,3	  19,1	  17,1	  10,5	   1,8
*	    23,8826	 1	 31,01	 77,65	   1,5	   7,9	  10,9	   8,9	   0,6	  -6,2
*	     6,4333	 1	319,32	 56,50	  19,5	  22,3	  25,8	  23,0	   9,3	  -2,0
*	     3,8813	 1	 13,90	 59,98	  25,8	  31,2	  33,5	  31,5	  20,8	  12,6
*	    10,1894	 1	 37,94	 69,97	  16,5	  22,6	  24,4	  23,3	  15,3	   7,8
*	    20,4850	 1	 47,52	 75,46	   4,2	  10,6	  13,2	  11,0	   2,4	  -3,0
*	     6,4819	 1	232,90	 24,16	  21,5	  25,1	  29,0	  26,5	  14,6	   6,2
*	     5,6876	 1	 72,01	 45,96	  20,4	  27,1	  29,8	  29,1	  17,8	  11,3
*	    12,0511	 1	 68,78	 67,06	  11,0	  17,5	  20,9	  18,6	  12,9	   3,7
*	    21,6395	 1	 67,93	 74,39	   2,1	   8,8	  12,2	   9,8	   2,8	  -5,5
*	    14,4464	 1	171,53	 58,70	   9,0	  14,2	  17,5	  16,7	   4,7	  -2,8
*	    13,8611	 1	122,81	 61,20	   8,7	  15,6	  18,6	  18,3	   6,7	   0,6
*	    18,6958	 1	 98,46	 69,88	   3,2	  10,0	  14,0	  11,9	   4,7	  -2,9
*	    26,6728	 1	 87,98	 75,15	  -3,1	   3,7	   7,8	   5,1	  -0,6	 -10,2
*	    25,0328	 1	164,40	 71,78	  -1,8	   4,4	   7,2	   6,8	  -5,0	 -12,2
*	     6,1524	 1	 30,64	 99,18	  10,2	  12,0	  17,6	   8,8	  10,0	  -1,3
*	     7,4009	 1	 24,01	 98,47	   8,1	  10,1	  15,7	   6,8	   7,7	  -4,0
*	     3,4589	 1	 24,64	100,76	  17,5	  19,5	  24,2	  17,3	  13,3	   2,4
*	     4,9307	 1	 17,86	 99,69	  14,1	  16,1	  21,2	  12,9	   9,7	  -1,4
*	     4,6554	 1	152,01	 95,43	  20,6	  20,1	  24,0	  15,8	  10,6	  -1,0
s	     6,1843	 2	 17,24	143,78	  33,7	  36,5	  36,5	  28,6	  17,8	   2,6
*	     6,4568	 1	 13,74	 90,91	  16,9	  18,2	  23,2	  12,9	  14,4	   0,7
s	     7,2403	 1	271,87	 93,11	  34,0	  34,9	  36,7	  30,3	  21,2	  14,6
*	    25,8378	 1	177,20	 81,95	  -9,8	  -4,2	   0,3	   1,2	  -8,0	 -14,4
*	    23,2887	 1	179,68	 81,16	  -7,7	  -2,3	   2,3	   3,1	  -6,1	 -12,6
*	    20,7941	 1	182,78	 80,18	  -5,4	  -0,3	   4,5	   5,0	  -4,2	 -10,7
*	    18,3716	 1	186,77	 78,98	  -2,9	   1,9	   6,8	   6,8	  -2,2	  -8,7
*	    16,7154	 1	192,34	 68,13	  -1,0	   3,5	   8,5	   8,1	  -0,8	  -7,5
*	    16,0470	 1	191,97	 77,51	  -0,2	   4,2	   9,3	   8,8	  -0,0	  -6,6
*	    15,7339	 1	191,61	 87,63	   0,1	   4,5	   9,7	   9,1	   0,3	  -6,2
*	    11,3831	 1	305,89	 71,93	   3,3	   7,7	  11,1	   9,8	  -1,3	 -10,3
*	    10,6153	 1	306,08	 80,32	   3,7	   8,7	  11,0	  10,0	  -1,2	  -9,2
*	    10,2483	 1	306,27	 89,22	   4,4	   9,0	  10,3	   9,9	  -1,3	  -8,6
*	    17,4429	 1	187,53	 91,33	   2,2	   1,4	   8,1	   0,1	  -4,5	 -16,1
*	    17,6485	 1	187,91	 80,82	   2,0	   1,2	   7,9	  -0,0	  -4,7	 -16,3
*	    20,2120	 1	182,83	 91,01	  -0,7	  -1,1	   5,4	  -2,1	  -6,9	 -18,5
*	    20,3950	 1	183,16	 81,96	  -0,9	  -1,3	   5,2	  -2,2	  -7,1	 -18,6
*	    23,0717	 1	179,30	 90,77	  -3,4	  -3,5	   2,8	  -4,2	  -9,2	 -20,7
*	    23,2363	 1	179,59	 82,84	  -3,5	  -3,6	   2,7	  -4,3	  -9,3	 -20,8
*	    25,9970	 1	176,57	 90,58	  -5,9	  -5,7	   0,5	  -6,4	 -11,4	 -22,8
*	    26,1465	 1	176,82	 83,56	  -6,0	  -5,8	   0,4	  -6,5	 -11,5	 -22,9
*	    23,3131	 1	180,55	 73,58	  -5,9	   3,3	   3,2	   0,3	  -5,3	 -16,6
*	    12,7426	 1	203,53	 75,70	   7,0	  14,6	  15,3	  10,2	   5,3	  -6,0
*	     8,8181	 1	236,99	 71,56	  12,9	  19,6	  20,1	  13,9	   9,2	  -2,0
*	     7,7073	 1	276,98	 74,39	  13,2	  19,9	  18,9	  13,2	   7,3	  -3,8
*	     9,1625	 1	299,68	 79,39	   8,7	  17,7	  15,1	  10,6	   3,0	  -9,8
*	    12,4232	 1	310,95	 82,60	   4,9	  12,4	  10,3	   5,6	  -1,4	 -13,0
*	     8,0383	 1	 87,95	 97,89	  -5,0	  -3,7	   0,7	  -7,6	 -10,9	 -21,2
s	     8,0627	 1	355,11	 91,17	  33,6	  38,7	  40,7	  38,1	  28,9	  22,1
*	    15,3643	 1	314,38	 76,50	  -0,6	   2,0	   6,7	   4,1	  -5,1	 -12,7
*	    14,7399	 1	314,54	 82,56	  -0,2	   2,5	   6,6	   4,2	  -5,0	 -11,5
*	    14,4164	 1	314,70	 88,83	   0,1	   2,7	   6,4	   4,2	  -5,1	 -10,8
*	    13,8048	 1	320,44	 75,82	   1,3	   4,1	   8,9	   6,7	  -2,6	 -10,4
*	    13,1306	 1	320,62	 82,08	   1,8	   4,3	   9,0	   6,1	  -2,6	  -9,2
*	    12,7793	 1	320,80	 88,56	   2,1	   4,5	   8,9	   6,0	  -2,6	  -8,3
*	    10,4301	 1	340,37	 74,69	   6,4	  10,5	  15,5	  15,1	   5,5	  -1,9
*	     9,5768	 1	340,60	 81,13	   7,4	  11,1	  16,5	  15,2	   6,2	  -0,9
*	     9,1173	 1	340,83	 87,84	   7,9	  11,3	  16,9	  14,9	   6,6	  -0,1
*	     9,9022	 1	  2,46	105,48	  13,6	  15,4	  19,2	  12,7	   4,1	  -6,1
*	     9,5342	 1	354,88	106,56	  13,3	  14,9	  18,2	  12,8	   0,9	  -8,9
*	    10,8324	 1	331,48	 82,26	   8,4	  15,2	  15,6	   9,6	   4,5	  -7,1
*	     8,7074	 1	349,84	 81,91	  12,8	  22,1	  21,9	  19,0	  13,3	   2,2
*	     9,3580	 1	  6,64	 96,68	  13,0	  24,2	  24,6	  20,9	  17,9	   7,7
*	     9,6093	 1	  6,12	 82,32	  12,8	  23,7	  23,9	  20,2	  18,1	   7,8
*	    13,5809	 1	 18,18	 83,02	   7,6	  18,6	  19,0	  14,5	  14,6	   1,7
*	    18,9091	 1	 27,17	 94,22	   1,9	  13,1	  13,0	   8,1	   7,6	  -3,6
*	    19,0276	 1	 26,83	 83,66	   1,9	  12,9	  12,6	   8,1	   7,1	  -3,9
*	    25,1312	 1	 33,17	 84,22	  -3,4	   7,7	   7,4	   1,8	   0,9	  -9,1
*	     8,3624	 1	 31,26	 90,27	  16,2	  17,4	  21,5	  10,0	   9,0	   0,0
*	     9,1097	 1	 85,09	 90,00	   7,1	   8,4	  13,4	   4,2	   2,7	  -7,9
s	     9,2078	 2	271,84	 64,90	  32,5	  33,4	  33,9	  24,6	  12,2	  -4,9
s	     9,9434	 2	354,07	 64,19	  32,1	  36,5	  36,9	  33,1	  21,0	  12,6
*	    11,1566	 1	131,06	105,98	   0,8	   2,8	   7,5	   0,9	  -3,9	 -14,4
*	    15,3836	 1	121,19	100,08	  -7,6	  -5,6	  -0,1	  -6,8	 -11,3	 -21,1
*	    12,3942	 1	114,16	101,86	  -4,0	  -2,0	   3,4	  -3,3	  -7,9	 -17,6
*	    14,6386	 1	130,60	101,45	  -6,4	  -4,5	   0,6	  -6,0	 -10,7	 -20,9
*	    11,5118	 1	124,52	103,98	  -2,5	  -0,5	   4,5	  -2,1	  -6,9	 -17,1
s	    12,7283	 2	294,32	 92,66	  31,2	  33,2	  36,6	  30,9	  22,4	  14,9
*	    13,7852	 1	109,53	 94,82	  -2,5	  -1,3	   3,1	  -4,9	  -8,6	 -18,8
*	    13,8851	 1	113,40	108,45	  -2,5	  -1,3	   2,5	  -5,1	 -10,4	 -20,4
*	    13,8703	 1	112,87	107,29	  -7,1	  -5,8	  -1,9	  -9,6	 -14,7	 -24,7
s	    14,2288	 3	293,99	 71,00	  30,0	  31,8	  33,4	  27,7	  15,4	   6,0
s	    14,5385	 3	271,94	138,80	  30,1	  31,2	  32,6	  25,3	  12,0	  -4,5
s	    14,6992	 3	353,08	 45,92	  24,2	  24,2	  26,2	  21,0	   2,7	  -5,4
*	    14,7650	 1	112,73	 89,82	  -4,2	  -2,9	   1,4	  -6,5	 -10,3	 -20,4
*	    15,2432	 1	112,55	102,50	  -4,8	  -3,5	   0,7	  -7,3	 -11,5	 -21,6
*	    15,0704	 1	 49,83	 93,27	   0,8	   2,0	   6,0	  -5,6	  -5,9	 -16,0
s	    15,1097	 3	357,15	135,44	  30,1	  34,4	  33,7	  26,3	  15,5	   0,7
s	    17,4257	 1	144,68	 89,45	  29,3	  34,8	  35,8	  31,3	  22,4	  10,0
*	    28,3099	 1	 98,45	 79,44	  -2,0	   5,2	  10,7	   9,5	   7,2	  -1,4
*	    27,8897	 1	 98,41	 87,47	  -1,8	   5,4	  11,1	   9,8	   7,6	  -1,0
*	    25,1276	 1	103,36	 78,36	   0,3	   7,5	  13,1	  12,3	   8,7	   1,4
*	    24,6674	 1	103,29	 87,45	   0,6	   7,8	  13,5	  12,6	   9,2	   1,9
*	    22,3892	 1	109,70	 77,11	   2,6	   9,8	  15,4	  15,0	  10,0	   4,2
*	    21,8863	 1	109,57	 87,43	   2,9	  10,2	  15,9	  15,5	  10,5	   4,8
*	    20,2095	 1	117,97	 75,71	   4,6	  11,8	  17,0	  17,6	  10,4	   5,3
*	    19,6636	 1	117,77	 87,47	   5,0	  12,3	  17,5	  18,2	  11,1	   6,0
*	    18,7216	 1	128,68	 74,35	   6,2	  13,5	  18,0	  19,6	  10,5	   5,8
*	    18,1369	 1	128,38	 87,57	   6,8	  14,0	  18,7	  20,4	  11,2	   6,6
*	    18,0655	 1	141,99	 73,40	   7,1	  14,4	  18,4	  20,0	  10,9	   5,6
*	    17,4545	 1	141,57	 87,84	   7,8	  15,0	  19,1	  20,8	  11,6	   6,4
*	    18,3514	 1	157,05	 73,36	   7,1	  13,9	  17,8	  19,3	  10,1	   4,3
*	    17,7374	 1	156,54	 88,26	   7,7	  14,6	  18,5	  20,0	  10,8	   5,0
s	    17,5689	 3	  8,66	 18,85	  29,2	  32,4	  30,1	  20,7	   7,6	  -9,0
*	    18,3902	 1	 33,55	 89,81	   0,3	   1,6	   5,6	  -6,6	  -6,8	 -16,7
s	    18,6694	 2	145,23	 71,45	  28,1	  32,9	  32,4	  26,6	  15,0	   1,1
s	    22,1045	 3	145,77	 56,80	  22,9	  23,1	  25,6	  20,0	   4,8	  -4,1
*	    22,5801	 1	 65,47	 89,08	   4,0	   5,3	   9,3	  -1,2	  -1,4	 -13,0
s	    22,8831	 3	346,51	 97,06	  20,4	  25,6	  25,4	  23,6	  13,7	   7,6
s	    25,4406	 1	 54,94	 88,80	  29,8	  35,3	  37,0	  27,7	  23,6	  12,2
*	    28,8664	 1	 35,96	 82,99	   5,5	  12,7	  17,1	  15,0	  10,4	   5,4
*	    26,1820	 1	 46,45	 83,91	  -3,6	   7,6	   6,9	   1,6	   0,0	  -8,3
*	    26,9288	 1	 42,20	 84,16	  -3,8	   7,4	   6,9	   1,1	  -0,1	  -8,8
*	    25,6430	 1	 55,52	 83,50	  -2,7	   8,5	   8,1	   1,9	   1,0	  -8,1
*	    25,7593	 1	 50,82	 83,69	  -3,1	   8,0	   7,5	   1,8	   0,5	  -8,1
*	    26,2951	 1	 64,82	 83,24	  -3,6	   7,5	   7,3	   2,0	   1,2	  -9,4
*	    25,8124	 1	 59,88	 83,36	  -2,9	   8,2	   7,9	   2,0	   1,2	  -8,6
*	    28,0909	 1	 74,56	 83,16	  -5,7	   5,5	   5,6	   0,8	   0,5	 -11,4
*	    27,0473	 1	 69,64	 83,18	  -4,6	   6,6	   6,4	   1,7	   0,9	 -10,3
*	    30,8557	 1	 83,85	 83,40	  -8,2	   3,0	   3,7	  -1,1	  -0,9	 -13,9
*	    29,3377	 1	 79,22	 83,32	  -6,9	   4,3	   4,7	  -0,1	  -0,1	 -12,6
*	    34,4975	 1	 92,43	 83,65	 -10,9	   0,2	   1,1	  -3,7	  -3,1	 -16,4
*	    32,5905	 1	 88,28	 83,51	  -9,5	   1,6	   2,5	  -2,4	  -1,9	 -15,2
*	    37,9762	 1	 98,43	 81,92	 -13,8	  -2,7	  -1,8	  -6,7	  -5,7	 -19,1
*	    37,7382	 1	 98,41	 85,83	 -13,7	  -2,5	  -1,6	  -6,5	  -5,5	 -18,9
*	    26,9657	 1	175,88	 88,50	  -0,8	   4,9	   9,4	  10,3	   1,1	  -5,2
*	    27,2694	 1	176,17	 80,69	  -1,0	   4,7	   9,2	  10,1	   0,9	  -5,4
*	    25,6910	 1	168,13	 88,18	   0,2	   6,5	  10,7	  11,9	   2,7	  -3,3
*	    26,0060	 1	168,42	 80,07	  -0,1	   6,3	  10,4	  11,7	   2,4	  -3,6
s	    26,3128	 2	147,71	 89,38	  26,5	  31,8	  32,7	  28,9	  19,7	   7,4
s	    26,4012	 2	 54,64	 74,87	  28,2	  33,0	  32,7	  23,8	  16,1	   3,5
s	    26,8876	 2	180,29	 90,48	  25,4	  29,2	  31,4	  26,7	  17,9	   4,8
s	    27,2500	 3	148,13	 75,78	  25,4	  30,0	  29,4	  24,5	  12,4	  -1,3
s	    27,8100	 3	180,78	 77,10	  25,3	  29,1	  28,7	  22,7	  10,8	  -3,7
s	    28,3195	 2	 41,10	 89,10	  28,7	  34,0	  36,6	  31,3	  26,7	  19,6
s	    29,2070	 3	 40,74	 76,21	  27,5	  32,1	  32,9	  27,5	  19,3	  11,0
s	    31,5704	 3	256,34	104,12	  23,5	  27,4	  27,6	  19,1	  14,5	   2,6
s	    33,3908	 2	103,87	 88,40	  26,4	  31,7	  33,7	  26,8	  23,2	   8,4
s	    34,1734	 3	103,97	 77,02	  25,3	  29,9	  30,3	  22,7	  15,9	  -0,1
s	    34,2299	 3	103,77	 99,36	  26,2	  31,4	  33,4	  26,7	  22,8	   8,0
s	    34,3254	 2	255,59	 92,38	  27,3	  32,9	  34,4	  25,4	  21,1	   9,8
s	    35,0913	 3	255,69	 81,25	  26,3	  31,4	  32,0	  24,9	  17,0	  10,7
s	    35,2987	 3	175,53	 90,22	  24,6	  29,2	  30,8	  29,5	  19,6	  12,5
s	    36,6431	 3	266,95	 92,42	  27,0	  32,4	  34,8	  28,9	  24,3	  17,8
s	    39,4117	 3	112,46	 88,44	  24,8	  29,9	  33,2	  29,2	  25,4	  15,5
s	    39,8291	 2	342,81	 90,95	  23,7	  29,2	  30,4	  25,9	  17,0	   4,8
s	    40,5094	 3	342,47	 81,07	  22,6	  27,6	  27,2	  21,7	   9,8	  -3,6
s	    40,8694	 3	215,42	 91,53	  25,2	  30,2	  31,5	  25,4	  20,9	   6,9
s	    41,6291	 3	319,91	 91,66	  23,1	  28,2	  28,7	  24,7	  15,5	   2,6
s	    44,8775	 2	 59,15	 88,54	  22,7	  25,0	  24,1	  20,4	   8,8	   0,7
s	    45,4944	 3	 58,98	 79,57	  21,4	  23,5	  21,8	  16,7	   2,1	  -7,9
s	    46,7556	 3	 49,85	 88,73	  22,6	  23,6	  23,3	  19,9	   8,3	   1,5
s	    48,8122	 3	341,82	 90,93	  22,3	  27,4	  29,4	  28,4	  18,4	  12,2
s	    53,8438	 3	252,72	 92,23	  21,0	  23,5	  22,3	  18,7	   7,0	  -1,2
s	    55,8444	 3	  7,68	 89,98	  21,0	  26,3	  28,7	  21,8	  19,5	   3,7
s	    58,4623	 3	151,93	 89,28	  20,6	  25,9	  26,9	  23,1	  13,9	   1,7
s	    72,8056	 3	 61,67	 88,39	  21,2	  26,5	  27,9	  19,7	  14,8	   3,5
#END
