#HEADER
CATT-Acoustic v8.0b    Copyright © CATT 1988-2003

 Project                : Restaurante

 GEOMETRICAL INFORMATION
 Src id and loc     [m] :   B4           8,450        4,790        1,400
 Rec id and loc     [m] :   06           6,110        1,550        1,500

 06       11,6447

 VARIABLE SOURCE DATA
 Directivity
   Type (library)       :  Voz.SD0
   Dir. Index (DI) [dB] :       1,1      2,0      3,0      0,7      2,3      5,1
 Level
   On axis 1m      [dB] :      51,2     57,2     59,8     53,5     48,8     43,8
   Total power     [dB] :      61,1     66,2     67,8     63,8     57,5     49,7
 Aim
   Horizontal angle [°] :      -0,0
   Vertical   angle [°] :       0,0
   Point            [m] :                8,450        4,100        1,400
   Roll angle       [°] :       0,0
   Auxiliary delay [ms] :       0,0

 VARIABLE AIR DATA
 Temperature       [°C] :      20
 Relative humidity  [%] :      70
 Density        [kg/m³] :       1,2
 Sound speed      [m/s] :     343
 Impedance      [Ns/m³] :     412
 Diss. coeff. [0.001/m] :      0,08     0,26     0,64     1,15     2,08     5,31      (estimated)

#DATAFIELDS
 TYPE DELAY ORDER AZIMUTH ELEVATION SPL125 SPL250 SPL500 SPL1K SPL2K SPL4K
#DATA
d	     0,0000	 0	 30,67	 90,38	  38,8	  44,8	  47,7	  42,4	  39,1	  30,3
*	     1,2026	 1	 30,64	 99,18	  18,7	  21,2	  23,6	  15,4	   6,4	  -3,4
*	     2,6187	 1	 24,01	 98,47	  14,7	  17,1	  20,4	  12,1	   4,9	  -5,6
*	     1,0030	 1	 24,64	100,76	  14,9	  16,9	  22,2	  14,2	  13,7	   2,3
*	     2,4290	 1	 17,86	 99,69	  12,2	  14,2	  19,6	  11,5	  10,2	  -1,5
*	     3,6506	 1	174,18	144,79	  13,4	  15,4	  21,6	  12,0	  13,1	   0,2
*	     2,3274	 1	289,72	163,78	  16,7	  18,7	  24,6	  15,0	  15,8	   3,7
*	     1,2387	 1	 49,43	144,98	  16,3	  18,3	  24,5	  14,9	  15,9	   3,2
*	     1,3199	 1	 31,26	 90,27	  30,5	  27,2	  30,1	  18,9	  13,6	   2,9
s	     2,5689	 1	 29,37	 53,96	  36,1	  40,6	  40,1	  32,2	  25,6	  10,0
*	    13,0712	 1	328,02	 72,11	   7,9	  14,4	  17,4	  15,3	   7,0	   0,3
*	     9,1246	 1	356,72	 72,14	  12,5	  18,8	  21,7	  19,8	  13,1	   4,4
*	    10,3516	 1	 18,03	 74,90	  11,9	  18,3	  20,8	  19,4	   8,5	   1,6
*	    17,5628	 1	 31,01	 77,65	   3,9	   6,7	  10,7	   7,8	  -4,8	 -14,5
*	     7,1086	 1	319,32	 56,50	  16,1	  22,6	  25,1	  22,9	  14,3	   9,0
*	     3,1077	 1	 13,90	 59,98	  21,8	  27,8	  29,8	  28,7	  20,5	  13,2
*	     5,1016	 1	 37,94	 69,97	  20,2	  25,9	  28,1	  25,8	  15,4	   7,5
*	    13,8535	 1	 47,52	 75,46	   7,7	  10,5	  14,0	  11,3	  -2,5	 -13,8
*	     6,4665	 1	232,90	 24,16	  19,7	  26,4	  29,8	  27,4	  20,4	  12,2
*	     4,0685	 1	 72,01	 45,96	  19,1	  25,6	  29,0	  26,6	  20,9	  11,8
*	     7,7790	 1	 68,78	 67,06	  12,3	  19,0	  21,8	  21,0	   9,7	   3,3
*	    15,7139	 1	 67,93	 74,39	   3,9	   7,6	  11,4	   9,1	  -2,9	 -11,2
*	    13,6772	 1	171,53	 58,70	   7,8	  14,7	  18,8	  16,0	  10,4	   0,8
*	    11,7495	 1	122,81	 61,20	   8,1	  14,9	  19,0	  16,8	   9,8	   2,0
*	    14,8894	 1	 98,46	 69,88	   3,7	  10,6	  13,7	  13,4	   1,8	  -4,3
*	    21,5041	 1	 87,98	 75,15	  -2,0	   3,4	   6,6	   5,8	  -6,1	 -13,7
s	     2,7380	 1	 31,89	124,90	  32,1	  33,2	  39,7	  32,6	  27,6	  18,6
*	    14,5656	 1	 98,64	108,41	  12,4	  19,7	  20,4	  18,9	   8,3	   2,2
*	     4,7858	 1	 39,02	109,97	  28,2	  35,5	  30,7	  29,5	  11,4	   5,4
*	     9,7240	 1	 18,91	105,74	  20,9	  28,2	  25,9	  24,4	   9,2	   3,0
*	     3,7228	 1	 27,20	102,98	   9,8	  11,2	   9,1	   0,9	 -10,8	 -21,5
*	     2,7796	 1	 32,78	103,81	  11,3	  12,7	  10,2	   2,0	 -10,0	 -20,7
*	     3,7102	 1	 13,74	 90,91	  16,3	  17,6	  22,6	  12,3	  13,4	  -0,3
s	     4,7020	 2	 28,84	 44,39	  31,9	  37,9	  37,6	  33,2	  20,7	  13,6
*	     4,9594	 1	 64,75	 89,79	   3,5	   4,8	   8,4	   1,2	  -4,1	 -14,1
*	     5,0039	 1	243,04	 98,04	  20,0	  21,3	  25,3	  15,0	  14,8	   3,1
s	     5,8734	 2	 15,51	118,30	  27,8	  33,7	  34,3	  29,4	  22,5	  15,1
*	     6,0051	 1	 85,09	 90,00	   7,3	   8,6	  13,3	   4,6	   2,2	  -8,2
s	     6,8001	 1	  7,28	 90,64	  32,8	  38,3	  42,1	  36,8	  34,5	  24,9
*	    16,0671	 1	314,38	 76,50	  -2,2	   4,9	   9,2	   7,7	   2,7	  -2,2
*	    15,5288	 1	314,54	 82,56	  -1,5	   5,7	  10,2	   7,9	   3,4	  -1,5
*	    15,2537	 1	314,70	 88,83	  -1,1	   6,1	  10,8	   8,0	   3,8	  -1,2
*	    14,4123	 1	320,44	 75,82	  -0,7	   6,4	  10,7	   9,4	   4,4	  -0,8
*	    13,8407	 1	320,62	 82,08	  -0,0	   7,2	  11,7	   9,7	   5,1	  -0,0
*	    13,5476	 1	320,80	 88,56	   0,4	   7,7	  12,3	   9,8	   5,5	   0,4
*	    13,5427	 1	320,98	 95,13	   0,4	   7,7	  12,4	   9,8	   5,6	   0,4
*	    10,4831	 1	340,37	 74,69	   3,4	  10,3	  14,6	  14,1	   9,1	   2,9
*	     9,8013	 1	340,60	 81,13	   4,1	  11,2	  15,8	  14,9	  10,1	   3,9
*	     9,4462	 1	340,83	 87,84	   4,6	  11,8	  16,5	  15,0	  10,7	   4,5
*	     8,7752	 1	354,88	106,56	  10,4	  12,2	  18,9	  10,8	   9,9	  -2,5
*	    11,3531	 1	331,48	 82,26	   5,8	  16,8	  16,5	  11,4	  10,5	   0,1
*	     8,4577	 1	349,84	 81,91	   9,1	  20,1	  20,1	  15,6	  15,0	   3,3
*	     7,2754	 1	  6,12	 82,32	  11,3	  22,2	  22,4	  17,9	  18,8	   5,9
*	     8,4302	 1	 18,60	 95,36	  11,2	  22,3	  21,1	  19,3	  12,1	   2,3
*	     8,6651	 1	 18,18	 83,02	  10,8	  21,8	  21,0	  18,6	  13,4	   3,3
*	    12,8293	 1	 26,83	 83,66	   5,2	  12,8	  13,4	   8,6	   3,3	  -8,6
*	    18,4748	 1	 33,17	 84,22	  -1,4	   5,0	   5,0	  -1,4	  -6,4	 -17,8
s	     7,6434	 3	 32,91	141,79	  29,1	  34,8	  34,0	  29,1	  15,0	   8,7
*	     7,8079	 1	334,97	 92,64	   7,7	   9,0	  13,0	   0,7	   0,5	  -9,2
s	     8,0416	 1	266,73	 92,90	  34,8	  40,4	  43,1	  36,5	  32,3	  26,0
*	    25,0199	 1	177,20	 81,95	  -9,1	  -1,9	   3,8	   2,5	  -0,2	  -8,7
*	    22,5909	 1	179,68	 81,16	  -7,0	   0,3	   5,9	   4,6	   1,8	  -6,7
*	    20,2271	 1	182,78	 80,18	  -4,7	   2,6	   8,2	   6,9	   4,0	  -4,5
*	    17,9464	 1	186,77	 78,98	  -2,2	   5,0	  10,7	   9,4	   6,3	  -2,2
*	    16,4103	 1	192,34	 68,13	  -0,4	   6,8	  12,3	  11,1	   7,8	  -0,6
*	    15,7748	 1	191,97	 77,51	   0,4	   7,6	  13,2	  12,0	   8,6	   0,3
*	    15,4785	 1	191,61	 87,63	   0,8	   8,0	  13,6	  12,3	   9,0	   0,7
*	    12,3184	 1	305,89	 71,93	   3,0	  10,2	  14,0	  12,6	   7,5	   3,9
*	    11,6582	 1	306,08	 80,32	   3,8	  11,1	  15,3	  13,4	   8,3	   4,7
*	    11,3478	 1	306,27	 89,22	   4,3	  11,6	  16,2	  13,8	   8,8	   5,1
*	    14,0599	 1	311,66	109,78	   6,6	   7,9	  14,2	   5,0	   4,6	  -5,2
*	    10,0073	 1	290,15	121,26	  12,5	  13,7	  20,1	  10,9	  10,5	   0,8
*	    13,9947	 1	199,85	119,09	   7,5	   9,3	  16,3	   7,4	   7,8	  -4,9
*	    17,0731	 1	187,53	 91,33	   2,9	   4,7	  12,0	   3,0	   4,1	  -9,5
*	    17,2674	 1	187,91	 80,82	   2,7	   4,5	  11,8	   2,7	   3,8	  -9,7
*	    19,6756	 1	182,83	 91,01	  -0,0	   1,8	   9,1	   0,1	   1,4	 -12,2
*	    19,8493	 1	183,16	 81,96	  -0,2	   1,6	   8,9	  -0,1	   1,2	 -12,4
*	    22,3836	 1	179,30	 90,77	  -2,7	  -0,9	   6,5	  -2,6	  -1,1	 -14,7
*	    22,5405	 1	179,59	 82,84	  -2,8	  -1,0	   6,3	  -2,8	  -1,3	 -14,9
*	    25,1712	 1	176,57	 90,58	  -5,2	  -3,4	   4,0	  -5,1	  -3,5	 -17,1
*	    25,3144	 1	176,82	 83,56	  -5,3	  -3,5	   3,8	  -5,2	  -3,6	 -17,2
*	    22,6196	 1	180,55	 73,58	  -5,2	   5,9	   6,6	   1,9	   2,6	 -10,6
*	    12,6517	 1	202,53	105,37	   7,6	  18,7	  19,2	  14,4	  14,4	   1,9
*	    12,7266	 1	203,53	 75,70	   7,5	  18,6	  19,1	  14,3	  14,2	   1,8
*	     9,2475	 1	236,99	 71,56	  13,2	  24,3	  24,2	  19,4	  18,6	   7,6
*	     8,5453	 1	276,98	 74,39	  13,4	  24,5	  24,2	  18,2	  17,4	   7,9
*	    10,2185	 1	299,68	 79,39	   8,8	  20,0	  19,4	  14,0	  12,5	   4,2
*	    13,3117	 1	311,37	100,36	   5,3	  16,3	  16,2	  10,0	   9,1	  -0,0
*	    13,3851	 1	310,95	 82,60	   5,0	  16,1	  15,7	   9,6	   8,6	  -0,3
s	     8,5206	 2	  6,34	 65,90	  31,7	  36,4	  37,8	  32,1	  25,8	  15,7
s	     8,8495	 3	 12,63	 48,01	  20,8	  25,1	  21,8	  15,5	   1,9	  -5,3
s	     9,2321	 3	 11,27	113,48	  24,3	  27,7	  28,0	  25,8	  11,2	   2,6
s	     9,6621	 2	266,78	 69,55	  32,7	  37,3	  37,1	  29,1	  20,8	   7,2
s	     9,7753	 2	266,68	115,28	  27,9	  28,4	  36,3	  28,7	  27,6	  18,3
s	    11,1405	 3	266,80	 61,81	  29,1	  35,1	  35,5	  31,1	  23,3	  14,8
*	    12,4825	 1	104,25	103,90	  -4,6	  -3,3	   0,8	  -7,2	 -11,6	 -21,8
*	    11,9898	 1	104,00	 94,83	  -4,1	  -2,8	   1,5	  -6,5	 -10,3	 -20,4
*	    12,5328	 1	 98,14	 98,29	  -5,6	  -3,6	   1,8	  -4,9	  -9,6	 -19,4
s	    12,6897	 2	287,13	 92,65	  31,3	  36,9	  40,3	  35,0	  31,4	  22,4
*	    13,1051	 1	 76,98	 92,97	  -6,3	  -6,5	  -2,8	 -10,7	 -16,3	 -27,8
s	    13,3510	 3	287,26	105,19	  23,8	  29,1	  31,1	  26,5	  22,0	  13,5
s	    13,3657	 3	  9,11	132,20	  30,7	  34,9	  34,1	  26,0	  18,8	   3,8
*	    13,4257	 1	 96,12	 97,18	  -9,2	  -7,2	  -2,0	  -8,7	 -13,4	 -23,5
s	    14,0183	 3	286,92	 73,44	  30,1	  34,9	  36,4	  30,6	  23,8	  13,5
s	    14,2949	 3	266,63	132,69	  30,1	  33,9	  33,6	  26,6	  19,3	   4,4
s	    14,3726	 3	 50,83	107,35	  21,6	  20,9	  27,3	  18,6	  16,9	   8,3
*	    14,5971	 1	 76,20	 89,08	  -2,8	  -3,6	   0,4	  -8,0	 -13,2	 -24,9
s	    15,5762	 1	136,19	 89,19	  29,0	  34,5	  37,2	  30,3	  26,6	  12,8
*	    23,6027	 1	 98,45	 79,44	  -0,9	   5,8	   9,8	  11,2	   2,0	  -3,9
*	    23,1601	 1	 98,41	 87,47	  -0,6	   6,1	  10,1	  11,5	   2,3	  -3,5
*	    23,4337	 1	 98,37	 95,54	  -0,8	   5,9	   9,8	  11,3	   1,6	  -4,2
*	    20,9255	 1	103,36	 78,36	   1,2	   8,4	  12,4	  14,0	   4,8	  -0,5
*	    20,4477	 1	103,29	 87,45	   1,5	   8,8	  12,7	  14,4	   5,2	  -0,0
*	    18,7594	 1	109,70	 77,11	   3,0	  10,3	  14,8	  16,4	   7,3	   2,5
*	    18,2465	 1	109,57	 87,43	   3,4	  10,7	  15,3	  17,0	   7,8	   3,1
*	    17,1922	 1	117,97	 75,71	   4,6	  11,9	  16,9	  17,7	  10,3	   5,3
*	    16,6458	 1	117,77	 87,47	   5,1	  12,3	  17,5	  18,3	  10,9	   5,9
*	    16,3189	 1	128,68	 74,35	   5,8	  13,0	  18,6	  18,3	  13,1	   7,5
*	    15,7432	 1	128,38	 87,57	   6,3	  13,6	  19,3	  18,9	  13,8	   8,2
*	    16,2404	 1	141,99	 73,40	   6,3	  13,5	  19,1	  18,3	  14,6	   7,5
*	    15,6463	 1	141,57	 87,84	   6,9	  14,1	  19,8	  19,0	  15,4	   8,2
*	    17,0385	 1	157,05	 73,36	   5,9	  13,2	  18,7	  17,5	  15,2	   6,7
*	    16,4466	 1	156,54	 88,26	   6,5	  13,8	  19,5	  18,2	  16,0	   7,4
s	    15,7135	 3	 26,71	 24,19	  30,9	  33,6	  29,9	  21,1	  10,0	  -6,1
s	    16,7702	 2	136,66	 71,90	  28,0	  32,7	  33,6	  25,9	  18,8	   3,9
*	    17,8238	 1	 93,75	 89,03	  -2,7	  -1,6	   1,5	  -5,8	 -11,1	 -21,9
*	    18,1853	 1	 93,73	 97,20	  -3,0	  -1,8	   1,1	  -6,2	 -12,2	 -22,9
s	    18,4407	 1	 53,38	 88,90	  28,0	  29,7	  28,3	  21,8	  11,0	  -2,0
*	    22,1182	 1	 35,96	 82,99	   5,4	   8,1	  12,3	   9,8	   0,6	  -6,2
*	    19,1429	 1	 46,45	 83,91	  -3,7	   5,4	   2,8	  -1,8	  -9,3	 -22,5
*	    19,9375	 1	 42,20	 84,16	  -3,8	   4,3	   1,8	  -2,6	 -10,2	 -22,1
*	    18,7331	 1	 55,52	 83,50	  -2,8	   4,4	   2,6	  -2,3	  -9,1	 -20,5
*	    18,7484	 1	 50,82	 83,69	  -3,2	   5,3	   2,7	  -1,7	  -9,3	 -21,6
*	    19,7174	 1	 64,82	 83,24	  -4,0	   2,5	   2,6	  -3,8	  -8,6	 -19,7
*	    19,0429	 1	 59,88	 83,36	  -3,2	   3,4	   2,7	  -3,4	  -8,9	 -20,0
*	    21,9332	 1	 74,56	 83,16	  -6,2	   1,0	   1,8	  -4,0	  -8,7	 -20,2
*	    20,6747	 1	 69,64	 83,18	  -5,0	   1,8	   2,3	  -3,8	  -8,5	 -19,8
*	    25,0976	 1	 83,85	 83,40	  -8,8	  -0,6	  -0,2	  -4,5	  -9,7	 -21,1
*	    23,3821	 1	 79,22	 83,32	  -7,4	   0,3	   0,9	  -4,1	  -9,1	 -20,5
*	    29,0906	 1	 92,43	 83,65	 -11,6	  -2,6	  -2,6	  -5,7	 -11,3	 -22,6
*	    27,0164	 1	 88,28	 83,51	 -10,2	  -1,6	  -1,4	  -5,1	 -10,4	 -21,8
s	    19,5251	 2	 53,03	 73,18	  26,6	  28,2	  26,8	  18,3	   4,9	 -11,3
s	    21,6681	 2	 38,07	 89,23	  27,3	  27,7	  30,0	  23,6	  14,7	   8,0
s	    22,6507	 3	 37,66	 74,98	  26,3	  26,3	  27,5	  20,3	   8,2	  -1,0
s	    24,1821	 2	141,21	 89,18	  26,3	  31,6	  34,1	  28,2	  23,1	  10,3
*	    26,0974	 1	175,88	 88,50	  -1,6	   5,6	  11,3	  10,0	   7,5	  -1,1
*	    26,3897	 1	176,17	 80,69	  -1,8	   5,4	  11,1	   9,8	   7,2	  -1,4
*	    24,5615	 1	168,13	 88,18	  -0,8	   6,5	  12,1	  10,9	   8,5	  -0,0
*	    24,8656	 1	168,42	 80,07	  -1,0	   6,2	  11,9	  10,6	   8,2	  -0,3
s	    25,0975	 3	141,59	 75,89	  25,3	  29,9	  30,7	  23,9	  15,7	   1,6
s	    27,2206	 2	107,55	 88,47	  25,6	  26,6	  28,8	  20,7	  12,6	  -0,9
s	    27,2887	 2	256,55	 92,43	  25,3	  27,2	  25,3	  19,5	   8,3	  -5,3
s	    28,0660	 3	107,68	 76,19	  24,6	  25,1	  25,9	  17,2	   5,7	  -9,6
s	    28,1327	 3	256,65	 80,17	  24,2	  26,1	  24,8	  19,6	   5,0	  -4,8
s	    29,8333	 3	268,93	 92,46	  24,8	  25,9	  25,8	  17,9	   8,4	  -4,2
s	    33,6664	 3	116,19	 88,52	  24,4	  26,1	  29,1	  25,0	  15,8	   8,0
s	    33,8190	 3	180,43	 90,38	  23,3	  28,1	  32,6	  28,7	  25,0	  16,6
s	    34,4117	 3	212,78	 91,48	  23,9	  24,4	  26,0	  17,5	   9,2	  -3,8
s	    37,4633	 2	347,58	 90,78	  23,6	  29,1	  31,4	  25,5	  19,5	   7,0
s	    38,1350	 3	347,23	 81,02	  22,6	  27,5	  28,2	  21,3	  12,3	  -1,5
s	    39,9648	 3	315,54	 91,77	  22,9	  28,2	  30,5	  24,3	  20,3	   6,3
s	    45,9660	 2	 59,67	 88,51	  25,0	  30,3	  32,9	  26,7	  21,6	  16,3
s	    46,3501	 3	345,86	 90,79	  22,2	  27,6	  30,6	  27,7	  20,6	  14,2
s	    46,5397	 3	 59,52	 80,17	  23,8	  28,5	  29,2	  22,7	  14,3	   8,0
s	    47,7153	 3	 50,98	 88,68	  25,0	  30,4	  32,8	  26,2	  21,5	  15,7
s	    50,8288	 3	  4,45	 90,11	  21,2	  24,8	  26,0	  21,3	  12,1	  -1,6
s	    54,9404	 3	252,34	 92,21	  23,4	  28,8	  31,2	  25,1	  19,9	  14,7
s	    55,9253	 3	148,46	 89,17	  20,5	  25,8	  27,7	  22,8	  15,7	   3,3
#END
