10.00       62.64       -0.56
11.22       62.55       -4.88
12.59       62.40       -12.27
14.13       61.61       -21.31
15.85       59.41       -39.80
17.78       55.94       -69.10
19.95       53.84       -139.38
22.39       61.16       132.80
25.12       61.96       100.87
28.18       63.87       119.34
31.62       76.22       145.41
35.48       81.91       140.24
39.81       87.92       113.98
44.67       92.53       89.27
50.12       95.54       63.89
56.23       98.30       42.64
63.10       101.19      19.62
70.79       103.33      -5.92
79.43       105.01      -31.56
89.13       106.34      -56.25
100.00      107.28      -78.32
112.20      107.68      -99.71
125.89      107.66      -119.62
141.25      107.58      -138.48
158.49      107.12      -156.30
177.83      106.24      -170.70
199.53      105.84      178.32
223.87      106.03      166.10
251.19      105.78      153.04
281.84      105.20      141.78
316.23      104.99      129.24
354.81      104.60      115.05
398.11      103.90      102.53
446.68      103.24      90.67
501.19      102.60      79.80
562.34      102.10      71.69
630.96      102.74      62.67
707.95      104.17      45.25
794.33      104.53      20.61
891.25      104.02      -4.52
1000.00     103.01      -28.78
1122.02     101.39      -59.51
1258.93     97.69       -33.48
1412.54     91.31       44.95
1584.89     103.24      44.00
1778.28     106.61      -2.19
1995.26     108.91      -26.28
2238.72     110.83      -51.32
2511.89     112.38      -70.59
2818.38     114.21      -89.98
3162.28     115.86      -110.84
3548.13     117.31      -133.02
3981.07     118.57      -157.65
4466.84     119.57      177.36
5011.87     120.33      150.23
5623.41     120.67      123.24
6309.57     120.78      95.30
7079.46     120.89      67.44
7943.28     120.96      38.77
8912.51     120.98      7.90
10000.00    121.11      -24.56
11220.19    121.15      -63.74
12589.26    120.89      -108.39
14125.38    120.27      -155.72
15848.94    118.95      152.95
17782.80    117.15      102.72
19952.63    115.84      51.01
22387.22    115.53      26.15
