   11.804	 -53.9970
   11.929	 -54.1684
   12.056	 -54.4765
   12.184	 -54.8032
   12.314	 -55.1307
   12.445	 -55.4588
   12.578	 -55.7873
   12.711	 -56.1163
   12.847	 -56.4456
   12.983	 -56.7751
   13.122	 -57.1047
   13.261	 -57.4343
   13.402	 -57.7637
   13.545	 -58.0928
   13.689	 -58.4215
   13.835	 -58.7496
   13.982	 -59.0770
   14.131	 -59.4036
   14.281	 -59.7292
   14.433	 -60.0535
   14.587	 -60.3765
   14.742	 -60.6980
   14.899	 -61.0178
   15.057	 -61.3356
   15.217	 -61.6513
   15.379	 -61.9647
   15.543	 -62.2755
   15.708	 -62.5835
   15.875	 -62.8885
   16.044	 -63.1903
   16.215	 -63.4885
   16.388	 -63.7829
   16.562	 -64.0732
   16.738	 -64.3591
   16.916	 -64.6404
   17.096	 -64.9166
   17.278	 -65.1876
   17.462	 -65.4529
   17.648	 -65.7122
   17.836	 -65.9651
   18.025	 -66.2113
   18.217	 -66.4503
   18.411	 -66.6818
   18.607	 -66.9053
   18.805	 -67.1204
   19.005	 -67.3266
   19.207	 -67.5235
   19.412	 -67.7105
   19.618	 -67.8871
   19.827	 -68.0529
   20.038	 -68.2072
   20.251	 -68.3496
   20.467	 -68.4793
   20.684	 -68.5958
   20.905	 -68.6985
   21.127	 -68.7867
   21.352	 -68.8597
   21.579	 -68.9168
   21.809	 -68.9573
   22.041	 -68.9803
   22.275	 -68.9852
   22.512	 -68.9711
   22.752	 -68.9371
   22.994	 -68.8824
   23.239	 -68.8058
   23.486	 -68.7051
   23.736	 -68.5774
   23.988	 -68.4205
   24.244	 -68.2338
   24.501	 -68.0179
   24.762	 -67.7733
   25.026	 -67.5005
   25.292	 -67.2003
   25.561	 -66.8734
   25.833	 -66.5207
   26.108	 -66.1431
   26.386	 -65.7416
   26.667	 -65.3173
   26.950	 -64.8715
   27.237	 -64.4055
   27.527	 -63.9206
   27.820	 -63.4184
   28.116	 -62.9006
   28.415	 -62.3690
   28.717	 -61.8254
   29.023	 -61.2719
   29.332	 -60.7107
   29.644	 -60.1441
   29.959	 -59.5746
   30.278	 -59.0048
   30.600	 -58.4376
   30.926	 -57.8759
   31.255	 -57.3228
   31.587	 -56.7817
   31.924	 -56.2562
   32.263	 -55.7499
   32.607	 -55.2669
   32.953	 -54.8112
   33.304	 -54.3872
   33.658	 -53.9996
   34.017	 -53.6532
   34.379	 -53.3531
   34.744	 -53.1074
   35.114	 -52.9488
   35.488	 -52.8736
   35.865	 -52.8593
   36.247	 -52.8617
   36.633	 -52.8724
   37.022	 -52.8905
   37.416	 -52.9155
   37.815	 -52.9470
   38.217	 -52.9845
   38.624	 -53.0274
   39.035	 -53.0752
   39.450	 -53.1272
   39.870	 -53.1828
   40.294	 -53.2413
   40.723	 -53.3018
   41.156	 -53.3635
   41.594	 -53.4256
   42.036	 -53.4871
   42.484	 -53.5470
   42.936	 -53.6042
   43.393	 -53.6577
   43.854	 -53.7061
   44.321	 -53.7483
   44.793	 -53.7828
   45.269	 -53.8082
   45.751	 -53.8231
   46.238	 -53.8265
   46.730	 -53.8254
   47.227	 -53.8249
   47.730	 -53.8251
   48.237	 -53.8189
   48.751	 -53.8034
   49.269	 -53.7790
   49.794	 -53.7466
   50.323	 -53.7071
   50.859	 -53.6616
   51.400	 -53.6112
   51.947	 -53.5571
   52.500	 -53.5004
   53.058	 -53.4427
   53.623	 -53.3852
   54.194	 -53.3294
   54.770	 -53.2771
   55.353	 -53.2300
   55.942	 -53.1897
   56.537	 -53.1584
   57.139	 -53.1379
   57.747	 -53.1323
   58.361	 -53.1631
   58.982	 -53.2437
   59.610	 -53.3684
   60.244	 -53.5112
   60.885	 -53.6573
   61.533	 -53.8056
   62.188	 -53.9561
   62.850	 -54.1088
   63.518	 -54.2637
   64.194	 -54.4210
   64.877	 -54.5806
   65.568	 -54.7425
   66.265	 -54.9069
   66.970	 -55.0737
   67.683	 -55.2430
   68.403	 -55.4148
   69.131	 -55.5891
   69.867	 -55.7654
   70.610	 -55.9428
   71.361	 -56.1217
   72.121	 -56.3032
   72.888	 -56.4883
   73.664	 -56.6767
   74.448	 -56.8682
   75.240	 -57.0626
   76.040	 -57.2594
   76.849	 -57.4584
   77.667	 -57.6592
   78.494	 -57.8614
   79.329	 -58.0646
   80.173	 -58.2684
   81.026	 -58.4698
   81.888	 -58.6405
   82.759	 -58.7643
   83.640	 -58.8418
   84.530	 -58.9000
   85.430	 -58.9464
   86.339	 -58.9813
   87.257	 -59.0042
   88.186	 -59.0148
   89.124	 -59.0126
   90.072	 -58.9973
   91.031	 -58.9684
   91.999	 -58.9256
   92.978	 -58.8702
   93.968	 -58.8034
   94.968	 -58.7198
   95.978	 -58.6127
   96.999	 -58.4796
   98.032	 -58.3263
   99.075	 -58.1601
  100.129	 -57.9884
  101.194	 -57.8195
  102.271	 -57.6617
  103.359	 -57.5243
  104.459	 -57.4189
  105.571	 -57.3617
  106.694	 -57.3497
  107.829	 -57.3704
  108.977	 -57.4059
  110.136	 -57.4550
  111.308	 -57.5181
  112.492	 -57.5957
  113.689	 -57.6882
  114.899	 -57.7959
  116.122	 -57.9167
  117.357	 -58.0447
  118.606	 -58.1865
  119.868	 -58.3520
  121.144	 -58.5494
  122.433	 -58.7685
  123.735	 -58.9966
  125.052	 -59.2200
  126.383	 -59.4231
  127.727	 -59.5733
  129.087	 -59.5691
  130.460	 -59.3586
  131.848	 -58.9582
  133.251	 -58.4571
  134.669	 -57.9051
  136.102	 -57.3500
  137.550	 -56.8412
  139.014	 -56.4302
  140.493	 -56.1686
  141.988	 -56.0532
  143.499	 -56.0480
  145.026	 -56.0964
  146.569	 -56.1693
  148.129	 -56.2413
  149.705	 -56.2852
  151.298	 -56.2781
  152.908	 -56.2138
  154.535	 -56.0970
  156.179	 -55.9406
  157.841	 -55.7584
  159.520	 -55.5707
  161.218	 -55.3999
  162.933	 -55.2699
  164.667	 -55.1915
  166.419	 -55.1578
  168.190	 -55.1526
  169.979	 -55.1668
  171.788	 -55.2003
  173.616	 -55.2529
  175.463	 -55.3195
  177.330	 -55.4068
  179.217	 -55.5219
  181.124	 -55.6666
  183.052	 -55.8201
  184.999	 -55.9469
  186.968	 -55.9302
  188.957	 -55.6783
  190.968	 -55.1993
  193.000	 -54.6121
  195.054	 -54.0134
  197.129	 -53.4701
  199.227	 -53.0041
  201.347	 -52.6398
  203.489	 -52.3643
  205.654	 -52.1431
  207.843	 -51.8801
  210.054	 -51.3817
  212.289	 -50.3206
  214.548	 -48.6080
  216.831	 -46.5605
  219.138	 -44.7062
  221.470	 -43.7199
  223.827	 -43.9258
  226.208	 -45.3960
  228.615	 -47.9985
  231.048	 -50.9679
  233.506	 -53.4392
  235.991	 -54.8047
  238.502	 -55.2900
  241.040	 -55.4994
  243.605	 -55.5946
  246.197	 -55.6264
  248.816	 -55.6137
  251.464	 -55.5566
  254.140	 -55.4199
  256.844	 -55.1809
  259.577	 -54.8252
  262.339	 -54.3538
  265.130	 -53.7819
  267.952	 -53.1221
  270.803	 -52.3472
  273.684	 -51.4519
  276.596	 -50.5131
  279.540	 -49.7504
  282.514	 -49.4270
  285.520	 -49.5803
  288.558	 -50.0142
  291.629	 -50.2141
  294.732	 -49.8456
  297.868	 -48.9257
  301.037	 -47.6252
  304.241	 -46.0278
  307.478	 -44.1701
  310.750	 -42.0705
  314.056	 -39.7335
  317.398	 -37.0599
  320.775	 -34.0918
  324.189	 -31.3729
  327.638	 -30.4033
  331.124	 -31.0208
  334.648	 -33.5738
  338.209	 -37.0364
  341.807	 -39.5055
  345.444	 -40.3276
  349.120	 -40.1715
  352.835	 -39.3231
  356.589	 -38.0009
  360.384	 -36.3930
  364.218	 -34.5499
  368.094	 -32.5821
  372.011	 -31.2073
  375.969	 -31.6122
  379.970	 -33.7885
  384.013	 -39.1320
  388.099	 -42.8215
  392.228	 -40.2456
  396.402	 -38.4190
  400.620	 -38.4389
  404.883	 -40.4497
  409.191	 -43.7223
  413.545	 -45.7076
  417.945	 -46.2223
  422.393	 -46.8555
  426.887	 -48.1643
  431.429	 -49.9088
  436.020	 -51.3721
  440.660	 -52.3120
  445.348	 -53.1245
  450.087	 -54.0515
  454.876	 -54.8930
  459.717	 -55.3010
  464.608	 -55.2272
  469.552	 -54.9958
  474.548	 -54.9198
  479.598	 -56.0509
  484.701	 -58.6759
  489.858	 -64.1417
  495.071	 -60.4790
  500.339	 -53.3882
  505.663	 -49.6359
  511.043	 -48.2916
  516.481	 -49.1511
  521.977	 -52.1415
  527.531	 -55.8553
  533.144	 -53.6770
  538.817	 -52.2317
  544.550	 -52.4385
  550.345	 -55.0145
  556.201	 -58.3159
  562.119	 -58.6544
  568.100	 -53.3703
  574.145	 -48.5381
  580.255	 -45.3350
  586.429	 -43.8608
  592.669	 -43.3771
  598.975	 -43.2577
  605.349	 -43.5764
  611.790	 -45.1351
  618.300	 -48.5953
  624.879	 -52.2124
  631.528	 -51.3019
  638.248	 -49.7044
  645.039	 -44.2579
  651.903	 -39.9037
  658.839	 -39.1394
  665.850	 -40.2226
  672.935	 -44.4219
  680.095	 -47.1748
  687.332	 -49.9036
  694.645	 -53.9896
  702.037	 -56.7732
  709.507	 -53.3080
  717.057	 -46.3538
  724.686	 -43.3272
  732.398	 -42.5345
  740.191	 -43.8566
  748.067	 -46.7737
  756.027	 -49.7723
  764.071	 -50.9415
  772.201	 -51.2656
  780.418	 -51.7992
  788.722	 -53.0509
  797.115	 -53.5481
  805.597	 -53.7264
  814.169	 -54.3007
  822.832	 -55.5814
  831.587	 -56.6133
  840.436	 -57.1251
  849.379	 -57.6053
  858.417	 -58.5284
  867.551	 -60.0448
  876.782	 -61.6386
  886.111	 -62.6159
  895.540	 -62.1830
  905.069	 -62.3344
  914.700	 -62.3445
  924.433	 -57.0187
  934.269	 -53.2423
  944.210	 -50.9892
  954.257	 -49.2181
  964.411	 -48.4532
  974.673	 -49.3354
  985.044	 -52.2316
  995.526	 -58.4420
 1006.119	 -61.5597
 1016.824	 -63.8737
 1027.644	 -64.0967
 1038.579	 -63.5851
 1049.630	 -62.6471
 1060.799	 -61.2644
 1072.086	 -61.0751
 1083.494	 -62.2925
 1095.023	 -64.5938
 1106.674	 -63.2213
 1118.450	 -58.1114
 1130.351	 -56.3505
 1142.379	 -56.1862
 1154.534	 -58.5980
 1166.819	 -61.8919
 1179.235	 -64.1837
 1191.783	 -61.8965
 1204.464	 -60.1381
 1217.280	 -60.0116
 1230.233	 -60.7399
 1243.323	 -62.0132
 1256.553	 -61.7017
 1269.923	 -60.3098
 1283.436	 -59.1997
 1297.093	 -56.3831
 1310.895	 -55.9332
 1324.843	 -56.4833
 1338.940	 -59.3074
 1353.188	 -59.5508
 1367.586	 -59.3047
 1382.138	 -58.6124
 1396.845	 -59.5917
 1411.708	 -59.8483
 1426.730	 -63.2496
 1441.911	 -64.8728
 1457.254	 -68.8640
 1472.760	 -68.9527
 1488.431	 -68.2404
 1504.269	 -66.3916
 1520.275	 -64.8404
 1536.452	 -62.5857
 1552.801	 -58.8113
 1569.323	 -52.9773
 1586.022	 -49.9163
 1602.898	 -49.9479
 1619.954	 -52.3710
 1637.191	 -60.9448
 1654.612	 -65.1551
 1672.218	 -65.3724
 1690.011	 -65.4931
 1707.994	 -64.9430
 1726.168	 -63.2230
 1744.536	 -61.8406
 1763.099	 -60.9183
 1781.859	 -60.9226
 1800.819	 -61.7410
 1819.981	 -59.5329
 1839.347	 -52.6227
 1858.918	 -51.1734
 1878.698	 -51.4506
 1898.689	 -54.3906
 1918.892	 -54.1648
 1939.310	 -53.9723
 1959.946	 -54.6878
 1980.801	 -57.3211
 2001.878	 -58.2444
 2023.179	 -59.2575
 2044.707	 -58.5790
 2066.464	 -57.6256
 2088.452	 -56.9063
 2110.674	 -56.9220
 2133.133	 -57.2488
 2155.831	 -57.2495
 2178.771	 -57.5274
 2201.954	 -57.5231
 2225.384	 -58.4914
 2249.063	 -59.5395
 2272.995	 -61.5656
 2297.181	 -61.5317
 2321.624	 -61.5208
 2346.328	 -60.1582
 2371.294	 -58.7374
 2396.526	 -57.3703
 2422.027	 -57.7943
 2447.798	 -57.0135
 2473.844	 -55.6683
 2500.168	 -51.1833
 2526.771	 -48.3998
 2553.657	 -47.5592
 2580.830	 -48.3589
 2608.291	 -50.1063
 2636.045	 -50.7264
 2664.094	 -50.4412
 2692.442	 -50.0925
 2721.091	 -49.8372
 2750.045	 -49.2838
 2779.307	 -48.3222
 2808.881	 -46.4599
 2838.769	 -44.3166
 2868.975	 -41.7447
 2899.503	 -37.3156
 2930.355	 -32.5644
 2961.536	 -31.5265
 2993.049	 -32.4736
 3024.896	 -36.9780
 3057.083	 -38.1969
 3089.612	 -37.6710
 3122.488	 -37.8074
 3155.713	 -35.7013
 3189.292	 -33.7881
 3223.228	 -33.9472
 3257.525	 -37.2503
 3292.187	 -44.4160
 3327.218	 -47.5368
 3362.621	 -48.0527
 3398.402	 -47.9966
 3434.563	 -47.5062
 3471.108	 -45.9840
 3508.043	 -41.1405
 3545.371	 -34.4714
 3583.096	 -32.2934
 3621.222	 -32.6175
 3659.754	 -36.1506
 3698.696	 -45.3640
 3738.052	 -52.4153
 3777.827	 -55.0947
 3818.026	 -57.0265
 3858.652	 -57.4831
 3899.710	 -58.1406
 3941.206	 -58.4200
 3983.142	 -57.2674
 4025.525	 -52.4049
 4068.360	 -45.8147
 4111.649	 -44.5722
 4155.400	 -44.9734
 4199.616	 -47.5922
 4244.302	 -42.4855
 4289.464	 -34.8397
 4335.106	 -33.0940
 4381.235	 -33.0124
 4427.854	 -36.4136
 4474.969	 -40.7887
 4522.585	 -50.2985
 4570.708	 -55.4375
 4619.343	 -57.7938
 4668.496	 -60.4902
 4718.171	 -60.1670
 4768.376	 -58.4446
 4819.114	 -55.4993
 4870.393	 -50.5703
 4922.216	 -49.3613
 4974.592	 -47.3291
 5027.524	 -47.2382
 5081.021	 -47.5429
 5135.085	 -49.5628
 5189.726	 -48.3688
 5244.948	 -43.4588
 5300.757	 -42.9227
 5357.161	 -44.0968
 5414.164	 -51.6552
 5471.774	 -58.6614
 5529.997	 -60.3773
 5588.839	 -56.8213
 5648.308	 -52.7429
 5708.409	 -52.3556
 5769.150	 -53.9053
 5830.538	 -60.8028
 5892.578	 -60.6582
 5955.279	 -59.5197
 6018.646	 -59.5306
 6082.688	 -61.7198
 6147.412	 -62.9293
 6212.824	 -63.4978
 6278.932	 -63.7939
 6345.744	 -62.8539
 6413.267	 -59.4581
 6481.507	 -51.6824
 6550.475	 -48.8042
 6620.176	 -48.7462
 6690.619	 -51.4886
 6761.811	 -59.0069
 6833.760	 -63.0764
 6906.476	 -64.5018
 6979.965	 -65.5823
 7054.236	 -66.2202
 7129.297	 -66.9273
 7205.157	 -68.3884
 7281.825	 -69.3618
 7359.308	 -70.1196
 7437.615	 -70.1151
 7516.756	 -70.3313
 7596.739	 -66.8572
 7677.572	 -63.4292
 7759.267	 -62.9080
 7841.830	 -63.9904
 7925.271	 -66.8040
 8009.601	 -65.8797
 8094.828	 -62.7169
 8180.962	 -60.8365
 8268.013	 -61.1673
 8355.989	 -63.8621
 8444.902	 -70.0196
 8534.761	 -71.5403
 8625.576	 -70.8989
 8717.357	 -70.9749
 8810.115	 -70.6426
 8903.860	 -65.8708
 8998.603	 -61.4718
 9094.354	 -61.0506
 9191.123	 -62.2548
 9288.922	 -66.0310
 9387.762	 -65.9498
 9487.653	 -66.5537
 9588.607	 -67.8454
 9690.636	 -68.3160
 9793.750	 -68.8308
 9897.962	 -71.0985
10003.282	 -74.7939
10109.723	 -76.9503
10217.297	 -77.1360
10326.015	 -76.5801
10435.890	 -73.1568
10546.934	 -70.8507
10659.160	 -70.0269
10772.580	 -70.5944
10887.206	 -71.5233
11003.053	 -72.1059
11120.132	 -73.0177
11238.457	 -74.1052
11358.041	 -74.5111
11478.897	 -74.8539
11601.040	 -75.1526
11724.481	 -74.9665
11849.237	 -74.5751
11975.320	 -74.2911
12102.745	 -74.9322
12231.525	 -75.7338
12361.677	 -75.9628
12493.212	 -75.6852
12626.147	 -75.2098
12760.497	 -75.1800
12896.277	 -75.0977
13033.501	 -75.3582
13172.186	 -75.6414
13312.346	 -75.8237
13453.997	 -75.9338
13597.155	 -76.0054
13741.838	 -76.4134
13888.059	 -76.8129
14035.836	 -76.7456
14185.187	 -76.5132
14336.125	 -76.5042
14488.670	 -77.0331
14642.839	 -77.1880
14798.647	 -77.2209
14956.113	 -77.1142
15115.256	 -77.5063
15276.091	 -77.5384
15438.638	 -77.2144
15602.915	 -76.8441
15768.939	 -76.8423
15936.730	 -77.0645
16106.307	 -77.2092
16277.688	 -77.3765
16450.893	 -77.6600
16625.939	 -77.8059
16802.850	 -78.0869
16981.643	 -78.1171
17162.336	 -78.2602
17344.955	 -78.2012
17529.516	 -78.1774
17716.039	 -78.4144
17904.549	 -78.6117
18095.064	 -78.5826
18287.607	 -78.0924
18482.199	 -78.1058
18678.859	 -78.1846
18877.615	 -78.5473
19078.484	 -78.6931
19281.490	 -79.0234
19486.656	 -78.9741
19694.008	 -78.8486
19903.563	 -78.6017
20115.350	 -78.5323
20329.389	 -78.5185
20545.705	 -78.5403
20764.324	 -78.5069
20985.270	 -78.4661
21208.564	 -78.5754
21434.236	 -78.7977
21662.311	 -78.8512
21892.811	 -78.9901
22125.764	 -78.9294
22361.195	 -78.9991
22599.131	 -79.0007
22839.600	 -79.0240
23082.627	 -78.9095
23328.240	 -78.7546
23576.467	 -78.7623
23827.334	 -78.8483
