#HEADER
CATT-Acoustic v8.0b    Copyright © CATT 1988-2003

 Project                : Restaurante

 GEOMETRICAL INFORMATION
 Src id and loc     [m] :   B1           9,220        4,100        1,400
 Rec id and loc     [m] :   05           6,110        4,100        1,500

 05        9,0632

 VARIABLE SOURCE DATA
 Directivity
   Type (library)       :  Voz.SD0
   Dir. Index (DI) [dB] :       1,1      2,0      3,0      0,7      2,3      5,1
 Level
   On axis 1m      [dB] :      51,2     57,2     59,8     53,5     48,8     43,8
   Total power     [dB] :      61,1     66,2     67,8     63,8     57,5     49,7
 Aim
   Horizontal angle [°] :      -0,0
   Vertical   angle [°] :       0,0
   Point            [m] :                8,450        4,100        1,400
   Roll angle       [°] :       0,0
   Auxiliary delay [ms] :       0,0

 VARIABLE AIR DATA
 Temperature       [°C] :      20
 Relative humidity  [%] :      70
 Density        [kg/m³] :       1,2
 Sound speed      [m/s] :     343
 Impedance      [Ns/m³] :     412
 Diss. coeff. [0.001/m] :      0,08     0,26     0,64     1,15     2,08     5,31      (estimated)

#DATAFIELDS
 TYPE DELAY ORDER AZIMUTH ELEVATION SPL125 SPL250 SPL500 SPL1K SPL2K SPL4K
#DATA
d	     0,0000	 0	270,00	 96,99	  41,3	  47,3	  49,8	  43,6	  38,9	  33,9
*	     0,8707	 1	268,54	 96,90	  36,5	  32,9	  36,9	  24,7	  20,5	   9,8
*	     1,6631	 1	248,15	 97,11	  17,1	  18,4	  23,4	  13,2	  14,1	   0,4
*	     2,6813	 1	247,55	113,84	  14,5	  15,8	  19,7	  10,2	   7,3	  -4,2
*	     1,7743	 1	290,39	 97,02	  17,1	  18,4	  23,4	  13,1	  14,5	   0,8
*	     2,8193	 1	290,93	112,90	  14,4	  15,7	  19,5	   9,6	   6,0	  -5,0
*	     2,7377	 1	353,96	 96,82	  19,8	  21,1	  25,1	  13,1	  12,8	   2,9
*	     3,9501	 1	358,20	133,38	  15,1	  16,2	  20,2	   9,6	   9,3	  -1,2
s	     3,1257	 1	270,00	 53,15	  38,2	  42,4	  41,1	  33,9	  26,0	  11,6
*	    16,1193	 1	232,30	 78,84	   5,7	  12,4	  14,9	  14,6	   2,9	  -4,0
*	     9,0311	 1	255,10	 76,45	  16,7	  21,6	  24,6	  23,2	  11,3	   3,4
*	     8,8076	 1	283,54	 76,38	  17,3	  22,0	  25,1	  23,6	  11,6	   3,7
*	    15,6877	 1	306,78	 78,70	   6,3	  12,9	  15,4	  15,0	   3,4	  -3,6
*	    12,7317	 1	212,66	 72,20	   9,4	  16,0	  19,7	  17,6	  10,4	   2,7
*	     4,6922	 1	241,76	 62,34	  23,2	  29,1	  31,1	  29,6	  22,6	  14,3
*	     4,4371	 1	295,93	 61,84	  23,8	  29,7	  31,6	  30,1	  23,0	  14,8
*	    12,2501	 1	326,48	 71,81	  10,0	  16,6	  20,3	  18,1	  11,0	   3,2
*	    14,5258	 1	179,29	 66,24	   8,3	  15,1	  18,9	  16,4	  10,2	   0,9
*	     6,8309	 1	177,96	 38,04	  21,5	  27,8	  30,6	  28,8	  20,1	  13,8
*	     6,5761	 1	  2,25	 35,32	  22,0	  28,4	  31,1	  29,3	  20,5	  14,4
*	    14,0687	 1	  0,73	 65,54	   8,9	  15,6	  19,5	  17,0	  10,7	   1,4
*	    20,9789	 1	146,36	 67,43	   3,0	   9,8	  13,1	  10,6	   3,4	  -4,4
*	    15,3180	 1	117,34	 56,33	   9,8	  16,5	  19,3	  16,2	   8,3	   2,9
*	    15,1574	 1	 64,90	 55,82	  10,0	  16,7	  19,5	  16,4	   8,5	   3,2
*	    20,6132	 1	 34,52	 66,97	   3,4	  10,2	  13,5	  11,0	   3,6	  -4,0
*	     3,1621	 1	176,07	 95,96	  19,3	  20,6	  24,6	  12,5	  12,2	   2,4
*	     4,3672	 1	171,85	132,66	  14,6	  15,7	  19,7	   9,0	   8,7	  -1,7
s	     4,5422	 1	270,00	 96,37	  34,4	  37,9	  36,9	  32,5	  21,2	  12,1
*	    20,3816	 1	224,10	 82,37	  -9,0	  -1,8	   2,2	   3,6	  -5,4	 -10,8
*	    19,8627	 1	223,80	 86,93	  -8,5	  -1,3	   2,7	   4,3	  -4,9	 -10,2
*	    19,5942	 1	223,50	 91,59	  -8,3	  -1,1	   2,9	   4,6	  -4,6	  -9,8
*	    19,5839	 1	223,19	 96,27	  -8,3	  -1,1	   2,9	   4,6	  -4,6	  -9,9
*	    18,1873	 1	227,53	 81,91	  -6,8	   0,3	   4,2	   5,7	  -3,4	  -8,9
*	    17,6206	 1	227,23	 86,75	  -6,3	   0,9	   4,8	   6,4	  -2,7	  -8,2
*	    17,3259	 1	226,93	 91,69	  -6,1	   1,2	   5,1	   6,8	  -2,4	  -7,7
*	    17,3137	 1	226,62	 96,65	  -6,1	   1,2	   5,1	   6,8	  -2,4	  -7,8
*	    12,2087	 1	240,50	 80,49	   0,5	   7,1	  11,0	  12,1	   3,1	  -3,0
*	    11,4329	 1	240,24	 86,16	   1,4	   8,1	  12,0	  13,4	   4,2	  -1,7
*	    11,0175	 1	239,98	 91,99	   1,9	   8,6	  12,6	  14,0	   4,9	  -0,9
*	    10,9949	 1	239,71	 97,89	   2,0	   8,7	  12,6	  14,1	   4,7	  -1,0
*	    17,4984	 1	312,89	106,72	  -1,0	   0,8	   5,7	  -0,2	  -7,3	 -17,3
*	    12,3202	 1	301,40	109,28	   5,3	   6,8	  11,1	   5,4	  -4,0	 -14,1
*	    10,8114	 1	243,22	110,09	   7,5	   8,8	  12,9	   7,2	  -3,3	 -13,9
*	    14,0313	 1	233,83	 87,09	   1,1	  12,2	  11,1	   9,1	   3,6	  -6,8
*	     8,8903	 1	247,77	 86,73	   9,2	  18,9	  18,5	  15,8	  10,2	  -0,8
*	     5,5921	 1	265,47	 86,56	  18,8	  26,0	  26,1	  22,5	  14,8	   0,2
*	     6,7992	 1	283,51	 86,74	  14,2	  22,7	  22,8	  19,1	  13,2	   1,6
*	    10,8862	 1	299,65	101,55	   5,4	  16,0	  15,0	  13,0	   6,3	  -4,2
*	    11,0518	 1	299,01	 87,10	   5,3	  15,8	  15,0	  12,7	   7,2	  -3,5
*	    16,3553	 1	311,70	 99,96	  -1,7	   9,5	   8,4	   6,6	   0,5	  -9,5
*	    16,4680	 1	310,95	 87,49	  -1,8	   9,3	   8,4	   6,4	   0,9	  -9,3
*	     5,9077	 1	235,13	114,89	  12,4	  13,8	  17,4	   8,2	   3,9	  -7,0
*	     4,6476	 1	235,92	100,62	  14,6	  15,9	  20,8	  11,0	  11,0	  -1,1
s	     5,5572	 2	270,00	 43,43	  33,3	  39,3	  38,5	  35,0	  21,3	  14,5
s	     6,7967	 2	270,00	 64,20	  34,1	  35,1	  36,4	  30,3	  16,0	   3,1
s	     8,7854	 3	270,00	154,65	  30,2	  35,8	  34,7	  29,9	  14,7	   9,0
*	    11,9455	 1	317,93	102,78	  -4,3	  -2,3	   3,5	  -4,0	  -7,3	 -17,5
*	     9,1235	 1	311,73	104,18	  -0,3	   1,7	   7,5	  -0,2	  -3,4	 -13,7
*	    10,0036	 1	307,37	 95,50	  -2,1	  -0,8	   3,0	  -4,2	  -9,5	 -19,4
*	    10,1107	 1	221,56	103,77	  -2,0	   0,0	   6,2	  -2,1	  -3,7	 -14,3
*	    10,7824	 1	230,56	 95,35	  -3,9	  -2,6	   1,3	  -6,0	 -11,2	 -21,1
*	    11,5318	 1	313,26	108,04	  -4,7	  -3,4	  -0,1	  -7,7	 -13,8	 -23,9
*	    12,1389	 1	225,15	107,67	  -5,5	  -4,2	  -0,8	  -8,5	 -14,4	 -24,5
*	    12,3276	 1	160,25	 90,42	   6,1	   7,4	  11,5	   1,2	   1,1	 -10,9
*	    12,8808	 1	158,89	106,01	   5,2	   6,5	  10,7	   0,5	   0,5	 -11,6
*	    12,9269	 1	 18,76	 90,40	   5,1	   6,4	  10,6	   0,4	   0,4	 -11,8
*	    13,1204	 1	216,95	107,30	  -6,9	  -5,6	  -1,5	 -10,0	 -13,8	 -24,3
*	    13,2208	 1	321,36	107,17	  -7,0	  -5,7	  -1,7	 -10,0	 -14,4	 -24,8
*	    13,2687	 1	 63,77	101,72	  -1,4	   0,4	   6,0	  -4,9	  -4,6	 -14,2
*	    13,3626	 1	212,92	 94,18	   7,3	   8,5	  13,5	   4,4	   2,8	  -7,8
*	    13,4525	 1	324,95	 94,32	   7,1	   8,4	  13,2	   4,4	   2,2	  -8,3
*	    16,8440	 1	115,97	 98,29	  -5,7	  -3,9	   1,7	  -9,4	  -9,0	 -18,7
*	    13,7586	 1	121,92	101,17	  -2,0	  -0,2	   5,4	  -5,7	  -5,2	 -15,0
*	    15,4348	 1	116,39	117,12	  18,3	  25,1	  26,6	  22,2	  17,7	  11,4
*	    16,0081	 1	229,51	110,94	  14,0	  21,3	  20,8	  19,7	   6,9	   0,8
*	    16,1512	 1	 50,83	106,10	  -6,6	  -5,5	  -1,5	 -12,5	 -12,7	 -23,3
*	    16,2781	 1	 46,19	 93,40	  -1,6	  -0,3	   3,7	  -7,7	  -7,9	 -18,6
*	    16,9742	 1	133,18	104,65	  -2,6	  -1,3	   2,7	  -8,2	  -8,4	 -19,3
*	    16,3031	 1	133,39	 94,34	  -1,6	  -0,3	   3,7	  -7,7	  -7,9	 -18,5
s	    16,4827	 1	339,36	 92,47	  29,5	  35,0	  37,7	  30,8	  27,2	  13,4
*	    19,9792	 1	316,10	 85,69	   6,6	  13,8	  17,8	  19,4	  10,3	   4,9
*	    19,6107	 1	316,85	 97,14	   6,9	  14,2	  18,1	  19,8	  10,5	   5,3
*	    22,6678	 1	 23,99	 92,47	   5,7	  13,0	  18,3	  17,0	  13,5	   5,6
*	    17,1540	 1	329,16	 85,81	  -1,3	   9,8	  10,3	   7,1	   4,1	  -5,9
*	    17,8989	 1	323,62	 86,65	  -2,0	   9,1	   9,1	   6,9	   1,9	  -7,6
*	    16,7799	 1	342,16	 84,01	  -1,0	  10,1	  10,9	   6,5	   6,7	  -5,4
*	    16,7852	 1	335,24	 84,93	  -1,0	  10,1	  10,9	   7,0	   5,7	  -5,0
*	    17,8086	 1	356,76	 82,38	  -1,5	   9,6	  10,4	   5,6	   6,6	  -6,6
*	    17,0998	 1	348,90	 83,19	  -1,3	   9,9	  10,7	   5,9	   7,2	  -6,0
*	    20,2296	 1	 12,32	 81,16	  -3,0	   8,1	   8,9	   4,1	   4,6	  -8,7
*	    18,8409	 1	  4,52	 81,68	  -2,1	   9,0	   9,8	   5,0	   5,7	  -7,5
*	    23,7971	 1	 26,29	 80,82	  -5,5	   5,7	   6,1	   1,3	   1,2	 -11,2
*	    21,8549	 1	 19,51	 81,02	  -4,1	   7,0	   7,7	   2,8	   3,0	  -9,9
*	    28,3256	 1	 37,73	 80,77	  -8,5	   2,7	   2,8	  -2,1	  -2,5	 -14,2
*	    25,9755	 1	 32,39	 80,74	  -6,9	   4,2	   4,5	  -0,4	  -0,6	 -12,7
*	    32,5031	 1	 44,66	 78,28	 -11,6	  -0,5	  -0,7	  -5,4	  -6,2	 -17,4
*	    32,2310	 1	 45,00	 83,48	 -11,5	  -0,3	  -0,4	  -5,3	  -5,9	 -17,2
s	    16,4827	 1	200,64	 92,47	  29,9	  35,5	  39,2	  34,5	  30,4	  22,6
*	    32,4435	 1	135,08	 80,30	  -8,0	  -0,7	   3,9	   2,7	  -1,6	  -8,1
*	    30,2471	 1	138,69	 80,16	  -6,6	   0,6	   5,4	   4,1	  -0,1	  -6,8
*	    28,1448	 1	142,76	 80,06	  -5,3	   1,9	   6,8	   5,6	   1,5	  -5,5
*	    26,1540	 1	147,31	 80,01	  -4,0	   3,2	   8,2	   7,0	   3,1	  -4,2
*	    24,7543	 1	152,86	 74,23	  -3,1	   4,1	   9,2	   8,0	   4,2	  -3,3
*	    24,2947	 1	152,38	 80,01	  -2,8	   4,5	   9,6	   8,4	   4,7	  -2,9
*	    24,0808	 1	151,90	 85,95	  -2,6	   4,7	   9,9	   8,6	   4,9	  -2,7
*	    24,1179	 1	151,42	 91,92	  -2,7	   4,6	   9,8	   8,5	   4,8	  -2,7
*	    18,0573	 1	213,90	 80,09	   0,9	   8,1	  13,0	  13,7	   6,2	   1,2
*	    17,4887	 1	213,48	 85,61	   1,4	   8,6	  13,7	  14,5	   7,0	   2,0
*	    17,2182	 1	213,05	 91,27	   1,6	   8,9	  14,0	  14,9	   7,3	   2,4
*	    25,5958	 1	147,48	 94,42	   0,4	   2,2	   9,0	  -0,1	   0,4	 -12,0
*	    25,4318	 1	147,98	 87,92	   0,6	   2,4	   9,1	   0,1	   0,5	 -11,9
*	    25,5797	 1	148,48	 81,39	   0,5	   2,3	   9,0	  -0,0	   0,4	 -12,0
*	    27,6813	 1	142,77	 87,49	  -0,9	   0,9	   7,5	  -1,6	  -1,3	 -13,4
*	    27,8203	 1	143,21	 81,36	  -1,0	   0,8	   7,4	  -1,7	  -1,4	 -13,5
*	    30,0775	 1	138,18	 87,14	  -2,4	  -0,6	   5,8	  -3,2	  -3,1	 -14,9
*	    30,2079	 1	138,57	 81,40	  -2,5	  -0,7	   5,7	  -3,3	  -3,3	 -15,0
*	    32,5942	 1	134,17	 86,83	  -3,9	  -2,1	   4,2	  -5,0	  -4,9	 -16,4
*	    32,7167	 1	134,51	 81,47	  -4,0	  -2,2	   4,1	  -5,0	  -5,0	 -16,5
*	    30,2298	 1	139,91	 74,73	  -4,9	   6,2	   6,1	   1,4	   0,8	 -10,7
*	    21,7389	 1	161,02	 80,75	   1,8	  13,0	  13,6	   8,8	   9,0	  -3,9
*	    18,6243	 1	176,97	 81,68	   3,9	  15,0	  15,8	  11,0	  11,8	  -1,4
*	    16,9722	 1	193,22	 83,38	   4,7	  15,9	  16,7	  12,0	  12,9	   0,1
*	    16,9033	 1	207,46	 85,27	   4,8	  15,9	  16,6	  12,9	  11,0	   0,8
*	    18,3344	 1	218,06	 99,30	   3,5	  14,7	  14,3	  12,4	   6,7	  -2,8
*	    18,4197	 1	218,93	 87,01	   3,4	  14,6	  14,3	  12,3	   6,8	  -2,7
*	    16,7464	 1	127,79	105,40	  -7,3	  -6,1	  -2,1	 -13,1	 -13,4	 -23,9
*	    17,2254	 1	 49,01	 87,91	   2,4	   3,7	   7,7	  -3,8	  -4,0	 -14,5
*	    17,6845	 1	 49,80	101,11	   1,8	   3,0	   7,0	  -4,1	  -4,4	 -15,0
s	    17,7514	 2	337,79	 74,18	  28,5	  33,2	  34,1	  26,4	  19,3	   4,4
s	    17,7514	 2	202,21	 74,18	  28,5	  33,2	  34,1	  26,4	  19,3	   4,4
*	    18,0234	 1	129,25	 87,74	   1,7	   2,9	   6,9	  -4,6	  -4,9	 -15,3
*	    18,4674	 1	128,52	100,48	   1,1	   2,3	   6,3	  -4,9	  -5,2	 -15,8
s	    18,4242	 2	330,48	 93,15	  29,0	  32,4	  34,9	  32,3	  22,7	  15,0
s	    18,4242	 2	209,52	 93,15	  29,0	  32,6	  35,2	  32,0	  22,7	  15,1
s	    18,7121	 1	 90,00	 85,45	  30,8	  36,3	  38,0	  29,5	  24,7	  14,0
*	    23,4051	 1	 50,12	 73,60	   4,9	  12,1	  16,7	  14,9	  10,4	   4,8
*	    22,9062	 1	 50,81	 85,29	   5,5	  12,7	  17,4	  15,1	  10,9	   5,4
*	    21,2412	 1	 60,75	 71,50	   7,2	  14,4	  18,9	  16,5	  11,9	   7,3
*	    20,6968	 1	 61,35	 84,68	   8,1	  15,3	  20,0	  16,8	  12,6	   8,0
*	    19,8267	 1	 74,13	 69,76	   8,4	  15,7	  19,9	  17,7	  12,9	   9,0
*	    19,2460	 1	 74,50	 84,16	   9,2	  16,5	  21,1	  18,3	  13,7	   9,6
*	    19,3131	 1	 89,50	 69,03	   8,6	  15,9	  20,0	  18,3	  13,1	   9,5
*	    18,7175	 1	 89,52	 83,94	   9,3	  16,5	  21,2	  19,0	  13,8	  10,2
*	    19,7676	 1	104,95	 69,68	   8,4	  15,7	  19,9	  17,8	  12,9	   9,0
*	    19,1852	 1	104,61	 84,14	   9,2	  16,5	  21,2	  18,4	  13,7	   9,7
*	    21,1303	 1	118,48	 71,38	   7,3	  14,6	  19,0	  16,6	  12,0	   7,5
*	    20,5833	 1	117,90	 84,63	   8,2	  15,5	  20,2	  16,9	  12,7	   8,2
*	    23,2528	 1	129,28	 73,48	   5,1	  12,3	  16,9	  15,0	  10,5	   5,0
*	    22,7510	 1	128,60	 85,25	   5,6	  12,9	  17,6	  15,2	  11,0	   5,5
s	    19,6071	 3	329,13	 76,07	  27,8	  30,7	  31,7	  28,1	  15,4	   6,6
s	    19,6071	 3	210,87	 76,07	  27,8	  30,7	  31,7	  28,1	  15,4	   6,6
s	    19,8832	 2	 90,00	 68,49	  29,5	  34,4	  33,6	  25,3	  17,3	   5,3
s	    21,2446	 3	336,30	 59,39	  23,2	  23,8	  28,2	  20,4	  10,6	   0,7
s	    21,2446	 3	203,70	 59,39	  23,2	  24,1	  28,5	  20,2	  10,6	   0,8
s	    21,5620	 3	342,55	125,17	  28,2	  32,5	  32,3	  24,8	  17,0	   2,4
s	    21,5620	 3	197,45	125,17	  28,2	  32,8	  32,7	  24,6	  17,0	   2,5
s	    23,2557	 2	 90,00	 85,37	  26,6	  29,9	  28,5	  24,8	  13,3	   4,0
s	    24,2676	 3	 90,00	 70,69	  25,3	  28,1	  27,1	  21,5	   6,9	  -4,0
s	    31,1234	 3	126,55	 86,28	  25,4	  25,9	  28,7	  23,1	  14,2	   7,0
s	    31,1234	 3	 53,45	 86,28	  25,4	  25,9	  28,7	  23,1	  14,2	   7,0
*	    33,4401	 1	133,08	 85,18	  -3,2	   4,1	   8,8	   7,3	   3,1	  -3,3
*	    33,6902	 1	133,46	 79,11	  -3,3	   3,9	   8,6	   7,2	   2,9	  -3,5
*	    33,8988	 1	 46,36	 76,56	  -3,4	   3,8	   8,4	   7,1	   2,7	  -3,7
*	    33,5051	 1	 46,74	 82,58	  -3,2	   4,1	   8,7	   7,3	   3,0	  -3,4
s	    39,5572	 2	349,33	 91,30	  24,0	  29,3	  32,6	  29,5	  22,8	  16,3
s	    39,5572	 2	190,67	 91,30	  23,7	  29,2	  31,5	  25,6	  19,5	   7,1
s	    40,2356	 3	348,46	 81,47	  23,0	  28,0	  29,8	  25,0	  15,6	   7,9
s	    40,2356	 3	191,54	 81,47	  22,6	  27,6	  28,3	  21,4	  12,3	  -1,4
s	    40,6048	 3	344,20	 91,74	  23,6	  28,8	  30,3	  28,6	  19,0	  12,2
s	    40,6048	 3	195,80	 91,74	  23,2	  28,4	  28,8	  24,9	  15,7	   2,9
s	    41,3722	 2	270,00	 95,48	  25,3	  30,9	  32,4	  24,0	  19,1	   8,3
s	    42,0265	 3	270,00	 85,96	  24,3	  29,2	  28,7	  19,9	  12,0	  -0,0
s	    45,9159	 3	270,00	 95,45	  21,7	  25,1	  23,5	  19,8	   8,2	  -1,1
s	    53,1245	 3	292,68	 95,02	  23,7	  29,0	  30,4	  22,6	  18,4	   5,5
s	    53,1245	 3	247,32	 95,02	  23,7	  29,0	  30,4	  22,6	  18,4	   5,5
s	    60,0872	 3	 90,00	 85,09	  22,3	  27,6	  29,0	  21,2	  15,9	   5,0
s	    63,1600	 3	187,16	 90,87	  20,3	  25,7	  28,6	  25,9	  18,2	  11,9
s	    63,1600	 3	352,84	 90,87	  19,9	  25,2	  27,1	  22,3	  15,0	   2,6
#END
