#HEADER
CATT-Acoustic v8.0b    Copyright © CATT 1988-2003

 Project                : Restaurante

 GEOMETRICAL INFORMATION
 Src id and loc     [m] :   A1           9,220        6,740        1,400
 Rec id and loc     [m] :   02           8,450        4,100        1,500

 02        8,0152

 VARIABLE SOURCE DATA
 Directivity
   Type (library)       :  Voz.SD0
   Dir. Index (DI) [dB] :       1,1      2,0      3,0      0,7      2,3      5,1
 Level
   On axis 1m      [dB] :      51,2     57,2     59,8     53,5     48,8     43,8
   Total power     [dB] :      61,1     66,2     67,8     63,8     57,5     49,7
 Aim
   Horizontal angle [°] :      -0,0
   Vertical   angle [°] :       0,0
   Point            [m] :                8,450        6,740        1,400
   Roll angle       [°] :       0,0
   Auxiliary delay [ms] :       0,0

 VARIABLE AIR DATA
 Temperature       [°C] :      20
 Relative humidity  [%] :      70
 Density        [kg/m³] :       1,2
 Sound speed      [m/s] :     343
 Impedance      [Ns/m³] :     412
 Diss. coeff. [0.001/m] :      0,08     0,26     0,64     1,15     2,08     5,31      (estimated)

#DATAFIELDS
 TYPE DELAY ORDER AZIMUTH ELEVATION SPL125 SPL250 SPL500 SPL1K SPL2K SPL4K
#DATA
d	     0,0000	 0	343,80	 92,55	  40,4	  46,4	  50,0	  45,6	  41,1	  33,9
*	     0,2894	 1	339,84	 92,74	  29,4	  27,7	  32,2	  22,3	  17,7	   6,0
*	     2,2941	 1	340,29	108,44	  12,8	  14,1	  11,4	   5,1	 -10,9	 -20,2
*	     1,3181	 1	317,30	138,09	  19,2	  21,2	  27,0	  19,2	  16,1	   5,8
*	     2,6508	 1	252,06	147,40	  17,9	  19,9	  25,7	  18,1	  14,9	   4,8
s	     2,2450	 1	318,62	 92,72	  37,8	  39,9	  43,4	  37,8	  29,3	  21,8
*	    25,2396	 1	201,09	 76,27	 -15,9	  -8,6	  -4,4	  -2,8	 -12,0	 -17,0
*	    24,7784	 1	200,93	 82,08	 -15,5	  -8,3	  -4,0	  -2,4	 -11,5	 -16,6
*	    24,5450	 1	200,77	 88,07	 -15,3	  -8,1	  -3,8	  -2,1	 -11,3	 -16,3
*	    22,7143	 1	203,50	 74,85	 -13,7	  -6,5	  -2,3	  -0,7	  -9,8	 -14,9
*	    22,2118	 1	203,32	 81,23	 -13,3	  -6,1	  -1,8	  -0,2	  -9,3	 -14,4
*	    21,9570	 1	203,15	 87,86	 -13,1	  -5,8	  -1,6	   0,1	  -9,1	 -14,1
*	    21,9573	 1	202,97	 94,56	 -13,1	  -5,8	  -1,6	   0,1	  -9,1	 -14,1
*	    15,4268	 1	215,13	 68,67	  -6,3	   0,9	   4,9	   6,5	  -2,6	  -7,8
*	    14,7479	 1	214,90	 77,45	  -5,5	   1,7	   5,8	   7,5	  -1,7	  -6,8
*	    14,3999	 1	214,67	 86,91	  -5,1	   2,2	   6,3	   8,0	  -1,2	  -6,3
*	    14,4025	 1	214,44	 96,59	  -5,1	   2,2	   6,3	   8,0	  -1,2	  -6,4
*	     8,5414	 1	245,17	126,70	   7,9	   9,7	  14,5	   8,7	   1,4	  -8,6
*	    10,9688	 1	229,33	121,93	   4,4	   6,2	  11,3	   5,4	  -1,2	 -11,3
*	    13,7352	 1	218,54	117,10	   0,8	   2,6	   7,9	   1,9	  -4,3	 -14,3
*	    16,7210	 1	211,20	113,05	  -2,7	  -0,9	   4,6	  -1,4	  -7,3	 -17,4
*	    19,8476	 1	206,03	109,83	  -5,9	  -4,1	   1,5	  -4,6	 -10,3	 -20,3
*	    23,0667	 1	202,24	107,27	  -8,9	  -7,1	  -1,4	  -7,4	 -13,0	 -23,0
*	    17,8797	 1	208,10	100,07	  -5,8	   5,4	   4,7	   2,9	  -2,9	 -12,7
*	    17,9901	 1	208,61	 80,40	  -5,9	   5,3	   4,6	   2,7	  -2,8	 -12,7
*	    11,3041	 1	223,70	104,71	   2,3	  13,4	  12,6	  10,7	   4,9	  -5,0
*	    11,4406	 1	224,31	 76,25	   2,1	  13,2	  12,5	  10,5	   5,0	  -5,0
*	     6,0086	 1	258,78	 71,23	  10,6	  21,7	  20,7	  18,7	  13,2	   2,9
*	     3,3218	 1	301,08	 73,68	  15,1	  25,0	  24,5	  21,9	  16,3	   5,4
*	     3,2497	 1	324,26	 78,74	  18,8	  26,1	  26,3	  22,5	  15,4	   1,6
*	     6,7708	 1	335,31	 81,90	  12,4	  20,4	  20,6	  16,7	  10,5	  -1,6
*	     2,5947	 1	264,79	 97,89	  10,6	  11,9	  15,7	   8,4	   3,2	  -6,7
*	     3,8421	 1	264,66	134,57	   6,2	   7,5	  10,7	   3,4	  -3,0	 -12,9
s	     3,4160	 1	342,14	 44,97	  37,4	  41,9	  41,2	  33,0	  24,6	  10,4
*	    20,1469	 1	207,22	 69,40	   2,8	   9,7	  12,6	  12,5	   0,7	  -5,6
*	    10,5278	 1	236,21	 55,68	  14,2	  20,9	  23,5	  23,3	  11,6	   4,9
*	     5,4423	 1	301,20	 54,91	  22,1	  27,8	  30,5	  29,5	  17,9	  10,2
*	     7,4469	 1	331,99	 68,91	  21,4	  25,6	  28,9	  27,0	  14,5	   6,7
*	    19,4838	 1	171,96	 66,38	   3,9	  10,7	  14,8	  13,2	   4,5	  -2,1
*	     9,3134	 1	157,70	 40,11	  17,4	  24,1	  28,1	  26,0	  18,4	  11,2
*	     4,4148	 1	 24,35	 37,76	  25,4	  31,6	  34,3	  32,3	  26,0	  17,3
*	     7,2892	 1	  8,29	 65,69	  22,0	  27,7	  29,0	  28,0	  20,2	  12,4
*	    23,8741	 1	141,46	 70,19	  -0,3	   6,6	  10,8	   8,0	   2,7	  -6,7
*	    15,8146	 1	113,36	 62,04	   8,3	  15,0	  19,0	  16,4	  10,5	   1,1
*	    12,2287	 1	 68,63	 61,70	  13,1	  19,7	  22,7	  20,6	  12,9	   5,5
*	    14,4586	 1	 39,47	 69,81	  10,6	  16,9	  19,4	  17,7	   8,6	   3,2
*	    31,5246	 1	124,55	 74,78	  -5,5	   1,3	   5,6	   2,8	  -3,1	 -12,7
*	    25,3681	 1	103,33	 72,18	  -0,4	   6,4	  10,1	   7,4	   0,6	  -7,8
*	    22,7396	 1	 77,88	 72,10	   2,3	   9,0	  12,0	   9,0	   1,2	  -4,9
*	    24,2795	 1	 56,32	 74,62	   0,6	   7,4	   9,9	   7,0	  -0,9	  -5,8
s	     3,8062	 2	340,00	136,19	  30,5	  36,4	  32,3	  31,2	  11,9	   7,2
*	     4,9135	 1	 18,91	 91,51	  15,4	  16,7	  20,7	   9,4	   8,2	  -0,5
*	     5,7431	 1	 19,33	106,45	  13,9	  14,9	  18,9	   9,6	   9,6	  -1,3
*	     5,0872	 1	358,47	 91,70	  19,9	  21,1	  26,1	  15,9	  17,0	   3,3
s	     5,0882	 2	317,61	 52,62	  35,7	  38,1	  39,5	  34,6	  21,8	  12,8
*	     5,2514	 1	175,83	 96,14	  20,9	  22,2	  27,1	  18,1	  16,4	   5,8
s	     6,4612	 2	346,17	146,84	  34,3	  38,3	  37,3	  28,6	  20,5	   6,3
s	     7,6188	 2	188,76	122,97	  25,2	  25,4	  29,3	  21,9	  13,3	   5,1
s	     7,8150	 3	320,08	140,70	  32,7	  35,0	  35,1	  27,9	  16,3	   1,3
*	     8,0645	 1	 65,37	 98,09	   5,7	   7,0	  11,1	   0,9	   0,8	 -11,2
s	     8,3365	 1	352,15	 91,25	  33,4	  38,9	  41,1	  35,6	  28,9	  16,7
*	    10,4145	 1	339,01	 80,48	  16,5	  22,2	  26,5	  27,2	  18,0	  11,6
*	    13,9483	 1	 24,55	 93,84	  11,6	  18,9	  23,6	  22,3	  18,1	  11,7
*	    15,4746	 1	 24,93	107,66	   9,5	  16,7	  21,5	  21,1	  16,2	   9,4
*	    19,8757	 1	 36,59	105,40	   5,1	  12,3	  17,0	  16,1	  12,2	   5,9
*	     9,1483	 1	358,84	 82,14	   8,1	  18,9	  19,2	  14,9	  14,7	   2,9
*	     8,8759	 1	350,89	 82,46	   8,7	  19,8	  19,5	  16,5	  12,6	   2,8
*	    11,5408	 1	 14,35	 81,94	   4,2	  15,3	  15,5	  11,0	  10,8	  -1,6
*	    10,0748	 1	  6,61	 81,97	   6,4	  17,3	  17,6	  13,1	  13,6	   0,7
*	    15,3095	 1	 27,56	 82,23	  -0,3	  10,7	  10,4	   5,8	   4,7	  -6,1
*	    13,1933	 1	 20,91	 82,04	   2,1	  13,1	  13,1	   8,6	   7,8	  -3,7
*	    20,1088	 1	 38,59	 82,77	  -5,1	   6,0	   5,7	   0,1	  -0,8	 -10,8
*	    17,5881	 1	 33,35	 82,47	  -2,7	   8,3	   8,1	   2,9	   1,9	  -8,4
*	    25,4564	 1	 47,05	 83,54	  -9,5	   1,6	   1,3	  -4,9	  -5,7	 -15,1
*	    22,6835	 1	 43,06	 83,24	  -7,3	   3,8	   3,5	  -2,5	  -3,3	 -12,9
*	    31,2723	 1	 53,57	 84,08	 -13,7	  -2,5	  -2,8	  -9,3	 -10,1	 -19,2
*	    28,3372	 1	 50,55	 83,81	 -11,6	  -0,5	  -0,8	  -7,2	  -8,0	 -17,2
*	     9,1050	 1	 51,86	109,95	   4,0	   5,2	   9,2	  -0,9	  -0,9	 -12,1
*	     8,3450	 1	 51,06	 97,99	   5,6	   6,8	  10,8	  -0,5	  -0,7	 -11,2
s	     9,5463	 2	337,30	 91,59	  32,5	  37,0	  38,1	  33,2	  24,3	  11,2
*	     9,9365	 1	 48,83	108,68	   0,9	   1,8	   5,8	  -4,2	  -4,5	 -15,2
s	    10,1565	 2	340,56	 26,66	  28,4	  29,3	  29,8	  22,2	   6,9	  -2,7
s	    10,2552	 2	351,30	 63,73	  32,3	  37,1	  38,3	  33,6	  23,5	  15,9
s	    10,2727	 3	335,43	 27,54	  26,0	  31,3	  24,3	  21,9	  -0,8	  -7,2
*	    12,4653	 1	 71,52	117,95	  20,8	  28,1	  29,7	  25,9	  21,5	  13,5
*	    20,2468	 1	204,38	114,29	  11,1	  18,4	  19,0	  17,6	   7,3	   1,1
*	    10,7792	 1	231,30	130,48	  22,0	  29,3	  29,2	  28,0	  16,2	  10,0
s	    11,3164	 3	188,04	137,37	  22,6	  25,1	  21,6	  11,7	   2,1	 -11,8
s	    11,3455	 3	336,56	 65,74	  31,1	  35,0	  34,5	  28,4	  16,5	   2,1
s	    11,4699	 3	338,01	116,32	  30,6	  34,9	  35,5	  31,7	  17,9	   5,2
*	    12,0739	 1	 32,82	105,31	   0,3	   1,2	   5,2	  -4,6	  -4,8	 -15,5
*	    13,0133	 1	 32,99	 90,48	   5,8	   7,0	  11,1	  -1,2	  -1,4	 -11,2
*	    13,5196	 1	 33,24	100,75	   4,8	   5,8	   9,8	  -0,8	  -1,1	 -11,5
*	    14,2214	 1	201,58	112,93	  -0,8	   0,5	   4,1	  -3,2	  -9,0	 -18,9
*	    13,5033	 1	201,20	100,52	   0,2	   1,5	   5,4	  -1,9	  -7,2	 -17,0
*	    14,2224	 1	 38,29	103,22	  -4,3	  -3,6	   0,4	  -9,6	 -10,2	 -20,4
s	    15,0791	 3	350,48	 45,32	  25,7	  26,2	  28,3	  21,4	   7,6	  -2,1
*	    15,2117	 1	 88,58	 90,11	   8,9	  10,2	  14,4	   4,1	   4,0	  -8,1
s	    23,6393	 1	184,05	 90,64	  27,6	  33,1	  35,1	  30,1	  22,3	  10,4
*	    43,3909	 1	122,32	 83,99	 -12,5	  -5,2	   0,3	  -1,0	  -4,4	 -12,7
*	    41,1854	 1	124,38	 83,76	 -11,4	  -4,2	   1,5	   0,2	  -3,0	 -11,7
*	    39,0466	 1	126,68	 83,52	 -10,4	  -3,1	   2,5	   1,3	  -1,8	 -10,4
*	    36,9843	 1	129,26	 83,27	  -9,3	  -2,0	   3,6	   2,3	  -0,6	  -9,2
*	    35,3658	 1	132,23	 78,52	  -8,4	  -1,2	   4,4	   3,1	   0,3	  -8,2
*	    35,0098	 1	132,15	 82,99	  -8,2	  -1,0	   4,7	   3,4	   0,6	  -8,0
*	    34,8447	 1	132,06	 87,54	  -8,2	  -0,9	   4,8	   3,5	   0,7	  -7,9
*	    24,3756	 1	184,99	 75,08	  -1,0	   6,3	  11,1	  12,2	   4,1	  -0,8
*	    23,8844	 1	184,80	 81,58	  -0,6	   6,7	  11,6	  12,8	   4,6	  -0,2
*	    23,6563	 1	184,60	 88,30	  -0,4	   6,9	  11,8	  13,0	   4,8	   0,0
*	    36,2858	 1	129,87	 89,22	  -4,8	  -3,0	   4,3	  -4,7	  -3,4	 -17,0
*	    36,4007	 1	129,96	 84,26	  -4,9	  -3,1	   4,2	  -4,8	  -3,5	 -17,1
*	    38,6211	 1	126,88	 89,13	  -6,0	  -4,2	   3,1	  -6,0	  -4,8	 -18,4
*	    38,7300	 1	126,96	 84,49	  -6,1	  -4,3	   3,0	  -6,0	  -4,9	 -18,5
*	    41,0563	 1	124,27	 89,05	  -7,2	  -5,4	   1,9	  -7,2	  -6,2	 -19,8
*	    41,1598	 1	124,34	 84,70	  -7,3	  -5,5	   1,8	  -7,2	  -6,2	 -19,9
*	    43,5773	 1	121,95	 88,99	  -8,4	  -6,6	   0,6	  -8,5	  -7,7	 -21,0
*	    43,6756	 1	122,02	 84,90	  -8,5	  -6,7	   0,5	  -8,6	  -7,7	 -21,1
*	    41,0709	 1	124,92	 79,57	  -9,6	   1,5	   2,3	  -2,5	  -2,1	 -15,5
*	    32,1814	 1	137,25	 82,98	  -3,8	   7,3	   8,2	   3,4	   4,5	  -8,9
*	    28,2905	 1	147,69	 82,33	  -1,2	   9,9	  10,8	   6,1	   6,8	  -5,8
*	    25,4748	 1	161,06	 81,93	   1,0	  12,2	  13,0	   9,0	   8,0	  -3,0
*	    24,0163	 1	176,71	 81,98	   2,2	  13,4	  13,8	  10,8	   7,5	  -2,4
*	    24,0791	 1	193,05	 82,65	   2,0	  13,2	  13,0	  11,1	   5,5	  -3,9
s	    24,2809	 2	192,11	 90,87	  27,2	  32,8	  33,5	  29,1	  20,2	   7,7
s	    24,6717	 2	184,49	 75,68	  26,5	  31,4	  31,7	  25,5	  14,9	   1,6
s	    25,2934	 3	192,54	 76,18	  26,1	  30,9	  30,2	  24,7	  12,9	  -1,0
s	    27,4199	 1	 77,46	 88,85	  29,5	  35,0	  36,7	  27,4	  23,4	  11,8
*	    28,6946	 1	 64,76	 80,05	   2,9	  10,2	  14,3	  12,6	   7,4	   3,8
*	    28,2711	 1	 64,86	 88,02	   3,2	  10,5	  15,1	  12,9	   7,7	   4,1
*	    27,9752	 1	 72,46	 79,52	   3,8	  11,1	  15,3	  13,1	   8,3	   4,3
*	    27,5436	 1	 72,54	 87,91	   4,3	  11,6	  16,3	  13,4	   8,8	   4,7
*	    27,9129	 1	 80,88	 79,16	   4,2	  11,4	  15,9	  13,5	   8,9	   4,3
*	    27,4801	 1	 80,92	 87,83	   4,8	  12,1	  16,8	  13,6	   9,4	   4,7
*	    28,5177	 1	 89,72	 79,02	   3,6	  10,8	  15,4	  13,5	   9,0	   3,5
*	    28,0912	 1	 89,73	 87,81	   4,0	  11,3	  16,0	  13,7	   9,4	   3,9
*	    29,7688	 1	 98,57	 79,15	   2,5	   9,6	  14,3	  13,1	   8,6	   2,2
*	    29,3554	 1	 98,53	 87,83	   2,7	  10,0	  14,7	  13,2	   9,0	   2,6
*	    31,6163	 1	107,02	 79,50	   0,9	   8,1	  13,1	  11,9	   7,8	   0,7
*	    31,2215	 1	106,95	 87,91	   1,1	   8,4	  13,4	  12,1	   8,2	   1,0
*	    33,9896	 1	114,78	 80,01	  -0,9	   6,3	  11,6	  10,3	   6,7	  -1,2
*	    33,6168	 1	114,69	 88,01	  -0,7	   6,6	  11,9	  10,6	   7,0	  -0,9
s	    27,5934	 3	184,91	 62,87	  21,7	  22,0	  25,9	  19,3	   7,6	  -1,8
s	    28,3451	 2	 77,38	 75,42	  28,0	  32,8	  32,5	  23,5	  15,9	   3,2
s	    28,3811	 3	 77,77	 94,07	  18,9	  20,6	  18,0	  14,0	   2,7	  -5,0
*	    28,8649	 1	113,02	 89,54	  -5,0	  -3,7	   1,0	  -9,3	  -8,9	 -22,0
s	    29,3554	 3	110,43	 97,25	  17,8	  22,3	  21,2	  15,0	   9,7	   3,1
s	    29,8690	 3	110,39	101,33	  19,4	  19,0	  24,3	  15,3	  13,1	   4,3
s	    30,1788	 2	 64,91	 88,93	  28,1	  33,3	  34,8	  27,3	  23,2	  10,1
s	    31,0387	 3	 64,75	 76,44	  26,9	  31,4	  31,2	  23,5	  15,8	   1,5
s	    31,8674	 2	 78,88	 88,79	  25,5	  27,3	  26,6	  23,0	  11,4	   4,0
s	    32,1272	 2	183,19	 90,51	  25,3	  30,9	  32,6	  27,8	  19,7	   7,8
s	    32,6351	 3	189,60	 90,69	  24,9	  30,5	  31,3	  26,9	  18,0	   5,7
s	    32,6917	 3	 78,81	 76,81	  24,1	  25,8	  24,6	  19,3	   4,9	  -4,8
s	    32,9463	 3	183,54	 78,61	  24,2	  29,2	  29,4	  23,4	  12,4	  -0,8
s	    34,3376	 3	 67,51	 88,86	  24,9	  25,5	  26,4	  21,9	  11,5	   4,7
*	    37,7429	 1	 58,60	 81,16	  -3,2	   4,1	   8,4	   5,9	   1,3	  -2,9
*	    37,3799	 1	 58,68	 85,80	  -2,8	   4,4	   9,1	   6,1	   1,6	  -2,7
*	    37,3256	 1	 58,75	 90,46	  -2,7	   4,5	   9,2	   6,2	   1,7	  -2,7
*	    37,5809	 1	 58,82	 95,10	  -2,8	   4,3	   9,0	   6,4	   1,8	  -2,6
*	    36,5582	 1	 62,78	 80,80	  -2,8	   4,5	   8,7	   6,6	   1,6	  -2,2
*	    36,1860	 1	 62,84	 85,62	  -2,5	   4,8	   9,4	   6,8	   2,0	  -2,0
s	    36,2772	 2	280,00	 92,01	  27,1	  32,4	  33,9	  25,4	  20,9	   9,4
s	    37,0208	 3	279,95	 81,20	  25,8	  30,5	  30,0	  21,3	  13,5	   1,0
s	    40,7583	 3	279,08	 91,98	  23,3	  25,2	  24,2	  21,1	   9,2	   1,4
*	    44,4170	 1	121,28	 87,78	  -7,9	  -0,6	   4,9	   3,6	   0,1	  -8,1
*	    44,6179	 1	121,35	 83,13	  -8,0	  -0,7	   4,7	   3,5	   0,0	  -8,2
s	    44,9264	 3	139,21	 89,23	  23,4	  28,7	  31,0	  24,2	  21,3	   5,5
s	    45,1157	 3	287,76	 91,90	  25,4	  30,7	  32,1	  23,7	  19,4	   7,3
s	    45,8325	 3	234,08	 91,65	  24,1	  29,7	  31,5	  24,1	  20,5	   6,0
s	    47,4886	 2	357,69	 90,37	  22,9	  28,2	  30,9	  28,9	  19,9	  14,0
s	    47,8570	 3	353,03	 90,50	  22,2	  27,2	  28,0	  24,8	  15,3	   3,0
s	    47,8748	 3	124,40	 88,93	  21,6	  21,6	  25,4	  19,4	  10,8	   3,9
s	    48,0838	 3	357,44	 81,71	  21,8	  26,9	  28,1	  24,4	  12,8	   5,6
s	    55,9876	 3	358,00	 90,32	  21,0	  26,3	  27,8	  23,7	  15,0	   3,0
s	    57,3459	 3	 31,95	 89,38	  21,3	  26,4	  29,7	  25,7	  22,6	  12,7
s	    68,3390	 3	 84,22	 88,57	  21,8	  27,1	  28,5	  20,3	  15,4	   4,1
s	    71,3588	 3	181,61	 90,26	  19,5	  24,9	  27,4	  25,5	  16,2	  10,3
#END
