#HEADER
CATT-Acoustic v8.0b    Copyright © CATT 1988-2003

 Project                : Restaurante

 GEOMETRICAL INFORMATION
 Src id and loc     [m] :   D2           5,470        6,740        1,400
 Rec id and loc     [m] :   02           8,450        4,100        1,500

 02       11,5997

 VARIABLE SOURCE DATA
 Directivity
   Type (library)       :  Voz.SD0
   Dir. Index (DI) [dB] :       1,1      2,0      3,0      0,7      2,3      5,1
 Level
   On axis 1m      [dB] :      51,2     57,2     59,8     53,5     48,8     43,8
   Total power     [dB] :      61,1     66,2     67,8     63,8     57,5     49,7
 Aim
   Horizontal angle [°] :      -0,0
   Vertical   angle [°] :       0,0
   Point            [m] :                6,110        6,740        1,400
   Roll angle       [°] :       0,0
   Auxiliary delay [ms] :       0,0

 VARIABLE AIR DATA
 Temperature       [°C] :      20
 Relative humidity  [%] :      70
 Density        [kg/m³] :       1,2
 Sound speed      [m/s] :     343
 Impedance      [Ns/m³] :     412
 Diss. coeff. [0.001/m] :      0,08     0,26     0,64     1,15     2,08     5,31      (estimated)

#DATAFIELDS
 TYPE DELAY ORDER AZIMUTH ELEVATION SPL125 SPL250 SPL500 SPL1K SPL2K SPL4K
#DATA
d	     0,0000	 0	 48,48	 90,20	  38,4	  44,4	  47,8	  42,5	  39,5	  29,9
*	     1,1509	 1	 49,40	 99,10	  18,2	  20,8	  23,0	  14,9	   6,1	  -4,3
*	     2,4244	 1	 43,16	 98,22	  16,0	  18,6	  21,0	  13,0	   4,7	  -5,8
*	     0,9732	 1	 42,70	100,55	  15,0	  17,0	  22,3	  14,3	  13,2	   1,8
*	     2,3385	 1	 36,56	 99,29	  13,0	  15,0	  20,3	  12,3	  10,9	  -0,6
*	     1,2313	 1	 50,89	 90,08	  29,5	  28,2	  28,5	  19,2	  12,0	  -0,5
*	     1,3461	 1	 20,58	144,14	  16,0	  18,0	  24,2	  14,6	  15,6	   2,9
*	     2,1004	 1	128,47	162,01	  16,4	  18,4	  24,9	  15,4	  16,8	   3,2
*	     3,6812	 1	252,06	147,40	  13,5	  15,5	  21,7	  12,1	  13,3	   0,4
s	     2,5771	 1	 47,66	 53,65	  35,9	  40,4	  40,0	  31,9	  25,6	   9,9
*	    20,8892	 1	207,22	 69,40	   0,5	   7,4	  11,6	   8,8	   3,2	  -6,4
*	    12,6971	 1	236,21	 55,68	  10,2	  17,0	  20,9	  18,2	  11,8	   2,8
*	     9,7014	 1	301,20	 54,91	  13,8	  20,4	  23,4	  20,8	  12,9	   6,5
*	    12,8521	 1	331,99	 68,91	   8,2	  14,9	  17,4	  14,8	   6,6	   1,6
*	    17,0045	 1	171,96	 66,38	   3,1	  10,0	  14,2	  11,8	   5,3	  -3,0
*	     7,2814	 1	157,70	 40,11	  16,0	  22,7	  26,6	  24,0	  18,6	   9,2
*	     3,1680	 1	 24,35	 37,76	  22,2	  28,7	  31,9	  29,8	  22,7	  14,4
*	     6,5386	 1	  8,29	 65,69	  16,5	  22,5	  24,9	  23,9	  14,3	   8,4
*	    17,8869	 1	141,46	 70,19	   1,3	   8,2	  11,8	  11,1	   0,6	  -5,6
*	     8,9017	 1	113,36	 62,04	  10,9	  17,7	  21,2	  20,0	  10,2	   3,8
*	     3,7457	 1	 68,63	 61,70	  19,5	  25,8	  28,5	  26,6	  17,9	  10,9
*	     4,9696	 1	 39,47	 69,81	  22,6	  27,6	  28,3	  26,5	  17,9	  10,2
*	    22,6197	 1	124,55	 74,78	  -2,9	   3,9	   6,4	   6,3	  -5,5	 -12,4
*	    14,9225	 1	103,33	 72,18	   3,9	   9,8	  12,7	  12,1	   0,2	  -7,1
*	    10,3071	 1	 77,88	 72,10	  10,5	  14,5	  18,1	  16,4	   4,0	  -4,3
*	    10,9267	 1	 56,32	 74,62	  12,5	  15,5	  19,0	  17,7	   3,2	  -8,4
*	     3,5609	 1	 46,57	102,83	  10,4	  11,7	   9,0	   0,7	 -11,4	 -22,0
*	     3,5617	 1	 32,99	 90,48	  17,2	  18,5	  23,5	  13,2	  14,2	   0,5
*	     4,4812	 1	 33,24	100,75	  14,6	  15,9	  19,7	  10,2	   6,6	  -4,6
*	    18,1203	 1	140,64	109,52	   9,5	  16,8	  18,2	  16,1	   7,2	   1,0
*	     9,3158	 1	113,87	117,09	  18,6	  25,9	  27,0	  24,6	  15,5	   9,0
*	     4,0222	 1	 71,52	117,95	  26,4	  34,0	  33,8	  31,1	  20,1	  13,4
*	     9,4803	 1	301,14	133,10	  22,2	  29,4	  30,9	  26,6	  22,7	  15,3
s	     4,7149	 2	 47,34	 44,07	  31,7	  37,7	  37,5	  32,7	  19,9	  13,0
*	     4,8943	 1	264,79	 97,89	  19,5	  20,8	  25,1	  14,9	  15,0	   2,6
*	     6,0190	 1	264,66	134,57	  15,3	  16,6	  21,0	  10,8	  10,9	  -1,5
*	     5,2963	 1	 88,58	 90,11	   2,9	   4,2	   7,9	   0,6	  -4,6	 -14,7
s	     5,7208	 2	 35,77	118,23	  27,8	  33,7	  34,2	  29,2	  22,1	  14,9
*	     6,3094	 1	110,61	 90,67	   7,7	   9,0	  13,6	   5,1	   2,4	  -8,0
s	     6,7766	 1	 28,20	 90,12	  32,4	  37,9	  40,6	  33,2	  31,1	  15,8
*	    15,4667	 1	339,01	 80,48	   6,2	  13,4	  17,8	  15,8	  11,1	   6,2
*	     9,7110	 1	 36,59	105,40	  13,2	  20,5	  21,5	  22,8	   8,7	   3,4
*	    10,8867	 1	 45,33	 92,31	  12,4	  16,7	  21,7	  21,0	  11,7	   4,9
*	    10,4876	 1	358,84	 82,14	   0,9	  11,9	  11,7	   6,9	   5,8	  -4,8
*	    12,1363	 1	350,89	 82,46	  -0,9	  10,2	   9,9	   4,6	   3,6	  -6,6
*	     8,1248	 1	 14,35	 81,94	   4,0	  15,0	  15,2	  10,7	  10,4	  -1,9
*	     9,1648	 1	  6,61	 81,97	   2,5	  13,5	  13,4	   8,9	   8,0	  -3,3
*	     7,2507	 1	 27,56	 82,23	   6,1	  17,0	  17,2	  12,8	  13,2	   0,8
*	     7,5064	 1	 20,91	 82,04	   5,2	  16,1	  16,5	  12,0	  12,3	  -0,6
*	     8,5693	 1	 38,59	 82,77	   5,4	  16,3	  15,4	  13,1	   7,8	  -2,5
*	     7,5630	 1	 33,35	 82,47	   6,5	  17,5	  17,5	  14,1	  11,1	   1,0
*	    12,3191	 1	 47,05	 83,54	   0,1	   7,6	   8,2	   3,3	  -2,0	 -13,9
*	    10,1632	 1	 43,06	 83,24	   3,2	  12,4	  12,2	   9,3	   3,6	  -7,6
*	    17,5075	 1	 53,57	 84,08	  -6,3	   0,1	   0,1	  -6,4	 -11,4	 -22,7
*	    14,8171	 1	 50,55	 83,81	  -3,2	   3,6	   4,0	  -2,0	  -7,1	 -18,8
s	     7,6612	 3	 49,87	141,73	  29,0	  34,7	  33,7	  28,9	  14,7	   8,1
*	     7,6999	 1	358,47	 91,70	   7,7	   9,0	  13,0	   0,8	   0,5	  -9,2
s	     7,7091	 1	293,49	 92,39	  34,7	  40,3	  43,1	  36,9	  32,7	  25,9
*	    25,4947	 1	201,09	 76,27	 -10,2	  -3,0	   2,6	   1,3	  -1,2	  -9,7
*	    25,0650	 1	200,93	 82,08	  -9,9	  -2,7	   3,0	   1,7	  -0,8	  -9,4
*	    24,8485	 1	200,77	 88,07	  -9,8	  -2,5	   3,2	   1,9	  -0,6	  -9,2
*	    23,1921	 1	203,50	 74,85	  -8,2	  -1,0	   4,5	   3,3	   0,7	  -7,8
*	    22,7268	 1	203,32	 81,23	  -7,9	  -0,6	   5,0	   3,8	   1,1	  -7,4
*	    22,4922	 1	203,15	 87,86	  -7,7	  -0,4	   5,3	   4,0	   1,4	  -7,2
*	    16,7276	 1	215,13	 68,67	  -1,6	   5,6	  11,1	  10,0	   6,8	  -1,6
*	    16,1147	 1	214,90	 77,45	  -0,8	   6,4	  12,0	  10,8	   7,7	  -0,8
*	    15,8028	 1	214,67	 86,91	  -0,5	   6,8	  12,5	  11,2	   8,2	  -0,4
*	    13,8914	 1	336,59	108,06	   6,3	   7,5	  13,9	   4,8	   4,4	  -5,4
*	     9,2331	 1	288,24	127,96	  13,4	  15,2	  21,6	  12,5	  12,7	   1,4
*	    15,3086	 1	218,54	117,10	   5,3	   7,1	  14,3	   5,4	   6,2	  -7,2
*	    18,9443	 1	208,61	 80,40	  -0,8	  10,3	  11,2	   6,4	   7,1	  -6,1
*	    13,2114	 1	223,70	104,71	   6,3	  17,5	  18,3	  13,4	  13,7	   0,7
*	    13,3187	 1	224,31	 76,25	   6,2	  17,3	  18,1	  13,3	  13,6	   0,5
*	     9,1856	 1	258,78	 71,23	  12,7	  23,9	  23,9	  19,2	  18,7	   7,1
*	     8,1780	 1	301,08	 73,68	  13,3	  24,4	  24,2	  18,5	  17,7	   7,7
*	     9,7756	 1	324,26	 78,74	   9,0	  20,2	  19,7	  14,1	  12,7	   4,2
*	    12,8717	 1	335,77	 99,08	   5,3	  16,3	  16,2	  10,2	   9,2	   0,1
*	    12,9629	 1	335,31	 81,90	   4,9	  16,1	  15,6	   9,7	   8,6	  -0,2
s	     8,5030	 2	 27,53	 65,29	  31,4	  35,9	  36,4	  28,5	  22,3	   6,5
s	     8,7258	 3	 33,78	 47,13	  20,8	  25,2	  21,7	  15,5	   1,6	  -5,7
s	     9,3588	 2	293,20	 68,62	  32,7	  37,4	  37,2	  29,2	  21,2	   7,2
s	     9,4738	 2	293,77	115,15	  27,9	  28,5	  36,3	  28,8	  27,3	  18,0
s	    10,8601	 3	293,09	 60,80	  29,1	  35,2	  35,5	  31,3	  23,0	  14,4
s	    12,3996	 2	312,47	 91,92	  31,0	  36,5	  38,9	  31,5	  28,4	  13,2
s	    13,2867	 1	 72,00	 89,09	  29,7	  31,0	  30,4	  23,3	  13,0	   0,4
*	    14,5114	 1	 64,76	 80,05	   7,8	  12,2	  15,8	  14,5	   3,3	  -6,1
*	    13,7721	 1	 64,86	 88,02	   8,0	  13,3	  14,4	  13,9	   2,7	  -5,4
*	    14,0218	 1	 72,46	 79,52	   8,4	  11,4	  15,7	  13,7	   3,7	  -4,6
*	    13,3003	 1	 72,54	 87,91	   8,9	  12,0	  14,6	  13,4	   3,1	  -2,6
*	    14,5265	 1	 80,88	 79,16	   7,2	  10,2	  15,3	  13,1	   4,1	  -3,2
*	    13,8591	 1	 80,92	 87,83	   7,7	  10,2	  15,2	  12,3	   4,0	  -1,8
*	    15,8694	 1	 89,72	 79,02	   5,3	   8,9	  14,3	  12,8	   4,0	  -3,0
*	    15,2652	 1	 89,73	 87,81	   5,7	   9,0	  14,7	  12,5	   4,3	  -2,3
*	    17,8958	 1	 98,57	 79,15	   3,1	   7,6	  12,6	  12,3	   3,3	  -3,4
*	    17,3512	 1	 98,53	 87,83	   3,4	   7,8	  13,0	  12,4	   3,6	  -3,0
*	    20,4820	 1	107,02	 79,50	   0,7	   5,9	  10,6	  11,2	   2,0	  -4,6
*	    19,9904	 1	106,95	 87,91	   1,0	   6,2	  10,9	  11,5	   2,3	  -4,2
*	    23,5261	 1	114,78	 80,01	  -1,8	   4,0	   8,4	   9,4	   0,1	  -6,2
*	    23,0813	 1	114,69	 88,01	  -1,5	   4,3	   8,7	   9,7	   0,5	  -5,9
s	    13,7458	 3	312,08	 72,46	  29,7	  34,5	  35,0	  27,0	  20,7	   4,2
s	    14,0545	 3	294,07	132,71	  30,2	  33,9	  33,7	  26,6	  19,4	   4,4
s	    14,5873	 2	 71,82	 70,28	  28,5	  29,4	  28,9	  19,9	   7,1	  -9,3
s	    15,7393	 3	 45,99	 23,88	  30,8	  33,6	  29,9	  21,0	   9,8	  -6,3
*	    18,6524	 1	113,02	 89,54	  -1,5	  -1,1	   2,3	  -5,4	 -10,7	 -21,9
s	    21,1466	 1	164,62	 90,07	  27,7	  33,3	  37,0	  32,7	  27,5	  20,8
*	    31,3005	 1	124,38	 83,76	  -9,1	  -3,0	   1,3	   2,3	  -6,9	 -13,1
*	    29,6075	 1	126,68	 83,52	  -8,0	  -1,5	   2,5	   3,9	  -5,4	 -11,4
*	    28,0345	 1	129,26	 83,27	  -7,0	  -0,0	   3,8	   5,4	  -3,8	  -9,6
*	    26,9874	 1	132,23	 78,52	  -6,2	   1,0	   4,8	   6,4	  -2,7	  -8,3
*	    26,5940	 1	132,15	 82,99	  -6,0	   1,2	   5,1	   6,7	  -2,5	  -7,9
*	    26,4102	 1	132,06	 87,54	  -5,9	   1,4	   5,2	   6,9	  -2,3	  -7,8
*	    26,4389	 1	131,97	 92,09	  -5,9	   1,3	   5,2	   6,9	  -2,4	  -7,8
*	    22,9532	 1	184,99	 75,08	  -2,3	   4,9	  10,5	   9,5	   6,4	  -1,3
*	    22,4818	 1	184,80	 81,58	  -1,9	   5,3	  11,0	  10,0	   6,9	  -0,8
*	    22,2635	 1	184,60	 88,30	  -1,8	   5,5	  11,2	  10,2	   7,2	  -0,6
*	    27,4501	 1	129,87	 89,22	  -2,5	  -0,8	   4,6	  -1,6	  -6,5	 -17,2
*	    27,5801	 1	129,96	 84,26	  -2,6	  -0,9	   4,5	  -1,7	  -6,6	 -17,3
*	    29,2184	 1	126,88	 89,13	  -3,7	  -2,6	   3,1	  -3,3	  -8,3	 -19,2
*	    29,3430	 1	126,96	 84,49	  -3,8	  -2,7	   3,1	  -3,4	  -8,3	 -19,3
*	    31,1437	 1	124,27	 89,05	  -4,9	  -4,3	   1,6	  -5,1	 -10,0	 -21,3
*	    31,2630	 1	124,34	 84,70	  -5,0	  -4,4	   1,6	  -5,1	 -10,1	 -21,3
*	    31,3225	 1	124,92	 79,57	  -7,3	   2,7	   2,2	  -0,3	  -5,9	 -16,8
*	    24,6014	 1	137,00	 94,53	  -1,7	   9,5	   8,9	   7,0	   1,3	  -8,5
*	    24,6609	 1	137,25	 82,98	  -1,7	   9,4	   8,9	   7,0	   1,4	  -8,4
*	    22,4161	 1	147,69	 82,33	   0,2	  11,3	  11,4	   9,1	   4,4	  -5,2
*	    21,3949	 1	161,06	 81,93	   1,3	  12,5	  13,2	   9,6	   7,5	  -2,7
*	    21,7492	 1	176,71	 81,98	   1,4	  12,5	  13,4	   9,1	   8,9	  -2,8
*	    23,5464	 1	193,05	 82,65	   0,2	  11,3	  12,2	   7,4	   8,7	  -4,6
*	    23,8303	 1	 58,60	 81,16	  -0,6	   2,4	   6,4	   4,3	  -5,4	 -12,8
*	    23,2979	 1	 58,68	 85,80	  -0,3	   2,7	   5,9	   4,2	  -5,7	 -11,7
*	    22,4035	 1	 62,78	 80,80	   0,1	   4,1	   7,3	   6,0	  -4,8	 -12,9
*	    21,8475	 1	 62,84	 85,62	   0,6	   4,4	   6,3	   5,8	  -5,4	 -11,9
s	    21,9898	 2	283,24	 92,11	  26,7	  28,2	  26,6	  20,8	   9,6	  -3,4
s	    22,1456	 2	165,03	 75,58	  26,3	  31,4	  32,5	  24,4	  16,8	   2,8
s	    22,9645	 3	283,15	 77,97	  25,4	  26,7	  24,9	  17,2	   3,4	 -12,5
s	    23,0668	 2	 62,15	 89,01	  26,6	  27,0	  28,1	  19,7	  11,1	  -1,7
s	    24,0120	 3	 61,96	 75,29	  25,6	  25,5	  25,6	  16,2	   4,5	 -10,7
s	    24,6024	 2	209,27	 91,27	  26,6	  32,2	  35,8	  30,6	  28,1	  18,7
s	    25,5085	 3	209,60	 78,12	  25,3	  30,4	  31,3	  22,5	  17,4	   1,0
s	    27,8604	 2	143,15	 89,43	  25,5	  28,1	  30,1	  23,3	  14,9	   1,2
s	    28,6933	 3	143,43	 77,33	  24,4	  26,6	  27,0	  19,5	   7,8	  -7,2
s	    29,4091	 2	167,77	 90,06	  25,1	  30,4	  32,7	  27,2	  21,3	   8,7
s	    30,2112	 3	168,11	 78,41	  24,1	  28,7	  29,4	  23,0	  14,0	   0,1
s	    31,2581	 3	292,21	 91,93	  24,5	  25,3	  25,1	  17,9	   8,1	  -4,7
s	    32,2181	 3	203,82	 91,05	  24,3	  29,6	  32,0	  25,6	  22,1	   7,6
s	    33,8538	 3	225,98	 91,56	  24,0	  25,5	  27,9	  19,4	  11,4	  -2,2
s	    34,9460	 3	149,44	 89,51	  23,8	  27,0	  28,4	  23,5	  14,3	   0,5
s	    39,0442	 2	 81,26	 88,69	  26,2	  31,6	  34,1	  27,9	  22,8	  17,5
s	    39,6958	 3	 81,22	 79,21	  25,0	  29,7	  30,3	  23,8	  15,5	   9,1
s	    41,0115	 3	 72,07	 88,74	  25,5	  30,5	  31,8	  24,0	  19,5	   7,2
s	    44,5339	 2	  8,90	 90,04	  22,8	  28,1	  31,2	  28,4	  21,1	  14,7
s	    45,1225	 3	  8,65	 81,48	  21,8	  26,8	  28,4	  24,0	  14,0	   6,4
s	    46,6176	 3	342,31	 90,79	  21,8	  27,1	  29,5	  23,5	  18,8	   5,4
s	    47,9845	 3	277,42	 91,93	  24,5	  29,8	  32,3	  26,1	  21,0	  15,7
s	    52,9500	 3	  7,73	 90,04	  20,9	  26,2	  28,1	  23,2	  16,1	   3,7
s	    53,5955	 3	118,97	 88,80	  22,3	  27,1	  30,5	  26,1	  21,5	  14,0
s	    68,2160	 3	173,75	 90,03	  19,4	  24,8	  27,6	  25,1	  17,1	  10,8
#END
